20160408,2.54,2.55,2.54,2.55,414600.00
20160407,2.54,2.54,2.54,2.55,468100.00
20160406,2.53,2.54,2.53,2.54,868500.00
20160405,2.53,2.53,2.53,2.54,590700.00
20160404,2.53,2.53,2.53,2.54,744000.00
20160401,2.27,2.27,2.27,2.27,0.00
20160331,2.53,2.52,2.52,2.54,839300.00
20160330,2.53,2.52,2.52,2.54,1041500.00
20160329,2.53,2.53,2.53,2.54,781100.00
20160328,2.53,2.53,2.53,2.53,0.00
20160325,2.26,2.26,2.26,2.26,0.00
20160324,2.53,2.53,2.53,2.54,1007300.00
20160323,2.54,2.53,2.53,2.54,431200.00
20160322,2.53,2.53,2.53,2.54,517500.00
20160321,2.55,2.54,2.53,2.55,395300.00
20160318,2.55,2.53,2.53,2.55,1186500.00
20160317,2.53,2.54,2.53,2.55,507500.00
20160316,2.53,2.54,2.53,2.55,596400.00
20160315,2.55,2.54,2.53,2.55,625400.00
20160314,2.55,2.53,2.53,2.55,512100.00
20160311,2.54,2.54,2.54,2.55,401000.00
20160310,2.55,2.54,2.54,2.56,648100.00
20160309,2.55,2.55,2.55,2.56,911800.00
20160308,2.55,2.54,2.54,2.55,389400.00
20160307,2.53,2.55,2.53,2.55,584100.00
20160304,2.54,2.54,2.54,2.55,379600.00
20160303,2.54,2.54,2.53,2.55,500200.00
20160302,2.52,2.54,2.52,2.55,400100.00
20160301,2.25,2.25,2.25,2.25,0.00
20160229,2.52,2.53,2.52,2.53,288700.00
20160226,2.52,2.53,2.52,2.53,662400.00
20160225,2.54,2.52,2.52,2.54,237100.00
20160224,2.54,2.52,2.52,2.54,485700.00
20160223,2.53,2.53,2.53,2.53,232600.00
20160222,2.51,2.53,2.51,2.54,1000300.00
20160219,2.53,2.52,2.51,2.53,222100.00
20160218,2.51,2.52,2.51,2.53,705700.00
20160217,2.50,2.50,2.48,2.52,619100.00
20160216,2.50,2.48,2.48,2.51,328200.00
20160215,2.51,2.49,2.48,2.52,644500.00
20160212,2.49,2.49,2.49,2.50,612700.00
20160211,2.55,2.49,2.47,2.56,930400.00
20160210,2.55,2.53,2.53,2.56,585800.00
20160209,2.53,2.55,2.53,2.57,706400.00
20160208,2.53,2.55,2.53,2.55,436300.00
20160205,2.53,2.53,2.53,2.54,288500.00
20160204,2.51,2.53,2.51,2.54,975000.00
20160203,2.51,2.51,2.51,2.53,553800.00
20160202,2.51,2.53,2.50,2.54,732100.00
20160201,2.49,2.49,2.49,2.50,474200.00
20160129,2.50,2.50,2.48,2.50,334700.00
20160128,2.49,2.49,2.49,2.50,363700.00
20160127,2.48,2.50,2.48,2.50,439400.00
20160126,2.49,2.49,2.48,2.49,252400.00
20160125,2.48,2.49,2.48,2.49,252300.00
20160122,2.48,2.49,2.48,2.50,1069800.00
20160121,2.48,2.49,2.47,2.50,618400.00
20160120,2.50,2.49,2.49,2.50,526800.00
20160119,2.49,2.49,2.49,2.50,445800.00
20160118,2.51,2.49,2.49,2.51,351700.00
20160115,2.50,2.49,2.49,2.51,783300.00
20160114,2.50,2.49,2.49,2.50,2108100.00
20160113,2.47,2.47,2.47,2.49,230200.00
20160112,2.47,2.48,2.47,2.49,400400.00
20160111,2.50,2.47,2.47,2.50,2010000.00
20160108,2.50,2.48,2.48,2.50,410800.00
20160107,2.49,2.48,2.48,2.49,449400.00
20160106,2.50,2.49,2.49,2.52,383600.00
20160105,2.50,2.51,2.50,2.52,231500.00
20160104,2.51,2.50,2.50,2.51,390200.00
20160101,2.19,2.19,2.19,2.19,0.00
20151231,2.19,2.19,2.19,2.19,0.00
20151230,2.51,2.51,2.51,2.52,156200.00
20151229,2.53,2.52,2.52,2.53,193700.00
20151224,2.51,2.52,2.51,2.53,171800.00
20151223,2.53,2.52,2.51,2.53,297500.00
20151222,2.51,2.51,2.51,2.52,299100.00
20151221,2.53,2.51,2.51,2.53,196500.00
20151218,2.52,2.51,2.51,2.53,525800.00
20151217,2.53,2.52,2.52,2.53,320900.00
20151216,2.52,2.52,2.52,2.53,208600.00
20151215,2.52,2.52,2.52,2.53,503900.00
20151214,2.53,2.52,2.52,2.53,279500.00
20151211,2.52,2.53,2.52,2.54,685400.00
20151210,2.51,2.52,2.51,2.53,333700.00
20151209,2.50,2.52,2.50,2.52,242900.00
20151208,2.50,2.50,2.49,2.51,504100.00
20151207,2.50,2.49,2.48,2.52,628000.00
20151204,2.52,2.51,2.51,2.53,468800.00
20151203,2.54,2.53,2.52,2.54,800100.00
20151202,2.53,2.53,2.53,2.54,242100.00
20151201,2.52,2.53,2.52,2.53,242700.00
20151130,2.53,2.52,2.51,2.54,335900.00
20151127,2.53,2.53,2.52,2.54,253700.00
20151126,2.16,2.16,2.16,2.16,0.00
20151125,2.17,2.17,2.17,2.17,0.00
20151124,2.17,2.17,2.17,2.17,0.00
20151123,2.16,2.16,2.16,2.16,0.00
20151120,2.16,2.16,2.16,2.16,0.00
20151119,2.16,2.16,2.16,2.16,0.00
20151118,2.16,2.16,2.16,2.16,0.00
20151117,2.16,2.16,2.16,2.16,0.00
20151116,2.17,2.17,2.17,2.17,0.00
20151113,2.17,2.17,2.17,2.17,0.00
20151112,2.17,2.17,2.17,2.17,0.00
20151111,2.17,2.17,2.17,2.17,0.00
20151110,2.17,2.17,2.17,2.17,0.00
20151109,2.17,2.17,2.17,2.17,0.00
20151106,2.17,2.17,2.17,2.17,0.00
20151105,2.12,2.12,2.12,2.12,0.00
20151104,2.11,2.11,2.11,2.11,0.00
20151103,2.12,2.12,2.12,2.12,0.00
20151102,2.12,2.12,2.12,2.12,0.00
20151030,2.17,2.17,2.17,2.17,0.00
20151029,2.12,2.12,2.12,2.12,0.00
20151028,2.13,2.13,2.13,2.13,0.00
20151027,2.13,2.13,2.13,2.13,0.00
20151026,2.13,2.13,2.13,2.13,0.00
20151023,2.12,2.12,2.12,2.12,0.00
20151022,2.13,2.13,2.13,2.13,0.00
20151021,2.14,2.14,2.14,2.14,0.00
20151020,2.14,2.14,2.14,2.14,0.00
20151019,2.13,2.13,2.13,2.13,0.00
20151016,2.14,2.14,2.14,2.14,0.00
20151015,2.14,2.14,2.14,2.14,0.00
20151014,2.48,2.49,2.48,2.50,297500.00
20151013,2.15,2.15,2.15,2.15,0.00
20151012,2.14,2.14,2.14,2.14,0.00
20151009,2.14,2.14,2.14,2.14,0.00
20151008,2.14,2.14,2.14,2.14,0.00
20151007,2.14,2.14,2.14,2.14,0.00
20151006,2.14,2.14,2.14,2.14,0.00
20151005,2.14,2.14,2.14,2.14,0.00
20151002,2.14,2.14,2.14,2.14,0.00
20151001,2.14,2.14,2.14,2.14,0.00
20150930,2.14,2.14,2.14,2.14,0.00
20150929,2.14,2.14,2.14,2.14,0.00
20150928,2.14,2.14,2.14,2.14,0.00
20150925,2.14,2.14,2.14,2.14,0.00
20150924,2.14,2.14,2.14,2.14,0.00
20150923,2.43,2.44,2.43,2.44,253200.00
20150922,2.13,2.13,2.13,2.13,0.00
20150921,2.13,2.13,2.13,2.13,0.00
20150918,2.13,2.13,2.13,2.13,0.00
20150917,2.13,2.13,2.13,2.13,0.00
20150916,2.13,2.13,2.13,2.13,0.00
20150915,2.13,2.13,2.13,2.13,0.00
20150914,2.13,2.13,2.13,2.13,0.00
20150911,2.13,2.13,2.13,2.13,0.00
20150910,2.13,2.13,2.13,2.13,0.00
20150909,2.13,2.13,2.13,2.13,0.00
20150908,2.13,2.13,2.13,2.13,0.00
20150907,2.13,2.13,2.13,2.13,0.00
20150904,2.13,2.13,2.13,2.13,0.00
20150903,2.13,2.13,2.13,2.13,0.00
20150902,2.14,2.14,2.14,2.14,0.00
20150901,2.14,2.14,2.14,2.14,0.00
20150828,2.13,2.13,2.13,2.13,0.00
20150827,2.13,2.13,2.13,2.13,0.00
20150826,2.13,2.13,2.13,2.13,0.00
20150825,2.13,2.13,2.13,2.13,0.00
20150824,2.13,2.13,2.13,2.13,0.00
20150821,2.12,2.12,2.12,2.12,0.00
20150820,2.11,2.11,2.11,2.11,0.00
20150819,2.11,2.11,2.11,2.11,0.00
20150818,2.11,2.11,2.11,2.11,0.00
20150817,2.12,2.12,2.12,2.12,0.00
20150814,2.12,2.12,2.12,2.12,0.00
20150813,2.12,2.12,2.12,2.12,0.00
20150812,2.12,2.12,2.12,2.12,0.00
20150811,2.12,2.12,2.12,2.12,0.00
20150810,2.12,2.12,2.12,2.12,0.00
20150807,2.12,2.12,2.12,2.12,0.00
20150806,2.11,2.11,2.11,2.11,0.00
20150805,2.11,2.11,2.11,2.11,0.00
20150804,2.11,2.11,2.11,2.11,0.00
20150803,2.11,2.11,2.11,2.11,0.00
20150731,2.12,2.12,2.12,2.12,0.00
20150730,2.11,2.11,2.11,2.11,0.00
20150729,2.11,2.11,2.11,2.11,0.00
20150728,2.12,2.12,2.12,2.12,0.00
20150727,2.12,2.12,2.12,2.12,0.00
20150724,2.12,2.12,2.12,2.12,0.00
20150723,2.12,2.12,2.12,2.12,0.00
20150722,2.11,2.11,2.11,2.11,0.00
20150721,2.11,2.11,2.11,2.11,0.00
20150720,2.11,2.11,2.11,2.11,0.00
20150717,2.11,2.11,2.11,2.11,0.00
20150716,2.11,2.11,2.11,2.11,0.00
20150715,2.11,2.11,2.11,2.11,0.00
20150714,2.12,2.12,2.12,2.12,0.00
20150713,2.12,2.12,2.12,2.12,0.00
20150710,1.88,1.88,1.88,1.88,0.00
20150709,1.88,1.88,1.88,1.88,0.00
20150708,1.88,1.88,1.88,1.88,0.00
20150707,2.12,2.12,2.12,2.12,0.00
20150706,2.12,2.12,2.12,2.12,0.00
20150703,2.12,2.12,2.12,2.12,0.00
20150702,2.12,2.12,2.12,2.12,0.00
20150701,2.12,2.12,2.12,2.12,0.00
20150630,2.37,2.37,2.37,2.37,0.00
20150629,2.11,2.11,2.11,2.11,0.00
20150626,2.12,2.12,2.12,2.12,0.00
20150625,2.12,2.12,2.12,2.12,0.00
20150624,2.12,2.12,2.12,2.12,0.00
20150623,2.12,2.12,2.12,2.12,0.00
20150622,2.12,2.12,2.12,2.12,0.00
20150619,2.12,2.12,2.12,2.12,0.00
20150618,2.12,2.12,2.12,2.12,0.00
20150617,2.12,2.12,2.12,2.12,0.00
20150616,2.12,2.12,2.12,2.12,0.00
20150615,2.13,2.13,2.13,2.13,0.00
20150612,2.13,2.13,2.13,2.13,0.00
20150611,2.13,2.13,2.13,2.13,0.00
20150610,2.13,2.13,2.13,2.13,0.00
20150609,2.14,2.14,2.14,2.14,0.00
20150608,2.14,2.14,2.14,2.14,0.00
20150605,2.13,2.13,2.13,2.13,0.00
20150604,2.14,2.14,2.14,2.14,0.00
20150603,2.14,2.14,2.14,2.14,0.00
20150602,2.13,2.13,2.13,2.13,0.00
20150601,2.13,2.13,2.13,2.13,0.00
20150529,2.37,2.37,2.37,2.37,0.00
20150528,2.12,2.12,2.12,2.12,0.00
20150527,2.12,2.12,2.12,2.12,0.00
20150526,2.12,2.12,2.12,2.12,0.00
20150522,2.49,2.48,2.48,2.49,541200.00
20150521,2.12,2.12,2.12,2.12,0.00
20150520,2.12,2.12,2.12,2.12,0.00
20150519,2.12,2.12,2.12,2.12,0.00
20150518,2.13,2.13,2.13,2.13,0.00
20150515,2.13,2.13,2.13,2.13,0.00
20150514,2.13,2.13,2.13,2.13,0.00
20150513,2.12,2.12,2.12,2.12,0.00
20150512,2.12,2.12,2.12,2.12,0.00
20150511,2.12,2.12,2.12,2.12,0.00
20150508,2.13,2.13,2.13,2.13,0.00
20150507,2.14,2.14,2.14,2.14,0.00
20150506,2.14,2.14,2.14,2.14,0.00
20150505,2.14,2.14,2.14,2.14,0.00
20150501,2.33,2.33,2.32,2.33,214500.00
20150430,2.37,2.37,2.37,2.37,0.00
20150429,2.12,2.12,2.12,2.12,0.00
20150428,2.12,2.12,2.12,2.12,0.00
20150427,2.12,2.12,2.12,2.12,0.00
20150424,2.12,2.12,2.12,2.12,0.00
20150423,2.13,2.13,2.13,2.13,0.00
20150422,2.12,2.12,2.12,2.12,0.00
20150421,2.13,2.13,2.13,2.13,0.00
20150420,2.13,2.13,2.13,2.13,0.00
20150417,2.13,2.13,2.13,2.13,0.00
20150416,2.13,2.13,2.13,2.13,0.00
20150415,2.13,2.13,2.13,2.13,0.00
20150414,2.13,2.13,2.13,2.13,0.00
20150413,2.13,2.13,2.13,2.13,0.00
20150410,2.14,2.14,2.14,2.14,0.00
20150409,2.13,2.13,2.13,2.13,0.00
20150408,2.13,2.13,2.13,2.13,0.00
20150407,2.14,2.14,2.14,2.14,0.00
20150402,2.34,2.32,2.32,2.34,392200.00
20150401,2.13,2.13,2.13,2.13,0.00
20150331,2.37,2.37,2.37,2.37,0.00
20150330,2.14,2.14,2.14,2.14,0.00
20150327,2.14,2.14,2.14,2.14,0.00
20150326,2.14,2.14,2.14,2.14,0.00
20150325,2.14,2.14,2.14,2.14,0.00
20150324,2.14,2.14,2.14,2.14,0.00
20150323,2.14,2.14,2.14,2.14,0.00
20150320,2.31,2.31,2.31,2.32,957300.00
20150319,2.13,2.13,2.13,2.13,0.00
20150318,2.13,2.13,2.13,2.13,0.00
20150317,2.13,2.13,2.13,2.13,0.00
20150316,2.13,2.13,2.13,2.13,0.00
20150313,2.13,2.13,2.13,2.13,0.00
20150312,2.12,2.12,2.12,2.12,0.00
20150311,2.12,2.12,2.12,2.12,0.00
20150310,2.12,2.12,2.12,2.12,0.00
20150309,2.13,2.13,2.13,2.13,0.00
20150306,2.13,2.13,2.13,2.13,0.00
20150305,2.13,2.13,2.13,2.13,0.00
20150304,2.13,2.13,2.13,2.13,0.00
20150303,2.13,2.13,2.13,2.13,0.00
20150302,2.13,2.13,2.13,2.13,0.00
20150227,2.40,2.40,2.40,2.40,0.00
20150226,2.13,2.13,2.13,2.13,0.00
20150225,2.14,2.14,2.14,2.14,0.00
20150224,2.14,2.14,2.14,2.14,0.00
20150223,2.14,2.14,2.14,2.14,0.00
20150220,2.14,2.14,2.14,2.14,0.00
20150219,2.14,2.14,2.14,2.14,0.00
20150218,2.14,2.14,2.14,2.14,0.00
20150217,2.14,2.14,2.14,2.14,0.00
20150216,2.14,2.14,2.14,2.14,0.00
20150213,2.14,2.14,2.14,2.14,0.00
20150212,2.14,2.14,2.14,2.14,0.00
20150211,2.14,2.14,2.14,2.14,0.00
20150210,2.14,2.14,2.14,2.14,0.00
20150209,2.14,2.14,2.14,2.14,0.00
20150206,2.14,2.14,2.14,2.14,0.00
20150205,2.26,2.25,2.24,2.26,1044600.00
20150204,2.15,2.15,2.15,2.15,0.00
20150203,2.16,2.16,2.16,2.16,0.00
20150202,2.15,2.15,2.15,2.15,0.00
20150130,2.40,2.40,2.40,2.40,0.00
20150129,1.93,1.93,1.93,1.93,0.00
20150128,2.27,2.27,2.26,2.27,362200.00
20150127,2.27,2.28,2.27,2.29,821900.00
20150126,1.93,1.93,1.93,1.93,0.00
20150123,1.93,1.93,1.93,1.93,0.00
20150122,1.94,1.94,1.94,1.94,0.00
20150121,1.94,1.94,1.94,1.94,0.00
20150120,1.94,1.94,1.94,1.94,0.00
20150119,1.94,1.94,1.94,1.94,0.00
20150116,1.94,1.94,1.94,1.94,0.00
20150115,1.94,1.94,1.94,1.94,0.00
20150114,1.95,1.95,1.95,1.95,0.00
20150113,1.95,1.95,1.95,1.95,0.00
20150112,1.95,1.95,1.95,1.95,0.00
20150109,1.95,1.95,1.95,1.95,0.00
20150108,1.95,1.95,1.95,1.95,0.00
20150107,1.95,1.95,1.95,1.95,0.00
20150106,1.95,1.95,1.95,1.95,0.00
20150105,1.95,1.95,1.95,1.95,0.00
20150102,1.95,1.95,1.95,1.95,0.00
20150101,1.94,1.94,1.94,1.94,0.00
20141231,2.16,2.16,2.16,2.16,0.00
20141230,1.95,1.95,1.95,1.95,0.00
20141229,1.95,1.95,1.95,1.95,0.00
20141226,1.95,1.95,1.95,1.95,0.00
20141225,1.95,1.95,1.95,1.95,0.00
20141224,2.24,2.24,2.23,2.24,249500.00
20141223,1.95,1.95,1.95,1.95,0.00
20141222,1.95,1.95,1.95,1.95,0.00
20141219,1.95,1.95,1.95,1.95,0.00
20141218,1.95,1.95,1.95,1.95,0.00
20141217,1.95,1.95,1.95,1.95,0.00
20141216,1.95,1.95,1.95,1.95,0.00
20141215,2.22,2.20,2.20,2.22,455300.00
20141212,1.96,1.96,1.96,1.96,0.00
20141211,1.95,1.95,1.95,1.95,0.00
20141210,1.95,1.95,1.95,1.95,0.00
20141209,1.95,1.95,1.95,1.95,0.00
20141208,1.95,1.95,1.95,1.95,0.00
20141205,1.95,1.95,1.95,1.95,0.00
20141204,1.95,1.95,1.95,1.95,0.00
20141203,1.95,1.95,1.95,1.95,0.00
20141202,1.96,1.96,1.96,1.96,0.00
20141201,1.96,1.96,1.96,1.96,0.00
20141128,2.16,2.16,2.16,2.16,0.00
20141127,1.96,1.96,1.96,1.96,0.00
20141126,1.95,1.95,1.95,1.95,0.00
20141125,1.96,1.96,1.96,1.96,0.00
20141124,1.95,1.95,1.95,1.95,0.00
20141121,1.95,1.95,1.95,1.95,0.00
20141120,1.96,1.96,1.96,1.96,0.00
20141119,1.96,1.96,1.96,1.96,0.00
20141118,1.96,1.96,1.96,1.96,0.00
20141117,2.19,2.20,2.18,2.20,906200.00
20141114,2.22,2.21,2.20,2.22,551700.00
20141113,1.96,1.96,1.96,1.96,0.00
20141112,1.95,1.95,1.95,1.95,0.00
20141111,2.22,2.20,2.19,2.22,1855600.00
20141110,1.95,1.95,1.95,1.95,0.00
20141107,1.95,1.95,1.95,1.95,0.00
20141106,1.95,1.95,1.95,1.95,0.00
20141105,1.77,1.77,1.77,1.77,0.00
20141104,1.77,1.77,1.77,1.77,0.00
20141103,1.77,1.77,1.77,1.77,0.00
20141031,2.16,2.16,2.16,2.16,0.00
20141030,1.77,1.77,1.77,1.77,0.00
20141029,1.77,1.77,1.77,1.77,0.00
20141028,1.77,1.77,1.77,1.77,0.00
20141027,1.77,1.77,1.77,1.77,0.00
20141024,1.77,1.77,1.77,1.77,0.00
20141023,1.77,1.77,1.77,1.77,0.00
20141022,1.77,1.77,1.77,1.77,0.00
20141021,1.77,1.77,1.77,1.77,0.00
20141020,1.77,1.77,1.77,1.77,0.00
20141017,1.77,1.77,1.77,1.77,0.00
20141016,1.78,1.78,1.78,1.78,0.00
20141015,1.78,1.78,1.78,1.78,0.00
20141014,1.78,1.78,1.78,1.78,0.00
20141013,1.77,1.77,1.77,1.77,0.00
20141010,1.77,1.77,1.77,1.77,0.00
20141009,1.77,1.77,1.77,1.77,0.00
20141008,1.77,1.77,1.77,1.77,0.00
20141007,1.77,1.77,1.77,1.77,0.00
20141006,1.77,1.77,1.77,1.77,0.00
20141003,1.77,1.77,1.77,1.77,0.00
20141002,1.77,1.77,1.77,1.77,0.00
20141001,1.76,1.76,1.76,1.76,0.00
20140930,2.16,2.16,2.16,2.16,0.00
20140929,1.76,1.76,1.76,1.76,0.00
20140926,1.76,1.76,1.76,1.76,0.00
20140925,1.76,1.76,1.76,1.76,0.00
20140924,1.77,1.77,1.77,1.77,0.00
20140923,1.77,1.77,1.77,1.77,0.00
20140922,1.77,1.77,1.77,1.77,0.00
20140919,1.77,1.77,1.77,1.77,0.00
20140918,1.77,1.77,1.77,1.77,0.00
20140917,1.77,1.77,1.77,1.77,0.00
20140916,1.78,1.78,1.78,1.78,0.00
20140915,1.78,1.78,1.78,1.78,0.00
20140912,1.78,1.78,1.78,1.78,0.00
20140911,1.78,1.78,1.78,1.78,0.00
20140910,1.78,1.78,1.78,1.78,0.00
20140909,1.78,1.78,1.78,1.78,0.00
20140908,1.78,1.78,1.78,1.78,0.00
20140905,1.77,1.77,1.77,1.77,0.00
20140904,2.04,2.04,2.03,2.05,894100.00
20140903,2.04,2.04,2.03,2.05,534900.00
20140902,1.77,1.77,1.77,1.77,0.00
20140901,1.77,1.77,1.77,1.77,0.00
20140829,2.00,2.00,2.00,2.00,0.00
20140828,1.77,1.77,1.77,1.77,0.00
20140827,1.77,1.77,1.77,1.77,0.00
20140826,1.77,1.77,1.77,1.77,0.00
20140825,1.78,1.78,1.78,1.78,0.00
20140822,2.01,2.03,2.00,2.03,653700.00
20140821,1.78,1.78,1.78,1.78,0.00
20140820,1.78,1.78,1.78,1.78,0.00
20140819,1.78,1.78,1.78,1.78,0.00
20140818,1.77,1.77,1.77,1.77,0.00
20140815,1.78,1.78,1.78,1.78,0.00
20140814,1.78,1.78,1.78,1.78,0.00
20140813,1.77,1.77,1.77,1.77,0.00
20140812,1.77,1.77,1.77,1.77,0.00
20140811,1.77,1.77,1.77,1.77,0.00
20140808,1.77,1.77,1.77,1.77,0.00
20140807,1.77,1.77,1.77,1.77,0.00
20140806,1.77,1.77,1.77,1.77,0.00
20140805,1.77,1.77,1.77,1.77,0.00
20140804,1.77,1.77,1.77,1.77,0.00
20140801,1.77,1.77,1.77,1.77,0.00
20140731,2.00,2.00,2.00,2.00,0.00
20140730,1.99,1.99,1.99,1.99,436500.00
20140729,1.77,1.77,1.77,1.77,0.00
20140728,1.77,1.77,1.77,1.77,0.00
20140725,1.77,1.77,1.77,1.77,0.00
20140724,1.77,1.77,1.77,1.77,0.00
20140723,1.77,1.77,1.77,1.77,0.00
20140722,1.77,1.77,1.77,1.77,0.00
20140721,1.77,1.77,1.77,1.77,0.00
20140718,1.77,1.77,1.77,1.77,0.00
20140717,1.77,1.77,1.77,1.77,0.00
20140716,1.77,1.77,1.77,1.77,0.00
20140715,1.77,1.77,1.77,1.77,0.00
20140714,1.77,1.77,1.77,1.77,0.00
20140711,1.77,1.77,1.77,1.77,0.00
20140710,1.95,1.95,1.95,1.96,271400.00
20140709,1.77,1.77,1.77,1.77,0.00
20140708,1.77,1.77,1.77,1.77,0.00
20140707,1.77,1.77,1.77,1.77,0.00
20140704,1.77,1.77,1.77,1.77,0.00
20140703,1.77,1.77,1.77,1.77,0.00
20140702,1.77,1.77,1.77,1.77,0.00
20140701,1.77,1.77,1.77,1.77,0.00
20140630,2.00,2.00,2.00,2.00,0.00
20140627,1.78,1.78,1.78,1.78,0.00
20140626,1.77,1.77,1.77,1.77,0.00
20140625,1.78,1.78,1.78,1.78,0.00
20140624,1.78,1.78,1.78,1.78,0.00
20140623,1.77,1.77,1.77,1.77,0.00
20140620,1.77,1.77,1.77,1.77,0.00
20140619,1.77,1.77,1.77,1.77,0.00
20140618,1.77,1.77,1.77,1.77,0.00
20140617,1.77,1.77,1.77,1.77,0.00
20140616,1.77,1.77,1.77,1.77,0.00
20140613,1.77,1.77,1.77,1.77,0.00
20140612,1.78,1.78,1.78,1.78,0.00
20140611,1.78,1.78,1.78,1.78,0.00
20140610,1.78,1.78,1.78,1.78,0.00
20140609,1.78,1.78,1.78,1.78,0.00
20140606,1.79,1.79,1.79,1.79,0.00
20140605,1.79,1.79,1.79,1.79,0.00
20140604,1.79,1.79,1.79,1.79,0.00
20140603,1.79,1.79,1.79,1.79,0.00
20140602,1.79,1.79,1.79,1.79,0.00
20140530,2.00,2.00,2.00,2.00,0.00
20140529,1.79,1.79,1.79,1.79,0.00
20140528,1.79,1.79,1.79,1.79,0.00
20140527,1.79,1.79,1.79,1.79,0.00
20140526,1.79,1.79,1.79,1.79,0.00
20140523,2.01,2.02,2.01,2.02,616000.00
20140522,1.79,1.79,1.79,1.79,0.00
20140521,1.79,1.79,1.79,1.79,0.00
20140520,1.79,1.79,1.79,1.79,0.00
20140519,1.79,1.79,1.79,1.79,0.00
20140516,1.79,1.79,1.79,1.79,0.00
20140515,1.98,1.98,1.97,1.98,458800.00
20140514,1.99,1.98,1.98,1.99,582800.00
20140513,1.98,1.99,1.98,2.00,1339200.00
20140512,1.97,1.98,1.97,1.98,713600.00
20140509,1.97,1.97,1.97,1.98,718200.00
20140508,1.97,1.97,1.96,1.97,445100.00
20140507,1.96,1.97,1.95,1.97,275500.00
20140506,1.95,1.96,1.95,1.96,516700.00
20140505,1.79,1.79,1.79,1.79,0.00
20140502,1.95,1.95,1.95,1.96,335700.00
20140501,1.97,1.96,1.95,1.97,514300.00
20140430,2.00,2.00,2.00,2.00,0.00
20140429,1.95,1.96,1.95,1.97,410500.00
20140428,1.97,1.96,1.94,1.97,1306100.00
20140425,1.97,1.96,1.96,1.97,354200.00
20140424,1.97,1.96,1.96,1.97,531700.00
20140423,1.97,1.96,1.96,1.97,534500.00
20140422,1.97,1.97,1.96,1.98,434500.00
20140421,1.73,1.73,1.73,1.73,0.00
20140418,1.73,1.73,1.73,1.73,0.00
20140417,1.97,1.96,1.96,1.97,507000.00
20140416,1.96,1.97,1.95,1.97,578900.00
20140415,1.95,1.95,1.95,1.97,599300.00
20140414,1.96,1.95,1.95,1.96,391100.00
20140411,1.95,1.96,1.95,1.96,584300.00
20140410,1.96,1.96,1.95,1.96,734400.00
20140409,1.96,1.96,1.95,1.96,1390600.00
20140408,1.98,1.96,1.96,1.98,978900.00
20140407,1.98,1.97,1.97,1.98,670100.00
20140404,1.98,1.97,1.97,1.98,1067300.00
20140403,1.97,1.97,1.96,1.98,895800.00
20140402,1.97,1.98,1.97,1.98,604200.00
20140401,1.97,1.98,1.96,1.98,700100.00
20140331,2.00,2.00,2.00,2.00,0.00
20140328,1.96,1.96,1.96,1.97,758800.00
20140327,1.95,1.96,1.95,1.96,579000.00
20140326,1.94,1.95,1.94,1.95,812200.00
20140325,1.95,1.94,1.94,1.95,430600.00
20140324,1.97,1.94,1.94,1.97,1406900.00
20140321,1.96,1.96,1.96,1.96,1297800.00
20140320,1.97,1.96,1.96,1.97,821200.00
20140319,1.96,1.97,1.95,1.97,793700.00
20140318,1.96,1.96,1.95,1.96,312600.00
20140317,1.96,1.96,1.95,1.96,409700.00
20140314,1.95,1.95,1.95,1.96,339200.00
20140313,1.96,1.95,1.95,1.96,779900.00
20140312,1.97,1.96,1.96,1.97,476700.00
20140311,1.96,1.97,1.96,1.97,319500.00
20140310,1.96,1.96,1.95,1.97,395600.00
20140307,1.97,1.97,1.96,1.97,714600.00
20140306,1.98,1.97,1.96,1.99,493000.00
20140305,1.96,1.97,1.96,1.97,223200.00
20140304,1.96,1.97,1.96,1.97,838000.00
20140303,1.97,1.95,1.95,1.97,1226000.00
20140228,1.93,1.93,1.93,1.93,0.00
20140227,1.96,1.96,1.96,1.97,377900.00
20140226,1.96,1.96,1.96,1.97,503900.00
20140225,1.97,1.96,1.96,1.98,535300.00
20140224,1.97,1.97,1.96,1.97,350900.00
20140221,1.96,1.96,1.95,1.97,424100.00
20140220,1.94,1.97,1.94,1.97,669100.00
20140219,1.95,1.96,1.95,1.97,186700.00
20140218,1.94,1.95,1.94,1.96,374800.00
20140217,1.94,1.95,1.94,1.95,252200.00
20140214,1.94,1.95,1.94,1.95,517900.00
20140213,1.94,1.94,1.94,1.95,864700.00
20140212,1.98,1.95,1.94,1.99,1013800.00
20140211,1.96,1.99,1.96,1.99,602400.00
20140210,1.96,1.98,1.96,1.98,659800.00
20140207,1.97,1.97,1.96,1.97,270200.00
20140206,1.96,1.97,1.96,1.97,618800.00
20140205,1.96,1.96,1.95,1.97,356300.00
20140204,1.96,1.97,1.96,1.97,609700.00
20140203,1.97,1.97,1.97,1.98,596600.00
20140131,1.93,1.93,1.93,1.93,0.00
20140130,1.97,1.97,1.96,1.97,471400.00
20140129,1.97,1.97,1.96,1.97,515100.00
20140128,1.97,1.97,1.96,1.97,357600.00
20140127,1.95,1.97,1.95,1.97,455000.00
20140124,1.96,1.97,1.96,1.97,809600.00
20140123,1.94,1.97,1.94,1.97,960900.00
20140122,1.97,1.95,1.94,1.97,462900.00
20140121,1.97,1.97,1.95,1.97,565900.00
20140120,1.96,1.97,1.96,1.97,559400.00
20140117,1.97,1.97,1.96,1.97,293900.00
20140116,1.98,1.97,1.96,1.98,688100.00
20140115,1.97,1.97,1.96,1.97,472400.00
20140114,1.97,1.97,1.95,1.97,554300.00
20140113,1.96,1.97,1.95,1.97,684500.00
20140110,1.96,1.97,1.95,1.97,717100.00
20140109,1.95,1.95,1.95,1.95,369900.00
20140108,1.96,1.95,1.95,1.97,624000.00
20140107,1.96,1.97,1.96,1.97,702900.00
20140106,1.97,1.96,1.96,1.98,831300.00
20140103,1.95,1.97,1.95,1.97,654900.00
20140102,1.96,1.96,1.95,1.96,384400.00
20140101,1.73,1.73,1.73,1.73,0.00
20131231,1.93,1.93,1.93,1.93,0.00
20131230,1.94,1.95,1.94,1.95,150300.00
20131227,1.95,1.95,1.94,1.95,151400.00
20131226,1.74,1.74,1.74,1.74,0.00
20131225,1.74,1.74,1.74,1.74,0.00
20131224,1.95,1.95,1.94,1.95,91500.00
20131223,1.95,1.95,1.94,1.95,359300.00
20131220,1.94,1.94,1.94,1.94,1053300.00
20131219,1.94,1.94,1.94,1.94,1291700.00
20131218,1.93,1.94,1.93,1.94,281600.00
20131217,1.93,1.94,1.93,1.94,676200.00
20131216,1.93,1.93,1.93,1.94,392700.00
20131213,1.91,1.94,1.91,1.94,1911200.00
20131212,1.91,1.91,1.90,1.91,782300.00
20131211,1.89,1.91,1.88,1.91,1323900.00
20131210,1.88,1.89,1.88,1.89,733500.00
20131209,1.88,1.89,1.88,1.89,762000.00
20131206,1.86,1.89,1.86,1.89,1058300.00
20131205,1.86,1.86,1.86,1.87,808000.00
20131204,1.84,1.86,1.84,1.87,1697900.00
20131203,1.84,1.85,1.84,1.85,609700.00
20131202,1.86,1.84,1.84,1.86,570600.00
20131129,1.93,1.93,1.93,1.93,0.00
20131128,1.86,1.85,1.85,1.86,481700.00
20131127,1.86,1.86,1.85,1.86,876500.00
20131126,1.90,1.90,1.90,1.91,615900.00
20131125,1.91,1.91,1.90,1.91,950400.00
20131122,1.93,1.90,1.90,1.93,1115100.00
20131121,1.94,1.92,1.92,1.94,598800.00
20131120,1.95,1.94,1.93,1.95,636700.00
20131119,1.94,1.95,1.93,1.95,655200.00
20131118,1.94,1.94,1.93,1.95,707600.00
20131115,1.94,1.93,1.93,1.94,625900.00
20131114,1.94,1.93,1.93,1.94,556400.00
20131113,1.95,1.93,1.93,1.96,618100.00
20131112,1.96,1.95,1.95,1.96,1514900.00
20131111,1.94,1.96,1.94,1.96,969800.00
20131108,1.95,1.95,1.94,1.96,1011000.00
20131107,1.96,1.95,1.94,1.96,2370800.00
20131106,1.98,1.98,1.97,1.98,260600.00
20131105,1.97,1.98,1.97,1.98,655600.00
20131104,1.99,1.98,1.97,1.99,242400.00
20131101,1.99,1.99,1.98,1.99,291300.00
20131031,1.93,1.93,1.93,1.93,0.00
20131030,1.97,1.99,1.97,1.99,369800.00
20131029,1.98,1.98,1.97,1.98,510500.00
20131028,1.97,1.98,1.97,1.98,513400.00
20131025,1.97,1.98,1.97,1.98,315000.00
20131024,1.96,1.97,1.96,1.98,384800.00
20131023,1.97,1.97,1.96,1.98,327100.00
20131022,1.96,1.97,1.95,1.97,776900.00
20131021,1.97,1.96,1.95,1.98,3594400.00
20131018,1.97,1.97,1.97,1.98,515100.00
20131017,1.97,1.97,1.96,1.97,417300.00
20131016,1.96,1.97,1.95,1.97,901400.00
20131015,1.97,1.95,1.95,1.97,945200.00
20131014,1.98,1.96,1.95,1.98,652600.00
20131011,1.97,1.97,1.97,1.97,313400.00
20131010,1.97,1.97,1.95,1.98,2088800.00
20131009,1.95,1.98,1.95,1.98,1619000.00
20131008,1.96,1.95,1.95,1.96,483200.00
20131007,1.95,1.96,1.95,1.96,763700.00
20131004,1.95,1.96,1.95,1.96,482200.00
20131003,1.94,1.95,1.94,1.98,625600.00
20131002,1.94,1.95,1.93,1.95,949000.00
20131001,1.93,1.94,1.91,1.94,1269500.00
20130930,1.93,1.93,1.93,1.93,0.00
20130927,1.94,1.94,1.94,1.95,590200.00
20130926,1.95,1.95,1.94,1.95,295700.00
20130925,1.96,1.95,1.94,1.96,1690000.00
20130924,1.95,1.96,1.94,1.96,678600.00
20130923,1.96,1.94,1.94,1.97,614500.00
20130920,1.96,1.96,1.96,1.97,862200.00
20130919,1.97,1.96,1.96,1.98,688500.00
20130918,1.96,1.97,1.95,1.97,279100.00
20130917,1.97,1.96,1.96,1.97,742700.00
20130916,1.97,1.97,1.97,1.97,447500.00
20130913,1.97,1.97,1.96,1.97,428200.00
20130912,1.96,1.97,1.95,1.97,342400.00
20130911,1.95,1.96,1.95,1.96,474500.00
20130910,1.93,1.95,1.93,1.96,918800.00
20130909,1.94,1.94,1.92,1.94,596600.00
20130906,1.97,1.92,1.92,1.97,1276900.00
20130905,1.97,1.97,1.96,1.97,103400.00
20130904,1.96,1.98,1.96,1.98,254300.00
20130903,1.97,1.97,1.97,1.98,324700.00
20130902,1.96,1.97,1.96,1.98,388200.00
20130830,1.97,1.97,1.97,1.97,0.00
20130829,1.97,1.96,1.96,1.97,765900.00
20130828,1.97,1.97,1.96,1.97,362000.00
20130827,1.98,1.98,1.97,1.98,759800.00
20130826,1.76,1.76,1.76,1.76,0.00
20130823,1.99,1.99,1.97,1.99,200000.00
20130822,1.99,1.98,1.98,1.99,341000.00
20130821,1.98,1.99,1.98,1.99,391400.00
20130820,1.99,1.99,1.98,1.99,593100.00
20130819,1.98,1.99,1.98,1.99,298400.00
20130816,1.97,1.98,1.97,1.98,954300.00
20130815,2.01,1.98,1.97,2.01,976100.00
20130814,2.02,2.02,2.02,2.03,411300.00
20130813,2.03,2.03,2.02,2.03,463600.00
20130812,2.02,2.03,2.02,2.03,418500.00
20130809,2.02,2.03,2.02,2.03,366900.00
20130808,2.01,2.02,2.00,2.02,1225000.00
20130807,2.01,2.01,2.00,2.01,431500.00
20130806,2.00,2.01,2.00,2.01,915400.00
20130805,2.00,2.00,1.99,2.00,461300.00
20130802,1.99,2.00,1.99,2.00,320900.00
20130801,1.98,2.00,1.97,2.00,738100.00
20130731,1.97,1.97,1.97,1.97,0.00
20130730,1.97,1.98,1.97,1.98,562200.00
20130729,1.98,1.97,1.97,1.98,765000.00
20130726,1.98,1.98,1.98,1.98,406900.00
20130725,1.98,1.98,1.98,1.99,594200.00
20130724,1.98,1.99,1.98,1.99,1184700.00
20130723,1.98,1.98,1.97,1.98,839600.00
20130722,1.96,1.98,1.96,1.98,974600.00
20130719,1.97,1.96,1.95,1.97,318800.00
20130718,1.96,1.97,1.96,1.97,486400.00
20130717,1.97,1.97,1.95,1.97,546500.00
20130716,1.97,1.97,1.96,1.97,600100.00
20130715,1.96,1.97,1.95,1.97,275100.00
20130712,1.96,1.96,1.95,1.96,255400.00
20130711,1.96,1.96,1.95,1.97,1487600.00
20130710,1.97,1.96,1.95,1.98,1303100.00
20130709,1.99,1.98,1.97,1.99,1059400.00
20130708,2.00,1.99,1.98,2.00,481400.00
20130705,2.00,2.00,2.00,2.02,1350600.00
20130704,1.98,2.01,1.98,2.01,1426200.00
20130703,1.97,1.98,1.96,1.98,1207100.00
20130702,1.95,1.97,1.95,1.97,421700.00
20130701,1.96,1.97,1.95,1.97,878700.00
20130628,1.97,1.97,1.97,1.97,0.00
20130627,1.93,1.95,1.93,1.95,949600.00
20130626,1.93,1.94,1.93,1.94,1003700.00
20130625,1.93,1.93,1.93,1.94,1917600.00
20130624,1.94,1.94,1.93,1.94,595400.00
20130621,1.94,1.94,1.93,1.95,695900.00
20130620,1.95,1.94,1.93,1.95,910100.00
20130619,1.96,1.95,1.94,1.96,1516200.00
20130618,1.98,1.99,1.97,1.99,1650300.00
20130617,1.98,1.98,1.98,1.98,1124200.00
20130614,1.97,1.97,1.97,1.98,617000.00
20130613,1.97,1.97,1.97,1.97,510800.00
20130612,1.98,1.98,1.97,1.98,394500.00
20130611,1.99,1.98,1.98,1.99,483500.00
20130610,1.98,1.99,1.97,1.99,699500.00
20130607,1.95,1.97,1.95,1.97,1147000.00
20130606,1.94,1.95,1.94,1.95,877400.00
20130605,1.93,1.94,1.93,1.94,1004100.00
20130604,1.93,1.94,1.93,1.94,1085000.00
20130603,1.92,1.93,1.92,1.93,883700.00
20130531,1.97,1.97,1.97,1.97,0.00
20130530,1.92,1.91,1.91,1.92,492200.00
20130529,1.92,1.92,1.91,1.92,631500.00
20130528,1.92,1.92,1.92,1.93,213800.00
20130527,1.78,1.78,1.78,1.78,0.00
20130524,1.92,1.93,1.92,1.93,374400.00
20130523,1.91,1.93,1.91,1.93,892300.00
20130522,1.93,1.93,1.92,1.93,1250600.00
20130521,1.93,1.93,1.92,1.93,1196800.00
20130520,1.92,1.93,1.92,1.93,1009200.00
20130517,1.93,1.93,1.92,1.93,425400.00
20130516,1.93,1.93,1.92,1.93,1272400.00
20130515,1.93,1.93,1.92,1.93,1168500.00
20130514,1.92,1.93,1.92,1.93,1568700.00
20130513,1.92,1.91,1.91,1.92,1038500.00
20130510,1.92,1.92,1.91,1.92,1154800.00
20130509,1.92,1.91,1.91,1.92,1251000.00
20130508,1.91,1.92,1.91,1.92,1067700.00
20130507,1.91,1.91,1.91,1.91,905900.00
20130506,1.77,1.77,1.77,1.77,0.00
20130503,1.92,1.91,1.91,1.92,626200.00
20130502,1.92,1.91,1.91,1.92,597800.00
20130501,1.93,1.92,1.92,1.94,849400.00
20130430,1.97,1.97,1.97,1.97,0.00
20130429,1.95,1.95,1.94,1.95,287600.00
20130426,1.94,1.95,1.93,1.95,352500.00
20130425,1.94,1.94,1.93,1.94,541100.00
20130424,1.95,1.94,1.94,1.95,736900.00
20130423,1.95,1.95,1.95,1.95,362300.00
20130422,1.95,1.95,1.95,1.96,713800.00
20130419,1.94,1.95,1.94,1.95,509400.00
20130418,1.94,1.94,1.94,1.95,895300.00
20130417,1.95,1.94,1.94,1.96,699000.00
20130416,1.96,1.95,1.95,1.96,667800.00
20130415,1.97,1.96,1.95,1.97,809000.00
20130412,1.96,1.96,1.95,1.97,648300.00
20130411,1.95,1.97,1.95,1.97,966500.00
20130410,1.94,1.95,1.94,1.95,1286400.00
20130409,1.93,1.94,1.92,1.94,757100.00
20130408,1.92,1.93,1.92,1.93,994100.00
20130405,1.93,1.92,1.92,1.93,475500.00
20130404,1.93,1.93,1.93,1.94,747800.00
20130403,1.93,1.94,1.93,1.94,587300.00
20130402,1.94,1.94,1.93,1.94,1133200.00
20130401,1.77,1.77,1.77,1.77,0.00
20130329,1.82,1.82,1.82,1.82,0.00
20130328,1.78,1.78,1.78,1.78,0.00
20130327,1.93,1.93,1.93,1.93,1364800.00
20130326,1.92,1.93,1.92,1.93,1229500.00
20130325,1.91,1.92,1.91,1.92,773700.00
20130322,1.91,1.92,1.90,1.92,983300.00
20130321,1.90,1.91,1.90,1.91,348800.00
20130320,1.90,1.90,1.90,1.91,482200.00
20130319,1.90,1.91,1.90,1.91,503300.00
20130318,1.88,1.91,1.88,1.91,523600.00
20130315,1.90,1.90,1.89,1.90,1170500.00
20130314,1.89,1.89,1.89,1.89,860500.00
20130313,1.90,1.89,1.89,1.91,1192000.00
20130312,1.90,1.90,1.89,1.90,1294500.00
20130311,1.89,1.89,1.89,1.90,921800.00
20130308,1.90,1.90,1.89,1.90,736500.00
20130307,1.89,1.89,1.89,1.89,735600.00
20130306,1.90,1.89,1.89,1.90,407600.00
20130305,1.89,1.89,1.89,1.89,533300.00
20130304,1.88,1.89,1.88,1.90,320600.00
20130301,1.89,1.89,1.88,1.90,483000.00
20130228,1.92,1.92,1.92,1.92,0.00
20130227,1.88,1.89,1.88,1.89,452100.00
20130226,1.88,1.89,1.88,1.89,366000.00
20130225,1.88,1.89,1.88,1.89,919000.00
20130222,1.88,1.88,1.87,1.88,879600.00
20130221,1.87,1.88,1.87,1.88,992100.00
20130220,1.86,1.88,1.86,1.88,1639700.00
20130219,1.86,1.86,1.85,1.86,909400.00
20130218,1.85,1.85,1.85,1.86,624400.00
20130215,1.85,1.85,1.85,1.86,567400.00
20130214,1.85,1.85,1.85,1.86,464700.00
20130213,1.85,1.85,1.84,1.85,838800.00
20130212,1.85,1.85,1.84,1.85,663600.00
20130211,1.83,1.85,1.83,1.85,2558800.00
20130208,1.83,1.83,1.83,1.83,2324300.00
20130207,1.83,1.83,1.82,1.83,429400.00
20130206,1.83,1.83,1.82,1.83,365700.00
20130205,1.83,1.83,1.82,1.83,897900.00
20130204,1.82,1.82,1.82,1.83,619600.00
20130201,1.83,1.82,1.82,1.83,576100.00
20130131,1.92,1.92,1.92,1.92,0.00
20130130,1.82,1.82,1.82,1.83,752700.00
20130129,1.81,1.82,1.81,1.83,1768200.00
20130128,1.81,1.82,1.81,1.82,770500.00
20130125,1.81,1.81,1.81,1.81,684400.00
20130124,1.81,1.81,1.81,1.81,699000.00
20130123,1.81,1.81,1.81,1.81,548100.00
20130122,1.80,1.81,1.80,1.81,878800.00
20130121,1.80,1.80,1.79,1.80,635100.00
20130118,1.79,1.80,1.79,1.80,356400.00
20130117,1.78,1.79,1.78,1.79,355000.00
20130116,1.79,1.79,1.78,1.79,752100.00
20130115,1.79,1.79,1.78,1.79,2435700.00
20130114,1.79,1.79,1.78,1.79,974600.00
20130111,1.78,1.79,1.78,1.79,772800.00
20130110,1.79,1.79,1.78,1.79,966800.00
20130109,1.79,1.79,1.78,1.79,1114400.00
20130108,1.79,1.79,1.78,1.79,980100.00
20130107,1.79,1.79,1.78,1.79,746700.00
20130104,1.78,1.79,1.78,1.80,1183500.00
20130103,1.79,1.78,1.78,1.79,512300.00
20130102,1.78,1.78,1.78,1.79,1590200.00
20130101,1.73,1.73,1.73,1.73,0.00
20121231,1.92,1.92,1.92,1.92,0.00
20121228,1.79,1.78,1.78,1.79,468000.00
20121227,1.79,1.78,1.78,1.79,683600.00
20121226,1.74,1.74,1.74,1.74,0.00
20121225,1.74,1.74,1.74,1.74,0.00
20121224,1.79,1.79,1.79,1.79,81200.00
20121221,1.79,1.79,1.79,1.80,1618100.00
20121220,1.80,1.79,1.79,1.80,1483100.00
20121219,1.80,1.80,1.80,1.80,657900.00
20121218,1.80,1.80,1.80,1.80,655400.00
20121217,1.80,1.79,1.79,1.80,345900.00
20121214,1.80,1.80,1.80,1.80,734700.00
20121213,1.80,1.80,1.80,1.80,369500.00
20121212,1.80,1.80,1.80,1.80,732700.00
20121211,1.84,1.84,1.84,1.84,382800.00
20121210,1.84,1.84,1.84,1.84,761400.00
20121207,1.84,1.84,1.84,1.84,618100.00
20121206,1.84,1.84,1.84,1.84,358800.00
20121205,1.84,1.84,1.84,1.84,933000.00
20121204,1.84,1.84,1.84,1.84,641300.00
20121203,1.84,1.84,1.84,1.84,690900.00
20121130,1.92,1.92,1.92,1.92,0.00
20121129,1.84,1.84,1.84,1.84,403600.00
20121128,1.84,1.84,1.84,1.84,359600.00
20121127,1.84,1.84,1.84,1.84,2484800.00
20121126,1.85,1.84,1.84,1.85,596200.00
20121123,1.85,1.85,1.84,1.85,487500.00
20121122,1.84,1.84,1.84,1.84,376400.00
20121121,1.85,1.84,1.84,1.85,800800.00
20121120,1.85,1.84,1.84,1.85,305600.00
20121119,1.83,1.84,1.83,1.84,1080100.00
20121116,1.83,1.83,1.83,1.83,435400.00
20121115,1.84,1.83,1.83,1.84,1224600.00
20121114,1.84,1.84,1.84,1.85,1367400.00
20121113,1.85,1.85,1.84,1.85,1117400.00
20121112,1.85,1.85,1.84,1.85,1146200.00
20121109,1.85,1.85,1.85,1.85,853300.00
20121108,1.85,1.84,1.84,1.85,908400.00
20121107,1.85,1.84,1.84,1.85,721200.00
20121106,1.85,1.85,1.85,1.85,302200.00
20121105,1.85,1.85,1.84,1.85,677800.00
20121102,1.85,1.84,1.84,1.85,1757100.00
20121101,1.83,1.85,1.83,1.85,2123400.00
20121031,1.92,1.92,1.92,1.92,0.00
20121030,1.83,1.84,1.83,1.84,634200.00
20121029,1.84,1.84,1.83,1.84,358400.00
20121026,1.84,1.83,1.83,1.84,1900000.00
20121025,1.83,1.84,1.83,1.84,351800.00
20121024,1.84,1.84,1.83,1.84,440200.00
20121023,1.84,1.84,1.84,1.85,978200.00
20121022,1.84,1.84,1.84,1.84,520800.00
20121019,1.84,1.84,1.84,1.84,250300.00
20121018,1.84,1.84,1.84,1.84,250400.00
20121017,1.84,1.84,1.84,1.84,340900.00
20121016,1.84,1.84,1.84,1.85,401500.00
20121015,1.84,1.84,1.84,1.85,491300.00
20121012,1.84,1.84,1.84,1.85,428000.00
20121011,1.85,1.85,1.84,1.85,607400.00
20121010,1.85,1.85,1.85,1.85,753400.00
20121009,1.85,1.85,1.85,1.85,621400.00
20121008,1.85,1.85,1.85,1.85,287900.00
20121005,1.85,1.85,1.85,1.85,450300.00
20121004,1.85,1.85,1.84,1.85,1404800.00
20121003,1.85,1.85,1.84,1.85,774300.00
20121002,1.85,1.85,1.77,1.85,977000.00
20121001,1.84,1.84,1.84,1.85,518700.00
20120928,1.73,1.73,1.73,1.73,0.00
20120927,1.80,1.84,1.80,1.84,2527200.00
20120926,1.80,1.81,1.80,1.81,940300.00
20120925,1.79,1.81,1.79,1.81,1326500.00
20120924,1.79,1.79,1.79,1.80,380900.00
20120921,1.80,1.79,1.79,1.80,1600800.00
20120920,1.81,1.80,1.79,1.81,975300.00
20120919,1.81,1.80,1.80,1.81,745700.00
20120918,1.81,1.80,1.80,1.81,1385800.00
20120917,1.81,1.81,1.80,1.82,894400.00
20120914,1.82,1.81,1.81,1.82,1042300.00
20120913,1.82,1.82,1.81,1.82,728100.00
20120912,1.82,1.81,1.81,1.82,1224700.00
20120911,1.83,1.82,1.82,1.83,812500.00
20120910,1.83,1.83,1.83,1.83,688400.00
20120907,1.83,1.83,1.83,1.83,475800.00
20120906,1.83,1.83,1.83,1.83,1383300.00
20120905,1.83,1.83,1.83,1.83,1353900.00
20120904,1.84,1.83,1.83,1.84,1096400.00
20120903,1.83,1.84,1.83,1.84,478600.00
20120831,1.91,1.91,1.91,1.91,0.00
20120830,1.84,1.84,1.84,1.84,469800.00
20120829,1.84,1.84,1.84,1.84,580100.00
20120828,1.84,1.84,1.84,1.84,352700.00
20120827,1.84,1.84,1.84,1.84,0.00
20120824,1.84,1.84,1.84,1.85,1255300.00
20120823,1.83,1.84,1.83,1.84,619400.00
20120822,1.83,1.84,1.83,1.84,434900.00
20120821,1.83,1.84,1.82,1.84,841800.00
20120820,1.82,1.82,1.81,1.82,932800.00
20120817,1.80,1.81,1.80,1.82,675800.00
20120816,1.80,1.81,1.80,1.81,786900.00
20120815,1.81,1.81,1.81,1.81,722400.00
20120814,1.80,1.82,1.80,1.82,789200.00
20120813,1.81,1.81,1.80,1.81,248700.00
20120810,1.81,1.80,1.80,1.81,1382700.00
20120809,1.81,1.81,1.80,1.81,652600.00
20120808,1.80,1.80,1.80,1.81,969300.00
20120807,1.80,1.81,1.80,1.81,213900.00
20120806,1.81,1.80,1.80,1.81,675500.00
20120803,1.80,1.81,1.80,1.81,682600.00
20120802,1.81,1.80,1.80,1.81,776200.00
20120801,1.81,1.80,1.80,1.81,1166100.00
20120731,1.91,1.91,1.91,1.91,0.00
20120730,1.80,1.80,1.80,1.80,637300.00
20120727,1.80,1.80,1.80,1.80,2501600.00
20120726,1.80,1.80,1.80,1.80,979100.00
20120725,1.80,1.80,1.80,1.80,630700.00
20120724,1.79,1.81,1.79,1.81,1305400.00
20120723,1.79,1.80,1.79,1.80,490000.00
20120720,1.81,1.80,1.80,1.81,334100.00
20120719,1.80,1.80,1.79,1.81,818500.00
20120718,1.79,1.80,1.79,1.80,628100.00
20120717,1.80,1.80,1.79,1.80,746800.00
20120716,1.79,1.80,1.79,1.80,840200.00
20120713,1.78,1.80,1.78,1.80,1083800.00
20120712,1.79,1.79,1.78,1.79,388700.00
20120711,1.78,1.79,1.78,1.79,481700.00
20120710,1.78,1.79,1.78,1.79,678100.00
20120709,1.80,1.80,1.79,1.80,832900.00
20120706,1.80,1.80,1.79,1.80,282700.00
20120705,1.80,1.79,1.79,1.80,414300.00
20120704,1.79,1.79,1.79,1.80,880700.00
20120703,1.79,1.80,1.79,1.80,930600.00
20120702,1.77,1.79,1.76,1.79,1911300.00
20120629,1.91,1.91,1.91,1.91,0.00
20120628,1.76,1.76,1.75,1.76,2115600.00
20120627,1.75,1.75,1.75,1.76,1650600.00
20120626,1.76,1.75,1.75,1.76,814500.00
20120625,1.75,1.75,1.75,1.76,469500.00
20120622,1.76,1.75,1.75,1.76,1141400.00
20120621,1.76,1.76,1.75,1.76,800600.00
20120620,1.76,1.75,1.75,1.76,1188200.00
20120619,1.80,1.80,1.80,1.80,652800.00
20120618,1.81,1.80,1.80,1.81,1339400.00
20120615,1.81,1.81,1.80,1.81,3528800.00
20120614,1.81,1.81,1.80,1.81,839700.00
20120613,1.80,1.80,1.80,1.81,467900.00
20120612,1.81,1.80,1.80,1.81,985800.00
20120611,1.81,1.81,1.80,1.81,651900.00
20120608,1.81,1.81,1.80,1.81,296800.00
20120607,1.81,1.81,1.81,1.81,898700.00
20120606,1.81,1.81,1.80,1.81,564000.00
20120605,1.81,1.81,1.81,1.81,0.00
20120604,1.81,1.81,1.81,1.81,0.00
20120601,1.80,1.81,1.80,1.81,1992200.00
20120531,1.91,1.91,1.91,1.91,0.00
20120530,1.81,1.81,1.80,1.81,1483700.00
20120529,1.81,1.81,1.80,1.81,3454100.00
20120528,1.81,1.81,1.80,1.81,799900.00
20120525,1.79,1.81,1.79,1.81,1247700.00
20120524,1.79,1.80,1.78,1.80,362000.00
20120523,1.79,1.78,1.78,1.79,884000.00
20120522,1.79,1.79,1.78,1.80,1402400.00
20120521,1.78,1.79,1.78,1.80,668500.00
20120518,1.81,1.78,1.78,1.81,789600.00
20120517,1.81,1.81,1.81,1.82,544300.00
20120516,1.82,1.82,1.81,1.83,1600200.00
20120515,1.82,1.82,1.82,1.83,1834100.00
20120514,1.81,1.82,1.81,1.83,782100.00
20120511,1.81,1.82,1.81,1.82,876700.00
20120510,1.80,1.81,1.80,1.82,646800.00
20120509,1.80,1.80,1.79,1.80,770600.00
20120508,1.81,1.79,1.79,1.82,1569800.00
20120507,1.81,1.81,1.81,1.81,0.00
20120504,1.82,1.81,1.81,1.83,888500.00
20120503,1.82,1.82,1.81,1.83,817700.00
20120502,1.85,1.81,1.81,1.85,1931500.00
20120501,1.84,1.85,1.84,1.85,2849800.00
20120430,1.91,1.91,1.91,1.91,0.00
20120427,1.84,1.84,1.84,1.85,1160000.00
20120426,1.85,1.84,1.84,1.85,673800.00
20120425,1.86,1.85,1.85,1.86,783300.00
20120424,1.87,1.86,1.86,1.87,1360700.00
20120423,1.86,1.87,1.85,1.88,937000.00
20120420,1.84,1.86,1.84,1.86,626400.00
20120419,1.83,1.84,1.83,1.85,1087800.00
20120418,1.82,1.83,1.81,1.83,926000.00
20120417,1.81,1.82,1.81,1.82,588700.00
20120416,1.81,1.82,1.81,1.82,532700.00
20120413,1.81,1.81,1.80,1.81,753500.00
20120412,1.81,1.81,1.80,1.81,823200.00
20120411,1.80,1.81,1.80,1.81,877300.00
20120410,1.80,1.81,1.80,1.81,673100.00
20120409,1.81,1.81,1.81,1.81,0.00
20120406,1.81,1.81,1.81,1.81,0.00
20120405,1.81,1.81,1.81,1.81,447700.00
20120404,1.82,1.81,1.80,1.82,2391500.00
20120403,1.83,1.82,1.82,1.83,956200.00
20120402,1.82,1.83,1.81,1.83,1736400.00
20120330,1.72,1.72,1.72,1.72,0.00
20120329,1.80,1.80,1.79,1.80,599800.00
20120328,1.80,1.80,1.80,1.81,765400.00
20120327,1.80,1.81,1.79,1.81,1300900.00
20120326,1.79,1.80,1.78,1.80,1045100.00
20120323,1.79,1.79,1.78,1.79,1170900.00
20120322,1.79,1.79,1.79,1.79,611500.00
20120321,1.78,1.79,1.78,1.79,703400.00
20120320,1.78,1.79,1.78,1.79,595200.00
20120319,1.78,1.79,1.78,1.79,696100.00
20120316,1.78,1.79,1.78,1.79,2086700.00
20120315,1.78,1.78,1.78,1.79,1270800.00
20120314,1.78,1.78,1.78,1.78,770800.00
20120313,1.78,1.78,1.78,1.78,2166100.00
20120312,1.77,1.78,1.77,1.78,443500.00
20120309,1.78,1.78,1.78,1.78,622600.00
20120308,1.79,1.78,1.78,1.79,2570000.00
20120307,1.77,1.79,1.77,1.79,541000.00
20120306,1.78,1.78,1.77,1.78,1377200.00
20120305,1.78,1.78,1.78,1.79,517300.00
20120302,1.77,1.79,1.77,1.79,1537200.00
20120301,1.78,1.78,1.78,1.78,1184600.00
20120229,1.89,1.89,1.89,1.89,0.00
20120228,1.79,1.78,1.76,1.79,2960600.00
20120227,1.81,1.78,1.77,1.82,1955100.00
20120224,1.83,1.82,1.81,1.83,827800.00
20120223,1.81,1.83,1.81,1.83,683700.00
20120222,1.81,1.81,1.81,1.82,906000.00
20120221,1.79,1.81,1.79,1.81,2069600.00
20120220,1.80,1.80,1.79,1.80,400000.00
20120217,1.79,1.79,1.78,1.80,676100.00
20120216,1.79,1.79,1.78,1.79,818100.00
20120215,1.80,1.79,1.79,1.80,806900.00
20120214,1.80,1.79,1.79,1.80,794200.00
20120213,1.79,1.80,1.79,1.80,1142200.00
20120210,1.79,1.79,1.78,1.80,2025800.00
20120209,1.78,1.79,1.78,1.79,995200.00
20120208,1.78,1.78,1.78,1.78,917800.00
20120207,1.78,1.78,1.77,1.78,1259700.00
20120206,1.78,1.78,1.77,1.78,1380900.00
20120203,1.77,1.78,1.77,1.78,3639100.00
20120202,1.77,1.76,1.76,1.77,2130900.00
20120201,1.75,1.76,1.75,1.77,1028600.00
20120131,1.89,1.89,1.89,1.89,0.00
20120130,1.75,1.75,1.75,1.76,587600.00
20120127,1.75,1.75,1.75,1.76,386100.00
20120126,1.75,1.76,1.75,1.76,512700.00
20120125,1.75,1.75,1.75,1.76,469500.00
20120124,1.75,1.75,1.75,1.75,509000.00
20120123,1.75,1.75,1.75,1.76,587300.00
20120120,1.76,1.75,1.75,1.76,604400.00
20120119,1.75,1.75,1.75,1.76,878300.00
20120118,1.75,1.75,1.75,1.76,749800.00
20120117,1.75,1.75,1.75,1.75,815400.00
20120116,1.75,1.75,1.75,1.75,294400.00
20120113,1.76,1.75,1.75,1.76,689600.00
20120112,1.76,1.76,1.76,1.76,1024400.00
20120111,1.75,1.76,1.74,1.77,2197400.00
20120110,1.75,1.75,1.74,1.75,784400.00
20120109,1.76,1.75,1.75,1.76,470300.00
20120106,1.76,1.76,1.75,1.77,847600.00
20120105,1.77,1.76,1.76,1.77,730100.00
20120104,1.77,1.77,1.76,1.77,518600.00
20120103,1.77,1.77,1.76,1.77,730300.00
20120102,1.75,1.75,1.75,1.75,0.00
20111230,1.89,1.89,1.89,1.89,0.00
20111229,1.77,1.76,1.76,1.77,220900.00
20111228,1.77,1.77,1.76,1.77,179500.00
20111227,1.77,1.77,1.77,1.77,0.00
20111226,1.77,1.77,1.77,1.77,0.00
20111223,1.77,1.77,1.76,1.77,360400.00
20111222,1.77,1.77,1.75,1.77,1021200.00
20111221,1.76,1.75,1.75,1.77,1329700.00
20111220,1.74,1.76,1.73,1.76,1225700.00
20111219,1.73,1.73,1.73,1.73,994100.00
20111216,1.72,1.73,1.72,1.75,6857300.00
20111215,1.71,1.72,1.71,1.76,3817400.00
20111214,1.71,1.71,1.70,1.72,694400.00
20111213,1.75,1.75,1.75,1.76,668200.00
20111212,1.76,1.75,1.75,1.76,417500.00
20111209,1.76,1.75,1.74,1.76,568500.00
20111208,1.79,1.75,1.75,1.79,879600.00
20111207,1.79,1.78,1.78,1.79,480900.00
20111206,1.78,1.79,1.78,1.79,406200.00
20111205,1.78,1.78,1.78,1.79,536600.00
20111202,1.77,1.78,1.77,1.78,713600.00
20111201,1.77,1.77,1.76,1.77,1397900.00
20111130,1.89,1.89,1.89,1.89,0.00
20111129,1.76,1.75,1.74,1.76,491200.00
20111128,1.75,1.75,1.74,1.75,428500.00
20111125,1.74,1.74,1.74,1.75,446200.00
20111124,1.74,1.74,1.74,1.75,902000.00
20111123,1.74,1.75,1.74,1.76,332900.00
20111122,1.74,1.75,1.74,1.76,802400.00
20111121,1.74,1.75,1.74,1.75,696900.00
20111118,1.74,1.75,1.74,1.75,485900.00
20111117,1.74,1.75,1.74,1.75,433000.00
20111116,1.74,1.75,1.75,1.75,334700.00
20111115,1.75,1.75,1.74,1.76,460700.00
20111114,1.75,1.75,1.75,1.76,528200.00
20111111,1.76,1.75,1.75,1.76,556900.00
20111110,1.74,1.75,1.74,1.75,487300.00
20111109,1.76,1.75,1.75,1.76,821100.00
20111108,1.75,1.76,1.74,1.76,614900.00
20111107,1.74,1.76,1.74,1.76,307500.00
20111104,1.75,1.75,1.74,1.75,254500.00
20111103,1.74,1.75,1.74,1.75,286800.00
20111102,1.74,1.75,1.73,1.75,675400.00
20111101,1.76,1.73,1.73,1.76,602800.00
20111031,1.89,1.89,1.89,1.89,0.00
20111028,1.77,1.78,1.76,1.78,507000.00
20111027,1.77,1.77,1.76,1.77,677900.00
20111026,1.75,1.76,1.75,1.77,484500.00
20111025,1.75,1.75,1.75,1.76,677000.00
20111024,1.76,1.75,1.74,1.76,641200.00
20111021,1.74,1.75,1.74,1.75,603000.00
20111020,1.74,1.74,1.74,1.75,415100.00
20111019,1.76,1.75,1.75,1.76,194800.00
20111018,1.75,1.75,1.74,1.75,965300.00
20111017,1.75,1.75,1.75,1.76,508100.00
20111014,1.75,1.75,1.74,1.75,768900.00
20111013,1.75,1.75,1.74,1.75,465700.00
20111012,1.75,1.75,1.75,1.77,812900.00
20111011,1.75,1.75,1.74,1.76,321100.00
20111010,1.75,1.75,1.74,1.75,256800.00
20111007,1.77,1.74,1.73,1.77,420800.00
20111006,1.73,1.76,1.72,1.77,530300.00
20111005,1.73,1.73,1.72,1.73,586900.00
20111004,1.76,1.72,1.72,1.76,450100.00
20111003,1.75,1.77,1.75,1.77,579300.00
20110930,1.89,1.89,1.89,1.89,0.00
20110929,1.76,1.76,1.76,1.78,265300.00
20110928,1.77,1.77,1.77,1.78,66300.00
20110927,1.77,1.77,1.76,1.78,380100.00
20110926,1.75,1.77,1.75,1.78,370000.00
20110923,1.76,1.77,1.66,1.77,374200.00
20110922,1.77,1.77,1.75,1.77,448600.00
20110921,1.76,1.77,1.76,1.78,432400.00
20110920,1.76,1.77,1.76,1.77,380200.00
20110919,1.77,1.76,1.75,1.78,668100.00
20110916,1.77,1.77,1.77,1.79,1442400.00
20110915,1.77,1.79,1.77,1.79,640000.00
20110914,1.76,1.77,1.75,1.77,498200.00
20110913,1.76,1.76,1.75,1.77,329800.00
20110912,1.75,1.76,1.75,1.76,196200.00
20110909,1.76,1.77,1.76,1.77,511600.00
20110908,1.77,1.77,1.76,1.77,350200.00
20110907,1.77,1.77,1.76,1.77,635300.00
20110906,1.76,1.76,1.75,1.78,398000.00
20110905,1.77,1.76,1.76,1.77,191000.00
20110902,1.78,1.77,1.77,1.78,434100.00
20110901,1.79,1.78,1.77,1.79,435900.00
20110831,1.90,1.90,1.90,1.90,0.00
20110830,1.78,1.77,1.77,1.78,421100.00
20110829,1.77,1.77,1.77,1.77,0.00
20110826,1.77,1.77,1.76,1.77,202300.00
20110825,1.76,1.77,1.76,1.78,390800.00
20110824,1.75,1.76,1.75,1.77,360900.00
20110823,1.76,1.75,1.75,1.76,335200.00
20110822,1.75,1.75,1.74,1.76,368300.00
20110819,1.74,1.74,1.72,1.75,661000.00
20110818,1.77,1.74,1.72,1.77,898100.00
20110817,1.78,1.77,1.77,1.79,220300.00
20110816,1.77,1.79,1.76,1.79,370000.00
20110815,1.76,1.78,1.75,1.78,626800.00
20110812,1.75,1.76,1.75,1.76,862800.00
20110811,1.72,1.75,1.72,1.75,881800.00
20110810,1.70,1.71,1.70,1.72,2243300.00
20110809,1.75,1.69,1.64,1.75,1852100.00
20110808,1.75,1.73,1.73,1.75,433200.00
20110805,1.74,1.76,1.73,1.76,589900.00
20110804,1.76,1.76,1.74,1.76,857600.00
20110803,1.75,1.75,1.75,1.76,524600.00
20110802,1.76,1.76,1.75,1.76,565000.00
20110801,1.77,1.76,1.76,1.77,680800.00
20110729,1.90,1.90,1.90,1.90,0.00
20110728,1.78,1.77,1.77,1.79,651800.00
20110727,1.80,1.79,1.79,1.80,568900.00
20110726,1.79,1.79,1.79,1.80,423400.00
20110725,1.80,1.79,1.79,1.80,335100.00
20110722,1.80,1.80,1.79,1.80,503200.00
20110721,1.80,1.80,1.80,1.80,340900.00
20110720,1.80,1.80,1.80,1.80,522300.00
20110719,1.79,1.81,1.79,1.81,669800.00
20110718,1.79,1.80,1.79,1.80,182000.00
20110715,1.79,1.80,1.79,1.80,694800.00
20110714,1.79,1.80,1.79,1.80,472000.00
20110713,1.79,1.79,1.79,1.80,296700.00
20110712,1.79,1.78,1.77,1.79,1520100.00
20110711,1.79,1.79,1.79,1.80,496300.00
20110708,1.79,1.80,1.79,1.80,531800.00
20110707,1.78,1.79,1.78,1.80,547300.00
20110706,1.77,1.78,1.77,1.78,814800.00
20110705,1.77,1.77,1.77,1.77,787100.00
20110704,1.77,1.76,1.76,1.77,338800.00
20110701,1.76,1.77,1.76,1.77,309500.00
20110630,1.90,1.90,1.90,1.90,0.00
20110629,1.76,1.76,1.76,1.76,347100.00
20110628,1.74,1.76,1.74,1.77,2719200.00
20110627,1.74,1.74,1.74,1.74,561600.00
20110624,1.74,1.74,1.74,1.75,682000.00
20110623,1.74,1.74,1.74,1.74,1250000.00
20110622,1.74,1.74,1.74,1.74,477700.00
20110621,1.74,1.74,1.74,1.74,888400.00
20110620,1.74,1.74,1.74,1.74,534200.00
20110617,1.74,1.74,1.74,1.74,2212000.00
20110616,1.75,1.74,1.74,1.75,756000.00
20110615,1.76,1.75,1.75,1.76,1027300.00
20110614,1.79,1.79,1.79,1.80,510600.00
20110613,1.79,1.79,1.78,1.79,316100.00
20110610,1.79,1.79,1.79,1.79,443500.00
20110609,1.80,1.79,1.79,1.80,566200.00
20110608,1.80,1.79,1.78,1.81,669600.00
20110607,1.80,1.81,1.80,1.81,619500.00
20110606,1.81,1.80,1.80,1.81,496300.00
20110603,1.80,1.81,1.80,1.81,345400.00
20110602,1.80,1.81,1.79,1.81,786600.00
20110601,1.80,1.79,1.79,1.80,759400.00
20110531,1.90,1.90,1.90,1.90,0.00
20110530,1.79,1.79,1.79,1.79,0.00
20110527,1.79,1.79,1.78,1.79,442100.00
20110526,1.78,1.79,1.78,1.79,541300.00
20110525,1.77,1.78,1.77,1.78,418300.00
20110524,1.75,1.78,1.75,1.78,1457200.00
20110523,1.76,1.75,1.75,1.76,515600.00
20110520,1.74,1.76,1.74,1.77,1049200.00
20110519,1.75,1.74,1.68,1.76,3674100.00
20110518,1.79,1.78,1.78,1.79,869600.00
20110517,1.79,1.78,1.78,1.79,597800.00
20110516,1.77,1.79,1.77,1.79,393500.00
20110513,1.74,1.77,1.74,1.77,1706000.00
20110512,1.74,1.73,1.73,1.75,1331400.00
20110511,1.73,1.74,1.73,1.75,460100.00
20110510,1.74,1.74,1.74,1.74,575500.00
20110509,1.72,1.73,1.72,1.73,552600.00
20110506,1.71,1.72,1.71,1.73,675900.00
20110505,1.70,1.71,1.69,1.72,2234500.00
20110504,1.68,1.69,1.68,1.69,659900.00
20110503,1.68,1.69,1.68,1.69,665400.00
20110502,1.69,1.69,1.69,1.69,0.00
20110429,1.71,1.71,1.71,1.71,0.00
20110428,1.90,1.90,1.90,1.90,0.00
20110427,1.68,1.69,1.68,1.69,511100.00
20110426,1.68,1.69,1.68,1.70,607800.00
20110425,1.69,1.69,1.69,1.69,0.00
20110422,1.69,1.69,1.69,1.69,0.00
20110421,1.69,1.69,1.68,1.70,536700.00
20110420,1.68,1.69,1.68,1.69,382500.00
20110419,1.69,1.69,1.68,1.69,1945900.00
20110418,1.70,1.69,1.68,1.70,390900.00
20110415,1.70,1.70,1.69,1.70,280300.00
20110414,1.70,1.69,1.68,1.70,265900.00
20110413,1.70,1.69,1.69,1.70,585600.00
20110412,1.71,1.68,1.68,1.72,559900.00
20110411,1.71,1.71,1.71,1.72,547800.00
20110408,1.72,1.72,1.71,1.72,291900.00
20110407,1.72,1.72,1.71,1.72,251200.00
20110406,1.72,1.72,1.71,1.72,472100.00
20110405,1.71,1.72,1.71,1.73,499300.00
20110404,1.71,1.72,1.71,1.72,384400.00
20110401,1.71,1.72,1.70,1.72,679700.00
20110331,1.90,1.90,1.90,1.90,0.00
20110330,1.71,1.71,1.70,1.71,3179900.00
20110329,1.70,1.71,1.70,1.71,457700.00
20110328,1.70,1.70,1.69,1.70,280500.00
20110325,1.70,1.70,1.69,1.70,521600.00
20110324,1.70,1.69,1.68,1.70,376400.00
20110323,1.70,1.68,1.68,1.70,321700.00
20110322,1.70,1.69,1.69,1.71,560600.00
20110321,1.70,1.69,1.69,1.70,1021700.00
20110318,1.67,1.69,1.66,1.69,1183600.00
20110317,1.66,1.66,1.65,1.67,1036400.00
20110316,1.71,1.66,1.66,1.71,1348000.00
20110315,1.72,1.71,1.71,1.72,476500.00
20110314,1.73,1.72,1.72,1.74,326800.00
20110311,1.74,1.72,1.72,1.75,256700.00
20110310,1.74,1.73,1.73,1.75,486700.00
20110309,1.75,1.75,1.74,1.76,282300.00
20110308,1.75,1.76,1.74,1.76,500900.00
20110307,1.75,1.75,1.74,1.77,538100.00
20110304,1.75,1.75,1.75,1.76,368300.00
20110303,1.74,1.75,1.74,1.75,509600.00
20110302,1.74,1.75,1.74,1.75,233000.00
20110301,1.75,1.74,1.74,1.76,581600.00
20110228,1.85,1.85,1.85,1.85,0.00
20110225,1.75,1.76,1.75,1.76,192200.00
20110224,1.76,1.76,1.75,1.76,436300.00
20110223,1.74,1.76,1.74,1.76,494700.00
20110222,1.75,1.75,1.75,1.77,343700.00
20110221,1.76,1.76,1.75,1.77,460700.00
20110218,1.76,1.77,1.75,1.77,333900.00
20110217,1.75,1.76,1.75,1.77,436200.00
20110216,1.75,1.75,1.73,1.75,379300.00
20110215,1.74,1.74,1.72,1.74,578800.00
20110214,1.71,1.72,1.70,1.73,975600.00
20110211,1.71,1.70,1.70,1.71,399700.00
20110210,1.71,1.70,1.70,1.71,416000.00
20110209,1.71,1.70,1.70,1.71,619900.00
20110208,1.70,1.70,1.69,1.72,900100.00
20110207,1.72,1.70,1.70,1.72,809100.00
20110204,1.71,1.70,1.70,1.72,433000.00
20110203,1.72,1.71,1.71,1.72,726800.00
20110202,1.71,1.72,1.71,1.72,737200.00
20110201,1.71,1.71,1.69,1.71,609200.00
20110131,1.85,1.85,1.85,1.85,0.00
20110128,1.67,1.67,1.67,1.68,1604400.00
20110127,1.66,1.68,1.66,1.68,898300.00
20110126,1.67,1.66,1.66,1.67,1006400.00
20110125,1.69,1.65,1.65,1.69,1032800.00
20110124,1.70,1.69,1.69,1.70,915600.00
20110121,1.69,1.69,1.69,1.69,405000.00
20110120,1.71,1.69,1.69,1.71,676300.00
20110119,1.70,1.70,1.70,1.71,458000.00
20110118,1.70,1.70,1.70,1.71,698800.00
20110117,1.71,1.70,1.70,1.71,446700.00
20110114,1.70,1.71,1.69,1.72,776000.00
20110113,1.74,1.71,1.69,1.74,1232800.00
20110112,1.75,1.73,1.73,1.76,644300.00
20110111,1.76,1.75,1.74,1.76,659100.00
20110110,1.76,1.75,1.75,1.77,319500.00
20110107,1.79,1.75,1.75,1.80,695300.00
20110106,1.78,1.78,1.77,1.80,730600.00
20110105,1.80,1.78,1.77,1.80,805100.00
20110104,1.78,1.80,1.77,1.80,314900.00
20110103,1.75,1.75,1.75,1.75,0.00
20101231,1.85,1.85,1.85,1.85,0.00
20101230,1.80,1.76,1.76,1.80,306600.00
20101229,1.80,1.80,1.79,1.82,473700.00
20101228,1.81,1.81,1.81,1.81,0.00
20101227,1.81,1.81,1.81,1.81,0.00
20101224,1.83,1.81,1.81,1.83,78600.00
20101223,1.76,1.83,1.76,1.83,694400.00
20101222,1.75,1.77,1.74,1.77,465800.00
20101221,1.73,1.75,1.72,1.75,603800.00
20101220,1.75,1.72,1.72,1.77,466100.00
20101217,1.77,1.75,1.74,1.77,1163300.00
20101216,1.77,1.77,1.76,1.77,970000.00
20101215,1.76,1.76,1.76,1.78,2956100.00
20101214,1.77,1.76,1.75,1.78,1250500.00
20101213,1.73,1.78,1.73,1.78,532700.00
20101210,1.72,1.73,1.71,1.74,470700.00
20101209,1.72,1.72,1.72,1.73,735500.00
20101208,1.74,1.72,1.72,1.74,564500.00
20101207,1.74,1.75,1.74,1.76,758100.00
20101206,1.73,1.74,1.72,1.74,632600.00
20101203,1.72,1.72,1.71,1.73,1614200.00
20101202,1.73,1.71,1.71,1.73,1034400.00
20101201,1.71,1.71,1.71,1.72,614200.00
20101130,1.85,1.85,1.85,1.85,0.00
20101129,1.72,1.71,1.71,1.72,172800.00
20101126,1.71,1.71,1.67,1.71,5105100.00
20101125,1.72,1.71,1.67,1.72,3099700.00
20101124,1.71,1.72,1.71,1.72,333300.00
20101123,1.72,1.72,1.71,1.73,223700.00
20101122,1.73,1.72,1.72,1.73,318300.00
20101119,1.72,1.73,1.72,1.73,312400.00
20101118,1.72,1.73,1.71,1.73,360700.00
20101117,1.72,1.72,1.71,1.73,306200.00
20101116,1.71,1.73,1.71,1.73,821100.00
20101115,1.70,1.71,1.70,1.72,722800.00
20101112,1.69,1.71,1.69,1.71,531500.00
20101111,1.68,1.70,1.68,1.71,1299900.00
20101110,1.67,1.68,1.67,1.69,1291600.00
20101109,1.66,1.68,1.65,1.68,2087400.00
20101108,1.66,1.66,1.66,1.67,583400.00
20101105,1.66,1.66,1.66,1.67,904600.00
20101104,1.66,1.66,1.65,1.67,502900.00
20101103,1.65,1.66,1.65,1.66,740300.00
20101102,1.66,1.66,1.66,1.66,419200.00
20101101,1.66,1.66,1.65,1.67,177400.00
20101029,1.85,1.85,1.85,1.85,0.00
20101028,1.66,1.66,1.66,1.67,212900.00
20101027,1.65,1.66,1.65,1.67,532600.00
20101026,1.66,1.66,1.65,1.67,3020800.00
20101025,1.66,1.66,1.66,1.67,571600.00
20101022,1.66,1.65,1.65,1.66,693600.00
20101021,1.66,1.65,1.65,1.66,466600.00
20101020,1.65,1.66,1.65,1.66,422000.00
20101019,1.66,1.65,1.65,1.66,126200.00
20101018,1.65,1.66,1.65,1.66,405400.00
20101015,1.66,1.66,1.65,1.66,379900.00
20101014,1.66,1.66,1.66,1.66,548000.00
20101013,1.66,1.66,1.66,1.66,320400.00
20101012,1.66,1.66,1.66,1.66,187500.00
20101011,1.67,1.66,1.66,1.67,694300.00
20101008,1.67,1.66,1.66,1.67,135500.00
20101007,1.67,1.66,1.66,1.67,618700.00
20101006,1.66,1.66,1.66,1.67,5564400.00
20101005,1.66,1.67,1.66,1.67,387700.00
20101004,1.66,1.66,1.66,1.67,284100.00
20101001,1.67,1.66,1.66,1.67,741800.00
20100930,1.85,1.85,1.85,1.85,0.00
20100929,1.67,1.66,1.66,1.67,284800.00
20100928,1.67,1.66,1.66,1.67,722400.00
20100927,1.67,1.66,1.66,1.67,390400.00
20100924,1.67,1.67,1.66,1.67,242900.00
20100923,1.66,1.66,1.66,1.67,841200.00
20100922,1.66,1.66,1.66,1.66,359800.00
20100921,1.66,1.66,1.66,1.67,976400.00
20100920,1.67,1.66,1.65,1.67,262400.00
20100917,1.67,1.65,1.65,1.67,1027500.00
20100916,1.66,1.66,1.66,1.67,312500.00
20100915,1.66,1.66,1.66,1.67,401600.00
20100914,1.67,1.66,1.66,1.67,689100.00
20100913,1.67,1.66,1.66,1.67,540000.00
20100910,1.66,1.66,1.66,1.67,729500.00
20100909,1.68,1.67,1.66,1.68,215300.00
20100908,1.68,1.67,1.66,1.68,93600.00
20100907,1.67,1.68,1.67,1.68,166100.00
20100906,1.67,1.67,1.67,1.68,156700.00
20100903,1.66,1.67,1.66,1.67,590600.00
20100902,1.67,1.66,1.65,1.67,547400.00
20100901,1.66,1.66,1.65,1.66,576100.00
20100831,1.83,1.83,1.83,1.83,0.00
20100830,1.66,1.66,1.66,1.66,0.00
20100827,1.65,1.66,1.65,1.66,345000.00
20100826,1.66,1.65,1.65,1.66,457100.00
20100825,1.65,1.65,1.65,1.66,295000.00
20100824,1.66,1.65,1.65,1.66,497200.00
20100823,1.65,1.66,1.65,1.66,208800.00
20100820,1.66,1.66,1.66,1.67,723800.00
20100819,1.66,1.66,1.66,1.67,945000.00
20100818,1.66,1.66,1.66,1.66,310400.00
20100817,1.65,1.66,1.65,1.66,283500.00
20100816,1.66,1.66,1.66,1.66,201400.00
20100813,1.66,1.66,1.65,1.66,497000.00
20100812,1.65,1.65,1.64,1.65,1166800.00
20100811,1.64,1.64,1.63,1.65,1202800.00
20100810,1.64,1.64,1.63,1.64,1148900.00
20100809,1.64,1.64,1.63,1.64,1593400.00
20100806,1.64,1.63,1.63,1.64,159800.00
20100805,1.63,1.63,1.63,1.64,471700.00
20100804,1.63,1.63,1.63,1.64,428900.00
20100803,1.64,1.63,1.63,1.64,427300.00
20100802,1.64,1.63,1.63,1.64,257700.00
20100730,1.83,1.83,1.83,1.83,0.00
20100729,1.63,1.64,1.61,1.64,830600.00
20100728,1.63,1.62,1.62,1.63,344300.00
20100727,1.64,1.62,1.62,1.65,422700.00
20100726,1.63,1.64,1.62,1.64,394000.00
20100723,1.61,1.63,1.61,1.63,493000.00
20100722,1.59,1.61,1.59,1.61,377100.00
20100721,1.60,1.59,1.58,1.60,364400.00
20100720,1.61,1.59,1.58,1.61,951300.00
20100719,1.62,1.61,1.61,1.63,325400.00
20100716,1.65,1.62,1.62,1.65,260200.00
20100715,1.63,1.62,1.62,1.65,140300.00
20100714,1.65,1.63,1.63,1.66,262100.00
20100713,1.66,1.65,1.65,1.66,651300.00
20100712,1.64,1.66,1.64,1.66,108100.00
20100709,1.66,1.65,1.65,1.66,1208600.00
20100708,1.64,1.66,1.62,1.66,483900.00
20100707,1.64,1.64,1.62,1.64,366900.00
20100706,1.62,1.64,1.61,1.64,268700.00
20100705,1.61,1.62,1.61,1.62,161700.00
20100702,1.60,1.61,1.60,1.62,303900.00
20100701,1.64,1.60,1.60,1.65,602500.00
20100630,1.83,1.83,1.83,1.83,0.00
20100629,1.66,1.66,1.66,1.68,618300.00
20100628,1.65,1.67,1.65,1.67,289200.00
20100625,1.64,1.65,1.64,1.67,849700.00
20100624,1.68,1.64,1.64,1.68,203500.00
20100623,1.66,1.67,1.66,1.67,172200.00
20100622,1.67,1.67,1.66,1.67,221200.00
20100621,1.66,1.67,1.66,1.68,455300.00
20100618,1.64,1.65,1.64,1.66,1444700.00
20100617,1.64,1.64,1.63,1.65,425600.00
20100616,1.62,1.65,1.62,1.65,599500.00
20100615,1.59,1.62,1.59,1.62,864000.00
20100614,1.57,1.59,1.57,1.60,249000.00
20100611,1.58,1.59,1.57,1.59,284700.00
20100610,1.57,1.57,1.56,1.58,315700.00
20100609,1.56,1.57,1.56,1.57,411100.00
20100608,1.57,1.56,1.55,1.58,196700.00
20100607,1.59,1.57,1.57,1.59,357400.00
20100604,1.61,1.59,1.59,1.61,426700.00
20100603,1.59,1.61,1.58,1.61,425600.00
20100602,1.58,1.59,1.58,1.60,398400.00
20100601,1.58,1.58,1.56,1.59,368500.00
20100531,1.65,1.65,1.65,1.65,0.00
20100528,1.83,1.83,1.83,1.83,0.00
20100527,1.60,1.59,1.57,1.61,763800.00
20100526,1.62,1.58,1.58,1.62,408900.00
20100525,1.64,1.64,1.63,1.64,1208300.00
20100524,1.65,1.65,1.64,1.65,365000.00
20100521,1.63,1.64,1.63,1.65,486400.00
20100520,1.63,1.64,1.63,1.64,581900.00
20100519,1.61,1.63,1.61,1.63,1279200.00
20100518,1.59,1.62,1.59,1.63,533500.00
20100517,1.59,1.59,1.58,1.61,1021500.00
20100514,1.59,1.59,1.59,1.60,741300.00
20100513,1.58,1.59,1.58,1.60,981600.00
20100512,1.58,1.58,1.57,1.60,714600.00
20100511,1.58,1.58,1.58,1.60,1308400.00
20100510,1.58,1.59,1.58,1.60,731400.00
20100507,1.60,1.55,1.55,1.61,849100.00
20100506,1.61,1.61,1.60,1.62,554400.00
20100505,1.65,1.60,1.60,1.65,819100.00
20100504,1.66,1.63,1.63,1.67,883200.00
20100503,1.67,1.67,1.67,1.67,0.00
20100430,1.83,1.83,1.83,1.83,0.00
20100429,1.66,1.66,1.66,1.67,758200.00
20100428,1.66,1.66,1.66,1.66,539000.00
20100427,1.66,1.66,1.64,1.66,370900.00
20100426,1.66,1.65,1.65,1.67,600600.00
20100423,1.66,1.65,1.65,1.67,700500.00
20100422,1.67,1.66,1.66,1.67,542100.00
20100421,1.65,1.67,1.65,1.67,1227000.00
20100420,1.66,1.66,1.65,1.66,774500.00
20100419,1.65,1.66,1.64,1.66,634800.00
20100416,1.66,1.65,1.65,1.66,613400.00
20100415,1.65,1.65,1.65,1.66,188800.00
20100414,1.65,1.66,1.64,1.66,500800.00
20100413,1.64,1.65,1.64,1.65,465700.00
20100412,1.64,1.64,1.63,1.64,354100.00
20100409,1.63,1.63,1.63,1.64,532900.00
20100408,1.61,1.63,1.61,1.63,1236500.00
20100407,1.61,1.62,1.60,1.62,854600.00
20100406,1.60,1.61,1.60,1.61,225100.00
20100405,1.61,1.61,1.61,1.61,0.00
20100402,1.61,1.61,1.61,1.61,0.00
20100401,1.61,1.61,1.60,1.61,1200600.00
20100331,1.83,1.83,1.83,1.83,0.00
20100330,1.59,1.61,1.59,1.61,406800.00
20100329,1.59,1.60,1.59,1.60,724200.00
20100326,1.57,1.59,1.57,1.60,497100.00
20100325,1.56,1.57,1.56,1.59,449300.00
20100324,1.56,1.57,1.55,1.57,456600.00
20100323,1.55,1.55,1.53,1.56,660900.00
20100322,1.53,1.53,1.52,1.54,906600.00
20100319,1.55,1.52,1.52,1.55,1168900.00
20100318,1.55,1.54,1.54,1.55,405700.00
20100317,1.55,1.56,1.54,1.56,710900.00
20100316,1.55,1.54,1.54,1.55,811500.00
20100315,1.56,1.55,1.55,1.57,604100.00
20100312,1.56,1.57,1.55,1.57,361400.00
20100311,1.57,1.55,1.55,1.57,384700.00
20100310,1.58,1.57,1.56,1.58,184100.00
20100309,1.58,1.57,1.56,1.58,437700.00
20100308,1.59,1.57,1.57,1.59,1023900.00
20100305,1.60,1.58,1.58,1.60,1841500.00
20100304,1.59,1.60,1.57,1.60,1099100.00
20100303,1.57,1.57,1.56,1.59,697400.00
20100302,1.56,1.57,1.55,1.57,432800.00
20100301,1.56,1.56,1.55,1.56,278800.00
20100226,1.76,1.76,1.76,1.76,0.00
20100225,1.54,1.55,1.54,1.56,518900.00
20100224,1.55,1.55,1.54,1.55,766900.00
20100223,1.55,1.55,1.53,1.55,429500.00
20100222,1.54,1.54,1.53,1.55,290500.00
20100219,1.53,1.55,1.53,1.55,291000.00
20100218,1.54,1.55,1.53,1.55,339300.00
20100217,1.55,1.55,1.54,1.55,553200.00
20100216,1.54,1.55,1.52,1.55,482100.00
20100215,1.52,1.54,1.51,1.54,291600.00
20100212,1.53,1.51,1.51,1.54,408900.00
20100211,1.53,1.53,1.53,1.54,1052500.00
20100210,1.54,1.54,1.53,1.54,631100.00
20100209,1.52,1.53,1.51,1.54,647100.00
20100208,1.51,1.53,1.51,1.53,413400.00
20100205,1.52,1.51,1.49,1.52,1291100.00
20100204,1.54,1.51,1.50,1.55,2031600.00
20100203,1.55,1.54,1.53,1.55,1748700.00
20100202,1.51,1.55,1.51,1.55,859500.00
20100201,1.50,1.52,1.50,1.52,470200.00
20100129,1.76,1.76,1.76,1.76,0.00
20100128,1.49,1.50,1.48,1.51,319600.00
20100127,1.47,1.48,1.47,1.49,308200.00
20100126,1.48,1.48,1.48,1.49,408300.00
20100125,1.49,1.48,1.47,1.50,553200.00
20100122,1.52,1.48,1.48,1.52,513800.00
20100121,1.54,1.52,1.52,1.54,1060900.00
20100120,1.53,1.54,1.53,1.54,924600.00
20100119,1.53,1.54,1.51,1.54,372200.00
20100118,1.52,1.54,1.52,1.54,569000.00
20100115,1.54,1.52,1.51,1.55,594700.00
20100114,1.59,1.53,1.53,1.59,763400.00
20100113,1.51,1.53,1.51,1.53,519000.00
20100112,1.53,1.52,1.49,1.53,796100.00
20100111,1.52,1.52,1.51,1.53,431300.00
20100108,1.51,1.51,1.51,1.52,362000.00
20100107,1.52,1.51,1.49,1.52,476900.00
20100106,1.52,1.50,1.50,1.52,285000.00
20100105,1.50,1.52,1.50,1.52,317300.00
20100104,1.50,1.50,1.49,1.52,465300.00
20100101,1.48,1.48,1.48,1.48,0.00
20091231,1.76,1.76,1.76,1.76,0.00
20091230,1.49,1.49,1.48,1.50,152400.00
20091229,1.49,1.48,1.48,1.50,309600.00
20091228,1.48,1.48,1.48,1.48,0.00
20091225,1.48,1.48,1.48,1.48,0.00
20091224,1.48,1.48,1.48,1.48,83500.00
20091223,1.46,1.47,1.46,1.48,188500.00
20091222,1.46,1.45,1.45,1.47,258900.00
20091221,1.45,1.45,1.43,1.46,2459100.00
20091218,1.51,1.42,1.42,1.52,3215000.00
20091217,1.51,1.51,1.50,1.52,695100.00
20091216,1.51,1.52,1.50,1.53,602900.00
20091215,1.50,1.50,1.50,1.52,708900.00
20091214,1.49,1.50,1.49,1.51,366700.00
20091211,1.45,1.48,1.45,1.48,477500.00
20091210,1.44,1.45,1.43,1.45,348500.00
20091209,1.46,1.43,1.43,1.46,1128300.00
20091208,1.46,1.45,1.45,1.47,3856300.00
20091207,1.49,1.47,1.46,1.50,765900.00
20091204,1.49,1.50,1.49,1.51,531500.00
20091203,1.50,1.50,1.49,1.51,670800.00
20091202,1.50,1.50,1.49,1.51,239400.00
20091201,1.50,1.51,1.48,1.52,478400.00
20091130,1.76,1.76,1.76,1.76,0.00
20091127,1.46,1.50,1.46,1.50,526900.00
20091126,1.48,1.46,1.46,1.49,659200.00
20091125,1.48,1.49,1.47,1.50,329200.00
20091124,1.49,1.48,1.48,1.49,490600.00
20091123,1.48,1.50,1.47,1.50,497600.00
20091120,1.49,1.47,1.47,1.50,643300.00
20091119,1.49,1.49,1.49,1.50,1008700.00
20091118,1.50,1.49,1.49,1.50,326000.00
20091117,1.51,1.50,1.50,1.51,217300.00
20091116,1.50,1.50,1.50,1.51,1177200.00
20091113,1.50,1.50,1.50,1.51,262400.00
20091112,1.49,1.50,1.49,1.51,815700.00
20091111,1.49,1.49,1.49,1.50,366300.00
20091110,1.54,1.50,1.50,1.54,567800.00
20091109,1.51,1.53,1.51,1.54,924600.00
20091106,1.51,1.51,1.50,1.52,1282400.00
20091105,1.50,1.52,1.49,1.52,267400.00
20091104,1.50,1.51,1.49,1.51,299100.00
20091103,1.50,1.48,1.48,1.50,318700.00
20091102,1.48,1.50,1.48,1.51,535100.00
20091030,1.76,1.76,1.76,1.76,0.00
20091029,1.50,1.51,1.50,1.51,733300.00
20091028,1.50,1.51,1.49,1.52,768000.00
20091027,1.50,1.51,1.48,1.51,508800.00
20091026,1.50,1.50,1.48,1.50,711300.00
20091023,1.50,1.49,1.48,1.50,431700.00
20091022,1.51,1.49,1.48,1.51,368200.00
20091021,1.52,1.52,1.51,1.53,2935800.00
20091020,1.52,1.52,1.51,1.52,602900.00
20091019,1.52,1.52,1.50,1.52,376200.00
20091016,1.50,1.50,1.50,1.52,574300.00
20091015,1.50,1.50,1.50,1.51,576700.00
20091014,1.50,1.50,1.49,1.51,859600.00
20091013,1.51,1.49,1.48,1.52,570900.00
20091012,1.49,1.51,1.49,1.52,1185300.00
20091009,1.50,1.50,1.50,1.51,500600.00
20091008,1.50,1.50,1.49,1.50,712900.00
20091007,1.49,1.50,1.48,1.51,985200.00
20091006,1.49,1.50,1.48,1.52,1650900.00
20091005,1.50,1.49,1.49,1.51,1104700.00
20091002,1.48,1.50,1.48,1.51,3370500.00
20091001,1.47,1.49,1.47,1.50,1891200.00
20090930,1.76,1.76,1.76,1.76,0.00
20090929,1.49,1.50,1.48,1.50,1050900.00
20090928,1.46,1.49,1.45,1.49,254900.00
20090925,1.44,1.48,1.44,1.48,512500.00
20090924,1.43,1.44,1.42,1.45,466400.00
20090923,1.47,1.44,1.44,1.47,3451400.00
20090922,1.47,1.45,1.45,1.48,5818900.00
20090921,1.44,1.47,1.44,1.48,914700.00
20090918,1.46,1.45,1.44,1.47,1658000.00
20090917,1.48,1.46,1.45,1.48,9391400.00
20090916,1.46,1.47,1.43,1.48,1216200.00
20090915,1.43,1.46,1.43,1.46,562200.00
20090914,1.43,1.43,1.40,1.44,1000600.00
20090911,1.41,1.44,1.41,1.44,1043400.00
20090910,1.42,1.41,1.40,1.43,836300.00
20090909,1.41,1.41,1.41,1.42,369600.00
20090908,1.41,1.41,1.39,1.41,306000.00
20090907,1.40,1.40,1.38,1.41,949400.00
20090904,1.37,1.40,1.37,1.40,602300.00
20090903,1.36,1.37,1.32,1.37,1193000.00
20090902,1.35,1.35,1.34,1.37,2198900.00
20090901,1.36,1.35,1.26,1.36,2207500.00
20090831,1.59,1.59,1.59,1.59,0.00
20090828,1.76,1.76,1.76,1.76,0.00
20090827,1.43,1.41,1.41,1.45,2136100.00
20090826,1.44,1.42,1.42,1.46,356200.00
20090825,1.45,1.44,1.43,1.45,1017000.00
20090824,1.45,1.46,1.45,1.47,497500.00
20090821,1.41,1.46,1.41,1.47,1203800.00
20090820,1.43,1.44,1.43,1.44,1320200.00
20090819,1.39,1.41,1.38,1.43,551900.00
20090818,1.40,1.39,1.39,1.42,629300.00
20090817,1.43,1.40,1.40,1.45,741600.00
20090814,1.45,1.44,1.44,1.46,416400.00
20090813,1.46,1.44,1.43,1.46,1265000.00
20090812,1.42,1.46,1.42,1.46,543000.00
20090811,1.45,1.43,1.43,1.45,530100.00
20090810,1.46,1.45,1.43,1.46,533700.00
20090807,1.42,1.46,1.42,1.46,2764200.00
20090806,1.42,1.43,1.41,1.43,818300.00
20090805,1.42,1.42,1.41,1.42,618400.00
20090804,1.40,1.42,1.38,1.42,588400.00
20090803,1.41,1.41,1.39,1.41,751500.00
20090731,1.76,1.76,1.76,1.76,0.00
20090730,1.40,1.40,1.39,1.41,260800.00
20090729,1.39,1.38,1.38,1.40,370300.00
20090728,1.41,1.37,1.36,1.43,623200.00
20090727,1.40,1.41,1.38,1.41,443800.00
20090724,1.41,1.40,1.40,1.41,422800.00
20090723,1.43,1.41,1.40,1.43,352100.00
20090722,1.41,1.40,1.40,1.42,738400.00
20090721,1.42,1.41,1.40,1.42,1412800.00
20090720,1.41,1.41,1.40,1.42,1165300.00
20090717,1.41,1.41,1.40,1.42,2271600.00
20090716,1.39,1.41,1.38,1.42,1569100.00
20090715,1.36,1.38,1.36,1.39,609300.00
20090714,1.36,1.37,1.35,1.37,773700.00
20090713,1.35,1.35,1.34,1.37,418300.00
20090710,1.35,1.35,1.35,1.37,1102800.00
20090709,1.35,1.35,1.34,1.35,344300.00
20090708,1.34,1.34,1.34,1.35,426300.00
20090707,1.34,1.35,1.34,1.35,520900.00
20090706,1.35,1.35,1.34,1.36,376500.00
20090703,1.35,1.36,1.35,1.36,332200.00
20090702,1.35,1.35,1.33,1.35,532100.00
20090701,1.34,1.35,1.34,1.35,267900.00
20090630,1.76,1.76,1.76,1.76,0.00
20090629,1.36,1.35,1.34,1.37,1159200.00
20090626,1.34,1.35,1.34,1.37,1310100.00
20090625,1.34,1.33,1.31,1.34,592900.00
20090624,1.28,1.32,1.28,1.33,495600.00
20090623,1.28,1.28,1.28,1.29,1654400.00
20090622,1.32,1.28,1.28,1.33,1493100.00
20090619,1.33,1.31,1.31,1.34,2282400.00
20090618,1.31,1.32,1.30,1.34,905700.00
20090617,1.35,1.30,1.30,1.37,916400.00
20090616,1.38,1.37,1.34,1.39,1157600.00
20090615,1.39,1.38,1.37,1.39,1893200.00
20090612,1.37,1.37,1.37,1.40,1908100.00
20090611,1.28,1.37,1.28,1.37,4807500.00
20090610,1.39,1.28,1.24,1.39,5472600.00
20090609,1.41,1.37,1.37,1.42,1067400.00
20090608,1.43,1.40,1.40,1.45,733300.00
20090605,1.45,1.43,1.43,1.45,261400.00
20090604,1.46,1.45,1.43,1.46,585900.00
20090603,1.45,1.46,1.45,1.46,442100.00
20090602,1.44,1.45,1.43,1.46,802600.00
20090601,1.43,1.43,1.42,1.44,331000.00
20090529,1.76,1.76,1.76,1.76,0.00
20090528,1.42,1.41,1.41,1.42,244700.00
20090527,1.42,1.41,1.40,1.42,455100.00
20090526,1.46,1.45,1.44,1.46,1079500.00
20090525,1.45,1.45,1.45,1.45,0.00
20090522,1.45,1.45,1.45,1.46,123300.00
20090521,1.47,1.44,1.44,1.49,862100.00
20090520,1.49,1.48,1.45,1.49,304900.00
20090519,1.49,1.48,1.48,1.50,435800.00
20090518,1.47,1.48,1.45,1.48,1734800.00
20090515,1.43,1.47,1.43,1.49,1221700.00
20090514,1.38,1.43,1.38,1.43,901300.00
20090513,1.41,1.40,1.39,1.42,886000.00
20090512,1.40,1.40,1.40,1.42,611200.00
20090511,1.42,1.39,1.38,1.42,865400.00
20090508,1.39,1.40,1.39,1.41,2039100.00
20090507,1.39,1.39,1.38,1.40,1137700.00
20090506,1.38,1.38,1.37,1.39,609600.00
20090505,1.35,1.38,1.35,1.38,350600.00
20090504,1.35,1.35,1.35,1.35,0.00
20090501,1.34,1.35,1.32,1.36,529800.00
20090430,1.76,1.76,1.76,1.76,0.00
20090429,1.26,1.31,1.26,1.31,1028000.00
20090428,1.26,1.26,1.23,1.27,788400.00
20090427,1.25,1.26,1.23,1.26,792500.00
20090424,1.22,1.24,1.22,1.24,629200.00
20090423,1.23,1.22,1.22,1.23,596400.00
20090422,1.20,1.23,1.20,1.23,252100.00
20090421,1.22,1.20,1.19,1.23,414300.00
20090420,1.24,1.21,1.21,1.24,379600.00
20090417,1.24,1.23,1.23,1.26,962300.00
20090416,1.20,1.24,1.17,1.24,1594100.00
20090415,1.20,1.20,1.19,1.20,552900.00
20090414,1.20,1.20,1.19,1.21,1906100.00
20090413,1.19,1.19,1.19,1.19,0.00
20090410,1.19,1.19,1.19,1.19,0.00
20090409,1.19,1.19,1.19,1.20,465200.00
20090408,1.19,1.20,1.19,1.20,576200.00
20090407,1.23,1.18,1.18,1.23,964100.00
20090406,1.24,1.23,1.21,1.24,234600.00
20090403,1.24,1.22,1.22,1.24,790400.00
20090402,1.23,1.23,1.22,1.24,1175400.00
20090401,1.23,1.23,1.21,1.23,640000.00
20090331,1.76,1.76,1.76,1.76,0.00
20090330,1.22,1.21,1.21,1.23,540100.00
20090327,1.23,1.21,1.20,1.23,2098500.00
20090326,1.22,1.24,1.21,1.24,786300.00
20090325,1.19,1.22,1.19,1.22,2322600.00
20090324,1.19,1.19,1.17,1.20,624100.00
20090323,1.19,1.18,1.18,1.20,489500.00
20090320,1.20,1.18,1.17,1.20,1080000.00
20090319,1.19,1.20,1.19,1.22,548300.00
20090318,1.20,1.19,1.19,1.20,530200.00
20090317,1.19,1.20,1.18,1.20,266700.00
20090316,1.19,1.19,1.19,1.19,259500.00
20090313,1.17,1.19,1.17,1.20,676700.00
20090312,1.15,1.17,1.15,1.17,493100.00
20090311,1.15,1.16,1.13,1.16,852200.00
20090310,1.14,1.13,1.12,1.14,584900.00
20090309,1.15,1.13,1.13,1.18,371800.00
20090306,1.16,1.15,1.15,1.16,722900.00
20090305,1.20,1.16,1.16,1.20,389600.00
20090304,1.17,1.20,1.14,1.20,451500.00
20090303,1.16,1.16,1.15,1.17,644000.00
20090302,1.15,1.16,1.15,1.17,1395000.00
20090227,1.77,1.77,1.77,1.77,0.00
20090226,1.15,1.16,1.14,1.16,515200.00
20090225,1.20,1.14,1.14,1.20,1274200.00
20090224,1.20,1.19,1.16,1.21,364800.00
20090223,1.19,1.19,1.19,1.20,1589100.00
20090220,1.18,1.19,1.15,1.20,1487500.00
20090219,1.24,1.16,1.12,1.24,4129900.00
20090218,1.28,1.26,1.26,1.30,784300.00
20090217,1.29,1.28,1.28,1.30,3816400.00
20090216,1.31,1.30,1.28,1.31,91900.00
20090213,1.31,1.28,1.28,1.32,703500.00
20090212,1.29,1.31,1.28,1.31,379900.00
20090211,1.28,1.31,1.27,1.31,1580100.00
20090210,1.30,1.28,1.28,1.30,1575100.00
20090209,1.33,1.31,1.29,1.33,357300.00
20090206,1.28,1.30,1.28,1.33,872400.00
20090205,1.29,1.30,1.27,1.30,154700.00
20090204,1.28,1.30,1.27,1.30,1319400.00
20090203,1.27,1.28,1.27,1.28,213000.00
20090202,1.29,1.26,1.23,1.31,348500.00
20090130,1.77,1.77,1.77,1.77,0.00
20090129,1.34,1.31,1.27,1.34,309000.00
20090128,1.33,1.34,1.31,1.34,349100.00
20090127,1.35,1.34,1.33,1.36,337400.00
20090126,1.37,1.37,1.35,1.37,578800.00
20090123,1.34,1.36,1.34,1.37,326600.00
20090122,1.35,1.35,1.34,1.37,150300.00
20090121,1.35,1.35,1.33,1.35,228100.00
20090120,1.35,1.34,1.34,1.36,213800.00
20090119,1.37,1.34,1.33,1.38,591600.00
20090116,1.34,1.34,1.33,1.37,315800.00
20090115,1.33,1.32,1.30,1.34,515700.00
20090114,1.33,1.32,1.28,1.35,697000.00
20090113,1.37,1.34,1.32,1.37,546300.00
20090112,1.36,1.39,1.34,1.39,383300.00
20090109,1.30,1.35,1.30,1.37,859600.00
20090108,1.30,1.28,1.27,1.31,210400.00
20090107,1.31,1.30,1.27,1.34,902400.00
20090106,1.31,1.33,1.28,1.33,393100.00
20090105,1.24,1.31,1.24,1.34,557300.00
20090102,1.18,1.24,1.18,1.24,380800.00
20090101,1.20,1.20,1.20,1.20,0.00
20081231,1.77,1.77,1.77,1.77,0.00
20081230,1.23,1.26,1.23,1.26,308500.00
20081229,1.23,1.26,1.23,1.26,199300.00
20081226,1.24,1.24,1.24,1.24,0.00
20081225,1.24,1.24,1.24,1.24,0.00
20081224,1.23,1.24,1.23,1.25,117800.00
20081223,1.17,1.25,1.17,1.26,696200.00
20081222,1.23,1.18,1.17,1.24,687800.00
20081219,1.36,1.20,1.20,1.37,1366200.00
20081218,1.27,1.36,1.27,1.36,384100.00
20081217,1.36,1.29,1.24,1.37,1277100.00
20081216,1.38,1.36,1.35,1.38,997700.00
20081215,1.45,1.38,1.36,1.45,790200.00
20081212,1.45,1.43,1.42,1.45,339900.00
20081211,1.44,1.49,1.42,1.49,316800.00
20081210,1.36,1.46,1.36,1.46,301700.00
20081209,1.26,1.39,1.25,1.39,441500.00
20081208,1.21,1.25,1.21,1.26,177400.00
20081205,1.18,1.20,1.18,1.21,189800.00
20081204,1.29,1.18,1.18,1.29,790800.00
20081203,1.28,1.29,1.24,1.30,549300.00
20081202,1.34,1.32,1.27,1.34,551500.00
20081201,1.43,1.34,1.32,1.43,532100.00
20081128,1.77,1.77,1.77,1.77,0.00
20081127,1.43,1.43,1.43,1.47,180600.00
20081126,1.39,1.45,1.37,1.45,755400.00
20081125,1.32,1.40,1.32,1.41,564900.00
20081124,1.35,1.31,1.27,1.35,465100.00
20081121,1.37,1.28,1.28,1.39,636600.00
20081120,1.36,1.37,1.35,1.39,809700.00
20081119,1.42,1.37,1.36,1.44,556600.00
20081118,1.46,1.45,1.40,1.48,562500.00
20081117,1.48,1.47,1.45,1.49,488200.00
20081114,1.45,1.46,1.42,1.49,401100.00
20081113,1.41,1.45,1.40,1.45,99000.00
20081112,1.40,1.41,1.39,1.43,907400.00
20081111,1.52,1.40,1.40,1.55,3385000.00
20081110,1.53,1.51,1.51,1.57,655100.00
20081107,1.52,1.51,1.51,1.55,1001600.00
20081106,1.47,1.55,1.47,1.55,492700.00
20081105,1.36,1.52,1.36,1.52,962900.00
20081104,1.28,1.37,1.28,1.39,1206500.00
20081103,1.31,1.29,1.27,1.32,634800.00
20081031,1.77,1.77,1.77,1.77,0.00
20081030,1.25,1.27,1.24,1.28,905900.00
20081029,1.19,1.28,1.19,1.33,1076700.00
20081028,1.28,1.20,1.15,1.28,1639900.00
20081027,1.26,1.27,1.25,1.27,401900.00
20081024,1.31,1.27,1.26,1.32,595500.00
20081023,1.36,1.35,1.31,1.36,280800.00
20081022,1.39,1.36,1.34,1.42,373200.00
20081021,1.45,1.42,1.39,1.46,643900.00
20081020,1.44,1.45,1.42,1.45,443900.00
20081017,1.45,1.43,1.43,1.46,883400.00
20081016,1.43,1.44,1.41,1.45,855700.00
20081015,1.47,1.47,1.44,1.48,440000.00
20081014,1.50,1.46,1.45,1.55,1378700.00
20081013,1.47,1.46,1.46,1.50,855000.00
20081010,1.49,1.45,1.40,1.50,1030900.00
20081009,1.57,1.54,1.53,1.57,777900.00
20081008,1.53,1.59,1.53,1.61,1232900.00
20081007,1.56,1.55,1.53,1.58,656500.00
20081006,1.62,1.54,1.53,1.62,637300.00
20081003,1.60,1.64,1.60,1.64,1194200.00
20081002,1.59,1.62,1.58,1.65,1595600.00
20081001,1.58,1.61,1.58,1.62,560100.00
20080930,1.77,1.77,1.77,1.77,0.00
20080929,1.64,1.57,1.55,1.65,651600.00
20080926,1.67,1.68,1.64,1.68,302100.00
20080925,1.69,1.69,1.67,1.69,794700.00
20080924,1.66,1.68,1.65,1.70,815700.00
20080923,1.69,1.64,1.64,1.69,739800.00
20080922,1.68,1.66,1.66,1.70,1472400.00
20080919,1.58,1.72,1.58,1.72,4777000.00
20080918,1.55,1.58,1.53,1.61,1985000.00
20080917,1.60,1.55,1.55,1.62,1234400.00
20080916,1.67,1.57,1.57,1.69,1097600.00
20080915,1.70,1.69,1.68,1.71,727800.00
20080912,1.72,1.72,1.69,1.72,419100.00
20080911,1.69,1.72,1.68,1.72,775800.00
20080910,1.71,1.69,1.69,1.72,378500.00
20080909,1.72,1.72,1.69,1.72,1947400.00
20080908,1.72,1.72,1.68,1.72,223500.00
20080905,1.70,1.71,1.69,1.72,236200.00
20080904,1.71,1.71,1.70,1.72,237600.00
20080903,1.71,1.72,1.71,1.72,501900.00
20080902,1.70,1.71,1.70,1.72,517600.00
20080901,1.70,1.72,1.70,1.72,362400.00
20080829,1.71,1.71,1.71,1.71,0.00
20080828,1.71,1.70,1.69,1.72,268400.00
20080827,1.70,1.71,1.69,1.71,165800.00
20080826,1.68,1.71,1.68,1.72,311000.00
20080825,1.72,1.72,1.72,1.72,0.00
20080822,1.72,1.72,1.71,1.72,459200.00
20080821,1.72,1.72,1.72,1.72,813200.00
20080820,1.71,1.72,1.70,1.72,253900.00
20080819,1.70,1.71,1.70,1.72,498400.00
20080818,1.69,1.72,1.69,1.72,327100.00
20080815,1.72,1.72,1.71,1.72,533300.00
20080814,1.71,1.72,1.68,1.72,283200.00
20080813,1.70,1.72,1.70,1.72,401600.00
20080812,1.70,1.72,1.70,1.72,491200.00
20080811,1.71,1.72,1.71,1.72,506200.00
20080808,1.70,1.72,1.70,1.72,262000.00
20080807,1.72,1.72,1.72,1.72,374800.00
20080806,1.72,1.72,1.70,1.72,423400.00
20080805,1.72,1.72,1.70,1.72,516300.00
20080804,1.70,1.72,1.70,1.72,101100.00
20080801,1.69,1.72,1.69,1.72,329300.00
20080731,1.71,1.71,1.71,1.71,0.00
20080730,1.71,1.72,1.69,1.72,830200.00
20080729,1.70,1.71,1.69,1.72,549800.00
20080728,1.71,1.70,1.70,1.72,429900.00
20080725,1.71,1.72,1.71,1.72,549700.00
20080724,1.71,1.72,1.70,1.72,856700.00
20080723,1.71,1.71,1.69,1.72,667100.00
20080722,1.70,1.70,1.69,1.71,489700.00
20080721,1.71,1.68,1.68,1.72,1993000.00
20080718,1.72,1.72,1.70,1.73,1108300.00
20080717,1.72,1.72,1.69,1.72,667300.00
20080716,1.72,1.72,1.70,1.72,451500.00
20080715,1.71,1.73,1.69,1.73,1515200.00
20080714,1.73,1.70,1.69,1.73,1619900.00
20080711,1.72,1.72,1.72,1.74,557500.00
20080710,1.75,1.73,1.73,1.75,210200.00
20080709,1.73,1.73,1.72,1.74,530500.00
20080708,1.73,1.73,1.71,1.74,638000.00
20080707,1.70,1.73,1.70,1.74,435000.00
20080704,1.70,1.70,1.68,1.71,425400.00
20080703,1.69,1.73,1.69,1.73,740500.00
20080702,1.70,1.69,1.69,1.74,598600.00
20080701,1.73,1.73,1.69,1.76,1201600.00
20080630,1.71,1.71,1.71,1.71,0.00
20080627,1.75,1.74,1.73,1.75,161700.00
20080626,1.74,1.74,1.72,1.74,875300.00
20080625,1.74,1.74,1.73,1.76,414000.00
20080624,1.72,1.73,1.70,1.75,872000.00
20080623,1.72,1.73,1.70,1.73,550200.00
20080620,1.71,1.71,1.71,1.73,1930600.00
20080619,1.68,1.72,1.65,1.69,499600.00
20080618,1.68,1.69,1.65,1.69,411800.00
20080617,1.69,1.70,1.68,1.73,418500.00
20080616,1.67,1.66,1.65,1.69,155300.00
20080613,1.62,1.67,1.59,1.68,710300.00
20080612,1.58,1.63,1.57,1.63,682000.00
20080611,1.67,1.59,1.59,1.67,914700.00
20080610,1.67,1.65,1.63,1.68,904900.00
20080609,1.69,1.67,1.66,1.69,228600.00
20080606,1.71,1.68,1.68,1.72,200500.00
20080605,1.69,1.70,1.69,1.72,295600.00
20080604,1.71,1.71,1.71,1.72,321800.00
20080603,1.72,1.71,1.70,1.72,511100.00
20080602,1.70,1.71,1.70,1.72,558900.00
20080530,1.71,1.71,1.71,1.71,0.00
20080529,1.72,1.72,1.71,1.72,870300.00
20080528,1.71,1.72,1.70,1.73,1372000.00
20080527,1.72,1.72,1.70,1.72,273000.00
20080526,1.70,1.70,1.70,1.70,0.00
20080523,1.72,1.70,1.70,1.72,345300.00
20080522,1.71,1.71,1.71,1.74,307000.00
20080521,1.72,1.72,1.71,1.74,307100.00
20080520,1.74,1.72,1.72,1.74,220100.00
20080519,1.73,1.74,1.72,1.74,220600.00
20080516,1.72,1.72,1.71,1.74,193000.00
20080515,1.70,1.71,1.70,1.72,216400.00
20080514,1.69,1.70,1.69,1.72,413000.00
20080513,1.71,1.70,1.70,1.72,1325800.00
20080512,1.69,1.71,1.68,1.71,235900.00
20080509,1.69,1.66,1.65,1.69,283100.00
20080508,1.69,1.70,1.68,1.70,418100.00
20080507,1.70,1.69,1.69,1.75,762200.00
20080506,1.70,1.72,1.69,1.72,362400.00
20080505,1.70,1.70,1.70,1.70,0.00
20080502,1.64,1.70,1.64,1.70,228500.00
20080501,1.66,1.66,1.66,1.68,201300.00
20080430,1.71,1.71,1.71,1.71,0.00
20080429,1.65,1.66,1.65,1.66,475900.00
20080428,1.64,1.66,1.64,1.68,577600.00
20080425,1.66,1.66,1.65,1.68,507200.00
20080424,1.66,1.66,1.64,1.68,775400.00
20080423,1.65,1.66,1.65,1.68,772600.00
20080422,1.64,1.66,1.64,1.67,439200.00
20080421,1.66,1.65,1.65,1.66,236900.00
20080418,1.65,1.66,1.63,1.66,573400.00
20080417,1.66,1.64,1.62,1.66,523300.00
20080416,1.64,1.65,1.64,1.66,743900.00
20080415,1.66,1.65,1.64,1.66,675800.00
20080414,1.64,1.65,1.64,1.66,480100.00
20080411,1.65,1.65,1.64,1.66,384800.00
20080410,1.64,1.61,1.61,1.66,482100.00
20080409,1.67,1.66,1.64,1.67,776900.00
20080408,1.67,1.66,1.66,1.69,251500.00
20080407,1.71,1.67,1.66,1.71,469000.00
20080404,1.68,1.71,1.66,1.71,312400.00
20080403,1.66,1.70,1.66,1.70,269900.00
20080402,1.67,1.69,1.65,1.69,515400.00
20080401,1.61,1.67,1.61,1.67,701700.00
20080331,1.71,1.71,1.71,1.71,0.00
20080328,1.58,1.61,1.58,1.61,200300.00
20080327,1.60,1.60,1.59,1.60,656100.00
20080326,1.57,1.60,1.57,1.60,422700.00
20080325,1.60,1.57,1.56,1.60,318100.00
20080324,1.59,1.59,1.59,1.59,0.00
20080321,1.59,1.59,1.59,1.59,0.00
20080320,1.59,1.59,1.58,1.61,1863600.00
20080319,1.61,1.61,1.58,1.61,692100.00
20080318,1.62,1.59,1.58,1.62,311500.00
20080317,1.64,1.60,1.60,1.67,1109800.00
20080314,1.65,1.64,1.64,1.67,423900.00
20080313,1.66,1.64,1.64,1.66,356300.00
20080312,1.66,1.68,1.63,1.68,345800.00
20080311,1.63,1.63,1.63,1.66,213500.00
20080310,1.67,1.63,1.63,1.67,301300.00
20080307,1.63,1.64,1.63,1.67,411900.00
20080306,1.65,1.64,1.64,1.66,223200.00
20080305,1.64,1.66,1.63,1.66,212100.00
20080304,1.65,1.64,1.62,1.65,339800.00
20080303,1.65,1.65,1.64,1.65,298300.00
20080229,1.64,1.64,1.64,1.64,0.00
20080228,1.65,1.66,1.65,1.67,390000.00
20080227,1.66,1.66,1.65,1.66,232800.00
20080226,1.66,1.66,1.65,1.66,678300.00
20080225,1.65,1.66,1.63,1.66,402900.00
20080222,1.62,1.63,1.62,1.65,163500.00
20080221,1.64,1.64,1.62,1.67,587800.00
20080220,1.59,1.63,1.59,1.65,907500.00
20080219,1.59,1.61,1.59,1.61,194200.00
20080218,1.60,1.60,1.59,1.60,383900.00
20080215,1.60,1.58,1.56,1.60,271000.00
20080214,1.61,1.60,1.58,1.61,547400.00
20080213,1.56,1.58,1.56,1.60,449400.00
20080212,1.58,1.58,1.57,1.61,1322700.00
20080211,1.57,1.58,1.57,1.59,675800.00
20080208,1.61,1.58,1.58,1.61,414500.00
20080207,1.59,1.58,1.58,1.60,449700.00
20080206,1.60,1.59,1.58,1.60,484900.00
20080205,1.60,1.58,1.57,1.61,796700.00
20080204,1.60,1.58,1.56,1.61,259000.00
20080201,1.55,1.58,1.55,1.59,649000.00
20080131,1.64,1.64,1.64,1.64,0.00
20080130,1.60,1.60,1.58,1.60,569100.00
20080129,1.60,1.59,1.58,1.61,555300.00
20080128,1.55,1.57,1.55,1.60,786500.00
20080125,1.56,1.58,1.55,1.58,801900.00
20080124,1.54,1.57,1.54,1.58,892300.00
20080123,1.53,1.54,1.52,1.55,877200.00
20080122,1.53,1.59,1.51,1.61,704800.00
20080121,1.53,1.53,1.52,1.55,1045600.00
20080118,1.53,1.55,1.53,1.56,672600.00
20080117,1.53,1.53,1.53,1.56,714200.00
20080116,1.53,1.55,1.53,1.55,642500.00
20080115,1.55,1.53,1.53,1.55,444700.00
20080114,1.54,1.55,1.53,1.55,551700.00
20080111,1.53,1.54,1.53,1.55,1036100.00
20080110,1.55,1.53,1.53,1.55,927000.00
20080109,1.53,1.53,1.53,1.55,450800.00
20080108,1.55,1.55,1.53,1.55,596800.00
20080107,1.53,1.53,1.53,1.55,289600.00
20080104,1.53,1.53,1.53,1.55,851600.00
20080103,1.53,1.55,1.53,1.55,406200.00
20080102,1.55,1.54,1.53,1.55,675600.00
20080101,1.53,1.53,1.53,1.53,0.00
20071231,1.64,1.64,1.64,1.64,0.00
20071228,1.53,1.55,1.53,1.55,227000.00
20071227,1.55,1.54,1.52,1.55,325900.00
20071226,1.53,1.53,1.53,1.53,0.00
20071225,1.53,1.53,1.53,1.53,0.00
20071224,1.54,1.53,1.53,1.54,43400.00
20071221,1.55,1.53,1.53,1.55,1140600.00
20071220,1.53,1.55,1.53,1.55,253800.00
20071219,1.55,1.53,1.53,1.55,651900.00
20071218,1.53,1.53,1.53,1.53,0.00
20071217,1.52,1.53,1.52,1.54,562900.00
20071214,1.53,1.53,1.51,1.55,164700.00
20071213,1.52,1.53,1.52,1.54,2027800.00
20071212,1.53,1.55,1.53,1.55,359000.00
20071211,1.54,1.55,1.51,1.55,353000.00
20071210,1.55,1.52,1.50,1.55,334300.00
20071207,1.56,1.53,1.53,1.56,318100.00
20071206,1.55,1.54,1.53,1.55,421800.00
20071205,1.55,1.55,1.52,1.55,847800.00
20071204,1.55,1.54,1.53,1.55,1326200.00
20071203,1.53,1.53,1.53,1.55,1249300.00
20071130,1.64,1.64,1.64,1.64,0.00
20071129,1.53,1.54,1.51,1.55,1126600.00
20071128,1.52,1.51,1.49,1.52,1244800.00
20071127,1.52,1.53,1.51,1.55,935600.00
20071126,1.55,1.55,1.55,1.55,0.00
20071123,1.50,1.53,1.50,1.53,243300.00
20071122,1.53,1.51,1.51,1.53,456100.00
20071121,1.51,1.55,1.50,1.55,1272600.00
20071120,1.53,1.53,1.50,1.53,301500.00
20071119,1.50,1.53,1.50,1.53,1151800.00
20071116,1.50,1.53,1.50,1.53,693300.00
20071115,1.53,1.52,1.50,1.53,2051500.00
20071114,1.53,1.51,1.51,1.53,438700.00
20071113,1.51,1.52,1.50,1.52,724700.00
20071112,1.50,1.51,1.50,1.52,541400.00
20071109,1.51,1.51,1.50,1.53,763300.00
20071108,1.50,1.50,1.50,1.52,579200.00
20071107,1.54,1.51,1.51,1.54,178400.00
20071106,1.55,1.53,1.52,1.55,314100.00
20071105,1.52,1.53,1.52,1.54,186000.00
20071102,1.52,1.53,1.52,1.55,338400.00
20071101,1.52,1.53,1.52,1.55,924300.00
20071031,1.64,1.64,1.64,1.64,0.00
20071030,1.52,1.53,1.52,1.55,297300.00
20071029,1.55,1.54,1.53,1.55,186300.00
20071026,1.52,1.55,1.52,1.55,463300.00
20071025,1.53,1.55,1.53,1.55,270800.00
20071024,1.53,1.55,1.53,1.55,413500.00
20071023,1.52,1.55,1.52,1.55,234900.00
20071022,1.55,1.55,1.51,1.55,4126700.00
20071019,1.55,1.54,1.53,1.56,1902000.00
20071018,1.53,1.53,1.53,1.55,950800.00
20071017,1.52,1.54,1.52,1.54,530300.00
20071016,1.52,1.53,1.51,1.53,598700.00
20071015,1.52,1.53,1.52,1.54,276200.00
20071012,1.51,1.54,1.51,1.54,964600.00
20071011,1.51,1.53,1.51,1.53,1870200.00
20071010,1.50,1.52,1.49,1.52,2365600.00
20071009,1.47,1.50,1.47,1.50,2557800.00
20071008,1.50,1.50,1.47,1.50,111400.00
20071005,1.50,1.50,1.48,1.50,500200.00
20071004,1.47,1.50,1.47,1.50,907700.00
20071003,1.47,1.50,1.47,1.50,716600.00
20071002,1.50,1.49,1.46,1.50,3068200.00
20071001,1.48,1.47,1.47,1.50,284900.00
20070928,1.48,1.48,1.48,1.48,0.00
20070927,1.50,1.48,1.48,1.50,2014100.00
20070926,1.48,1.49,1.46,1.50,2323000.00
20070925,1.47,1.48,1.46,1.48,6287200.00
20070924,1.48,1.47,1.45,1.49,2784500.00
20070921,1.50,1.47,1.46,1.51,24760000.00
20070920,1.50,1.50,1.49,1.50,5794700.00
20070919,1.48,1.49,1.48,1.50,2967000.00
20070918,1.48,1.49,1.47,1.49,3528400.00
20070917,1.48,1.48,1.46,1.48,3034000.00
20070914,1.47,1.48,1.46,1.48,2301800.00
20070913,1.47,1.47,1.46,1.47,3260400.00
20070912,1.46,1.46,1.45,1.46,159300.00
20070911,1.44,1.45,1.44,1.45,801500.00
20070910,1.45,1.45,1.45,1.45,0.00
20070907,1.46,1.45,1.44,1.46,338900.00
20070906,1.46,1.45,1.43,1.47,823800.00
20070905,1.47,1.46,1.44,1.47,787800.00
20070904,1.46,1.45,1.44,1.46,78100.00
20070903,1.45,1.45,1.44,1.45,243000.00
20070831,1.59,1.59,1.59,1.59,0.00
20070830,1.45,1.45,1.43,1.45,997800.00
20070829,1.43,1.43,1.43,1.43,347200.00
20070828,1.41,1.41,1.41,1.42,277100.00
20070827,1.42,1.42,1.42,1.42,0.00
20070824,1.41,1.42,1.41,1.41,243300.00
20070823,1.41,1.41,1.41,1.42,473900.00
20070822,1.40,1.41,1.39,1.41,1592000.00
20070821,1.40,1.40,1.40,1.41,544400.00
20070820,1.40,1.40,1.40,1.43,218600.00
20070817,1.40,1.41,1.37,1.43,186700.00
20070816,1.42,1.38,1.37,1.42,927700.00
20070815,1.45,1.44,1.45,1.45,381400.00
20070814,1.42,1.43,1.42,1.45,308500.00
20070813,1.45,1.43,1.45,1.45,314600.00
20070810,1.45,1.43,1.42,1.45,350700.00
20070809,1.45,1.44,1.44,1.45,296000.00
20070808,1.44,1.45,1.44,1.45,617200.00
20070807,1.45,1.45,1.45,1.46,126500.00
20070806,1.46,1.46,1.46,1.46,2324000.00
20070803,1.44,1.45,1.43,1.46,3932700.00
20070802,1.45,1.45,1.45,1.45,141000.00
20070801,1.44,1.44,1.44,1.44,511100.00
20070731,1.59,1.59,1.59,1.59,0.00
20070730,1.45,1.45,1.45,1.46,824100.00
20070727,1.45,1.45,1.45,1.45,67700.00
20070726,1.45,1.45,1.44,1.47,3611300.00
20070725,1.47,1.47,1.46,1.47,39500.00
20070724,1.46,1.46,1.46,1.46,114600.00
20070723,1.46,1.46,1.46,1.47,136600.00
20070720,1.46,1.46,1.46,1.47,64600.00
20070719,1.47,1.47,1.46,1.47,229200.00
20070718,1.47,1.47,1.46,1.47,138300.00
20070717,1.47,1.47,1.46,1.47,144100.00
20070716,1.46,1.47,1.46,1.47,143600.00
20070713,1.47,1.47,1.47,1.47,66000.00
20070712,1.47,1.47,1.47,1.47,294900.00
20070711,1.47,1.47,1.46,1.48,1067600.00
20070710,1.47,1.47,1.47,1.47,222800.00
20070709,1.47,1.47,1.47,1.47,63400.00
20070706,1.48,1.47,1.47,1.48,52600.00
20070705,1.48,1.48,1.48,1.49,506700.00
20070704,1.49,1.49,1.49,1.49,205100.00
20070703,1.49,1.48,1.47,1.49,541300.00
20070702,1.49,1.48,1.47,1.49,129800.00
20070629,1.59,1.59,1.59,1.59,0.00
20070628,1.50,1.48,1.46,1.50,742500.00
20070627,1.51,1.49,1.49,1.51,172700.00
20070626,1.49,1.49,1.49,1.50,64500.00
20070625,1.50,1.50,1.50,1.50,103800.00
20070622,1.50,1.49,1.49,1.50,217600.00
20070621,1.50,1.50,1.48,1.51,391600.00
20070620,1.50,1.50,1.49,1.51,234800.00
20070619,1.50,1.49,1.49,1.50,241300.00
20070618,1.50,1.49,1.49,1.50,78300.00
20070615,1.49,1.49,1.49,1.49,142500.00
20070614,1.49,1.49,1.49,1.50,129700.00
20070613,1.49,1.49,1.49,1.50,123900.00
20070612,1.49,1.49,1.49,1.49,431300.00
20070611,1.49,1.49,1.49,1.50,281500.00
20070608,1.50,1.50,1.49,1.50,956700.00
20070607,1.50,1.49,1.49,1.52,1611700.00
20070606,1.50,1.51,1.49,1.50,276900.00
20070605,1.50,1.50,1.50,1.51,1039900.00
20070604,1.50,1.50,1.49,1.50,449000.00
20070601,1.50,1.50,1.50,1.51,344700.00
20070531,1.59,1.59,1.59,1.59,0.00
20070530,1.48,1.50,1.48,1.50,1548000.00
20070529,1.47,1.47,1.46,1.47,111100.00
20070528,1.47,1.47,1.47,1.47,0.00
20070525,1.47,1.47,1.45,1.47,425600.00
20070524,1.47,1.47,1.47,1.47,63800.00
20070523,1.47,1.47,1.47,1.47,277000.00
20070522,1.48,1.47,1.47,1.48,667400.00
20070521,1.47,1.47,1.47,1.47,909000.00
20070518,1.47,1.47,1.47,1.47,58300.00
20070517,1.47,1.47,1.47,1.47,89500.00
20070516,1.47,1.47,1.47,1.47,405000.00
20070515,1.47,1.47,1.46,1.47,196700.00
20070514,1.47,1.47,1.47,1.47,183300.00
20070511,1.47,1.47,1.47,1.49,257900.00
20070510,1.47,1.47,1.47,1.47,350500.00
20070509,1.47,1.47,1.47,1.48,549300.00
20070508,1.47,1.47,1.47,1.47,176200.00
20070507,1.47,1.47,1.47,1.47,0.00
20070504,1.47,1.47,1.47,1.47,163300.00
20070503,1.47,1.47,1.47,1.47,1010800.00
20070502,1.45,1.46,1.45,1.47,230300.00
20070501,1.46,1.46,1.45,1.47,331700.00
20070430,1.59,1.59,1.59,1.59,0.00
20070427,1.47,1.46,1.46,1.48,2133000.00
20070426,1.47,1.47,1.46,1.48,1248100.00
20070425,1.47,1.47,1.47,1.47,82500.00
20070424,1.47,1.47,1.47,1.47,184600.00
20070423,1.47,1.47,1.47,1.47,228200.00
20070420,1.47,1.47,1.46,1.47,181700.00
20070419,1.46,1.47,1.46,1.47,202800.00
20070418,1.47,1.47,1.46,1.47,555700.00
20070417,1.47,1.47,1.47,1.47,237600.00
20070416,1.47,1.47,1.46,1.47,269700.00
20070413,1.47,1.47,1.47,1.47,107500.00
20070412,1.47,1.47,1.47,1.47,774800.00
20070411,1.47,1.47,1.46,1.47,267100.00
20070410,1.48,1.47,1.47,1.49,441100.00
20070409,1.48,1.48,1.48,1.48,0.00
20070406,1.48,1.48,1.48,1.48,0.00
20070405,1.47,1.48,1.47,1.49,5366300.00
20070404,1.45,1.47,1.45,1.47,1336100.00
20070403,1.49,1.43,1.41,1.49,1429900.00
20070402,1.47,1.48,1.47,1.49,661200.00
20070330,1.59,1.59,1.59,1.59,0.00
20070329,1.49,1.47,1.47,1.49,701800.00
20070328,1.47,1.47,1.47,1.49,411800.00
20070327,1.49,1.47,1.47,1.50,2120500.00
20070326,1.47,1.49,1.47,1.49,1614400.00
20070323,1.46,1.46,1.46,1.47,837300.00
20070322,1.46,1.46,1.45,1.46,228400.00
20070321,1.46,1.46,1.45,1.46,1203900.00
20070320,1.45,1.45,1.45,1.45,396000.00
20070319,1.43,1.46,1.43,1.46,6112900.00
20070316,1.42,1.43,1.42,1.44,299500.00
20070315,1.44,1.43,1.42,1.45,771200.00
20070314,1.44,1.43,1.43,1.46,702500.00
20070313,1.43,1.45,1.43,1.46,2311600.00
20070312,1.43,1.46,1.42,1.44,993400.00
20070309,1.42,1.42,1.42,1.43,603600.00
20070308,1.46,1.43,1.42,1.46,9236200.00
