20160408,87.60,92.71,87.60,90.52,10100.00
20160407,98.55,98.55,98.55,98.55,0.00
20160406,98.55,98.55,98.55,98.55,0.00
20160405,97.82,98.55,97.82,97.82,100.00
20160404,97.83,98.55,97.82,97.83,2400.00
20160401,96.36,96.36,96.36,96.36,500.00
20160331,94.90,97.09,94.90,94.90,4000.00
20160330,101.47,101.47,101.47,101.47,0.00
20160329,99.28,101.47,99.28,99.28,200.00
20160328,101.47,101.47,101.47,101.47,0.00
20160324,101.47,101.47,101.47,101.47,0.00
20160323,103.15,101.47,99.28,103.15,1200.00
20160322,102.20,102.20,102.20,102.20,0.00
20160321,104.39,104.39,104.39,104.39,0.00
20160318,104.39,104.39,104.39,104.39,0.00
20160317,104.39,104.39,104.39,104.39,0.00
20160316,104.39,104.39,104.39,104.39,0.00
20160315,104.39,104.39,104.39,104.39,0.00
20160314,104.39,104.39,104.39,104.39,0.00
20160311,104.39,104.39,104.39,104.39,0.00
20160310,104.39,104.39,104.39,104.39,0.00
20160309,104.39,104.39,104.39,104.39,0.00
20160308,104.39,104.39,104.39,104.39,0.00
20160307,104.39,104.39,104.39,104.39,0.00
20160304,102.20,104.39,102.20,102.20,0.00
20160303,104.39,104.39,104.39,104.39,0.00
20160302,102.20,104.39,102.20,102.20,0.00
20160301,104.39,104.39,104.39,104.39,0.00
20160229,104.39,104.39,104.39,104.39,0.00
20160226,104.39,104.39,104.39,104.39,0.00
20160225,104.39,104.39,104.39,104.39,0.00
20160224,104.39,104.39,102.20,102.20,0.00
20160223,104.39,104.39,104.24,104.24,0.00
20160222,107.31,104.39,102.20,102.20,10000.00
20160219,107.31,107.31,107.31,107.31,0.00
20160218,107.31,107.31,107.31,107.31,0.00
20160217,107.31,107.31,107.31,107.31,0.00
20160216,107.31,107.31,107.31,107.31,0.00
20160215,107.31,107.31,107.31,107.31,0.00
20160212,107.31,107.31,107.31,107.31,0.00
20160211,105.12,107.31,105.12,105.12,0.00
20160210,107.31,107.31,107.31,107.31,0.00
20160209,105.12,107.31,105.12,105.12,0.00
20160208,107.31,107.31,107.31,107.31,0.00
20160205,107.31,107.31,105.12,107.31,200.00
20160204,105.12,107.31,105.12,105.12,0.00
20160203,107.31,107.31,107.31,107.31,0.00
20160202,107.31,107.31,107.31,107.31,0.00
20160201,105.12,107.31,105.12,105.12,0.00
20160129,105.12,107.31,105.12,105.12,0.00
20160128,105.12,107.31,105.12,105.12,0.00
20160127,107.31,107.31,107.31,107.31,0.00
20160126,107.31,107.31,107.31,107.31,0.00
20160125,107.31,107.31,107.31,107.31,0.00
20160122,107.31,107.31,107.31,107.31,0.00
20160121,107.31,107.31,107.31,107.31,0.00
20160120,107.31,107.31,107.31,107.31,0.00
20160119,107.31,107.31,107.31,107.31,0.00
20160118,107.31,107.31,107.31,107.31,0.00
20160115,107.31,107.31,107.31,107.31,0.00
20160114,107.31,107.31,107.31,107.31,0.00
20160113,107.31,107.31,107.31,107.31,0.00
20160112,107.31,107.31,107.31,107.31,0.00
20160111,107.31,107.31,107.31,107.31,0.00
20160108,107.31,107.31,107.31,107.31,0.00
20160107,105.12,107.31,105.12,105.12,400.00
20160106,106.58,107.31,105.12,106.58,200.00
20160105,108.04,109.50,108.04,108.04,3300.00
20160104,110.23,110.23,110.23,110.23,0.00
20151231,109.50,110.23,109.50,109.50,2400.00
20151230,112.42,112.42,112.42,112.42,0.00
20151229,113.88,113.88,113.88,113.88,0.00
20151228,113.88,113.88,113.88,113.88,0.00
20151225,113.88,113.88,113.88,113.88,0.00
20151224,110.96,113.88,110.96,110.96,1600.00
20151223,111.69,113.88,111.69,111.69,0.00
20151222,113.88,113.88,113.88,113.88,0.00
20151221,113.88,113.88,106.58,113.88,10300.00
20151218,113.88,116.07,113.88,113.88,0.00
20151217,116.07,116.07,116.07,116.07,0.00
20151216,113.88,116.07,113.88,113.88,0.00
20151215,113.88,116.07,113.88,113.88,2700.00
20151214,116.07,116.07,116.07,116.07,0.00
20151211,116.07,116.07,116.07,116.07,0.00
20151210,116.07,116.07,116.07,116.07,0.00
20151209,116.07,116.07,116.07,116.07,0.00
20151208,116.07,116.07,116.07,116.07,0.00
20151207,116.07,116.07,116.07,116.07,0.00
20151204,116.07,116.07,116.07,116.07,0.00
20151203,116.07,116.07,116.07,116.07,0.00
20151202,116.07,116.07,116.07,116.07,0.00
20151201,116.07,116.07,116.07,116.07,0.00
20151130,113.88,116.07,113.88,113.88,0.00
20151127,116.07,116.07,116.07,116.07,0.00
20151126,115.41,116.07,115.41,115.41,1200.00
20151125,116.07,116.07,116.07,116.07,0.00
20151124,116.07,116.07,116.07,116.07,100.00
20151123,121.18,116.07,121.18,121.18,500.00
20151120,121.18,123.37,121.18,121.18,400.00
20151119,120.09,123.37,120.09,120.09,3000.00
20151118,125.56,125.56,125.56,125.56,0.00
20151117,122.64,125.56,122.64,122.64,3600.00
20151116,124.10,125.56,122.64,124.10,2800.00
20151113,125.56,125.56,125.56,125.56,0.00
20151112,125.56,125.56,125.56,125.56,0.00
20151111,125.56,125.56,125.56,125.56,0.00
20151110,124.47,125.56,122.64,124.47,3700.00
20151109,122.64,122.64,121.18,122.64,72100.00
20151106,122.49,121.91,120.30,122.49,14200.00
20151105,120.30,121.91,119.72,120.30,1700.00
20151104,120.30,121.91,120.30,120.30,600.00
20151103,121.91,121.91,121.91,121.91,0.00
20151102,121.91,121.91,121.91,121.91,0.00
20151030,118.26,121.91,118.26,119.72,5000.00
20151029,119.72,121.91,119.72,122.35,0.00
20151028,121.91,121.91,121.91,121.91,0.00
20151027,121.91,121.91,121.91,121.91,0.00
20151026,116.80,121.91,116.80,116.80,5900.00
20151023,122.90,121.91,119.72,122.90,2000.00
20151022,122.64,120.45,122.64,122.64,69000.00
20151021,116.86,119.72,116.86,116.86,200.00
20151020,119.72,119.72,119.72,119.72,0.00
20151019,119.72,119.72,119.72,119.72,0.00
20151016,119.72,119.72,119.72,119.72,0.00
20151015,119.72,119.72,119.72,119.72,0.00
20151014,119.72,119.72,119.72,119.72,0.00
20151013,119.72,119.72,119.72,119.72,0.00
20151012,119.72,119.72,119.72,119.72,0.00
20151009,119.72,119.72,119.72,119.72,0.00
20151008,119.72,119.72,119.72,119.72,0.00
20151007,119.72,119.72,119.72,119.72,0.00
20151006,116.86,119.72,116.86,116.86,0.00
20151005,119.72,119.72,119.72,119.72,0.00
20151002,116.86,119.72,116.86,116.86,1500.00
20151001,119.72,119.72,119.72,119.72,0.00
20150930,119.76,119.72,119.72,119.76,8700.00
20150929,121.91,121.91,121.91,121.91,0.00
20150928,120.45,121.91,120.45,120.45,16400.00
20150925,124.83,124.83,124.83,124.83,0.00
20150924,124.68,124.83,124.68,124.68,300.00
20150923,124.10,124.83,124.10,124.68,100.00
20150922,124.83,124.83,124.83,124.83,0.00
20150921,124.39,124.83,124.39,124.68,7600.00
20150918,124.39,124.83,124.39,124.39,0.00
20150917,124.83,124.83,124.83,124.83,0.00
20150916,124.39,124.83,124.39,124.39,100.00
20150915,124.83,124.83,124.83,124.83,0.00
20150914,124.39,124.83,124.39,124.39,4000.00
20150911,128.41,124.83,128.41,128.41,500.00
20150910,124.83,124.83,124.83,124.83,0.00
20150909,124.39,124.83,124.39,128.41,200.00
20150908,128.41,124.83,128.41,128.41,800.00
20150907,128.41,124.83,128.41,128.41,300.00
20150904,124.39,124.83,124.39,124.39,0.00
20150903,124.39,124.83,124.39,124.39,0.00
20150902,124.83,124.83,124.83,124.83,0.00
20150901,121.18,124.83,121.18,121.18,0.00
20150831,124.83,124.83,124.83,124.83,0.00
20150828,122.86,124.83,122.86,128.41,0.00
20150827,120.09,122.64,120.09,121.33,200.00
20150826,121.18,120.45,116.80,121.18,3400.00
20150825,118.26,118.99,116.80,121.18,17400.00
20150824,118.48,120.45,116.80,124.10,10500.00
20150821,119.72,120.45,112.42,122.64,57400.00
20150820,0.01,0.01,0.01,0.01,0.00
20150819,0.01,0.01,0.01,0.01,0.00
20150818,0.01,0.01,0.01,0.01,0.00
20150817,0.01,0.01,0.01,0.01,0.00
20150814,0.01,0.01,0.01,0.01,0.00
20150813,0.01,0.01,0.01,0.01,0.00
20150812,0.01,0.01,0.01,0.01,0.00
20150811,0.01,0.01,0.01,0.01,0.00
20150810,0.01,0.01,0.01,0.01,0.00
20150807,0.01,0.01,0.01,0.01,0.00
20150805,0.01,0.01,0.01,0.01,0.00
20150804,0.01,0.01,0.01,0.01,0.00
20150803,0.01,0.01,0.01,0.01,0.00
20150731,0.01,0.01,0.01,0.01,0.00
20150730,0.01,0.01,0.01,0.01,0.00
20150729,0.01,0.01,0.01,0.01,0.00
20150728,0.01,0.01,0.01,0.01,0.00
20150727,0.01,0.01,0.01,0.01,0.00
20150724,0.01,0.01,0.01,0.01,0.00
20150723,0.01,0.01,0.01,0.01,0.00
20150722,0.01,0.01,0.01,0.01,0.00
20150721,0.01,0.01,0.01,0.01,0.00
20150720,0.01,0.01,0.01,0.01,0.00
20150717,0.01,0.01,0.01,0.01,0.00
20150716,0.01,0.01,0.01,0.01,0.00
20150715,0.01,0.01,0.01,0.01,0.00
20150714,0.01,0.01,0.01,0.01,0.00
20150713,0.01,0.01,0.01,0.01,0.00
20150710,0.01,0.01,0.01,0.01,0.00
20150709,0.01,0.01,0.01,0.01,0.00
20150708,0.01,0.01,0.01,0.01,0.00
20150707,0.01,0.01,0.01,0.01,0.00
20150706,0.01,0.01,0.01,0.01,0.00
20150703,0.01,0.01,0.01,0.01,0.00
20150702,0.01,0.01,0.01,0.01,0.00
20150701,0.01,0.01,0.01,0.01,0.00
20150630,0.01,0.01,0.01,0.01,0.00
20150629,0.01,0.01,0.01,0.01,0.00
20150626,0.01,0.01,0.01,0.01,0.00
20150625,0.01,0.01,0.01,0.01,0.00
20150624,0.01,0.01,0.01,0.01,0.00
20150623,0.01,0.01,0.01,0.01,0.00
20150622,0.01,0.01,0.01,0.01,0.00
20150619,0.01,0.01,0.01,0.01,0.00
20150618,0.01,0.01,0.01,0.01,0.00
20150617,0.01,0.01,0.01,0.01,0.00
20150616,0.01,0.01,0.01,0.01,0.00
20150615,0.01,0.01,0.01,0.01,0.00
20150612,0.01,0.01,0.01,0.01,0.00
20150611,0.01,0.01,0.01,0.01,0.00
20150610,0.01,0.01,0.01,0.01,0.00
20150609,0.01,0.01,0.01,0.01,0.00
20150608,0.01,0.01,0.01,0.01,0.00
20150605,0.01,0.01,0.01,0.01,0.00
20150604,0.01,0.01,0.01,0.01,0.00
20150603,0.01,0.01,0.01,0.01,0.00
20150602,0.01,0.01,0.01,0.01,0.00
20150601,0.01,0.01,0.01,0.01,0.00
20150529,0.01,0.01,0.01,0.01,0.00
20150528,0.01,0.01,0.01,0.01,0.00
20150527,0.01,0.01,0.01,0.01,0.00
20150526,0.01,0.01,0.01,0.01,0.00
20150525,0.01,0.01,0.01,0.01,0.00
20150522,0.01,0.01,0.01,0.01,0.00
20150521,0.01,0.01,0.01,0.01,0.00
20150520,0.01,0.01,0.01,0.01,0.00
20150519,0.01,0.01,0.01,0.01,0.00
20150518,0.01,0.01,0.01,0.01,0.00
20150515,0.01,0.01,0.01,0.01,0.00
20150514,0.01,0.01,0.01,0.01,0.00
20150513,0.01,0.01,0.01,0.01,0.00
20150512,0.01,0.01,0.01,0.01,0.00
20150511,0.01,0.01,0.01,0.01,0.00
20150508,0.01,0.01,0.01,0.01,0.00
20150507,0.01,0.01,0.01,0.01,0.00
20150506,0.01,0.01,0.01,0.01,0.00
20150505,0.01,0.01,0.01,0.01,0.00
20150504,0.01,0.01,0.01,0.01,0.00
20150501,0.01,0.01,0.01,0.01,0.00
20150430,0.01,0.01,0.01,0.01,0.00
20150429,0.01,0.01,0.01,0.01,0.00
20150428,0.01,0.01,0.01,0.01,0.00
20150427,0.01,0.01,0.01,0.01,0.00
20150424,0.01,0.01,0.01,0.01,0.00
20150423,0.01,0.01,0.01,0.01,0.00
20150422,0.01,0.01,0.01,0.01,0.00
20150421,0.01,0.01,0.01,0.01,0.00
20150420,0.01,0.01,0.01,0.01,0.00
20150417,0.01,0.01,0.01,0.01,0.00
20150416,0.01,0.01,0.01,0.01,0.00
20150415,0.01,0.01,0.01,0.01,0.00
20150414,0.01,0.01,0.01,0.01,0.00
20150413,0.01,0.01,0.01,0.01,0.00
20150410,0.01,0.01,0.01,0.01,0.00
20150409,0.01,0.01,0.01,0.01,0.00
20150408,0.01,0.01,0.01,0.01,0.00
20150407,0.01,0.01,0.01,0.01,0.00
20150406,0.01,0.01,0.01,0.01,0.00
20150403,0.01,0.01,0.01,0.01,0.00
20150402,0.01,0.01,0.01,0.01,0.00
20150401,0.01,0.01,0.01,0.01,0.00
20150331,0.01,0.01,0.01,0.01,0.00
20150330,0.01,0.01,0.01,0.01,0.00
20150327,0.01,0.01,0.01,0.01,0.00
20150326,0.01,0.01,0.01,0.01,0.00
20150325,0.01,0.01,0.01,0.01,0.00
20150324,0.01,0.01,0.01,0.01,0.00
20150323,0.01,0.01,0.01,0.01,0.00
20150320,0.01,0.01,0.01,0.01,0.00
20150319,0.01,0.01,0.01,0.01,0.00
20150318,0.01,0.01,0.01,0.01,0.00
20150317,0.01,0.01,0.01,0.01,0.00
20150316,0.01,0.01,0.01,0.01,0.00
20150313,0.01,0.01,0.01,0.01,0.00
20150312,0.01,0.01,0.01,0.01,0.00
20150311,0.01,0.01,0.01,0.01,0.00
20150310,0.01,0.01,0.01,0.01,0.00
20150309,0.01,0.01,0.01,0.01,0.00
20150306,0.01,0.01,0.01,0.01,0.00
20150305,0.01,0.01,0.01,0.01,0.00
20150304,0.01,0.01,0.01,0.01,0.00
20150303,0.01,0.01,0.01,0.01,0.00
20150302,0.01,0.01,0.01,0.01,0.00
20150227,0.01,0.01,0.01,0.01,0.00
20150226,0.01,0.01,0.01,0.01,0.00
20150225,0.01,0.01,0.01,0.01,0.00
20150224,0.01,0.01,0.01,0.01,0.00
20150223,0.01,0.01,0.01,0.01,0.00
20150220,0.01,0.01,0.01,0.01,0.00
20150219,0.01,0.01,0.01,0.01,0.00
20150218,0.01,0.01,0.01,0.01,0.00
20150217,0.01,0.01,0.01,0.01,0.00
20150216,0.01,0.01,0.01,0.01,0.00
20150213,0.01,0.01,0.01,0.01,0.00
20150212,0.01,0.01,0.01,0.01,0.00
20150211,0.01,0.01,0.01,0.01,0.00
20150210,0.01,0.01,0.01,0.01,0.00
20150209,0.01,0.01,0.01,0.01,0.00
20150206,0.01,0.01,0.01,0.01,1300.00
20150205,0.01,0.01,0.01,0.01,500.00
20150204,0.01,0.01,0.01,0.01,1000.00
20150203,0.01,0.01,0.01,0.01,1000.00
20150202,0.01,0.01,0.01,0.01,0.00
20150130,0.01,0.01,0.01,0.01,0.00
20150129,0.01,0.01,0.01,0.01,500.00
20150128,0.01,0.01,0.01,0.01,300.00
20150127,0.01,0.01,0.01,0.01,1300.00
20150126,0.02,0.02,0.02,0.02,0.00
20150123,0.02,0.02,0.02,0.02,0.00
20150122,0.02,0.02,0.02,0.02,100.00
20150121,0.02,0.02,0.02,0.02,0.00
20150120,0.02,0.02,0.02,0.02,0.00
20150119,0.02,0.02,0.02,0.02,0.00
20150116,0.02,0.02,0.02,0.02,0.00
20150115,0.02,0.02,0.02,0.02,0.00
20150114,0.02,0.02,0.02,0.02,0.00
20150113,0.04,0.02,0.02,0.04,2700.00
20150112,0.04,0.04,0.01,0.04,4700.00
20150109,0.04,0.04,0.04,0.04,0.00
20150108,0.04,0.04,0.04,0.04,0.00
20150107,0.03,0.04,0.02,0.03,300.00
20150106,0.04,0.04,0.04,0.04,0.00
20150105,0.04,0.04,0.04,0.04,0.00
20150102,0.04,0.04,0.04,0.04,0.00
20150101,0.04,0.04,0.04,0.04,0.00
20141231,0.04,0.04,0.04,0.04,0.00
20141230,0.04,0.04,0.04,0.04,0.00
20141229,0.04,0.04,0.04,0.04,0.00
20141226,0.04,0.04,0.04,0.04,0.00
20141225,0.04,0.04,0.04,0.04,0.00
20141224,0.04,0.04,0.04,0.04,0.00
20141223,0.04,0.04,0.04,0.04,0.00
20141222,0.04,0.04,0.04,0.04,0.00
20141219,0.04,0.04,0.04,0.04,0.00
20141218,0.04,0.04,0.04,0.04,0.00
20141217,0.04,0.04,0.04,0.04,0.00
20141216,0.04,0.04,0.04,0.04,0.00
20141215,0.04,0.04,0.04,0.04,100.00
20141212,0.04,0.04,0.04,0.04,100.00
20141211,0.04,0.04,0.04,0.04,0.00
20141210,0.04,0.04,0.04,0.04,0.00
20141209,0.04,0.04,0.04,0.04,0.00
20141208,0.04,0.04,0.04,0.04,0.00
20141205,0.04,0.04,0.04,0.04,0.00
20141204,0.04,0.04,0.04,0.04,0.00
20141203,0.04,0.04,0.04,0.04,100.00
20141202,0.04,0.04,0.04,0.04,0.00
20141201,0.04,0.04,0.04,0.04,0.00
20141128,0.04,0.04,0.04,0.04,0.00
20141127,0.04,0.04,0.04,0.04,0.00
20141126,0.04,0.04,0.04,0.04,0.00
20141125,0.04,0.04,0.04,0.04,0.00
20141124,0.04,0.04,0.04,0.04,0.00
20141121,0.04,0.04,0.04,0.04,100.00
20141120,0.04,0.04,0.04,0.04,0.00
20141119,0.04,0.04,0.04,0.04,0.00
20141118,0.01,0.04,0.01,0.01,1100.00
20141117,0.05,0.05,0.05,0.05,0.00
20141114,0.04,0.05,0.04,0.04,0.00
20141113,0.04,0.05,0.04,0.04,0.00
20141112,0.04,0.05,0.04,0.04,100.00
20141111,0.04,0.05,0.04,0.04,0.00
20141110,0.04,0.05,0.04,0.04,400.00
20141107,0.05,0.05,0.05,0.05,0.00
20141106,0.05,0.05,0.05,0.05,0.00
20141105,0.05,0.05,0.05,0.05,0.00
20141104,0.05,0.05,0.05,0.05,0.00
20141103,0.05,0.05,0.05,0.05,0.00
20141031,0.05,0.05,0.05,0.05,0.00
20141030,0.04,0.05,0.04,0.04,0.00
20141029,0.04,0.05,0.04,0.04,0.00
20141028,0.04,0.05,0.04,0.04,0.00
20141027,0.05,0.05,0.05,0.05,0.00
20141024,0.05,0.05,0.05,0.05,0.00
20141023,0.04,0.05,0.04,0.04,0.00
20141022,0.05,0.05,0.05,0.05,0.00
20141021,0.05,0.05,0.05,0.05,0.00
20141020,0.05,0.05,0.05,0.05,0.00
20141017,0.04,0.05,0.04,0.04,0.00
20141016,0.05,0.05,0.05,0.05,0.00
20141015,0.05,0.05,0.05,0.05,0.00
20141014,0.04,0.05,0.04,0.04,200.00
20141013,0.05,0.05,0.05,0.05,0.00
20141010,0.04,0.05,0.04,0.04,0.00
20141009,0.04,0.05,0.04,0.04,0.00
20141008,0.04,0.05,0.04,0.04,100.00
20141007,0.04,0.05,0.04,0.04,0.00
20141006,0.04,0.05,0.04,0.04,700.00
20141003,0.05,0.05,0.04,0.05,100.00
20141002,0.05,0.05,0.05,0.05,0.00
20141001,0.04,0.05,0.04,0.04,0.00
20140930,0.05,0.05,0.05,0.05,0.00
20140929,0.04,0.05,0.04,0.04,0.00
20140926,0.04,0.05,0.04,0.04,100.00
20140925,0.05,0.05,0.05,0.05,0.00
20140924,0.04,0.05,0.04,0.04,100.00
20140923,0.05,0.05,0.05,0.05,0.00
20140922,0.05,0.05,0.05,0.05,0.00
20140919,0.05,0.05,0.05,0.05,0.00
20140918,0.05,0.05,0.05,0.05,0.00
20140917,0.05,0.05,0.05,0.05,100.00
20140916,0.04,0.05,0.04,0.04,0.00
20140915,0.05,0.05,0.05,0.05,0.00
20140912,0.05,0.05,0.05,0.05,0.00
20140911,0.05,0.05,0.05,0.05,0.00
20140910,0.05,0.05,0.05,0.05,0.00
20140909,0.05,0.05,0.05,0.05,0.00
20140908,0.05,0.05,0.05,0.05,0.00
20140905,0.05,0.05,0.05,0.05,0.00
20140904,0.04,0.05,0.04,0.04,0.00
20140903,0.05,0.05,0.05,0.05,0.00
20140902,0.05,0.05,0.05,0.05,0.00
20140901,0.05,0.05,0.05,0.05,0.00
20140829,0.05,0.05,0.05,0.05,0.00
20140828,0.04,0.05,0.04,0.04,200.00
20140827,0.05,0.05,0.05,0.05,0.00
20140826,0.04,0.05,0.04,0.04,0.00
20140825,0.05,0.05,0.05,0.05,0.00
20140822,0.04,0.05,0.04,0.04,100.00
20140821,0.05,0.05,0.05,0.05,0.00
20140820,0.05,0.05,0.05,0.05,0.00
20140819,0.05,0.05,0.04,0.05,0.00
20140818,0.05,0.05,0.05,0.05,0.00
20140815,0.05,0.05,0.05,0.05,0.00
20140814,0.04,0.05,0.04,0.04,0.00
20140813,0.05,0.05,0.05,0.05,0.00
20140812,0.05,0.05,0.05,0.05,0.00
20140811,0.05,0.05,0.05,0.05,0.00
20140808,0.05,0.05,0.05,0.05,0.00
20140807,0.05,0.05,0.05,0.05,0.00
20140806,0.05,0.05,0.05,0.05,0.00
20140805,0.04,0.05,0.04,0.04,0.00
20140804,0.05,0.05,0.05,0.05,0.00
20140801,0.05,0.05,0.05,0.05,0.00
20140731,0.05,0.05,0.05,0.05,0.00
20140730,0.05,0.05,0.05,0.05,0.00
20140729,0.04,0.05,0.04,0.04,0.00
20140728,0.05,0.05,0.05,0.05,0.00
20140725,0.05,0.05,0.05,0.05,400.00
20140724,0.04,0.05,0.04,0.04,0.00
20140723,0.05,0.05,0.05,0.05,400.00
20140722,0.05,0.05,0.05,0.05,0.00
20140721,0.05,0.05,0.04,0.05,100.00
20140718,0.05,0.05,0.04,0.05,300.00
20140717,0.04,0.05,0.04,0.05,100.00
20140716,0.04,0.05,0.04,0.04,0.00
20140715,0.05,0.05,0.05,0.05,100.00
20140714,0.05,0.05,0.05,0.05,0.00
20140711,0.06,0.05,0.05,0.06,200.00
20140710,0.06,0.07,0.06,0.06,0.00
20140709,0.07,0.07,0.07,0.07,0.00
20140708,0.07,0.07,0.07,0.07,0.00
20140707,0.06,0.07,0.06,0.06,100.00
20140704,0.07,0.07,0.07,0.07,0.00
20140703,0.06,0.07,0.06,0.06,0.00
20140702,0.07,0.07,0.07,0.07,0.00
20140701,0.06,0.07,0.06,0.06,0.00
20140630,0.06,0.07,0.06,0.06,0.00
20140627,0.07,0.07,0.07,0.07,0.00
20140626,0.07,0.07,0.07,0.07,0.00
20140625,0.06,0.07,0.06,0.06,0.00
20140624,0.07,0.07,0.07,0.07,0.00
20140623,0.07,0.07,0.07,0.07,0.00
20140620,0.07,0.07,0.07,0.07,0.00
20140619,0.07,0.07,0.07,0.07,0.00
20140618,0.07,0.07,0.07,0.07,0.00
20140617,0.07,0.07,0.07,0.07,0.00
20140616,0.07,0.07,0.07,0.07,0.00
20140613,0.06,0.07,0.06,0.06,100.00
20140612,0.06,0.07,0.06,0.06,100.00
20140611,0.06,0.07,0.06,0.06,0.00
20140610,0.07,0.07,0.07,0.07,0.00
20140609,0.06,0.07,0.06,0.06,0.00
20140606,0.06,0.07,0.06,0.06,0.00
20140605,0.06,0.07,0.06,0.06,0.00
20140604,0.07,0.07,0.07,0.07,0.00
20140603,0.07,0.07,0.07,0.07,0.00
20140602,0.07,0.07,0.07,0.07,0.00
20140530,0.07,0.07,0.07,0.07,0.00
20140529,0.07,0.07,0.07,0.07,0.00
20140528,0.07,0.07,0.07,0.07,0.00
20140527,0.06,0.07,0.06,0.06,0.00
20140526,0.07,0.07,0.07,0.07,0.00
20140523,0.07,0.07,0.07,0.07,0.00
20140522,0.07,0.07,0.07,0.07,0.00
20140521,0.06,0.07,0.06,0.06,100.00
20140520,0.07,0.07,0.07,0.07,0.00
20140519,0.06,0.07,0.06,0.06,0.00
20140516,0.05,0.07,0.05,0.07,700.00
20140515,0.06,0.07,0.06,0.06,0.00
20140514,0.07,0.07,0.07,0.07,0.00
20140513,0.06,0.07,0.06,0.06,700.00
20140512,0.07,0.07,0.07,0.07,0.00
20140509,0.06,0.07,0.06,0.06,100.00
20140508,0.06,0.07,0.06,0.06,0.00
20140507,0.07,0.07,0.07,0.07,0.00
20140506,0.07,0.07,0.07,0.07,0.00
20140505,0.07,0.07,0.07,0.07,0.00
20140502,0.07,0.07,0.07,0.07,0.00
20140501,0.06,0.07,0.06,0.06,0.00
20140430,0.06,0.07,0.06,0.06,0.00
20140429,0.07,0.07,0.07,0.07,0.00
20140428,0.06,0.07,0.06,0.06,0.00
20140425,0.07,0.07,0.07,0.07,0.00
20140424,0.06,0.07,0.06,0.06,0.00
20140423,0.07,0.07,0.07,0.07,0.00
20140422,0.06,0.07,0.06,0.07,0.00
20140421,0.07,0.07,0.07,0.07,0.00
20140418,0.07,0.07,0.07,0.07,0.00
20140417,0.07,0.07,0.07,0.07,0.00
20140416,0.07,0.07,0.07,0.07,0.00
20140415,0.06,0.07,0.06,0.06,0.00
20140414,0.06,0.07,0.06,0.06,0.00
20140411,0.07,0.07,0.07,0.07,0.00
20140410,0.07,0.07,0.07,0.07,0.00
20140409,0.07,0.07,0.07,0.07,0.00
20140408,0.07,0.07,0.07,0.07,0.00
20140407,0.07,0.07,0.07,0.07,0.00
20140404,0.07,0.07,0.07,0.07,0.00
20140403,0.07,0.07,0.07,0.07,0.00
20140402,0.06,0.07,0.06,0.06,100.00
20140401,0.07,0.07,0.05,0.07,1400.00
20140331,0.07,0.08,0.07,0.08,800.00
20140328,0.06,0.07,0.06,0.06,0.00
20140327,0.06,0.07,0.06,0.06,0.00
20140326,0.07,0.07,0.07,0.07,200.00
20140325,0.07,0.07,0.06,0.07,0.00
20140324,0.07,0.07,0.07,0.07,0.00
20140321,0.07,0.07,0.06,0.07,0.00
20140320,0.06,0.07,0.06,0.06,200.00
20140319,0.06,0.07,0.06,0.06,100.00
20140318,0.06,0.07,0.06,0.06,0.00
20140317,0.06,0.07,0.06,0.06,100.00
20140314,0.06,0.07,0.06,0.06,0.00
20140313,0.07,0.07,0.07,0.07,0.00
20140312,0.07,0.07,0.07,0.07,0.00
20140311,0.06,0.07,0.06,0.06,400.00
20140310,0.06,0.07,0.06,0.06,0.00
20140307,0.06,0.07,0.06,0.07,800.00
20140306,0.07,0.07,0.07,0.07,0.00
20140305,0.07,0.07,0.07,0.07,100.00
20140304,0.08,0.08,0.08,0.08,0.00
20140303,0.08,0.08,0.08,0.08,0.00
20140228,0.07,0.08,0.07,0.07,200.00
20140227,0.06,0.09,0.06,0.06,200.00
20140226,0.08,0.09,0.08,0.08,0.00
20140225,0.08,0.09,0.08,0.08,0.00
20140224,0.09,0.09,0.09,0.09,0.00
20140221,0.08,0.09,0.08,0.08,100.00
20140220,0.08,0.09,0.08,0.08,500.00
20140219,0.08,0.09,0.07,0.08,0.00
20140218,0.08,0.09,0.08,0.08,100.00
20140217,0.08,0.09,0.08,0.09,200.00
20140214,0.06,0.06,0.06,0.06,0.00
20140213,0.07,0.06,0.05,0.07,100.00
20140212,0.12,0.07,0.04,0.12,18500.00
20140211,0.12,0.12,0.12,0.12,0.00
20140210,0.12,0.12,0.12,0.12,100.00
20140207,0.12,0.12,0.12,0.12,0.00
20140206,0.11,0.12,0.10,0.11,0.00
20140205,0.11,0.13,0.11,0.11,0.00
20140204,0.11,0.13,0.09,0.11,0.00
20140203,0.11,0.12,0.11,0.12,300.00
20140131,0.11,0.12,0.11,0.11,0.00
20140130,0.11,0.12,0.11,0.11,0.00
20140129,0.13,0.12,0.11,0.13,100.00
20140128,0.11,0.12,0.11,0.11,0.00
20140127,0.12,0.12,0.10,0.13,200.00
20140124,0.15,0.12,0.15,0.15,0.00
20140123,0.13,0.12,0.09,0.15,500.00
20140122,0.07,0.15,0.04,0.18,4900.00
20140121,0.26,0.26,0.26,0.26,0.00
20140120,0.26,0.26,0.26,0.26,0.00
20140117,0.26,0.26,0.26,0.26,0.00
20140116,0.26,0.26,0.26,0.26,0.00
20140115,0.26,0.26,0.26,0.26,0.00
20140114,0.26,0.26,0.26,0.26,0.00
20140113,0.26,0.26,0.26,0.26,0.00
20140110,0.26,0.26,0.26,0.26,0.00
20140109,0.26,0.26,0.26,0.26,0.00
20140108,0.26,0.26,0.26,0.26,0.00
20140107,0.26,0.26,0.26,0.26,0.00
20140106,0.26,0.26,0.26,0.26,0.00
20140103,0.26,0.26,0.26,0.26,0.00
20140102,0.26,0.26,0.26,0.26,0.00
20140101,0.26,0.26,0.26,0.26,0.00
20131231,0.26,0.26,0.26,0.26,0.00
20131230,0.26,0.26,0.26,0.26,0.00
20131227,0.26,0.26,0.26,0.26,0.00
20131226,0.26,0.26,0.26,0.26,0.00
20131225,0.26,0.26,0.26,0.26,0.00
20131224,0.26,0.26,0.26,0.26,0.00
20131223,0.26,0.26,0.26,0.26,0.00
20131220,0.26,0.26,0.26,0.26,0.00
20131219,0.26,0.26,0.26,0.26,0.00
20131218,0.26,0.26,0.26,0.26,0.00
20131217,0.26,0.26,0.26,0.26,0.00
20131216,0.26,0.26,0.26,0.26,0.00
20131213,0.26,0.26,0.26,0.26,0.00
20131212,0.26,0.26,0.26,0.26,0.00
20131211,0.26,0.26,0.26,0.26,0.00
20131210,0.26,0.26,0.26,0.26,0.00
20131209,0.26,0.26,0.26,0.26,0.00
20131206,0.26,0.26,0.26,0.26,0.00
20131205,0.26,0.26,0.26,0.26,0.00
20131204,0.26,0.26,0.26,0.26,0.00
20131203,0.26,0.26,0.26,0.26,0.00
20131202,0.26,0.26,0.26,0.26,0.00
20131129,0.26,0.26,0.26,0.26,0.00
20131128,0.26,0.26,0.26,0.26,0.00
20131127,0.26,0.26,0.26,0.26,0.00
20131126,0.26,0.26,0.26,0.26,0.00
20131125,0.26,0.26,0.26,0.26,0.00
20131122,0.26,0.26,0.26,0.26,0.00
20131121,0.26,0.26,0.26,0.26,0.00
20131120,0.26,0.26,0.26,0.26,0.00
20131119,0.26,0.26,0.26,0.26,0.00
20131118,0.26,0.26,0.26,0.26,0.00
20131115,0.26,0.26,0.26,0.26,0.00
20131114,0.26,0.26,0.26,0.26,0.00
20131113,0.26,0.26,0.26,0.26,0.00
20131112,0.26,0.26,0.26,0.26,0.00
20131111,0.26,0.26,0.26,0.26,0.00
20131108,0.26,0.26,0.26,0.26,0.00
20131107,0.26,0.26,0.26,0.26,0.00
20131106,0.26,0.26,0.26,0.26,0.00
20131105,0.26,0.26,0.26,0.26,0.00
20131104,0.26,0.26,0.26,0.26,0.00
20131101,0.26,0.26,0.26,0.26,0.00
20131031,0.26,0.26,0.26,0.26,0.00
20131030,0.26,0.26,0.26,0.26,0.00
20131029,0.26,0.26,0.26,0.26,0.00
20131028,0.26,0.26,0.26,0.26,0.00
20131025,0.26,0.26,0.26,0.26,0.00
20131024,0.26,0.26,0.26,0.26,0.00
20131023,0.26,0.26,0.26,0.26,0.00
20131022,0.26,0.26,0.26,0.26,0.00
20131021,0.26,0.26,0.26,0.26,0.00
20131018,0.26,0.26,0.26,0.26,0.00
20131017,0.26,0.26,0.26,0.26,0.00
20131016,0.26,0.26,0.26,0.26,0.00
20131015,0.26,0.26,0.26,0.26,0.00
20131014,0.26,0.26,0.26,0.26,0.00
20131011,0.26,0.26,0.26,0.26,0.00
20131010,0.26,0.26,0.26,0.26,0.00
20131009,0.26,0.26,0.26,0.26,0.00
20131008,0.26,0.26,0.26,0.26,0.00
20131007,0.26,0.26,0.26,0.26,0.00
20131004,0.26,0.26,0.26,0.26,0.00
20131003,0.26,0.26,0.26,0.26,0.00
20131002,0.26,0.26,0.26,0.26,0.00
20131001,0.26,0.26,0.26,0.26,0.00
20130930,0.26,0.26,0.26,0.26,0.00
20130927,0.26,0.26,0.26,0.26,0.00
20130926,0.26,0.26,0.26,0.26,0.00
20130925,0.26,0.26,0.26,0.26,0.00
20130924,0.26,0.26,0.26,0.26,0.00
20130923,0.26,0.26,0.26,0.26,0.00
20130920,0.26,0.26,0.26,0.26,0.00
20130919,0.26,0.26,0.26,0.26,0.00
20130918,0.26,0.26,0.26,0.26,0.00
20130917,0.26,0.26,0.26,0.26,0.00
20130916,0.26,0.26,0.26,0.26,0.00
20130913,0.26,0.26,0.26,0.26,0.00
20130912,0.26,0.26,0.26,0.26,0.00
20130911,0.26,0.26,0.26,0.26,0.00
20130910,0.26,0.26,0.26,0.26,0.00
20130909,0.26,0.26,0.26,0.26,0.00
20130906,0.26,0.26,0.26,0.26,0.00
20130905,0.26,0.26,0.26,0.26,0.00
20130904,0.26,0.26,0.26,0.26,0.00
20130903,0.26,0.26,0.26,0.26,0.00
20130902,0.26,0.26,0.26,0.26,0.00
20130830,0.26,0.26,0.26,0.26,0.00
20130829,0.26,0.26,0.26,0.26,0.00
20130828,0.26,0.26,0.26,0.26,0.00
20130827,0.26,0.26,0.26,0.26,0.00
20130826,0.26,0.26,0.26,0.26,0.00
20130823,0.26,0.26,0.26,0.26,0.00
20130822,0.26,0.26,0.26,0.26,0.00
20130821,0.26,0.26,0.26,0.26,0.00
20130820,0.26,0.26,0.26,0.26,0.00
20130819,0.26,0.26,0.26,0.26,0.00
20130816,0.26,0.26,0.26,0.26,0.00
20130815,0.26,0.26,0.26,0.26,0.00
20130814,0.26,0.26,0.26,0.26,0.00
20130813,0.26,0.26,0.26,0.26,0.00
20130812,0.26,0.26,0.26,0.26,0.00
20130809,0.26,0.26,0.26,0.26,0.00
20130808,0.26,0.26,0.26,0.26,0.00
20130807,0.26,0.26,0.26,0.26,0.00
20130806,0.26,0.26,0.26,0.26,0.00
20130805,0.26,0.26,0.26,0.26,0.00
20130802,0.26,0.26,0.26,0.26,0.00
20130801,0.26,0.26,0.26,0.26,0.00
20130731,0.26,0.26,0.26,0.26,0.00
20130730,0.26,0.26,0.26,0.26,0.00
20130729,0.26,0.26,0.26,0.26,0.00
20130726,0.26,0.26,0.26,0.26,0.00
20130725,0.26,0.26,0.26,0.26,0.00
20130724,0.26,0.26,0.26,0.26,0.00
20130723,0.26,0.26,0.26,0.26,0.00
20130722,0.26,0.26,0.26,0.26,0.00
20130719,0.26,0.26,0.26,0.26,0.00
20130718,0.26,0.26,0.26,0.26,0.00
20130717,0.26,0.26,0.26,0.26,0.00
20130716,0.26,0.26,0.26,0.26,0.00
20130715,0.26,0.26,0.26,0.26,0.00
20130712,0.26,0.26,0.26,0.26,0.00
20130711,0.26,0.26,0.26,0.26,0.00
20130710,0.26,0.26,0.26,0.26,0.00
20130709,0.26,0.26,0.26,0.26,0.00
20130708,0.26,0.26,0.26,0.26,0.00
20130705,0.26,0.26,0.26,0.26,0.00
20130704,0.26,0.26,0.26,0.26,0.00
20130703,0.26,0.26,0.26,0.26,0.00
20130702,0.26,0.26,0.26,0.26,0.00
20130701,0.26,0.26,0.26,0.26,0.00
20130628,0.26,0.26,0.26,0.26,0.00
20130627,0.26,0.26,0.26,0.26,0.00
20130626,0.26,0.26,0.26,0.26,0.00
20130625,0.26,0.26,0.26,0.26,0.00
20130624,0.26,0.26,0.26,0.26,0.00
20130621,0.26,0.26,0.26,0.26,0.00
20130620,0.30,0.26,0.30,0.30,0.00
20130619,0.27,0.26,0.23,0.29,1500.00
20130618,0.29,0.33,0.29,0.32,0.00
20130617,0.33,0.37,0.33,0.33,0.00
20130614,0.36,0.37,0.33,0.36,0.00
20130613,0.23,0.33,0.23,0.26,0.00
20130612,0.32,0.33,0.32,0.32,0.00
20130611,0.25,0.33,0.25,0.33,500.00
20130610,0.22,0.29,0.22,0.22,0.00
20130607,0.31,0.29,0.31,0.31,0.00
20130606,0.26,0.29,0.23,0.35,300.00
20130605,0.58,0.37,0.29,0.58,1100.00
20130604,0.58,0.66,0.58,0.66,0.00
20130603,0.58,0.66,0.58,0.58,0.00
20130531,0.64,0.66,0.64,0.64,0.00
20130530,0.66,0.66,0.66,0.66,0.00
20130529,0.58,0.66,0.58,0.58,0.00
20130528,0.67,0.66,0.58,0.67,0.00
20130527,0.66,0.66,0.66,0.66,0.00
20130524,0.66,0.66,0.66,0.66,0.00
20130523,0.58,0.66,0.58,0.58,0.00
20130522,0.66,0.66,0.66,0.66,0.00
20130521,0.70,0.66,0.58,0.70,0.00
20130520,0.64,0.66,0.58,0.64,0.00
20130517,0.51,0.62,0.51,0.66,0.00
20130516,0.58,0.58,0.58,0.58,0.00
20130515,0.60,0.58,0.60,0.60,0.00
20130514,0.44,0.58,0.44,0.58,0.00
20130513,0.58,0.58,0.58,0.58,0.00
20130510,0.58,0.58,0.58,0.58,0.00
20130509,0.59,0.58,0.59,0.59,0.00
20130508,0.58,0.58,0.58,0.58,0.00
20130507,0.58,0.58,0.58,0.58,0.00
20130506,0.58,0.58,0.58,0.58,0.00
20130503,0.59,0.58,0.59,0.59,0.00
20130502,0.53,0.58,0.53,0.59,0.00
20130501,0.58,0.58,0.58,0.59,0.00
20130430,0.61,0.66,0.51,0.61,0.00
20130429,0.64,0.62,0.53,0.64,100.00
20130426,0.66,0.66,0.62,0.66,0.00
20130425,0.73,0.66,0.73,0.73,200.00
20130424,0.62,0.66,0.62,0.62,0.00
20130423,0.66,0.66,0.66,0.66,0.00
20130422,0.66,0.66,0.66,0.66,0.00
20130419,0.58,0.66,0.51,0.58,100.00
20130418,0.66,0.66,0.66,0.66,0.00
20130417,0.73,0.66,0.73,0.73,100.00
20130416,0.66,0.66,0.66,0.66,0.00
20130415,0.67,0.66,0.67,0.67,0.00
20130412,0.72,0.66,0.72,0.72,0.00
20130411,0.62,0.66,0.62,0.68,0.00
20130410,0.68,0.66,0.66,0.68,0.00
20130409,0.72,0.69,0.66,0.72,0.00
20130408,0.68,0.69,0.66,0.68,0.00
20130405,0.73,0.69,0.58,0.73,200.00
20130404,0.73,0.77,0.73,0.73,0.00
20130403,0.77,0.77,0.58,0.77,300.00
20130402,0.73,0.77,0.73,0.76,0.00
20130401,0.77,0.77,0.77,0.77,0.00
20130329,0.77,0.77,0.77,0.77,0.00
20130328,0.69,0.77,0.68,0.77,100.00
20130327,0.73,0.67,0.63,0.73,0.00
20130326,0.79,0.77,0.66,0.79,0.00
20130325,0.85,0.77,0.73,0.87,200.00
20130322,0.90,0.88,0.83,0.90,100.00
20130321,0.90,0.88,0.90,0.90,200.00
20130320,1.01,0.91,0.88,1.01,100.00
20130319,0.89,0.88,0.89,0.89,100.00
20130318,0.88,0.91,0.88,0.89,0.00
20130315,0.91,0.91,0.91,0.91,0.00
20130314,0.90,0.91,0.90,0.90,0.00
20130313,0.89,0.91,0.88,0.95,500.00
20130312,0.90,0.91,0.88,0.90,0.00
20130311,0.90,0.91,0.88,0.91,100.00
20130308,0.91,0.91,0.91,0.91,0.00
20130307,0.86,0.91,0.86,0.90,0.00
20130306,0.86,0.88,0.86,0.86,0.00
20130305,0.88,0.88,0.80,0.88,100.00
20130304,0.88,0.91,0.88,0.88,0.00
20130301,0.88,0.91,0.88,0.91,100.00
20130228,0.92,0.84,0.80,0.92,200.00
20130227,0.88,0.88,0.88,0.88,0.00
20130226,0.93,0.88,0.93,0.93,0.00
20130225,0.88,0.88,0.88,0.88,0.00
20130222,0.88,0.88,0.88,0.95,0.00
20130221,0.86,0.88,0.86,0.86,0.00
20130220,0.88,0.88,0.88,0.89,0.00
20130219,0.89,0.88,0.81,0.97,0.00
20130218,0.84,0.88,0.84,0.89,0.00
20130215,0.91,0.88,0.89,0.91,0.00
20130214,0.80,0.88,0.80,0.91,0.00
20130213,0.80,0.88,0.80,0.88,0.00
20130212,0.88,0.91,0.88,0.88,0.00
20130211,0.88,0.95,0.88,0.99,300.00
20130208,0.95,0.99,0.95,0.99,0.00
20130207,1.02,0.99,0.95,1.02,0.00
20130206,1.05,0.99,0.95,1.05,0.00
20130205,1.02,1.02,1.02,1.05,0.00
20130204,1.02,1.06,1.02,1.02,0.00
20130201,1.06,1.06,1.06,1.06,0.00
20130131,1.03,1.06,1.03,1.03,0.00
20130130,1.04,1.06,1.04,1.04,0.00
20130129,1.03,1.06,1.03,1.03,0.00
20130128,1.08,1.06,1.04,1.08,0.00
20130125,1.17,1.10,1.17,1.17,0.00
20130124,1.05,1.06,1.04,1.10,0.00
20130123,1.08,1.06,1.02,1.08,0.00
20130122,1.08,1.06,1.08,1.08,0.00
20130121,1.06,1.06,1.06,1.06,0.00
20130118,1.07,1.06,1.04,1.08,0.00
20130117,1.07,1.06,1.04,1.07,0.00
20130116,1.02,1.06,1.02,1.10,0.00
20130115,1.10,1.02,0.94,1.11,100.00
20130114,1.16,1.17,1.10,1.16,0.00
20130111,1.13,1.17,1.10,1.17,0.00
20130110,1.10,1.17,1.10,1.10,0.00
20130109,1.17,1.17,1.17,1.17,0.00
20130108,1.30,1.20,1.10,1.30,100.00
20130107,1.30,1.20,1.13,1.30,0.00
20130104,1.19,1.20,1.12,1.24,100.00
20130103,1.17,1.13,1.11,1.24,100.00
20130102,1.17,1.02,0.99,1.17,0.00
20130101,1.06,1.06,1.06,1.06,0.00
20121231,1.02,1.06,1.02,1.10,0.00
20121228,1.02,0.99,0.96,1.02,0.00
20121227,0.95,0.95,0.88,1.02,0.00
20121225,0.99,0.99,0.99,0.99,0.00
20121224,1.02,0.99,0.97,1.10,0.00
20121221,0.84,0.91,0.82,0.88,100.00
20121220,0.80,0.84,0.80,0.83,0.00
20121219,0.80,0.84,0.80,0.80,0.00
20121218,0.84,0.84,0.84,0.84,0.00
20121217,0.80,0.84,0.80,0.80,0.00
20121214,0.83,0.84,0.73,0.83,0.00
20121213,0.80,0.84,0.80,0.80,0.00
20121212,0.84,0.84,0.84,0.84,0.00
20121211,0.80,0.84,0.80,0.80,0.00
20121210,0.73,0.84,0.73,0.73,0.00
20121207,0.84,0.84,0.84,0.84,0.00
20121206,0.80,0.84,0.80,0.80,0.00
20121205,0.80,0.84,0.73,0.80,0.00
20121204,0.84,0.84,0.84,0.84,0.00
20121203,0.82,0.84,0.80,0.83,0.00
20121130,0.88,0.88,0.88,0.88,0.00
20121129,0.88,0.88,0.88,0.88,0.00
20121128,0.88,0.88,0.88,0.88,0.00
20121127,0.81,0.88,0.81,0.81,0.00
20121126,0.88,0.88,0.88,0.88,0.00
20121123,0.80,0.88,0.80,0.80,0.00
20121122,0.91,0.88,0.91,0.91,0.00
20121121,0.94,0.88,0.81,0.94,0.00
20121120,0.83,0.88,0.83,0.83,0.00
20121119,0.91,0.88,0.91,0.91,0.00
20121116,0.82,0.88,0.82,0.82,0.00
20121115,0.92,0.88,0.82,0.92,0.00
20121114,0.91,0.88,0.82,0.93,0.00
20121113,0.88,0.88,0.88,0.88,0.00
20121112,0.88,0.88,0.88,0.88,0.00
20121109,0.81,0.88,0.81,0.81,0.00
20121108,0.82,0.88,0.82,0.82,0.00
20121107,0.95,0.91,0.95,0.95,0.00
20121106,0.91,0.91,0.91,0.91,0.00
20121105,0.91,0.91,0.91,0.91,0.00
20121102,0.88,0.91,0.88,0.88,0.00
20121101,0.88,0.91,0.80,0.88,0.00
20121031,0.91,0.91,0.91,0.91,0.00
20121030,0.97,0.91,0.84,0.97,0.00
20121029,0.73,0.84,0.73,0.73,0.00
20121026,0.82,0.84,0.82,0.82,0.00
20121025,0.73,0.84,0.73,0.82,0.00
20121024,0.89,0.91,0.89,0.89,0.00
20121023,0.89,0.91,0.80,0.89,0.00
20121022,0.89,0.91,0.89,0.89,0.00
20121019,0.91,0.91,0.91,0.91,0.00
20121018,0.81,0.91,0.81,0.89,0.00
20121017,0.88,0.91,0.76,0.93,0.00
20121016,0.92,0.95,0.88,0.93,0.00
20121015,0.88,0.95,0.88,0.88,0.00
20121012,0.88,0.95,0.88,0.88,0.00
20121011,0.88,0.95,0.88,0.88,0.00
20121010,0.88,0.95,0.88,0.88,0.00
20121009,0.92,0.95,0.88,0.92,0.00
20121008,0.80,0.95,0.80,0.80,0.00
20121005,0.96,0.99,0.88,0.96,0.00
20121004,0.95,0.99,0.88,0.95,0.00
20121003,1.02,1.02,1.02,1.02,0.00
20121002,0.98,1.02,0.98,0.98,0.00
20121001,1.02,1.02,1.02,1.02,0.00
20120928,1.05,1.02,0.95,1.06,0.00
20120927,1.06,1.02,0.99,1.06,0.00
20120926,1.07,1.02,0.95,1.10,0.00
20120925,0.98,1.02,0.96,1.02,100.00
20120924,0.91,0.95,0.90,0.99,0.00
20120921,0.89,0.84,0.89,0.89,0.00
20120920,0.76,0.84,0.76,0.76,0.00
20120919,0.84,0.84,0.84,0.84,0.00
20120918,0.85,0.84,0.85,0.85,0.00
20120917,0.85,0.84,0.85,0.85,0.00
20120914,0.76,0.84,0.76,0.85,0.00
20120913,0.85,0.84,0.80,0.90,200.00
20120912,0.91,0.91,0.91,0.98,0.00
20120911,0.88,0.88,0.88,0.88,0.00
20120910,0.87,0.88,0.84,0.87,0.00
20120907,0.88,0.88,0.88,0.88,0.00
20120906,0.95,0.88,0.95,0.95,0.00
20120905,0.88,0.88,0.88,0.90,0.00
20120904,0.84,0.84,0.84,0.84,0.00
20120903,0.85,0.84,0.85,0.85,0.00
20120831,0.88,0.84,0.88,0.88,0.00
20120830,0.84,0.84,0.84,0.88,0.00
20120829,0.84,0.84,0.84,0.84,0.00
20120828,0.84,0.84,0.84,0.84,0.00
20120827,0.84,0.84,0.84,0.84,0.00
20120824,0.84,0.84,0.84,0.84,0.00
20120823,0.84,0.84,0.84,0.84,0.00
20120822,0.86,0.84,0.84,0.86,0.00
20120821,0.80,0.84,0.80,0.88,0.00
20120820,0.78,0.77,0.78,0.78,0.00
20120817,0.80,0.77,0.78,0.80,0.00
20120816,0.80,0.77,0.80,0.80,0.00
20120815,0.76,0.77,0.76,0.79,200.00
20120814,0.76,0.77,0.76,0.76,0.00
20120813,0.74,0.77,0.74,0.80,100.00
20120810,0.73,0.77,0.73,0.73,0.00
20120809,0.73,0.77,0.73,0.73,0.00
20120808,0.75,0.77,0.73,0.75,0.00
20120807,0.60,0.77,0.60,0.75,0.00
20120806,0.74,0.77,0.73,0.74,0.00
20120803,0.74,0.88,0.74,0.95,0.00
20120802,0.96,0.99,0.96,0.96,0.00
20120801,0.97,0.99,0.97,0.97,0.00
20120731,0.91,0.99,0.91,0.98,0.00
20120730,0.88,0.88,0.88,0.88,0.00
20120727,0.85,0.88,0.80,0.86,200.00
20120726,0.77,0.80,0.77,0.77,0.00
20120725,0.88,0.80,0.88,0.88,0.00
20120724,0.77,0.80,0.76,0.85,100.00
20120723,1.02,1.02,1.02,1.02,0.00
20120720,0.73,1.02,0.73,0.73,0.00
20120719,1.02,1.02,1.02,1.02,0.00
20120718,0.95,1.02,0.95,0.95,0.00
20120717,0.95,1.02,0.73,0.95,0.00
20120716,1.02,1.02,1.02,1.02,0.00
20120713,0.95,1.02,0.95,0.95,0.00
20120712,1.02,1.02,1.02,1.02,0.00
20120711,0.95,1.02,0.95,0.95,0.00
20120710,0.95,1.02,0.95,0.95,0.00
20120709,0.95,1.02,0.95,0.95,0.00
20120706,0.95,0.99,0.95,0.95,0.00
20120705,0.95,1.02,0.95,0.95,0.00
20120704,0.95,1.02,0.95,0.95,0.00
20120703,0.98,1.02,0.98,0.98,0.00
20120702,0.99,0.99,0.99,0.99,0.00
20120629,0.99,0.99,0.99,0.99,0.00
20120628,0.96,0.99,0.88,0.96,0.00
20120627,0.80,1.02,0.80,1.04,100.00
20120626,1.10,1.10,1.10,1.10,0.00
20120625,1.10,1.10,1.10,1.10,0.00
20120622,1.04,1.10,1.04,1.04,0.00
20120621,1.10,1.10,1.10,1.10,0.00
20120620,1.05,1.10,1.02,1.05,0.00
20120619,1.02,1.10,1.02,1.02,0.00
20120618,0.96,1.10,1.02,1.10,0.00
20120615,1.10,1.13,1.10,1.10,0.00
20120614,1.10,1.13,1.10,1.10,0.00
20120613,1.10,1.13,1.10,1.10,0.00
20120612,1.13,1.13,1.13,1.13,0.00
20120611,1.10,1.13,0.95,1.10,0.00
20120608,1.13,1.13,1.13,1.13,0.00
20120607,1.04,1.13,1.10,1.10,0.00
20120606,1.10,1.13,1.10,1.10,0.00
20120605,1.13,1.13,1.13,1.13,0.00
20120604,1.13,1.13,1.13,1.13,0.00
20120601,1.17,1.13,1.17,1.17,0.00
20120531,1.10,1.13,1.10,1.10,0.00
20120530,1.13,1.13,1.13,1.13,0.00
20120529,1.13,1.13,1.13,1.13,0.00
20120528,1.10,1.13,1.10,1.10,0.00
20120525,1.10,1.13,1.10,1.10,0.00
20120524,1.13,1.13,1.13,1.13,0.00
20120523,1.10,1.13,1.10,1.10,0.00
20120522,1.10,1.13,1.10,1.10,0.00
20120521,1.17,1.13,1.02,1.17,0.00
20120518,1.02,1.13,1.02,1.02,0.00
20120517,1.10,1.13,1.10,1.12,0.00
20120516,1.17,1.13,0.89,1.17,0.00
20120515,1.20,1.20,1.20,1.20,0.00
20120514,1.23,1.20,1.23,1.23,0.00
20120511,1.17,1.20,1.17,1.17,0.00
20120510,1.17,1.20,1.17,1.17,0.00
20120509,1.18,1.20,1.17,1.18,0.00
20120508,1.24,1.20,1.24,1.24,0.00
20120507,1.20,1.20,1.20,1.20,0.00
20120504,1.18,1.20,1.18,1.18,0.00
20120503,1.17,1.20,1.17,1.30,0.00
20120502,1.20,1.20,1.20,1.20,0.00
20120501,1.17,1.20,1.17,1.17,0.00
20120430,1.17,1.20,1.17,1.24,0.00
20120427,1.23,1.22,1.17,1.27,0.00
20120426,1.21,1.22,1.17,1.24,100.00
20120425,1.24,1.23,1.24,1.25,0.00
20120424,1.28,1.26,1.19,1.28,500.00
20120423,1.19,1.24,1.19,1.28,0.00
20120420,1.31,1.24,1.20,1.31,0.00
20120419,1.20,1.24,1.18,1.30,0.00
20120418,1.24,1.24,1.24,1.24,0.00
20120417,1.15,1.24,1.15,1.24,0.00
20120416,1.39,1.18,1.39,1.39,0.00
20120413,1.18,1.18,1.18,1.18,0.00
20120412,1.15,1.18,1.15,1.15,0.00
20120411,1.18,1.18,1.12,1.21,100.00
20120410,1.18,1.14,1.18,1.18,0.00
20120409,1.14,1.14,1.14,1.14,0.00
20120406,1.14,1.14,1.14,1.14,0.00
20120405,1.18,1.14,1.17,1.20,0.00
20120404,1.22,1.19,1.17,1.22,0.00
20120403,1.23,1.22,1.20,1.23,0.00
20120402,1.23,1.23,1.20,1.27,0.00
20120330,1.25,1.25,1.25,1.26,0.00
20120329,1.31,1.28,1.30,1.31,0.00
20120328,1.24,1.27,1.23,1.30,100.00
20120327,1.26,1.27,1.23,1.30,0.00
20120326,1.21,1.27,1.21,1.28,300.00
20120323,1.17,1.20,1.17,1.17,0.00
20120322,1.28,1.20,1.17,1.28,100.00
20120321,1.26,1.24,1.17,1.28,100.00
20120320,1.17,1.24,1.17,1.28,500.00
20120319,1.30,1.13,1.02,1.30,100.00
20120316,1.05,1.06,0.84,1.27,600.00
20120315,0.99,1.06,0.93,1.45,400.00
20120314,0.91,0.95,0.91,0.96,0.00
20120313,0.88,0.95,0.88,0.88,0.00
20120312,0.88,0.95,0.88,0.88,0.00
20120309,0.88,0.95,0.88,0.88,0.00
20120308,1.01,0.95,0.86,1.01,0.00
20120307,1.00,0.99,1.00,1.00,0.00
20120306,0.89,0.99,0.86,0.89,0.00
20120305,1.02,0.99,1.02,1.02,0.00
20120302,0.88,0.99,0.88,0.88,0.00
20120301,1.04,0.99,0.88,1.04,100.00
20120229,0.88,1.02,0.88,1.15,100.00
20120228,0.80,0.85,0.80,0.88,0.00
20120227,0.88,0.88,0.83,0.88,100.00
20120224,0.88,0.88,0.88,0.88,0.00
20120223,0.97,0.95,0.88,0.97,0.00
20120222,1.02,0.99,0.95,1.04,0.00
20120221,1.02,1.06,1.02,1.04,0.00
20120220,1.02,1.10,1.02,1.04,0.00
20120217,1.10,1.10,1.02,1.17,0.00
20120216,1.12,1.13,1.10,1.14,0.00
20120215,1.12,1.13,1.12,1.17,0.00
20120214,1.10,1.13,1.10,1.39,0.00
20120213,1.07,1.13,1.05,1.24,2500.00
20120210,1.10,1.07,1.04,1.10,100.00
20120209,0.99,1.02,0.99,1.02,0.00
20120208,0.95,0.95,0.95,0.95,0.00
20120207,0.85,0.95,0.82,0.96,0.00
20120206,0.85,0.95,0.85,1.02,0.00
20120203,1.02,0.95,0.80,1.02,1100.00
20120202,0.77,0.95,0.77,1.05,0.00
20120201,0.97,0.88,0.97,0.97,0.00
20120131,0.77,0.88,0.77,0.77,0.00
20120130,0.95,0.88,0.95,0.97,0.00
20120127,0.79,0.88,0.73,0.95,0.00
20120126,0.80,0.88,0.76,0.95,100.00
20120125,0.77,0.88,0.74,0.82,2900.00
20120124,0.73,0.77,0.73,0.73,0.00
20120123,0.80,0.77,0.73,0.80,400.00
20120120,0.74,0.77,0.73,0.76,100.00
20120119,0.73,0.80,0.73,0.88,2200.00
20120118,0.80,0.80,0.73,0.88,0.00
20120117,0.80,0.84,0.80,0.80,0.00
20120116,0.80,0.84,0.80,0.80,0.00
20120113,0.80,0.84,0.80,0.81,0.00
20120112,0.80,0.84,0.76,0.83,0.00
20120111,0.80,0.84,0.80,0.80,0.00
20120110,0.80,0.84,0.80,0.80,0.00
20120109,0.80,0.84,0.80,0.80,0.00
20120106,0.80,0.84,0.80,0.80,0.00
20120105,0.80,0.84,0.79,0.80,0.00
20120104,0.81,0.84,0.81,0.81,0.00
20120103,0.80,0.84,0.80,0.80,0.00
20120102,0.84,0.84,0.84,0.84,0.00
20111230,0.83,0.84,0.83,0.83,0.00
20111229,0.84,0.84,0.84,0.84,0.00
20111228,0.89,0.84,0.80,0.89,300.00
20111227,0.91,0.91,0.91,0.91,0.00
20111226,0.91,0.91,0.91,0.91,0.00
20111223,0.91,0.91,0.91,0.91,0.00
20111222,0.88,0.91,0.88,0.89,0.00
20111221,1.39,0.91,0.88,1.17,0.00
20111220,0.91,0.91,0.91,0.91,0.00
20111219,0.91,0.91,0.91,0.91,0.00
20111216,0.88,0.91,0.88,0.88,0.00
20111215,0.88,0.91,0.88,0.88,0.00
20111214,0.88,0.91,0.88,0.95,0.00
20111213,1.06,1.06,1.06,1.06,0.00
20111212,1.02,1.06,1.02,1.02,0.00
20111209,1.02,1.10,1.02,1.02,0.00
20111208,1.02,1.10,1.02,1.02,0.00
20111207,1.02,1.10,1.02,1.02,0.00
20111206,1.03,1.10,1.03,1.03,0.00
20111205,1.03,1.10,1.03,1.03,0.00
20111202,1.02,1.10,1.02,1.02,0.00
20111201,1.03,1.10,1.03,1.03,0.00
20111130,1.06,1.10,1.03,1.06,0.00
20111129,1.02,1.10,1.02,1.02,0.00
20111128,1.02,1.10,1.02,1.02,0.00
20111125,1.02,1.10,1.02,1.09,0.00
20111124,1.10,1.13,1.10,1.10,0.00
20111123,1.17,1.13,1.10,1.17,0.00
20111122,1.39,1.24,1.22,1.39,0.00
20111121,1.46,1.50,1.46,1.46,0.00
20111118,1.46,1.50,1.43,1.46,0.00
20111117,1.75,1.57,1.52,1.75,100.00
20111116,1.77,1.79,1.75,1.78,0.00
20111115,1.79,1.82,1.79,1.79,0.00
20111114,1.82,1.82,1.82,1.82,0.00
20111111,1.80,1.82,1.78,1.80,0.00
20111110,1.78,1.82,1.78,1.78,0.00
20111109,1.78,1.82,1.77,1.81,0.00
20111108,1.83,1.83,1.78,1.83,0.00
20111107,1.85,1.85,1.85,1.86,0.00
20111104,1.88,1.88,1.88,1.88,0.00
20111103,1.85,1.88,1.85,1.85,0.00
20111102,1.88,1.88,1.88,1.88,0.00
20111101,1.88,1.88,1.88,1.88,0.00
20111031,1.85,1.88,1.85,1.85,0.00
20111028,1.85,1.88,1.85,1.87,0.00
20111027,1.87,1.88,1.86,1.87,0.00
20111026,1.86,1.88,1.86,1.87,0.00
20111025,1.87,1.88,1.87,1.87,0.00
20111024,1.87,1.88,1.87,1.87,0.00
20111021,1.85,1.88,1.85,1.87,0.00
20111020,1.88,1.88,1.88,1.88,0.00
20111019,1.87,1.88,1.87,1.87,0.00
20111018,1.85,1.88,1.85,1.85,0.00
20111017,1.90,1.88,1.75,1.90,200.00
20111014,1.90,1.93,1.90,1.90,0.00
20111013,1.90,1.93,1.75,1.92,0.00
20111012,1.90,1.93,1.90,1.90,0.00
20111011,1.94,1.93,1.94,1.94,0.00
20111010,1.85,1.91,1.85,1.85,0.00
20111007,1.90,1.90,1.90,1.90,0.00
20111006,1.96,1.93,1.89,1.96,0.00
20111005,2.04,2.01,1.97,2.04,0.00
20111004,2.04,2.04,2.04,2.04,0.00
20111003,2.01,2.12,2.01,2.01,0.00
20110930,2.12,2.12,2.09,2.12,0.00
20110929,2.12,2.15,2.12,2.12,0.00
20110928,2.19,2.15,2.12,2.19,0.00
20110927,2.22,2.23,2.19,2.22,0.00
20110926,2.22,2.23,2.20,2.22,0.00
20110923,2.19,2.23,2.15,2.26,0.00
20110922,2.25,2.23,2.19,2.29,0.00
20110921,2.18,2.23,2.18,2.31,300.00
20110920,2.12,2.15,1.98,2.18,100.00
20110919,2.04,2.14,2.04,2.15,200.00
20110916,2.04,2.01,1.99,2.04,0.00
20110915,1.99,2.01,1.99,2.04,100.00
20110914,1.90,1.99,1.90,2.13,600.00
20110913,1.90,1.91,1.90,1.91,400.00
20110912,1.88,1.92,1.84,1.93,200.00
20110909,1.75,1.88,1.75,2.00,600.00
20110908,1.74,1.74,1.73,1.75,0.00
20110907,1.72,1.74,1.72,1.75,200.00
20110906,1.72,1.74,1.72,1.74,0.00
20110905,1.72,1.74,1.72,1.72,100.00
20110902,1.72,1.72,1.72,1.72,0.00
20110901,1.69,1.72,1.69,1.69,0.00
20110831,1.74,1.72,1.70,1.74,0.00
20110830,1.69,1.69,1.69,1.69,0.00
20110826,1.68,1.69,1.68,1.68,0.00
20110825,1.69,1.69,1.69,1.69,0.00
20110824,1.68,1.69,1.68,1.68,0.00
20110823,1.68,1.69,1.68,1.68,0.00
20110822,1.68,1.69,1.68,1.68,100.00
20110819,1.69,1.69,1.69,1.69,0.00
20110818,1.68,1.69,1.68,1.68,0.00
20110817,1.68,1.69,1.68,1.68,0.00
20110816,1.69,1.69,1.69,1.69,0.00
20110815,1.68,1.69,1.63,1.70,200.00
20110812,1.70,1.69,1.70,1.70,0.00
20110811,1.68,1.69,1.68,1.68,100.00
20110810,1.66,1.69,1.66,1.68,100.00
20110809,1.61,1.69,1.61,1.68,200.00
20110808,1.68,1.69,1.62,1.68,100.00
20110805,1.75,1.72,1.68,1.75,0.00
20110804,1.80,1.80,1.80,1.80,0.00
20110803,1.80,1.80,1.80,1.80,0.00
20110802,1.80,1.80,1.80,1.80,0.00
20110801,1.80,1.80,1.80,1.80,0.00
20110729,1.80,1.80,1.79,1.80,200.00
20110728,1.80,1.80,1.80,1.80,0.00
20110727,1.80,1.80,1.80,1.80,0.00
20110726,1.80,1.80,1.80,1.80,0.00
20110725,1.80,1.81,1.80,1.80,0.00
20110722,1.80,1.81,1.80,1.80,0.00
20110721,1.80,1.81,1.80,1.80,100.00
20110720,1.80,1.81,1.80,1.80,300.00
20110719,1.80,1.81,1.80,1.80,0.00
20110718,1.80,1.81,1.80,1.81,0.00
20110715,1.81,1.82,1.81,1.81,0.00
20110714,1.82,1.82,1.82,1.82,0.00
20110713,1.80,1.82,1.80,1.83,200.00
20110712,1.81,1.82,1.81,1.81,100.00
20110711,1.80,1.82,1.80,1.82,100.00
20110708,1.80,1.80,1.80,1.80,0.00
20110707,1.80,1.81,1.80,1.82,0.00
20110706,1.80,1.81,1.80,1.83,100.00
20110705,1.80,1.80,1.78,1.81,0.00
20110704,1.80,1.81,1.80,1.80,0.00
20110701,1.80,1.81,1.76,1.80,100.00
20110630,1.81,1.81,1.81,1.81,0.00
20110629,1.78,1.80,1.78,1.80,100.00
20110628,1.72,1.80,1.72,1.80,700.00
20110627,1.71,1.72,1.71,1.71,0.00
20110624,1.73,1.72,1.68,1.73,300.00
20110623,1.46,1.74,1.46,1.75,2200.00
20110622,1.53,1.50,1.46,1.53,0.00
20110621,1.52,1.50,1.46,1.52,0.00
20110620,1.52,1.50,1.47,1.52,0.00
20110617,1.47,1.50,1.47,1.47,0.00
20110616,1.47,1.50,1.47,1.47,0.00
20110615,1.53,1.50,1.46,1.53,0.00
20110614,1.46,1.50,1.46,1.52,100.00
20110613,1.46,1.50,1.46,1.46,0.00
20110610,1.53,1.57,1.53,1.53,0.00
20110609,1.61,1.64,1.61,1.61,0.00
20110608,1.58,1.57,1.46,1.58,100.00
20110607,1.58,1.63,1.57,1.58,0.00
20110606,1.57,1.58,1.49,1.59,100.00
20110603,1.64,1.64,1.64,1.64,0.00
20110602,1.61,1.64,1.60,1.61,0.00
20110601,1.61,1.68,1.61,1.63,0.00
20110531,1.68,1.68,1.68,1.68,0.00
20110527,1.68,1.72,1.64,1.68,100.00
20110526,1.68,1.67,1.64,1.68,100.00
20110525,1.64,1.66,1.64,1.64,0.00
20110524,1.72,1.66,1.61,1.75,1100.00
20110523,1.75,1.74,1.61,1.75,0.00
20110520,1.72,1.79,1.68,1.78,100.00
20110519,1.85,1.79,1.75,1.87,800.00
20110518,1.66,1.83,1.56,1.93,7000.00
20110517,1.61,1.57,1.56,1.61,2300.00
20110516,1.46,1.57,1.46,1.61,100.00
20110513,1.61,1.57,1.46,1.68,0.00
20110512,1.77,1.75,1.68,1.83,0.00
20110511,1.83,1.75,1.68,1.83,100.00
20110510,1.82,1.79,1.75,1.83,100.00
20110509,2.13,1.79,1.83,2.13,0.00
20110506,2.15,2.15,2.13,2.15,0.00
20110505,2.17,2.19,2.12,2.24,100.00
20110504,2.04,2.15,2.04,2.31,400.00
20110503,2.04,2.12,2.04,2.12,200.00
20110428,2.04,2.12,2.02,2.04,0.00
20110427,2.06,2.12,2.06,2.06,0.00
20110426,2.12,2.12,2.06,2.12,0.00
20110421,2.15,2.12,2.15,2.15,0.00
20110420,2.04,2.12,2.04,2.04,0.00
20110419,2.04,2.12,2.04,2.04,0.00
20110418,2.15,2.12,2.04,2.15,0.00
20110415,2.12,2.15,2.12,2.12,0.00
20110414,2.15,2.15,2.15,2.15,200.00
20110413,2.12,2.15,2.12,2.15,0.00
20110412,2.15,2.15,2.12,2.15,0.00
20110411,1.83,2.15,1.83,1.83,500.00
20110408,2.12,2.15,2.12,2.12,0.00
20110407,2.12,2.15,2.12,2.12,0.00
20110406,2.12,2.15,2.12,2.12,0.00
20110405,2.15,2.15,2.15,2.15,0.00
20110404,2.12,2.15,2.12,2.15,100.00
20110401,2.15,2.15,2.12,2.15,100.00
20110331,2.12,2.15,2.12,2.12,0.00
20110330,2.13,2.15,2.12,2.13,100.00
20110329,2.19,2.15,2.04,2.19,300.00
20110328,2.48,2.35,1.83,2.48,1900.00
20110325,2.92,2.96,2.92,2.92,0.00
20110324,2.92,2.96,2.92,2.92,100.00
20110323,2.92,2.96,2.92,2.92,0.00
20110322,2.34,2.96,2.34,3.18,100.00
20110321,3.07,3.29,3.07,3.07,0.00
20110318,3.07,3.29,3.07,3.07,0.00
20110317,3.07,3.29,3.07,3.07,0.00
20110316,3.07,3.29,3.07,3.07,0.00
20110315,3.29,3.29,3.29,3.29,0.00
20110314,3.07,3.29,3.07,3.07,0.00
20110311,3.29,3.29,3.29,3.29,0.00
20110310,3.29,3.29,3.07,3.29,0.00
20110309,3.39,3.39,3.39,3.39,0.00
20110308,3.29,3.39,3.29,3.29,0.00
20110307,3.34,3.39,3.34,3.34,0.00
20110304,2.92,3.39,2.92,3.29,0.00
20110303,3.39,3.39,3.39,3.39,0.00
20110302,3.29,3.39,3.29,3.29,0.00
20110301,3.36,3.39,3.36,3.36,0.00
20110228,3.29,3.39,3.29,3.29,0.00
20110225,3.47,3.47,3.47,3.47,0.00
20110224,3.43,3.54,3.43,3.43,0.00
20110223,3.50,3.54,3.50,3.50,0.00
20110222,3.50,3.54,3.43,3.50,200.00
20110221,3.51,3.58,3.51,3.51,0.00
20110218,3.61,3.58,3.61,3.61,0.00
20110217,3.58,3.58,3.58,3.58,0.00
20110216,3.43,3.58,3.43,3.58,100.00
20110215,3.65,3.65,3.65,3.65,0.00
20110214,3.65,3.65,3.65,3.65,0.00
20110211,3.69,3.69,3.69,3.69,0.00
20110210,3.69,3.69,3.43,3.43,0.00
20110209,3.83,3.69,3.43,3.76,0.00
20110208,3.47,3.83,3.50,3.83,100.00
20110207,3.72,3.58,3.58,3.68,0.00
20110204,3.72,3.72,3.65,3.72,0.00
20110203,3.72,3.72,3.72,3.72,0.00
20110202,3.72,3.72,3.65,3.72,0.00
20110201,3.72,3.72,3.72,3.72,200.00
20110131,3.72,3.72,3.65,3.72,1200.00
20110128,3.72,3.72,3.65,3.72,3900.00
20110127,3.72,3.72,3.72,3.72,0.00
20110126,3.83,3.72,3.65,3.72,0.00
20110125,3.91,3.83,3.65,3.94,400.00
20110124,4.09,3.91,3.80,3.94,200.00
20110121,4.02,4.09,3.80,4.09,0.00
20110120,4.02,4.02,3.80,4.02,0.00
20110119,4.31,4.02,3.94,4.23,0.00
20110118,4.53,4.31,4.23,4.52,0.00
20110117,4.23,4.53,4.23,4.63,300.00
20110114,4.09,4.23,3.80,4.38,8900.00
20110113,4.09,4.09,3.80,4.09,0.00
20110112,3.83,3.91,3.80,3.91,200.00
20110111,3.58,3.83,3.50,3.87,100.00
20110110,3.50,3.50,3.36,3.58,0.00
20110107,3.10,3.50,2.55,3.50,100.00
20110106,3.10,3.10,2.55,3.17,0.00
20110105,3.10,3.10,2.92,3.10,0.00
20110104,3.10,3.10,2.92,3.17,0.00
20101231,3.10,3.10,2.92,3.10,0.00
20101230,3.10,3.10,2.55,3.10,1700.00
20101229,3.10,3.10,3.10,3.10,0.00
20101227,3.10,3.10,3.10,3.10,0.00
20101224,3.10,3.10,3.10,3.18,0.00
20101223,3.47,3.10,2.92,3.29,0.00
20101222,3.47,3.47,3.29,3.47,100.00
20101221,3.47,3.47,2.92,3.47,0.00
20101220,3.47,3.47,3.29,3.47,0.00
20101217,3.47,3.47,3.29,3.47,0.00
20101216,3.47,3.47,3.47,3.47,0.00
20101215,3.47,3.47,3.29,3.47,0.00
20101214,3.47,3.47,3.07,3.47,100.00
20101213,3.10,3.47,3.07,3.61,200.00
20101210,3.10,3.10,2.92,3.29,300.00
20101209,3.10,3.10,3.04,3.10,0.00
20101208,3.10,3.10,2.92,3.10,0.00
20101207,3.10,3.10,2.92,3.10,0.00
20101206,3.47,3.29,2.95,3.50,0.00
20101203,3.47,3.47,3.29,3.47,0.00
20101202,3.47,3.47,3.29,3.47,0.00
20101201,3.47,3.47,3.29,3.47,0.00
20101130,3.47,3.47,3.33,3.47,0.00
20101129,3.47,3.47,3.29,3.50,0.00
20101126,3.47,3.47,3.29,3.47,0.00
20101125,3.47,3.47,3.29,3.47,0.00
20101124,3.47,3.47,3.29,3.47,0.00
20101123,4.02,3.47,3.29,4.02,200.00
20101122,4.38,4.02,4.02,4.09,0.00
20101119,4.20,4.38,4.10,4.38,0.00
20101118,4.20,4.20,4.10,4.29,0.00
20101117,4.56,4.20,4.16,4.38,0.00
20101116,4.56,4.56,4.38,4.56,0.00
20101115,4.56,4.56,4.38,4.63,0.00
20101112,4.56,4.56,4.56,4.56,0.00
20101111,4.56,4.56,4.38,4.64,0.00
20101110,4.56,4.56,4.54,4.66,0.00
20101109,4.56,4.56,4.38,4.56,0.00
20101108,4.56,4.56,4.56,4.56,0.00
20101105,4.56,4.56,4.38,4.58,0.00
20101104,4.56,4.56,4.38,4.56,0.00
20101103,4.56,4.56,4.56,4.75,0.00
20101102,4.56,4.56,4.56,4.61,0.00
20101101,4.75,4.56,4.43,4.75,0.00
20101029,4.38,4.56,4.38,4.56,0.00
20101028,4.56,4.38,4.38,4.45,0.00
20101027,4.20,4.38,4.04,4.38,1300.00
20101026,4.20,4.20,4.02,4.20,0.00
20101025,4.38,4.20,4.02,4.67,0.00
20101022,4.75,4.20,4.02,4.81,100.00
20101021,4.75,4.38,4.38,4.53,0.00
20101020,4.75,4.38,4.38,4.38,0.00
20101019,4.75,4.75,4.64,4.75,0.00
20101018,4.75,4.75,4.53,4.75,0.00
20101015,4.75,4.53,4.53,4.53,0.00
20101014,4.75,4.75,4.38,4.75,0.00
20101013,4.20,4.75,4.31,4.93,100.00
20101012,4.20,4.20,4.20,4.20,0.00
20101011,4.20,4.16,4.16,4.16,0.00
20101008,3.83,4.34,3.99,4.38,0.00
20101007,3.47,3.83,2.92,3.94,2300.00
20101006,3.47,3.65,3.45,3.65,100.00
20101005,3.10,3.83,2.92,4.28,3400.00
20101004,3.10,3.10,2.92,3.10,0.00
20101001,3.10,2.95,2.95,3.21,0.00
20100930,2.92,3.10,2.55,3.10,0.00
20100929,2.92,3.14,3.10,3.14,0.00
20100928,3.10,3.10,2.55,3.14,0.00
20100927,3.10,3.10,2.92,3.10,0.00
20100924,3.10,3.10,2.92,3.10,0.00
20100923,3.10,3.10,2.92,3.10,0.00
20100922,3.10,2.95,2.85,2.95,0.00
20100921,3.10,3.10,3.10,3.10,0.00
20100920,3.10,3.10,2.92,3.10,0.00
20100917,3.10,3.10,2.93,3.29,0.00
20100916,3.10,3.08,3.08,3.08,0.00
20100915,3.10,3.10,2.92,3.10,0.00
20100914,3.10,3.10,2.92,3.10,0.00
20100913,3.10,3.10,2.92,3.10,0.00
20100910,3.10,3.10,3.10,3.10,0.00
20100909,3.10,3.10,2.92,3.10,0.00
20100908,3.10,3.10,3.10,3.10,0.00
20100907,3.10,2.95,2.95,2.95,0.00
20100906,3.10,3.10,3.10,3.10,0.00
20100903,3.10,3.10,2.92,3.10,0.00
20100902,3.10,3.10,3.10,3.10,0.00
20100901,3.10,2.95,2.92,3.24,0.00
20100831,3.10,2.95,2.95,2.95,0.00
20100830,3.10,3.10,3.10,3.10,0.00
20100827,2.92,3.10,2.92,3.10,0.00
20100826,2.92,2.92,2.92,2.92,0.00
20100825,2.92,2.96,2.96,2.96,0.00
20100824,2.92,2.92,2.92,2.92,0.00
20100823,2.92,2.55,2.55,2.55,0.00
20100820,2.92,2.92,2.92,2.92,0.00
20100819,2.92,2.92,2.92,2.92,0.00
20100818,2.92,2.92,2.92,2.92,0.00
20100817,2.92,2.55,2.55,2.55,0.00
20100816,2.92,2.55,2.55,2.55,0.00
20100813,2.92,2.92,2.92,2.92,0.00
20100812,2.92,2.59,2.59,2.59,0.00
20100811,3.10,2.99,2.99,2.99,0.00
20100810,3.10,3.10,2.92,3.21,0.00
20100809,3.10,3.10,3.10,3.10,0.00
20100806,3.10,3.10,2.92,3.10,0.00
20100805,3.10,3.10,2.92,3.21,0.00
20100804,3.10,2.99,2.99,2.99,0.00
20100803,3.10,2.99,2.92,3.21,0.00
20100802,3.10,2.99,2.92,3.21,0.00
20100730,3.10,3.10,2.92,3.10,0.00
20100729,2.74,3.10,2.70,3.14,0.00
20100728,2.74,2.64,2.64,2.64,0.00
20100727,2.74,2.74,2.74,2.74,0.00
20100726,2.74,2.74,2.74,2.74,0.00
20100723,2.74,2.74,2.70,2.74,0.00
20100722,2.74,2.74,2.74,2.74,0.00
20100721,2.74,2.74,2.74,2.92,0.00
20100720,2.74,2.64,2.64,2.64,0.00
20100719,2.74,2.74,2.70,2.74,0.00
20100716,2.74,2.74,2.74,2.74,0.00
20100715,2.74,2.63,2.63,2.70,0.00
20100714,2.74,2.63,2.63,2.63,0.00
20100713,2.92,2.72,2.72,2.83,0.00
20100712,3.10,2.92,2.19,3.10,0.00
20100709,3.10,3.10,3.10,3.10,0.00
20100708,3.10,3.12,3.12,3.12,0.00
20100707,3.10,3.10,3.10,3.10,0.00
20100706,3.47,3.10,2.85,3.13,0.00
20100705,3.47,3.37,2.92,3.94,200.00
20100702,3.83,3.65,2.92,3.65,0.00
20100701,3.83,3.29,3.29,3.29,0.00
20100630,3.83,3.65,3.65,3.65,0.00
20100629,3.83,3.80,3.80,3.80,0.00
20100628,4.02,3.83,3.83,3.94,0.00
20100625,4.02,4.02,3.94,4.02,0.00
20100624,4.02,3.65,3.65,3.65,0.00
20100623,4.02,4.06,4.06,4.06,0.00
20100622,4.02,4.07,3.47,4.07,0.00
20100621,3.65,3.74,3.74,4.30,0.00
20100618,3.65,3.65,3.65,3.65,0.00
20100617,3.65,3.65,3.65,3.65,0.00
20100616,3.65,3.80,3.80,3.80,0.00
20100615,3.65,3.65,3.65,3.65,0.00
20100614,3.65,3.45,3.45,3.93,0.00
20100611,3.65,3.65,3.65,3.65,0.00
20100610,3.65,3.29,3.29,3.29,0.00
20100609,3.65,3.65,3.65,3.94,0.00
20100608,3.65,3.56,3.56,3.80,0.00
20100607,3.47,3.80,3.29,3.80,0.00
20100604,3.47,3.47,3.42,3.47,0.00
20100603,3.47,2.55,2.55,2.55,0.00
20100602,3.47,3.47,3.47,3.47,0.00
20100601,3.47,3.47,3.47,3.47,0.00
20100531,3.47,3.47,3.47,3.47,0.00
20100528,3.47,3.47,3.47,3.47,0.00
20100527,3.47,3.47,3.43,3.47,0.00
20100526,3.47,3.29,3.29,3.29,0.00
20100525,3.47,3.47,3.47,3.47,0.00
20100524,3.47,3.47,3.47,3.47,0.00
20100521,3.47,3.47,3.47,3.47,0.00
20100520,3.47,3.29,3.29,3.29,0.00
20100519,3.47,3.47,3.47,3.50,0.00
20100518,3.47,3.47,3.47,3.47,0.00
20100517,3.47,3.47,3.47,3.52,0.00
20100514,3.47,3.29,3.29,3.29,0.00
20100513,3.47,3.30,3.30,3.30,0.00
20100512,3.47,3.47,3.47,3.47,0.00
20100511,3.47,3.29,3.29,3.29,0.00
20100510,3.47,3.29,3.29,3.29,0.00
20100507,3.47,3.29,3.29,3.29,0.00
20100506,3.47,3.29,3.29,3.65,0.00
20100505,3.47,3.30,3.30,3.30,0.00
20100504,4.38,4.38,4.38,4.38,0.00
20100503,3.47,3.47,3.47,3.47,0.00
20100430,3.47,3.65,3.65,3.65,0.00
20100429,3.47,3.65,3.65,3.65,0.00
20100428,3.47,3.47,3.47,3.47,0.00
20100427,3.47,3.31,3.31,3.31,0.00
20100426,3.47,3.47,3.47,3.47,0.00
20100423,3.47,3.47,3.47,3.47,0.00
20100422,3.47,3.29,3.29,3.31,0.00
20100421,3.47,3.65,3.65,3.65,0.00
20100420,3.47,3.47,3.47,3.47,0.00
20100419,3.83,3.64,3.29,3.65,0.00
20100416,3.83,3.83,3.83,3.83,0.00
20100415,3.83,3.87,3.65,3.87,0.00
20100414,3.83,3.65,3.65,3.65,0.00
20100413,3.83,3.65,3.65,3.65,0.00
20100412,3.83,3.87,3.87,3.87,0.00
20100409,3.83,3.87,3.87,3.87,0.00
20100408,3.83,3.65,3.65,3.94,0.00
20100407,4.02,3.83,3.65,3.94,0.00
20100406,4.38,4.09,3.65,4.16,0.00
20100405,4.38,4.38,4.38,4.38,0.00
20100402,4.38,4.38,4.38,4.38,0.00
20100401,4.38,4.12,4.12,4.51,0.00
20100331,4.38,4.38,4.38,4.51,0.00
20100330,4.38,4.38,4.38,4.51,0.00
20100329,4.75,4.10,4.09,4.53,0.00
20100326,4.75,5.11,5.11,5.11,0.00
20100325,4.75,4.38,4.38,4.64,0.00
20100324,4.75,4.38,4.38,4.38,0.00
20100323,4.93,4.38,4.38,5.02,0.00
20100322,5.11,5.11,5.11,5.11,0.00
20100319,5.11,5.11,5.11,5.11,0.00
20100318,5.11,4.75,4.75,4.76,0.00
20100317,5.11,4.75,4.75,5.15,100.00
20100316,5.11,5.14,5.14,5.14,0.00
20100315,5.11,4.75,4.75,5.15,0.00
20100312,5.11,5.11,5.11,5.11,0.00
20100311,5.11,4.96,4.75,5.46,0.00
20100310,5.11,4.75,4.75,5.26,0.00
20100309,5.11,4.75,4.75,4.75,0.00
20100308,5.11,4.75,4.75,5.33,0.00
20100305,3.47,3.47,3.47,3.47,0.00
20100304,4.75,5.48,4.75,5.48,2900.00
20100303,4.75,4.75,4.75,5.10,0.00
20100302,4.56,4.73,4.61,4.73,0.00
20100301,4.56,4.73,4.73,4.73,0.00
20100226,4.56,4.73,4.73,4.73,0.00
20100225,4.56,4.75,4.38,4.75,1400.00
20100224,4.93,4.75,4.75,4.75,0.00
20100223,4.93,4.93,4.93,4.93,0.00
20100222,4.93,4.96,4.96,4.96,0.00
20100219,4.93,4.76,4.76,4.89,0.00
20100218,4.93,4.75,4.75,4.82,0.00
20100217,5.11,5.11,5.11,5.11,0.00
20100216,5.11,5.11,5.11,5.11,0.00
20100215,5.11,4.75,4.75,5.18,0.00
20100212,5.11,4.75,4.75,4.75,0.00
20100211,5.11,4.75,4.75,4.75,0.00
20100210,5.11,5.11,5.11,5.11,0.00
20100209,5.11,5.24,5.24,5.24,0.00
20100208,5.11,5.11,5.11,5.11,0.00
20100205,5.11,5.24,4.75,5.26,0.00
20100204,4.38,4.38,4.38,4.38,0.00
20100203,5.11,4.96,4.38,4.98,0.00
20100202,5.11,4.76,4.76,4.76,0.00
20100201,4.93,5.11,4.75,5.11,200.00
20100129,5.48,5.11,4.75,5.11,0.00
20100128,5.48,5.11,5.11,5.83,0.00
20100127,5.48,5.83,5.83,5.83,0.00
20100126,5.48,5.48,5.48,5.48,0.00
20100125,5.29,5.11,5.11,5.45,0.00
20100122,5.29,5.29,5.11,5.45,500.00
20100121,5.48,5.12,5.12,5.46,0.00
20100120,6.02,5.58,5.11,5.84,0.00
20100119,5.84,5.96,5.84,5.97,100.00
20100118,5.84,5.55,5.55,6.19,0.00
20100115,6.21,5.84,5.66,6.19,200.00
20100114,6.57,6.92,5.84,6.92,200.00
20100113,6.21,6.18,5.11,7.29,1300.00
20100112,6.21,6.16,6.16,6.16,0.00
20100111,6.39,6.21,6.19,6.21,0.00
20100108,6.39,5.84,5.84,6.28,0.00
20100107,6.39,5.84,5.84,6.35,0.00
20100106,3.47,3.47,3.47,3.47,0.00
20100105,5.84,6.02,5.84,6.02,0.00
20100104,5.84,6.02,6.02,6.02,0.00
20091231,5.84,6.06,6.06,6.06,0.00
20091230,5.84,5.84,5.84,5.84,0.00
20091229,5.84,5.84,5.84,5.84,0.00
20091225,6.02,6.02,6.02,6.02,0.00
20091224,5.84,5.84,5.84,5.84,0.00
20091223,5.66,5.84,5.55,6.21,0.00
20091222,6.57,5.84,5.80,6.75,100.00
20091221,6.02,5.83,5.83,5.83,0.00
20091218,6.02,5.84,5.48,6.02,500.00
20091217,6.02,5.48,5.48,5.48,0.00
20091216,6.21,5.84,5.84,6.16,0.00
20091215,6.21,6.21,6.21,6.21,0.00
20091214,6.21,5.84,5.84,5.84,0.00
20091211,6.21,5.84,5.84,5.84,0.00
20091210,6.21,6.21,6.21,6.21,0.00
20091209,7.48,5.84,5.84,5.84,0.00
20091208,7.48,7.34,7.34,7.34,0.00
20091207,7.30,7.37,7.23,7.37,0.00
20091204,7.30,7.22,7.22,7.22,0.00
20091203,7.30,7.23,7.23,7.23,0.00
20091202,7.30,7.23,6.94,7.23,0.00
20091201,7.30,7.23,6.94,7.37,0.00
20091130,7.30,7.08,7.08,8.00,0.00
20091127,7.30,6.57,6.57,6.57,0.00
20091126,7.48,6.57,6.57,7.37,0.00
20091125,7.48,6.94,6.94,6.94,0.00
20091124,7.48,7.48,7.48,7.48,0.00
20091123,7.48,7.48,7.48,7.48,0.00
20091120,7.48,7.48,7.48,7.48,0.00
20091119,7.48,6.94,6.94,6.94,0.00
20091118,7.48,6.94,6.94,6.94,0.00
20091117,7.48,7.21,7.21,7.21,0.00
20091116,7.48,7.21,7.21,7.21,0.00
20091113,7.48,6.94,6.94,6.94,0.00
20091112,7.12,7.08,7.08,7.08,0.00
20091111,6.39,6.39,6.39,6.39,0.00
20091110,6.39,6.57,6.21,6.57,0.00
20091109,6.39,6.57,6.57,6.57,0.00
20091106,6.39,6.57,6.57,6.57,0.00
20091105,6.39,6.50,6.42,6.50,0.00
20091104,6.39,6.42,6.42,6.42,0.00
20091103,6.39,6.42,6.42,6.42,0.00
20091102,6.39,6.42,6.42,6.42,0.00
20091030,6.39,6.39,6.39,6.39,0.00
20091029,6.39,6.34,6.34,6.34,0.00
20091028,7.12,5.69,5.69,6.57,0.00
20091027,7.30,5.84,5.84,7.02,100.00
20091026,7.30,6.94,6.94,6.94,0.00
20091023,7.30,7.30,7.30,7.30,0.00
20091022,7.30,7.30,7.30,7.30,0.00
20091021,7.30,7.30,7.30,7.30,0.00
20091020,7.67,7.30,7.30,7.30,0.00
20091019,8.76,7.30,7.30,8.03,0.00
20091016,8.76,8.76,8.76,8.76,0.00
20091015,8.76,8.40,8.40,8.69,0.00
20091014,8.76,8.40,8.40,8.40,0.00
20091013,8.76,8.76,8.76,8.76,0.00
20091012,8.76,8.76,8.76,8.76,0.00
20091009,8.76,8.40,8.40,8.47,0.00
20091008,8.76,8.76,8.76,8.76,0.00
20091007,8.76,8.76,8.40,8.76,0.00
20091006,8.76,8.40,8.40,8.76,0.00
20091005,8.76,8.76,8.76,8.76,0.00
20091002,8.76,8.40,8.40,8.61,0.00
20091001,8.76,8.76,8.76,8.76,0.00
20090930,8.76,8.76,8.76,8.76,0.00
20090929,8.76,8.76,8.76,8.76,0.00
20090928,8.76,8.40,8.40,8.40,0.00
20090925,8.76,8.40,8.40,8.40,0.00
20090924,8.76,8.40,8.40,8.40,0.00
20090923,8.76,8.40,8.40,8.40,0.00
20090922,8.76,8.72,8.72,8.72,0.00
20090921,8.58,8.40,7.67,9.13,0.00
20090918,8.58,8.53,8.53,8.53,0.00
20090917,8.76,8.40,8.40,8.40,0.00
20090916,8.76,8.40,8.40,8.61,0.00
20090915,8.76,8.40,8.40,8.67,0.00
20090914,8.76,8.40,8.40,8.40,0.00
20090911,8.58,8.40,8.10,8.69,0.00
20090910,8.58,8.58,8.58,8.58,0.00
20090909,8.58,8.40,8.03,8.40,100.00
20090908,8.58,8.40,8.40,8.43,0.00
20090907,8.58,8.14,8.14,8.47,0.00
20090904,8.58,8.58,8.58,8.58,0.00
20090903,8.58,8.58,8.03,8.58,0.00
20090902,8.58,8.58,8.03,8.58,0.00
20090901,8.58,8.47,8.47,8.47,0.00
20090831,8.58,8.58,8.58,8.58,0.00
20090828,8.58,8.58,8.58,8.58,0.00
20090827,8.58,8.60,8.40,8.61,1400.00
20090826,8.58,8.72,7.67,8.72,0.00
20090825,8.58,8.58,8.58,8.58,0.00
20090824,8.58,8.58,8.03,8.72,0.00
20090821,8.58,8.73,8.03,8.73,0.00
20090820,8.58,8.40,8.40,8.76,0.00
20090819,8.61,8.58,8.03,8.76,0.00
20090818,8.58,8.58,8.58,8.58,0.00
20090817,8.58,8.60,8.03,8.83,0.00
20090814,8.58,8.58,8.03,8.58,0.00
20090813,8.58,8.58,8.03,8.60,0.00
20090812,8.58,8.58,8.58,8.91,0.00
20090811,8.58,8.58,8.58,8.58,0.00
20090810,8.58,8.58,8.03,8.61,0.00
20090807,8.58,8.61,8.40,8.61,0.00
20090806,8.58,8.60,8.03,8.61,0.00
20090805,8.58,8.61,8.03,8.69,0.00
20090804,8.94,8.40,8.04,8.72,0.00
20090803,8.94,8.94,8.94,9.05,0.00
20090731,8.94,8.94,8.94,9.08,0.00
20090730,9.31,9.08,8.40,9.71,0.00
20090729,9.31,9.67,9.67,9.71,0.00
20090728,9.86,9.49,9.49,10.00,0.00
20090727,9.86,9.49,9.49,9.78,0.00
20090724,9.86,10.00,10.00,10.00,0.00
20090723,10.22,9.86,9.56,10.40,0.00
20090722,10.22,9.49,9.13,10.44,0.00
20090721,10.22,9.86,9.49,10.95,0.00
20090720,10.04,10.48,10.48,10.58,0.00
20090717,10.04,10.44,9.20,10.44,0.00
20090716,10.04,10.04,9.13,10.44,0.00
20090715,10.04,10.44,10.44,10.44,0.00
20090714,10.58,10.22,10.22,10.22,0.00
20090713,10.58,10.58,10.58,10.58,0.00
20090710,10.58,10.51,10.22,10.51,0.00
20090709,10.77,10.22,10.22,11.04,0.00
20090708,11.32,10.22,10.22,10.22,0.00
20090707,11.32,11.24,11.24,11.24,0.00
20090706,11.32,10.95,10.95,11.28,0.00
20090703,11.32,10.95,10.95,10.95,0.00
20090702,11.32,11.28,11.28,11.28,0.00
20090701,11.32,11.32,11.32,11.32,0.00
20090630,11.32,10.95,10.95,11.28,0.00
20090629,11.32,10.95,10.95,11.28,0.00
20090626,11.32,11.28,11.27,11.46,0.00
20090625,11.32,10.95,10.95,11.27,0.00
20090624,11.32,10.95,10.95,11.28,0.00
20090623,11.32,10.95,10.95,11.50,0.00
20090622,11.32,11.21,10.95,11.39,0.00
20090619,11.32,10.95,10.58,11.24,0.00
20090618,11.32,10.95,10.95,11.30,0.00
20090617,11.32,11.30,10.95,11.68,0.00
20090616,11.32,11.43,10.95,11.53,0.00
20090615,11.32,11.53,10.95,11.68,800.00
20090612,11.13,10.22,10.22,10.95,0.00
20090611,11.13,11.04,10.58,11.68,0.00
20090610,11.13,11.04,11.04,11.68,0.00
20090609,11.68,10.58,10.22,11.04,0.00
20090608,11.68,10.66,10.66,10.66,0.00
20090605,12.23,12.05,11.68,12.05,0.00
20090604,12.23,11.97,11.97,11.97,0.00
20090603,12.23,12.05,12.05,12.05,0.00
20090602,12.23,11.68,11.68,11.68,0.00
20090601,12.23,12.07,11.68,12.18,0.00
20090529,12.23,12.08,11.68,12.08,0.00
20090528,12.23,11.83,11.83,11.83,0.00
20090527,12.23,11.83,11.83,12.18,0.00
20090526,12.23,12.19,12.19,12.19,0.00
20090525,12.23,12.23,12.23,12.23,0.00
20090522,12.23,12.05,12.05,12.25,0.00
20090521,12.41,12.00,12.00,13.14,0.00
20090520,12.41,12.83,12.41,13.14,0.00
20090519,11.50,11.68,11.32,11.68,0.00
20090518,11.50,11.50,11.50,11.50,0.00
20090515,11.50,11.32,11.32,11.68,0.00
20090514,11.50,11.32,11.32,11.39,0.00
20090513,11.32,11.50,10.96,11.50,0.00
20090512,10.77,10.58,10.58,10.95,0.00
20090511,10.58,10.58,10.22,10.69,0.00
20090508,10.95,10.22,10.22,10.77,0.00
20090507,10.95,11.42,11.42,11.42,0.00
20090506,10.95,10.22,10.22,11.50,0.00
20090505,10.58,10.37,10.22,11.57,0.00
20090504,10.22,10.22,10.22,10.22,0.00
20090501,9.86,9.49,8.95,10.04,1600.00
20090430,9.86,10.04,10.04,10.04,0.00
20090429,9.86,10.04,10.04,10.04,0.00
20090428,9.86,10.04,8.76,10.04,0.00
20090427,9.67,10.04,8.76,10.22,0.00
20090424,8.76,9.78,9.05,9.78,0.00
20090423,8.76,8.76,8.03,8.76,0.00
20090422,8.76,8.76,8.76,8.76,0.00
20090421,8.76,8.76,8.76,8.76,0.00
20090420,8.76,8.76,8.03,8.76,0.00
20090417,8.76,8.47,8.03,9.34,0.00
20090416,8.76,8.76,8.76,8.76,0.00
20090415,8.76,8.76,8.03,8.76,0.00
20090414,9.13,8.76,8.03,8.76,0.00
20090413,9.13,9.13,9.13,9.13,0.00
20090410,9.13,9.13,9.13,9.13,0.00
20090409,9.13,9.13,9.13,9.13,0.00
20090408,9.13,8.04,8.04,8.04,0.00
20090407,9.13,9.13,9.13,9.13,0.00
20090406,9.13,9.11,9.11,9.11,0.00
20090403,9.13,9.13,9.13,9.13,0.00
20090402,9.13,9.13,9.13,9.13,0.00
20090401,9.13,9.13,9.13,9.13,0.00
20090331,9.13,9.13,9.13,9.13,0.00
20090330,9.13,8.03,8.03,9.11,0.00
20090327,9.13,9.11,9.11,9.11,0.00
20090326,9.13,9.13,9.13,9.13,0.00
20090325,9.86,8.76,8.76,8.76,0.00
20090324,9.86,9.86,9.86,9.86,0.00
20090323,9.86,8.76,8.76,8.77,0.00
20090320,9.86,9.93,9.93,9.93,0.00
20090319,9.86,8.76,8.76,8.76,0.00
20090318,9.86,8.76,8.76,8.76,0.00
20090317,9.86,8.76,8.76,8.91,0.00
20090316,9.86,8.91,8.91,8.91,0.00
20090313,9.86,9.86,9.86,9.86,0.00
20090312,9.86,9.86,9.86,9.86,0.00
20090311,9.86,9.86,9.86,9.86,0.00
20090310,9.86,9.86,9.86,9.86,0.00
20090309,9.86,9.86,9.86,9.86,0.00
20090306,9.86,8.91,8.91,8.91,0.00
20090305,9.86,9.93,8.91,10.00,0.00
20090304,9.86,9.86,9.86,9.86,0.00
20090303,9.86,9.86,9.86,9.86,0.00
20090302,9.86,10.00,10.00,10.00,0.00
20090227,9.86,10.00,10.00,10.00,0.00
20090226,9.86,9.86,9.86,9.86,0.00
20090225,9.86,9.99,9.99,9.99,0.00
20090224,9.86,10.00,10.00,10.00,0.00
20090223,9.86,10.00,8.76,10.00,0.00
20090220,9.86,10.00,8.76,10.00,0.00
20090219,9.86,8.76,8.76,8.76,0.00
20090218,9.86,9.86,9.86,9.86,0.00
20090217,9.86,9.86,9.86,9.86,0.00
20090216,9.86,9.86,9.86,9.86,0.00
20090213,9.86,9.86,9.86,9.86,0.00
20090212,9.86,10.04,10.04,10.04,0.00
20090211,10.58,10.58,10.58,10.58,0.00
20090210,10.58,10.22,10.22,10.22,0.00
20090209,10.58,10.58,10.58,10.58,0.00
20090206,10.58,10.22,10.22,10.22,0.00
20090205,10.58,10.58,10.58,10.58,0.00
20090204,10.04,10.04,10.04,10.04,0.00
20090203,10.04,10.48,10.48,10.48,0.00
20090202,10.04,10.44,10.44,10.58,0.00
20090130,10.04,10.58,10.48,10.58,0.00
20090129,10.04,10.48,9.13,10.51,0.00
20090128,10.95,10.22,10.22,11.68,0.00
20090127,9.13,8.03,8.03,8.03,0.00
20090126,9.13,8.03,8.03,8.03,0.00
20090123,9.13,9.13,9.13,9.13,0.00
20090122,9.13,8.03,8.03,8.03,0.00
20090121,9.49,8.76,8.76,8.76,0.00
20090120,9.49,10.21,10.21,10.21,0.00
20090119,9.49,8.76,8.76,8.76,0.00
20090116,9.49,9.49,9.49,9.49,0.00
20090115,9.49,9.49,9.49,9.49,0.00
20090114,9.49,9.49,9.49,9.49,0.00
20090113,9.49,8.76,8.76,8.76,0.00
20090112,9.49,9.49,9.49,9.49,0.00
20090109,9.49,8.76,8.76,10.21,0.00
20090108,9.49,10.21,10.21,10.21,0.00
20090107,9.49,9.49,9.49,9.49,0.00
20090106,9.49,8.76,8.76,8.76,0.00
20090105,9.49,9.49,9.49,9.49,0.00
20090102,9.49,9.49,9.49,9.49,0.00
20090101,9.49,9.49,9.49,9.49,0.00
20081231,9.49,9.49,9.20,9.49,0.00
20081230,9.49,8.40,8.40,9.49,100.00
20081229,9.49,8.76,8.76,8.76,0.00
20081226,9.49,9.49,9.49,9.49,0.00
20081225,9.49,9.49,9.49,9.49,0.00
20081224,9.49,9.49,9.49,9.49,0.00
20081223,9.49,9.49,9.49,9.49,0.00
20081222,9.49,9.49,9.49,9.49,0.00
20081219,9.49,8.76,8.76,9.13,0.00
20081218,9.49,9.64,9.64,9.64,0.00
20081217,9.49,9.49,9.49,9.49,0.00
20081216,9.13,8.76,8.76,8.76,0.00
20081215,9.49,8.76,8.76,8.91,0.00
20081212,9.49,9.49,9.49,9.49,0.00
20081211,9.49,9.49,9.49,9.49,0.00
20081210,9.49,9.49,9.13,9.49,0.00
20081209,9.49,7.45,7.30,7.45,0.00
20081208,9.86,8.76,8.76,8.76,0.00
20081205,9.86,9.86,9.86,9.86,0.00
20081204,9.86,9.86,9.86,9.86,0.00
20081203,10.40,8.76,8.76,8.76,0.00
20081202,10.40,9.49,9.49,9.49,0.00
20081201,10.40,10.40,10.40,10.40,0.00
20081128,10.40,10.22,10.22,10.22,0.00
20081127,10.40,10.18,10.18,10.18,0.00
20081126,10.40,9.49,9.49,9.49,0.00
20081125,10.40,9.49,9.49,9.49,0.00
20081124,10.40,10.40,10.40,10.40,0.00
20081121,10.40,10.40,10.40,10.40,0.00
20081120,10.40,10.51,10.51,10.51,0.00
20081119,10.40,9.49,9.49,9.49,0.00
20081118,10.40,10.40,10.40,10.40,0.00
20081117,10.40,10.40,10.40,10.40,0.00
20081114,10.40,10.40,10.40,10.40,0.00
20081113,10.40,11.30,11.30,11.30,0.00
20081112,10.58,9.49,9.49,9.86,0.00
20081111,10.58,9.86,9.86,9.86,0.00
20081110,10.58,10.58,10.58,10.58,0.00
20081107,10.58,10.58,10.58,10.58,0.00
20081106,10.58,10.58,10.58,10.58,0.00
20081105,11.50,10.73,9.87,10.73,0.00
20081104,11.50,12.40,12.40,12.40,0.00
20081103,12.05,10.58,9.50,11.02,0.00
20081031,12.05,12.05,12.05,12.05,0.00
20081030,12.05,12.41,12.41,12.76,0.00
20081029,12.05,12.05,12.05,12.05,0.00
20081028,12.05,11.61,11.61,11.61,0.00
20081027,12.05,10.22,10.22,12.76,0.00
20081024,12.05,12.05,12.05,12.05,0.00
20081023,12.05,12.05,12.05,12.05,0.00
20081022,12.05,11.97,11.97,11.97,0.00
20081021,12.05,12.03,12.03,12.76,0.00
20081020,12.05,12.41,12.41,12.76,0.00
20081017,12.05,11.87,11.87,12.76,0.00
20081016,12.05,11.75,11.75,12.76,0.00
20081015,12.05,11.75,11.46,12.78,300.00
20081014,11.50,11.32,11.32,12.41,200.00
20081013,11.68,11.50,11.32,11.83,0.00
20081010,11.86,9.86,9.86,10.22,0.00
20081009,11.86,11.86,11.86,11.86,0.00
20081008,11.86,10.95,10.95,10.95,0.00
20081007,12.05,11.53,11.53,11.53,0.00
20081006,12.05,11.32,11.32,11.32,400.00
20081003,12.59,12.05,11.32,12.05,0.00
20081002,12.59,13.13,13.13,13.13,0.00
20081001,12.59,12.06,12.06,12.06,0.00
20080930,12.41,12.05,12.05,13.13,0.00
20080929,13.14,13.14,13.14,13.14,0.00
20080926,13.14,12.41,12.41,12.41,0.00
20080925,13.14,12.41,12.41,12.41,0.00
20080924,13.14,13.14,13.14,13.14,0.00
20080923,13.14,13.14,13.14,13.14,0.00
20080922,13.14,12.42,12.42,12.42,0.00
20080919,13.14,13.14,13.14,13.14,0.00
20080918,13.14,11.83,11.83,11.83,0.00
20080917,13.14,12.99,12.99,12.99,0.00
20080916,13.50,13.14,13.14,13.14,200.00
20080915,13.32,13.32,13.32,13.32,0.00
20080912,13.32,12.78,12.78,12.78,0.00
20080911,13.32,13.32,13.32,13.32,0.00
20080910,13.32,13.32,13.32,13.32,0.00
20080909,13.32,12.78,12.78,12.78,0.00
20080908,13.32,13.32,13.32,13.32,0.00
20080905,13.50,12.82,12.78,12.82,0.00
20080904,13.32,12.99,12.99,13.05,0.00
20080903,13.32,12.78,12.78,12.78,0.00
20080902,13.32,12.78,12.78,12.78,0.00
20080901,13.32,13.32,13.32,13.32,0.00
20080829,13.32,12.78,12.78,13.05,0.00
20080828,13.32,12.79,12.79,13.07,0.00
20080827,13.32,13.32,13.32,13.32,0.00
20080826,13.32,13.32,13.32,13.32,0.00
20080825,13.32,13.32,13.32,13.32,0.00
20080822,13.32,13.32,13.32,13.32,0.00
20080821,13.32,13.32,13.32,13.32,0.00
20080820,13.32,12.78,12.78,12.78,0.00
20080819,13.32,12.92,12.92,12.92,0.00
20080818,13.32,13.32,13.32,13.32,0.00
20080815,13.32,13.32,13.32,13.32,0.00
20080814,13.32,12.78,12.78,12.78,0.00
20080813,13.32,12.79,12.79,12.79,0.00
20080812,13.32,12.92,12.92,12.92,0.00
20080811,13.32,13.14,13.14,13.14,0.00
20080808,13.32,13.32,13.32,13.32,0.00
20080807,13.32,13.14,12.92,13.14,0.00
20080806,13.32,13.14,11.83,13.14,0.00
20080805,13.69,12.78,12.78,13.14,0.00
20080804,13.69,13.14,13.14,13.50,0.00
20080801,13.50,13.43,12.41,14.02,0.00
20080731,13.14,13.50,13.14,13.65,0.00
20080730,12.78,12.78,12.78,12.78,0.00
20080729,12.78,12.41,12.41,12.41,0.00
20080728,12.78,12.78,12.78,12.78,0.00
20080725,12.05,12.05,12.05,12.56,0.00
20080724,12.41,12.41,12.41,12.78,0.00
20080723,12.41,12.41,12.41,12.41,0.00
20080722,12.41,12.78,12.02,12.78,300.00
20080721,12.41,11.68,11.68,11.68,0.00
20080718,12.41,12.41,12.41,12.41,0.00
20080717,12.05,11.90,11.90,11.90,0.00
20080716,12.41,12.05,11.68,12.05,0.00
20080715,12.41,12.41,12.41,12.41,0.00
20080714,12.41,11.68,11.68,11.68,0.00
20080711,12.41,11.68,11.68,11.68,0.00
20080710,12.41,11.68,11.68,11.68,0.00
20080709,12.41,11.68,11.68,12.09,0.00
20080708,12.41,12.11,12.11,12.12,0.00
20080707,12.41,12.12,12.12,12.12,0.00
20080704,12.41,12.41,12.41,12.41,0.00
20080703,12.41,12.41,12.41,12.41,0.00
20080702,12.59,11.68,11.68,12.19,0.00
20080701,12.41,12.05,12.05,12.05,0.00
20080630,12.59,12.05,12.05,12.12,0.00
20080627,12.59,12.59,12.59,12.59,0.00
20080626,12.59,12.19,12.05,12.19,0.00
20080625,12.59,12.59,12.59,12.59,0.00
20080624,12.23,12.34,12.34,12.34,0.00
20080623,12.23,11.68,11.68,11.68,0.00
20080620,12.23,12.23,12.23,12.23,0.00
20080619,12.41,11.68,11.68,11.68,0.00
20080618,12.41,11.97,11.68,11.97,0.00
20080617,12.41,12.41,12.41,12.41,0.00
20080616,12.41,13.07,13.07,13.07,0.00
20080613,12.41,13.07,13.07,13.07,0.00
20080612,12.59,11.68,11.68,12.26,0.00
20080611,12.59,12.05,12.05,12.05,0.00
20080610,12.96,12.48,12.05,12.48,0.00
20080609,12.96,13.80,12.48,13.80,0.00
20080606,12.96,13.80,13.80,13.80,100.00
20080605,12.96,12.05,12.05,13.80,100.00
20080604,12.78,13.80,11.75,13.80,200.00
20080603,11.32,13.80,10.07,13.80,1300.00
20080602,11.32,12.05,10.22,12.05,0.00
20080530,9.86,11.68,10.58,11.68,0.00
20080529,9.49,10.22,10.22,10.22,100.00
20080528,9.13,9.49,9.13,9.49,0.00
20080527,9.13,9.86,9.86,9.86,0.00
20080523,9.13,9.13,9.13,9.13,0.00
20080522,9.13,9.67,9.67,9.67,0.00
20080521,9.13,9.78,9.78,9.78,0.00
20080520,9.86,9.86,7.30,10.22,0.00
20080519,9.86,7.30,6.94,7.30,9500.00
20080516,9.86,10.00,9.49,10.00,0.00
20080515,9.86,9.49,9.49,9.49,0.00
20080514,9.49,9.20,8.76,9.20,0.00
20080513,10.40,8.03,8.03,10.40,0.00
20080512,10.40,10.58,10.58,10.58,0.00
20080509,10.77,11.32,9.86,11.32,0.00
20080508,11.32,10.58,10.58,10.58,0.00
20080507,11.32,10.58,10.58,10.58,0.00
20080506,11.68,10.58,10.58,10.95,0.00
20080502,11.68,10.95,10.95,10.95,0.00
20080501,11.68,10.95,10.95,10.95,0.00
20080430,11.68,11.68,11.68,11.68,0.00
20080429,11.68,10.95,10.95,11.13,0.00
20080428,11.68,10.95,10.95,10.95,0.00
20080425,11.68,10.95,10.95,11.10,0.00
20080424,11.68,11.68,11.68,11.68,0.00
20080423,11.68,11.68,11.68,11.68,0.00
20080422,11.32,10.95,10.95,12.26,0.00
20080421,11.32,10.95,10.95,10.95,0.00
20080418,11.32,11.02,11.02,11.02,0.00
20080417,11.68,11.68,10.95,12.41,0.00
20080416,12.23,11.68,11.68,12.41,0.00
20080415,12.23,12.05,12.05,12.41,0.00
20080414,11.86,12.26,12.26,12.41,0.00
20080411,11.86,12.05,10.95,12.05,0.00
20080410,11.68,12.05,11.32,12.05,0.00
20080409,11.68,12.05,11.32,12.05,0.00
20080408,11.13,11.69,11.32,12.05,0.00
20080407,11.13,11.32,11.32,11.32,0.00
20080404,10.95,10.58,10.58,11.53,0.00
20080403,10.77,11.32,10.58,11.32,0.00
20080402,10.04,9.86,9.86,9.86,0.00
20080401,9.49,9.49,9.49,9.49,0.00
20080331,9.49,9.49,9.49,9.49,0.00
20080328,9.49,9.68,8.76,9.68,0.00
20080327,9.49,10.22,10.07,10.22,0.00
20080326,9.49,8.76,8.76,9.71,0.00
20080325,9.31,9.49,9.20,9.93,0.00
20080320,9.31,8.76,8.76,8.76,0.00
20080319,9.31,9.31,9.31,9.31,0.00
20080318,9.31,8.98,8.98,8.98,0.00
20080317,9.31,8.76,8.76,9.13,0.00
20080314,9.13,9.86,9.86,9.86,0.00
20080313,8.58,8.03,8.03,8.76,0.00
20080312,8.21,8.03,8.03,8.03,0.00
20080311,8.21,8.76,8.76,8.76,0.00
20080310,8.94,8.94,8.94,8.94,0.00
20080307,8.94,8.54,8.40,9.34,0.00
20080306,9.31,8.54,8.54,9.78,0.00
20080305,8.03,9.86,8.76,9.86,0.00
20080304,7.85,7.67,7.67,7.67,0.00
20080303,7.85,7.45,7.45,8.40,0.00
20080229,7.48,8.40,8.00,8.40,0.00
20080228,6.94,8.00,6.94,8.40,0.00
20080227,6.39,7.01,6.57,7.01,0.00
20080226,6.21,6.21,6.21,6.21,0.00
20080225,5.66,5.66,5.48,5.84,0.00
20080222,5.66,5.48,5.48,5.48,0.00
20080221,5.66,5.48,5.48,5.48,0.00
20080220,5.66,5.48,5.48,5.48,0.00
20080219,5.48,5.48,5.48,5.48,0.00
20080218,5.48,5.48,5.48,5.48,0.00
20080215,5.48,5.48,5.48,5.48,0.00
20080214,5.29,5.62,5.62,5.62,0.00
20080213,4.75,4.80,4.80,4.80,0.00
20080212,4.93,4.93,4.93,4.93,0.00
20080211,4.56,4.80,4.80,4.80,0.00
20080208,4.56,4.67,4.38,4.67,0.00
20080207,4.38,4.38,4.38,4.38,0.00
20080206,4.38,4.38,4.38,4.38,0.00
20080205,4.38,4.23,4.23,4.23,0.00
20080204,5.29,4.38,4.38,5.11,0.00
20080201,5.29,5.11,5.11,5.11,0.00
20080131,5.29,5.40,5.40,5.40,0.00
20080130,5.48,5.26,5.26,5.26,0.00
20080129,5.48,5.48,5.48,5.48,0.00
20080128,5.48,5.11,5.11,5.11,0.00
20080125,5.48,5.11,4.38,5.11,0.00
20080124,5.48,5.48,5.48,5.48,0.00
20080123,5.48,5.11,5.11,5.11,0.00
20080122,5.48,5.48,5.48,5.48,0.00
20080121,5.48,5.11,5.11,5.33,0.00
20080118,5.48,5.11,5.11,5.11,0.00
20080117,5.48,5.48,5.48,5.48,0.00
20080116,5.48,5.11,5.11,5.11,0.00
20080115,5.66,5.66,5.66,5.66,0.00
20080114,5.66,5.66,5.66,5.66,0.00
20080111,5.84,5.11,5.11,5.11,0.00
20080110,5.84,5.11,5.11,5.55,0.00
20080109,5.84,5.84,5.84,5.84,0.00
20080108,5.84,5.11,5.11,5.11,0.00
20080107,5.84,5.84,5.84,5.84,0.00
20080104,5.84,5.11,5.11,5.11,0.00
20080103,5.84,5.11,5.11,5.11,0.00
20080102,5.84,5.84,5.84,5.84,0.00
20071231,5.84,5.84,5.84,5.84,0.00
20071228,5.84,5.84,5.84,5.84,0.00
20071227,5.84,5.11,5.11,5.96,0.00
20071224,6.02,6.02,6.02,6.02,0.00
20071221,6.02,5.48,5.48,5.48,0.00
20071220,6.02,6.02,6.02,6.02,0.00
20071219,6.02,6.02,6.02,6.02,0.00
20071218,6.02,5.48,5.48,5.48,0.00
20071217,6.02,5.48,5.48,5.48,0.00
20071214,6.02,6.02,6.02,6.02,0.00
20071213,6.02,6.02,6.02,6.02,0.00
20071212,6.02,6.02,6.02,6.02,0.00
20071211,6.02,6.02,6.02,6.02,0.00
20071210,6.02,6.02,6.02,6.02,0.00
20071207,6.02,6.02,6.02,6.02,0.00
20071206,6.02,5.84,5.84,5.84,0.00
20071205,6.02,5.48,5.48,5.48,0.00
20071204,6.02,5.48,5.48,5.48,0.00
20071203,6.02,5.48,5.48,5.48,0.00
20071130,6.02,5.96,5.96,5.96,0.00
20071129,6.02,5.96,5.48,5.96,0.00
20071128,6.02,5.48,5.48,5.96,0.00
20071127,6.02,6.02,6.02,6.02,0.00
20071126,6.02,5.11,5.11,5.97,0.00
20071123,6.02,6.02,6.02,6.02,0.00
20071122,6.39,5.84,5.84,6.50,0.00
20071121,6.39,5.84,5.84,6.33,0.00
20071120,6.39,5.84,5.84,5.84,0.00
20071119,6.39,6.35,6.35,6.35,0.00
20071116,5.84,5.91,5.84,6.21,0.00
20071115,5.84,5.48,5.48,5.48,0.00
20071114,5.84,5.48,5.48,5.48,0.00
20071113,5.84,5.80,5.80,5.84,0.00
20071112,5.66,5.84,5.84,5.84,0.00
20071109,5.66,5.84,5.84,5.84,0.00
20071108,5.66,5.66,5.66,5.66,0.00
20071107,6.02,5.84,5.11,6.04,0.00
20071106,5.84,5.84,5.84,6.21,100.00
20071105,5.84,5.48,5.48,6.09,0.00
20071102,5.84,5.48,5.48,6.10,0.00
20071101,5.48,6.21,5.84,6.21,0.00
20071031,5.29,5.29,5.29,5.29,0.00
20071030,4.93,5.60,4.85,5.62,0.00
20071029,4.75,4.82,4.38,4.82,0.00
20071026,4.75,4.82,4.82,4.82,0.00
20071025,4.75,4.38,4.38,4.75,0.00
20071024,4.75,4.38,4.38,4.38,0.00
20071023,5.11,4.38,4.38,4.56,0.00
20071022,5.11,3.65,3.65,4.75,100.00
20071019,5.11,4.75,4.75,4.86,0.00
20071018,5.11,4.93,4.75,5.11,0.00
20071017,5.11,4.93,4.75,4.93,0.00
20071016,4.93,5.33,4.93,5.33,0.00
20071015,4.56,5.33,5.33,5.33,0.00
20071012,4.56,4.20,4.20,4.38,0.00
20071011,4.56,5.11,4.56,5.11,0.00
20071010,3.83,5.04,4.02,5.11,0.00
20071009,2.92,4.31,2.92,4.31,100.00
20071008,2.74,2.63,2.63,3.29,0.00
20071005,2.74,2.74,2.74,2.74,0.00
20071004,2.74,2.34,2.34,3.29,0.00
20071003,2.74,2.74,2.74,2.74,0.00
20071002,2.74,2.34,2.34,3.21,0.00
20071001,2.74,3.21,2.34,3.21,0.00
20070928,2.74,2.34,2.34,3.21,0.00
20070927,2.74,3.21,2.19,3.21,0.00
20070926,2.74,2.19,2.19,3.29,0.00
