20160408,393.03,420.33,393.03,427.63,819000.00
20160407,388.51,400.04,385.29,402.96,587100.00
20160406,382.67,385.44,380.48,390.40,364200.00
20160405,388.21,387.63,379.89,390.55,301900.00
20160404,398.73,382.96,381.35,398.73,541300.00
20160401,406.90,396.39,392.89,415.43,473900.00
20160331,390.11,410.70,383.33,413.62,962400.00
20160330,382.67,387.19,382.67,398.58,637000.00
20160329,389.53,381.64,379.45,391.72,326400.00
20160328,392.59,392.59,392.59,392.59,0.00
20160324,389.53,392.59,383.69,395.22,272500.00
20160323,401.35,393.18,389.53,401.35,497000.00
20160322,394.49,405.44,394.49,411.57,568000.00
20160321,391.28,394.20,383.40,394.20,662400.00
20160318,398.29,391.86,391.86,398.58,793300.00
20160317,377.85,397.56,377.85,401.50,675600.00
20160316,372.88,376.39,372.88,382.81,713700.00
20160315,369.96,371.57,368.21,374.93,921900.00
20160314,379.02,373.18,367.77,380.18,783600.00
20160311,391.72,387.78,378.87,394.20,1071800.00
20160310,388.36,396.97,377.99,399.46,888600.00
20160309,399.75,386.17,377.56,400.48,849000.00
20160308,417.56,399.75,397.41,423.40,758000.00
20160307,413.03,421.65,403.40,430.55,934100.00
20160304,386.90,414.64,382.05,416.54,1084900.00
20160303,375.22,382.23,373.76,383.98,450300.00
20160302,376.68,373.18,365.44,376.68,755600.00
20160301,368.07,373.76,365.73,378.43,977400.00
20160229,359.16,362.37,355.21,365.29,575200.00
20160226,365.00,359.16,356.97,372.88,580500.00
20160225,365.00,363.69,357.12,371.86,480400.00
20160224,342.52,366.02,340.33,370.61,904800.00
20160223,346.02,346.60,335.29,352.53,536900.00
20160222,338.72,343.83,331.71,349.38,658200.00
20160219,326.60,336.38,324.70,343.39,1894700.00
20160218,337.26,326.89,323.97,337.26,1465700.00
20160217,335.80,337.26,319.70,341.35,1101100.00
20160216,331.42,330.11,300.58,333.61,1190800.00
20160215,353.32,328.65,322.08,353.32,1362900.00
20160212,351.57,357.26,351.57,363.54,947200.00
20160211,340.91,357.70,339.01,367.19,1499900.00
20160210,351.13,340.91,338.28,352.59,2537400.00
20160209,337.26,342.22,329.38,354.20,1351400.00
20160208,328.35,334.92,321.35,337.55,1066600.00
20160205,315.80,323.54,314.47,327.62,571700.00
20160204,315.21,321.78,313.17,328.50,979100.00
20160203,302.51,306.60,299.45,307.91,710600.00
20160202,314.19,305.87,301.78,314.49,605800.00
20160201,300.76,312.59,300.76,313.90,792300.00
20160129,280.32,301.05,274.33,301.05,859200.00
20160128,284.70,285.28,281.34,297.11,667600.00
20160127,285.43,283.39,276.23,292.44,1105500.00
20160126,260.46,275.94,257.54,279.74,1433200.00
20160125,258.57,258.42,246.45,260.17,1294000.00
20160122,261.63,254.92,246.89,267.03,636400.00
20160121,231.26,256.38,231.26,261.78,1062400.00
20160120,229.80,236.23,225.21,238.86,594100.00
20160119,230.24,237.10,230.24,239.88,683800.00
20160118,250.97,235.35,229.95,250.97,776500.00
20160115,257.11,245.28,243.09,257.11,763100.00
20160114,264.41,251.56,250.68,264.41,452600.00
20160113,245.13,261.63,245.13,264.41,743100.00
20160112,272.29,250.39,246.59,272.29,593200.00
20160111,265.43,266.01,263.09,274.04,640700.00
20160108,277.40,271.41,264.26,280.47,785900.00
20160107,264.26,274.77,254.48,279.15,847200.00
20160106,265.87,264.70,261.19,270.39,1138600.00
20160105,274.48,263.24,260.17,275.06,490100.00
20160104,263.38,270.25,257.25,274.04,425600.00
20151231,256.67,262.80,250.92,263.38,61200.00
20151230,278.42,255.50,248.20,278.42,507300.00
20151229,277.69,272.73,264.41,277.69,643200.00
20151228,267.91,267.91,267.91,267.91,0.00
20151225,267.91,267.91,267.91,267.91,0.00
20151224,266.16,267.91,256.81,273.17,196400.00
20151223,255.50,260.90,255.35,270.83,616800.00
20151222,244.55,255.50,242.91,260.82,537600.00
20151221,233.16,244.11,231.29,245.13,416700.00
20151218,236.81,232.87,224.84,236.81,1217300.00
20151217,248.05,233.31,230.97,248.49,629700.00
20151216,237.98,243.97,237.98,248.38,709000.00
20151215,234.18,230.53,227.03,239.73,1093100.00
20151214,258.71,234.18,230.39,261.63,545300.00
20151211,268.64,259.88,253.75,272.29,484700.00
20151210,270.10,267.47,257.11,272.29,901600.00
20151209,268.35,275.21,263.72,282.80,670000.00
20151208,278.13,268.64,268.35,278.13,436800.00
20151207,271.12,275.94,267.03,280.90,717400.00
20151204,260.61,268.79,260.61,271.27,502000.00
20151203,263.53,263.68,260.03,272.29,499900.00
20151202,265.87,262.80,255.94,267.47,815400.00
20151201,254.48,266.60,254.48,268.35,601700.00
20151130,248.05,253.46,247.18,254.77,387100.00
20151127,259.73,250.97,246.74,259.73,436400.00
20151126,249.66,258.13,249.66,259.15,651200.00
20151125,252.58,248.35,246.01,252.58,423300.00
20151124,249.08,251.70,245.10,251.70,517500.00
20151123,247.76,247.03,239.00,249.95,353100.00
20151120,254.04,247.91,245.13,254.04,1079400.00
20151119,240.17,249.37,237.40,251.56,1000100.00
20151118,232.14,236.67,231.15,237.98,770700.00
20151117,232.87,231.26,227.18,234.04,747800.00
20151116,229.07,229.66,225.57,232.95,527600.00
20151113,235.94,228.64,226.45,235.94,586500.00
20151112,236.96,231.56,225.86,238.71,698200.00
20151111,237.25,233.31,231.26,239.73,594900.00
20151110,243.82,238.71,237.54,247.03,876400.00
20151109,247.18,245.72,243.82,251.41,785200.00
20151106,259.73,249.08,244.26,259.73,1250300.00
20151105,263.68,259.15,256.52,267.03,670600.00
20151104,270.54,268.79,266.45,279.44,1240400.00
20151103,263.53,269.08,262.16,271.56,875100.00
20151102,281.78,264.99,264.99,283.97,1010600.00
20151030,296.82,281.78,280.61,296.82,1015400.00
20151029,292.88,292.00,287.62,296.23,849600.00
20151028,294.77,300.32,287.04,302.22,732800.00
20151027,300.18,294.19,290.54,300.76,573700.00
20151026,303.10,301.78,300.32,310.25,506700.00
20151023,296.82,308.06,291.50,310.25,932900.00
20151022,312.88,300.76,288.93,312.88,952300.00
20151021,310.40,309.08,307.62,320.18,543900.00
20151020,320.62,317.99,313.90,320.62,458800.00
20151019,323.54,316.53,310.40,323.54,398500.00
20151016,323.54,320.03,320.03,327.92,513100.00
20151015,320.47,326.60,319.63,328.58,807700.00
20151014,317.99,316.67,313.46,324.41,966800.00
20151013,316.53,315.65,307.18,318.57,1044900.00
20151012,311.86,315.21,307.91,319.16,1069300.00
20151009,312.00,311.13,303.24,312.00,1327600.00
20151008,311.86,303.83,301.49,312.00,1061800.00
20151007,324.41,310.83,305.72,332.44,1366200.00
20151006,344.56,320.03,313.90,350.40,2689300.00
20151005,375.80,380.04,375.80,390.84,802800.00
20151002,373.61,384.13,364.12,384.13,559600.00
20151001,363.25,373.03,361.20,376.68,345000.00
20150930,362.08,362.08,350.11,362.52,473500.00
20150929,349.09,361.64,345.58,362.08,401000.00
20150928,359.31,349.38,346.75,359.31,439100.00
20150925,372.74,359.16,351.42,372.74,471100.00
20150924,360.62,366.61,349.82,368.21,476000.00
20150923,352.30,362.96,350.84,365.58,430900.00
20150922,372.30,353.90,352.30,372.30,329700.00
20150921,366.31,363.98,362.81,372.30,401700.00
20150918,357.99,365.00,357.01,366.02,1059900.00
20150917,369.09,355.36,354.78,369.96,456500.00
20150916,360.18,364.27,343.83,369.53,630900.00
20150915,356.39,356.97,347.19,359.01,278500.00
20150914,349.09,355.66,347.48,360.91,531200.00
20150911,357.70,345.14,343.54,364.27,544900.00
20150910,355.95,352.44,343.83,358.87,456300.00
20150909,360.18,354.49,353.76,366.61,388100.00
20150908,360.18,354.78,350.69,360.18,284300.00
20150907,353.17,354.63,350.84,360.33,409400.00
20150904,352.74,345.29,341.20,356.42,589500.00
20150903,339.30,353.32,338.72,360.77,592600.00
20150902,344.41,337.99,331.42,347.48,590400.00
20150901,346.75,345.44,330.40,346.75,884700.00
20150831,349.38,349.38,349.38,349.38,0.00
20150828,358.14,349.38,347.77,367.77,832700.00
20150827,347.04,355.80,341.97,356.68,664600.00
20150826,354.63,349.38,343.83,362.26,658000.00
20150825,367.34,356.68,353.17,374.64,506700.00
20150824,385.44,360.77,359.60,385.44,798800.00
20150821,378.87,386.75,377.57,397.85,1445700.00
20150820,358.28,379.89,358.28,381.06,920200.00
20150819,365.15,359.16,355.51,368.94,600700.00
20150818,378.43,367.92,355.66,378.43,528400.00
20150817,356.82,373.61,353.85,375.51,445200.00
20150814,354.20,357.70,354.20,367.34,235600.00
20150813,362.08,357.85,354.63,364.08,808200.00
20150812,339.45,363.25,338.57,364.42,802700.00
20150811,345.44,343.83,342.66,356.24,488400.00
20150810,341.49,345.29,335.80,347.63,516300.00
20150807,346.02,344.56,342.95,351.57,271600.00
20150806,341.06,342.95,336.09,345.73,513600.00
20150805,336.38,343.68,334.46,353.32,684000.00
20150804,334.63,336.38,333.17,340.33,563600.00
20150803,340.18,338.72,334.78,340.18,1015800.00
20150731,353.32,350.55,343.68,357.02,677200.00
20150730,351.86,357.41,350.80,363.10,516100.00
20150729,346.17,351.28,344.12,353.17,517500.00
20150728,343.10,349.09,335.51,352.01,1094400.00
20150727,352.88,339.89,336.24,352.88,778300.00
20150724,358.87,343.10,342.81,359.39,663400.00
20150723,338.87,355.80,335.22,358.72,1167600.00
20150722,351.13,339.74,334.63,351.13,1228100.00
20150721,349.96,351.28,349.32,358.41,839900.00
20150720,396.68,348.94,342.52,396.68,1571200.00
20150717,413.76,404.42,396.10,415.66,849100.00
20150716,417.12,416.25,413.91,420.48,685200.00
20150715,419.90,415.52,412.45,427.93,756000.00
20150714,417.12,418.44,413.62,422.82,413300.00
20150713,419.31,418.87,408.95,422.52,982500.00
20150710,428.22,415.66,414.64,428.22,325400.00
20150709,427.63,417.12,415.37,434.93,490600.00
20150708,416.83,428.66,413.18,430.85,536700.00
20150707,432.74,417.12,415.08,433.33,534700.00
20150706,419.17,430.70,415.66,432.45,516100.00
20150703,425.88,430.41,422.09,431.72,180900.00
20150702,433.62,424.86,422.09,433.62,393000.00
20150701,440.63,429.39,425.30,443.99,431700.00
20150630,457.71,440.77,440.34,457.71,430700.00
20150629,438.44,454.35,438.44,457.27,456000.00
20150626,452.60,448.66,445.30,462.09,567400.00
20150625,447.93,449.10,445.30,452.89,390300.00
20150624,446.03,445.30,439.02,450.56,525600.00
20150623,445.30,443.99,437.27,448.22,451800.00
20150622,450.26,446.76,443.84,450.85,647700.00
20150619,446.18,445.45,437.85,449.24,566200.00
20150618,431.58,444.57,427.05,445.30,419500.00
20150617,430.12,423.98,423.25,430.12,298100.00
20150616,436.98,428.07,423.40,436.98,367800.00
20150615,437.27,434.35,426.76,437.27,263000.00
20150612,435.81,435.96,427.93,438.58,401700.00
20150611,451.58,439.46,433.91,452.31,469600.00
20150610,437.71,449.97,434.06,452.31,404500.00
20150609,438.88,430.26,425.74,438.88,372100.00
20150608,433.77,432.31,432.16,437.27,276600.00
20150605,440.48,427.63,427.63,442.38,473600.00
20150604,452.60,438.44,433.04,452.60,421900.00
20150603,450.41,453.33,444.86,458.00,390500.00
20150602,441.65,450.85,436.10,455.52,331300.00
20150601,449.83,445.45,435.81,451.29,284500.00
20150529,443.11,445.15,434.96,449.24,317000.00
20150528,435.37,441.50,432.16,441.50,260000.00
20150527,425.01,433.91,423.40,435.66,736700.00
20150526,437.27,423.69,415.81,440.13,635000.00
20150525,437.56,437.56,437.56,437.56,0.00
20150522,425.59,437.56,425.59,442.09,413500.00
20150521,429.53,429.09,427.34,440.23,447200.00
20150520,433.33,437.71,426.47,439.90,549800.00
20150519,456.25,429.68,426.61,457.24,654600.00
20150518,455.52,452.60,450.06,459.61,486300.00
20150515,452.60,450.41,442.47,454.79,578600.00
20150514,447.20,453.77,436.83,463.26,1363500.00
20150513,423.11,443.84,417.85,444.28,807100.00
20150512,414.79,418.73,412.74,425.15,485800.00
20150511,414.79,418.29,414.79,428.63,397500.00
20150508,424.13,418.58,414.64,439.90,791100.00
20150507,433.62,427.78,415.52,438.75,1064600.00
20150506,438.00,442.09,428.36,448.37,1099200.00
20150505,426.32,436.39,425.44,444.72,689900.00
20150504,427.93,427.93,427.93,427.93,0.00
20150501,424.42,427.93,414.35,431.14,301600.00
20150430,426.90,421.79,412.74,435.52,685800.00
20150429,435.37,433.04,426.76,436.39,382100.00
20150428,419.75,433.62,417.71,435.96,599400.00
20150427,424.42,418.29,416.68,430.26,484300.00
20150424,413.33,426.76,413.33,434.79,1122600.00
20150423,403.11,409.53,399.16,409.53,569000.00
20150422,406.76,400.04,398.73,410.99,487500.00
20150421,415.81,405.15,404.86,416.90,460900.00
20150420,420.04,418.73,411.57,421.87,547400.00
20150417,414.64,414.49,407.78,420.63,459300.00
20150416,415.95,417.12,413.76,429.24,796600.00
20150415,426.03,414.35,407.78,429.53,871000.00
20150414,413.33,426.90,413.33,428.01,645300.00
20150413,404.42,419.90,404.42,421.94,702700.00
20150410,402.96,407.05,400.04,408.51,475100.00
20150409,392.59,400.77,388.51,402.23,448700.00
20150408,409.24,395.81,393.47,414.93,508200.00
20150407,400.33,410.84,390.26,410.84,593600.00
20150406,389.97,389.97,389.97,389.97,0.00
20150403,389.97,389.97,389.97,389.97,0.00
20150402,391.86,389.97,388.21,408.80,618500.00
20150401,381.06,392.89,370.55,394.64,849200.00
20150331,382.52,382.52,380.62,388.21,837200.00
20150330,379.89,388.36,374.93,391.72,558600.00
20150327,387.05,381.35,373.47,387.05,668300.00
20150326,402.81,386.61,386.61,407.92,1135800.00
20150325,391.86,397.27,388.94,397.85,567200.00
20150324,394.20,386.90,386.75,408.81,1088700.00
20150323,375.51,391.28,375.51,394.49,757200.00
20150320,362.52,382.52,354.34,385.21,1433400.00
20150319,351.86,362.08,351.86,364.27,1479700.00
20150318,346.75,342.95,336.09,347.48,389800.00
20150317,346.90,344.71,344.27,353.48,529900.00
20150316,346.75,349.82,344.27,352.01,219400.00
20150313,353.76,345.29,344.71,359.74,628200.00
20150312,346.75,355.66,346.75,359.60,545500.00
20150311,349.23,349.38,347.63,354.78,384700.00
20150310,366.46,350.25,350.25,369.29,780300.00
20150309,372.74,368.94,364.42,375.22,617600.00
20150306,396.39,368.50,365.20,397.85,750500.00
20150305,391.13,398.00,383.84,401.52,594100.00
20150304,397.41,386.90,379.89,397.41,526000.00
20150303,397.70,395.22,391.72,399.89,535700.00
20150302,401.50,393.62,388.65,409.41,546900.00
20150227,396.54,401.79,393.32,403.84,512000.00
20150226,397.12,400.48,396.83,408.80,537800.00
20150225,401.21,402.81,390.99,405.30,512700.00
20150224,395.37,396.54,391.13,402.08,540700.00
20150223,409.97,391.28,388.36,409.97,581400.00
20150220,409.97,413.18,400.48,415.49,378900.00
20150219,404.27,411.87,400.97,414.20,615900.00
20150218,402.08,400.33,396.83,410.26,655600.00
20150217,397.85,399.16,396.54,418.29,677200.00
20150216,401.50,407.19,384.86,409.09,1103400.00
20150213,400.04,394.49,391.57,405.73,666100.00
20150212,396.10,410.41,395.66,411.72,459300.00
20150211,398.29,398.14,393.18,405.44,390300.00
20150210,392.89,396.10,391.31,400.04,428000.00
20150209,394.20,394.93,391.43,401.50,483100.00
20150206,420.19,401.50,396.34,429.24,614400.00
20150205,410.11,422.38,406.32,422.67,382500.00
20150204,416.39,418.44,405.34,418.58,346700.00
20150203,416.54,411.87,407.05,425.74,507000.00
20150202,407.05,417.85,406.90,422.52,395900.00
20150130,394.35,411.57,394.35,413.33,669300.00
20150129,418.87,395.95,390.26,418.87,860200.00
20150128,414.64,420.77,411.34,424.86,358100.00
20150127,410.84,416.39,408.65,420.33,711900.00
20150126,420.48,408.80,407.92,425.82,807800.00
20150123,453.62,424.71,422.38,457.86,816000.00
20150122,465.59,452.60,450.56,465.59,910600.00
20150121,453.33,457.71,452.60,461.80,559100.00
20150120,440.92,454.21,440.19,459.17,765300.00
20150119,440.92,445.88,437.12,445.88,621100.00
20150116,440.92,439.46,427.78,443.11,966000.00
20150115,420.77,437.56,416.98,445.30,1115700.00
20150114,427.05,417.56,408.51,427.05,842600.00
20150113,426.47,427.20,423.55,445.15,999800.00
20150112,408.51,429.24,407.35,429.24,836500.00
20150109,399.89,409.53,396.24,412.74,720900.00
20150108,401.21,396.10,396.10,402.67,483200.00
20150107,393.76,401.06,390.55,401.06,443500.00
20150106,379.75,395.22,374.58,396.68,714900.00
20150105,381.79,378.29,374.05,381.79,411500.00
20150102,372.30,381.94,366.75,381.94,284000.00
20150101,372.88,372.88,372.88,372.88,0.00
20141231,374.93,372.88,372.59,377.85,106600.00
20141230,359.89,377.41,357.26,380.62,429400.00
20141229,357.85,363.25,357.85,369.38,234100.00
20141226,365.88,365.88,365.88,365.88,0.00
20141225,365.88,365.88,365.88,365.88,0.00
20141224,364.71,365.88,355.39,366.02,40200.00
20141223,355.51,364.71,354.05,364.71,139500.00
20141222,364.27,358.72,356.24,365.15,150100.00
20141219,367.92,360.04,360.04,369.38,879000.00
20141218,364.27,363.98,359.45,373.61,372100.00
20141217,351.42,363.98,351.42,368.21,444000.00
20141216,349.38,358.28,342.38,359.89,496100.00
20141215,366.17,350.98,345.14,366.17,405500.00
20141212,370.26,364.27,358.87,371.13,461700.00
20141211,378.72,369.38,365.00,380.18,592700.00
20141210,372.30,376.10,370.99,381.64,468400.00
20141209,369.38,370.84,357.85,372.01,694600.00
20141208,353.17,366.90,348.94,371.72,1089900.00
20141205,361.64,345.14,343.39,361.64,515900.00
20141204,359.31,357.85,356.33,363.44,336700.00
20141203,351.86,360.77,349.52,365.15,869300.00
20141202,341.64,352.74,341.64,354.20,1134400.00
20141201,340.03,341.64,325.43,345.58,1326600.00
20141128,335.80,340.03,335.80,352.15,1106000.00
20141127,339.74,343.39,335.22,347.48,439900.00
20141126,340.91,343.39,339.01,349.09,474000.00
20141125,330.69,345.00,326.89,346.46,955100.00
20141124,341.64,332.30,329.52,345.74,710400.00
20141121,334.34,342.66,326.02,349.09,959700.00
20141120,340.33,332.73,322.66,340.33,1414000.00
20141119,337.26,337.70,334.34,348.79,1182700.00
20141118,331.27,338.57,328.65,343.25,851800.00
20141117,325.00,328.21,320.76,333.03,886600.00
20141114,317.70,327.62,314.48,328.35,1091100.00
20141113,316.09,321.20,311.71,326.16,886600.00
20141112,310.40,316.82,306.41,319.74,558100.00
20141111,309.81,307.04,297.84,313.17,1154800.00
20141110,311.13,309.23,306.60,319.86,1090200.00
20141107,299.30,305.72,298.72,308.50,556900.00
20141106,292.00,299.88,285.43,304.99,1236200.00
20141105,302.80,292.73,292.00,310.40,1372300.00
20141104,300.91,307.18,300.91,313.75,664000.00
20141103,302.37,303.68,301.78,313.61,645800.00
20141031,310.83,300.76,292.73,310.83,2874100.00
20141030,312.15,312.59,301.49,318.86,1686800.00
20141029,312.29,315.36,307.33,320.47,852200.00
20141028,300.76,313.02,298.57,316.24,696800.00
20141027,296.96,299.30,295.65,303.24,835000.00
20141024,295.80,298.57,292.58,307.77,736600.00
20141023,287.33,292.00,285.72,300.03,1494900.00
20141022,290.39,284.70,280.17,290.39,698600.00
20141021,286.01,289.66,284.41,297.11,589400.00
20141020,287.18,287.77,279.88,290.98,464400.00
20141017,294.34,289.08,288.06,297.69,660100.00
20141016,298.28,293.02,282.82,298.88,636500.00
20141015,299.15,295.80,285.28,299.15,643200.00
20141014,295.21,296.38,293.90,299.88,448600.00
20141013,291.27,293.17,289.81,297.11,311100.00
20141010,297.11,293.46,289.87,297.11,731800.00
20141009,299.30,302.51,299.30,304.70,762300.00
20141008,297.55,292.73,290.54,300.76,636600.00
20141007,295.36,300.32,292.88,301.64,657300.00
20141006,302.80,294.92,292.29,302.80,914700.00
20141003,322.81,301.20,300.18,322.81,610600.00
20141002,307.62,322.51,306.16,323.97,777700.00
20141001,319.74,305.29,303.83,319.74,838700.00
20140930,303.24,319.45,301.49,321.20,867900.00
20140929,300.47,303.53,297.84,305.29,597500.00
20140926,309.37,302.95,299.30,310.98,724800.00
20140925,313.61,311.42,306.75,313.90,462000.00
20140924,304.99,314.63,301.49,315.07,537300.00
20140923,308.06,303.24,302.22,309.08,559700.00
20140922,316.82,308.50,306.70,325.30,610400.00
20140919,327.77,318.57,317.26,331.27,1075100.00
20140918,330.54,325.58,323.05,334.92,557400.00
20140917,331.42,329.38,328.35,335.07,448200.00
20140916,332.59,333.17,326.31,335.29,656600.00
20140915,327.48,335.36,327.48,339.68,443100.00
20140912,337.70,330.25,327.92,339.45,790200.00
20140911,349.67,336.09,330.69,350.69,836300.00
20140910,342.08,350.25,342.08,357.26,913900.00
20140909,332.15,335.36,328.66,339.16,497200.00
20140908,334.63,334.34,331.42,335.80,517200.00
20140905,334.49,334.19,332.15,335.65,493200.00
20140904,329.67,336.38,328.65,337.84,403200.00
20140903,344.56,331.57,328.35,344.56,893100.00
20140902,359.16,346.60,345.58,361.50,523500.00
20140901,346.02,360.33,346.02,363.34,989000.00
20140829,336.97,341.06,331.86,341.35,304800.00
20140828,335.95,339.60,333.17,343.25,398300.00
20140827,340.03,338.87,338.44,345.29,409400.00
20140826,342.66,337.99,337.84,346.94,558600.00
20140825,343.98,343.98,343.98,343.98,0.00
20140822,349.67,343.98,342.08,350.84,480000.00
20140821,358.14,349.82,346.31,358.14,424100.00
20140820,354.93,356.24,348.50,359.74,361800.00
20140819,350.69,354.78,349.82,356.51,324000.00
20140818,359.89,351.71,350.98,361.42,396000.00
20140815,376.24,359.60,357.12,381.06,517500.00
20140814,364.71,372.30,364.71,376.24,405000.00
20140813,371.86,365.88,364.85,374.20,347200.00
20140812,371.72,372.30,369.82,378.14,374300.00
20140811,372.88,368.65,360.44,372.88,401300.00
20140808,363.83,367.92,360.91,368.36,526800.00
20140807,366.46,363.39,361.20,369.86,326300.00
20140806,370.55,370.69,356.53,370.69,744600.00
20140805,379.60,367.19,364.25,380.33,648200.00
20140804,383.69,382.52,380.48,390.70,464400.00
20140801,382.52,386.46,377.56,386.75,561900.00
20140731,383.40,382.52,379.31,389.97,725900.00
20140730,384.71,386.17,378.43,386.75,913900.00
20140729,373.91,385.15,373.91,389.09,840100.00
20140728,385.00,381.50,372.59,386.90,818500.00
20140725,380.91,379.31,367.69,389.28,1059200.00
20140724,369.38,370.84,366.31,373.76,420500.00
20140723,365.58,370.69,359.16,382.37,1014000.00
20140722,355.51,364.71,353.71,364.71,902500.00
20140721,347.48,358.72,344.50,361.06,491300.00
20140718,351.86,349.82,341.93,352.88,634200.00
20140717,351.86,351.71,347.63,361.09,643100.00
20140716,338.28,351.13,336.97,351.28,580000.00
20140715,331.57,339.01,331.57,345.14,592800.00
20140714,332.00,330.84,328.50,340.03,804600.00
20140711,338.43,328.94,326.75,340.39,527500.00
20140710,331.13,339.45,331.13,345.58,621500.00
20140709,329.67,332.30,323.24,334.63,462500.00
20140708,325.58,327.48,321.64,331.13,628300.00
20140707,333.17,323.83,315.51,333.17,655600.00
20140704,328.50,330.25,325.87,336.68,432100.00
20140703,321.35,329.23,320.35,334.78,1091800.00
20140702,319.45,318.13,314.78,327.69,604800.00
20140701,300.47,322.08,299.99,324.85,1377200.00
20140630,302.51,300.32,297.69,304.56,1205700.00
20140627,305.58,300.32,299.30,307.04,846400.00
20140626,307.33,303.24,303.24,308.35,714700.00
20140625,305.72,304.99,296.67,305.72,1817200.00
20140624,306.75,303.68,298.28,308.06,946900.00
20140623,307.48,306.60,295.07,311.42,1319200.00
20140620,299.30,306.60,299.30,320.32,4605500.00
20140619,314.19,298.72,296.53,323.39,2494400.00
20140618,327.62,312.59,310.98,328.65,1390200.00
20140617,329.08,326.31,316.97,331.13,1094200.00
20140616,324.12,327.33,319.01,337.99,1496700.00
20140613,319.16,318.86,308.21,321.35,838100.00
20140612,324.85,316.97,315.94,325.87,1129700.00
20140611,315.94,325.87,314.92,327.77,702900.00
20140610,329.23,316.82,316.38,329.23,630900.00
20140609,316.82,327.19,316.82,328.65,589600.00
20140606,322.37,315.07,314.05,326.25,342000.00
20140605,318.28,320.47,314.30,326.34,682100.00
20140604,317.26,318.28,312.59,328.94,549500.00
20140603,326.46,316.82,310.54,328.79,673200.00
20140602,317.84,325.00,317.84,327.48,733600.00
20140530,322.95,316.82,313.32,328.21,799500.00
20140529,321.35,325.14,312.59,326.46,556700.00
20140528,324.56,324.41,316.97,328.21,931900.00
20140527,325.00,317.40,316.24,331.13,624400.00
20140526,321.20,321.20,321.20,321.20,0.00
20140523,318.57,321.20,317.11,327.04,1213800.00
20140522,316.67,317.40,314.48,323.97,567200.00
20140521,317.55,316.09,307.91,318.31,404800.00
20140520,316.09,317.11,314.48,324.56,3196000.00
20140519,309.52,312.59,304.15,316.24,719700.00
20140516,327.92,315.07,303.83,328.18,1149900.00
20140515,340.91,326.31,326.31,345.44,485800.00
20140514,334.63,339.60,332.99,345.14,670600.00
20140513,338.43,335.80,331.86,346.60,501400.00
20140512,339.89,336.82,333.76,342.08,470500.00
20140509,342.37,337.55,335.51,348.21,585100.00
20140508,343.98,341.20,335.65,347.92,914700.00
20140507,349.23,344.85,337.41,352.30,1100400.00
20140506,343.54,353.76,330.65,354.78,893700.00
20140505,351.86,351.86,351.86,351.86,0.00
20140502,351.86,351.86,345.73,355.95,896000.00
20140501,368.94,353.03,351.13,368.94,364700.00
20140430,369.82,362.52,352.88,370.55,934000.00
20140429,367.77,367.92,350.40,371.06,913200.00
20140428,374.78,362.08,360.18,382.67,805100.00
20140425,362.08,370.69,354.78,375.66,1092800.00
20140424,378.14,365.00,357.74,388.82,1328400.00
20140423,361.06,362.37,353.39,370.26,1069300.00
20140422,376.68,365.29,365.15,378.14,436500.00
20140421,378.29,378.29,378.29,378.29,0.00
20140418,378.29,378.29,378.29,378.29,0.00
20140417,367.04,378.29,364.56,379.02,326000.00
20140416,374.49,368.94,363.93,375.51,331900.00
20140415,383.10,368.94,368.65,384.90,543500.00
20140414,380.91,378.29,365.44,385.00,747300.00
20140411,372.30,380.91,372.30,385.27,475600.00
20140410,379.16,376.83,372.74,390.55,662500.00
20140409,381.21,374.78,370.40,396.97,1095100.00
20140408,379.89,376.10,373.61,379.89,653500.00
20140407,380.18,376.68,375.95,384.33,473700.00
20140404,383.98,385.15,380.18,391.28,539200.00
20140403,384.56,383.40,382.23,392.34,436100.00
20140402,377.56,388.51,377.56,390.70,475500.00
20140401,379.60,381.50,376.07,388.88,917800.00
20140331,368.36,384.71,366.75,385.00,795200.00
20140328,352.59,361.20,346.02,362.31,699700.00
20140327,366.02,351.42,346.46,372.59,777900.00
20140326,359.16,362.52,354.63,373.32,881700.00
20140325,358.87,359.31,347.92,361.20,829600.00
20140324,365.00,356.97,354.20,367.19,1416000.00
20140321,372.88,368.94,368.94,378.43,2512400.00
20140320,385.44,372.01,366.80,385.44,756000.00
20140319,381.50,379.60,370.26,381.50,724500.00
20140318,373.03,377.41,370.33,381.35,599700.00
20140317,379.75,379.60,378.26,389.69,793000.00
20140314,376.24,379.45,376.24,389.53,1063400.00
20140313,379.60,378.14,376.43,392.45,3016700.00
20140312,370.84,379.60,334.78,386.46,6063300.00
20140311,403.69,365.00,356.24,403.69,9299300.00
20140310,437.27,449.83,416.10,454.94,1800700.00
20140307,468.08,435.96,433.91,468.08,1117200.00
20140306,445.74,467.20,439.61,470.56,1103100.00
20140305,417.56,440.48,417.56,446.76,912300.00
20140304,432.16,417.56,416.07,432.16,879300.00
20140303,415.66,431.14,408.57,442.53,1480500.00
20140228,424.86,410.55,408.80,425.15,585900.00
20140227,399.31,426.17,399.31,426.17,1015400.00
20140226,412.45,406.03,403.69,418.14,880900.00
20140225,417.41,412.45,405.88,423.40,1258900.00
20140224,409.82,408.65,397.27,410.41,1011400.00
20140221,400.62,407.63,396.25,411.43,1191000.00
20140220,399.02,395.95,384.27,400.77,943000.00
20140219,393.47,402.08,388.94,412.60,1338600.00
20140218,397.70,392.16,388.07,404.27,1210000.00
20140217,404.13,403.69,394.78,412.45,989300.00
20140214,392.74,398.87,383.77,427.78,2049800.00
20140213,367.04,398.43,359.25,407.05,2488500.00
20140212,348.94,367.92,331.35,373.18,2055500.00
20140211,346.60,350.40,340.74,354.63,1212500.00
20140210,333.32,348.21,332.30,355.07,1553200.00
20140207,329.96,326.46,324.27,333.79,674100.00
20140206,331.42,325.58,319.64,335.51,888200.00
20140205,317.26,326.89,317.26,336.82,876000.00
20140204,332.44,321.20,312.00,332.88,763000.00
20140203,323.24,336.82,317.64,339.45,823300.00
20140131,313.75,320.91,310.54,328.85,719600.00
20140130,328.06,316.24,312.73,328.06,669400.00
20140129,309.08,324.12,309.08,328.65,696300.00
20140128,310.10,310.69,305.68,315.94,742800.00
20140127,318.28,309.81,309.81,324.70,978400.00
20140124,325.87,322.51,310.98,329.96,1270100.00
20140123,292.00,324.70,292.00,326.75,1665200.00
20140122,297.84,291.27,287.52,307.91,824200.00
20140121,299.30,301.49,294.84,318.43,1671300.00
20140120,290.54,292.88,288.44,295.36,610100.00
20140117,279.15,289.37,279.15,295.80,756500.00
20140116,272.29,282.22,272.20,286.74,665300.00
20140115,272.73,276.09,271.85,289.08,901700.00
20140114,267.62,276.82,265.58,278.57,796500.00
20140113,266.01,268.93,266.01,277.60,765900.00
20140110,274.77,272.87,267.91,282.66,996900.00
20140109,283.68,277.40,275.65,291.27,1139300.00
20140108,286.60,289.52,286.60,296.47,381400.00
20140107,292.73,289.37,285.58,300.76,709100.00
20140106,294.48,295.21,288.04,302.51,1173500.00
20140103,289.08,294.34,288.53,304.26,957900.00
20140102,277.84,288.35,270.10,299.01,1119700.00
20140101,271.27,271.27,271.27,271.27,0.00
20131231,276.09,271.27,265.66,277.01,302000.00
20131230,270.25,273.75,270.25,288.08,614000.00
20131227,263.82,274.19,259.81,281.27,820300.00
20131226,256.96,256.96,256.96,256.96,0.00
20131225,256.96,256.96,256.96,256.96,0.00
20131224,253.31,256.96,247.48,262.80,482700.00
20131223,239.59,247.18,234.77,251.27,695000.00
20131220,227.03,236.81,227.03,242.65,811700.00
20131219,239.00,229.80,224.69,239.00,1026900.00
20131218,239.00,235.06,233.45,247.47,606800.00
20131217,229.95,234.77,224.69,236.67,337900.00
20131216,230.68,227.76,223.53,236.67,552600.00
20131213,233.45,228.93,224.92,233.45,326100.00
20131212,239.44,230.39,226.15,243.54,606800.00
20131211,245.57,242.36,234.04,255.94,773900.00
20131210,233.75,239.15,227.91,242.80,1065800.00
20131209,224.84,229.22,220.16,231.99,597700.00
20131206,221.63,227.03,219.20,239.11,747600.00
20131205,221.77,222.80,220.61,233.16,629200.00
20131204,220.46,224.40,218.42,229.22,606700.00
20131203,234.48,222.80,221.04,240.88,1128300.00
20131202,247.47,236.96,235.06,252.00,736000.00
20131129,253.02,249.81,248.20,261.22,528900.00
20131128,246.74,253.02,243.47,254.04,433100.00
20131127,241.92,243.97,240.34,248.78,282900.00
20131126,236.81,240.17,234.78,251.85,693100.00
20131125,253.31,240.02,238.08,253.31,637800.00
20131122,242.36,250.83,242.36,256.38,685300.00
20131121,268.64,245.13,243.53,269.43,894700.00
20131120,274.92,264.26,257.98,277.99,701900.00
20131119,283.09,279.88,276.09,283.39,386300.00
20131118,280.61,283.09,277.77,285.28,350300.00
20131115,286.45,284.12,277.40,296.82,575900.00
20131114,274.77,282.95,271.98,283.82,432400.00
20131113,280.47,274.48,270.39,284.26,660800.00
20131112,282.51,277.40,274.99,285.66,563800.00
20131111,294.48,288.50,284.54,303.01,620300.00
20131108,309.52,290.98,288.79,312.18,853300.00
20131107,302.37,302.80,297.11,313.46,1372000.00
20131106,290.25,298.13,285.78,300.18,875600.00
20131105,279.44,289.81,269.47,297.69,917500.00
20131104,289.37,285.72,277.98,290.10,794300.00
20131101,282.95,282.07,278.68,290.20,987700.00
20131031,286.60,281.05,274.51,292.73,1310100.00
20131030,262.80,287.91,258.71,288.36,2663600.00
20131029,248.64,248.35,242.21,250.39,476900.00
20131028,245.43,248.20,239.88,251.27,551400.00
20131025,248.49,248.64,247.76,262.11,839100.00
20131024,248.20,252.73,248.20,260.03,936900.00
20131023,247.76,250.24,243.81,255.39,880000.00
20131022,233.16,243.82,231.85,248.93,1386900.00
20131021,225.42,231.70,225.42,233.02,318100.00
20131018,230.97,226.59,220.85,232.47,576600.00
20131017,223.53,228.34,220.53,228.93,593700.00
20131016,227.76,220.90,217.69,227.76,636200.00
20131015,213.60,224.99,212.87,224.99,777200.00
20131014,216.66,215.79,211.90,218.77,575400.00
20131011,223.53,216.81,214.77,224.74,873300.00
20131010,223.96,221.19,220.11,226.74,360600.00
20131009,226.45,224.84,222.50,233.23,340700.00
20131008,223.38,231.12,219.12,231.26,721800.00
20131007,222.50,221.77,220.61,228.07,296100.00
20131004,222.80,223.96,221.04,226.88,510800.00
20131003,227.91,225.42,223.96,229.95,321200.00
20131002,227.61,231.99,215.53,232.58,821800.00
20131001,236.81,225.57,221.34,242.21,2677300.00
20130930,242.36,239.44,237.25,242.36,1082500.00
20130927,242.07,241.05,238.79,242.22,1555600.00
20130926,229.22,239.00,229.22,239.73,864200.00
20130925,232.72,231.99,229.60,235.35,1803600.00
20130924,226.30,230.10,226.30,233.75,1458700.00
20130923,223.23,228.49,223.23,230.39,1709200.00
20130920,228.49,227.91,224.55,234.04,2488700.00
20130919,211.70,228.78,211.70,232.14,3581000.00
20130918,206.74,198.27,195.44,211.70,1674200.00
20130917,211.26,207.47,205.57,220.46,2476700.00
20130916,226.30,210.09,204.69,227.51,4249300.00
20130913,240.90,239.73,231.26,241.63,1317700.00
20130912,249.37,244.70,236.96,250.03,1408600.00
20130911,242.36,248.20,220.83,249.81,2535400.00
20130910,265.43,242.94,233.60,266.89,3055000.00
20130909,274.63,268.06,263.53,274.63,859300.00
20130906,274.92,267.47,263.53,274.92,1477100.00
20130905,271.56,272.00,268.49,273.02,1013200.00
20130904,272.14,270.83,266.89,274.48,1172100.00
20130903,269.81,270.68,263.04,274.04,1673800.00
20130902,275.21,271.12,265.72,283.53,1814800.00
20130830,279.01,277.40,264.98,281.55,2325100.00
20130829,259.88,273.02,251.50,280.61,4228900.00
20130828,252.58,262.65,247.76,265.72,2102500.00
20130827,252.58,248.64,243.81,258.34,2244400.00
20130826,242.94,242.94,242.94,242.94,0.00
20130823,227.76,242.94,227.76,243.67,1551800.00
20130822,220.31,232.72,220.31,233.63,873700.00
20130821,228.93,226.74,220.98,228.93,789400.00
20130820,230.39,227.61,219.73,233.60,1147900.00
20130819,232.14,232.14,225.42,236.52,1035600.00
20130816,220.46,228.78,216.96,236.96,2206800.00
20130815,226.30,216.08,214.37,229.66,1441500.00
20130814,213.31,224.40,208.78,225.42,1164600.00
20130813,216.66,217.54,207.47,219.00,2198800.00
20130812,192.28,220.02,190.03,221.48,3152500.00
20130809,165.27,187.76,164.98,191.26,2568200.00
20130808,167.61,167.61,161.71,168.92,909500.00
20130807,160.60,163.81,158.27,166.67,712800.00
20130806,167.46,162.94,161.18,170.08,1803000.00
20130805,167.02,169.65,167.02,174.15,881700.00
20130802,172.43,169.21,162.06,172.43,804700.00
20130801,166.00,173.30,165.42,174.03,1075200.00
20130731,159.29,164.83,157.97,170.09,1936100.00
20130730,171.11,162.64,156.51,180.40,2158500.00
20130729,167.90,170.53,161.21,173.45,1311500.00
20130726,167.90,164.40,161.04,167.90,678500.00
20130725,162.06,163.67,157.11,166.59,1048200.00
20130724,171.55,165.13,163.96,172.43,1218800.00
20130723,168.34,170.53,164.29,175.14,1675400.00
20130722,163.52,164.40,157.53,164.80,1660500.00
20130719,156.51,155.78,153.56,160.60,571400.00
20130718,151.40,155.93,147.64,157.68,1005600.00
20130717,156.51,155.05,148.85,156.85,1476500.00
20130716,151.11,152.28,149.94,154.03,623400.00
20130715,156.22,148.63,146.73,158.41,1219500.00
20130712,161.48,153.30,152.13,161.48,1305300.00
20130711,150.67,162.06,150.67,169.07,2492700.00
20130710,157.68,143.59,142.79,158.90,1302100.00
20130709,156.66,160.02,156.07,163.37,721900.00
20130708,153.30,156.51,152.57,157.83,813700.00
20130705,157.68,153.30,153.01,163.52,1658900.00
20130704,151.55,153.74,151.55,158.26,896300.00
20130703,151.84,153.30,151.84,159.14,1094600.00
20130702,148.48,155.78,147.12,158.64,1608000.00
20130701,144.32,146.00,143.45,157.83,2120400.00
20130628,148.92,140.16,136.51,150.38,2774200.00
20130627,152.57,151.84,148.80,154.18,907900.00
20130626,158.26,151.55,151.55,158.99,1410000.00
20130625,160.89,160.31,159.29,167.02,1137500.00
20130624,174.76,163.96,163.37,174.91,1099800.00
20130621,170.38,176.95,167.17,179.43,1937800.00
20130620,176.66,172.28,168.48,178.56,1275600.00
20130619,185.42,179.14,176.79,185.42,740100.00
20130618,188.34,181.77,181.42,191.52,1045900.00
20130617,199.87,187.90,185.13,199.87,871800.00
20130614,189.95,197.83,186.30,198.27,1185100.00
20130613,186.59,186.73,183.11,191.55,738900.00
20130612,188.34,187.46,182.50,189.65,747800.00
20130611,195.64,186.00,184.54,195.64,909500.00
20130610,202.65,194.03,191.41,204.98,857000.00
20130607,198.71,204.11,195.49,218.56,1250200.00
20130606,196.52,195.93,194.62,197.54,1268000.00
20130605,195.79,196.52,189.95,199.73,1168100.00
20130604,200.60,196.37,193.89,204.69,541100.00
20130603,202.21,202.21,194.33,208.10,604300.00
20130531,202.79,200.46,200.31,212.72,989900.00
20130530,199.58,205.28,199.58,208.63,1426000.00
20130529,190.09,202.21,189.36,202.79,1442700.00
20130528,192.43,190.09,186.73,194.03,1065300.00
20130527,190.24,190.24,190.24,190.24,0.00
20130524,194.62,190.24,186.50,196.95,978100.00
20130523,195.49,197.54,191.26,199.58,804400.00
20130522,200.02,199.73,194.63,203.38,2015300.00
20130521,197.10,199.14,195.49,202.94,1810000.00
20130520,201.33,196.22,191.70,201.33,2084500.00
20130517,192.28,199.29,191.32,205.42,2002700.00
20130516,201.04,195.06,183.56,205.25,1900200.00
20130515,205.42,203.23,199.26,207.42,1140400.00
20130514,210.09,203.82,201.63,212.55,1373700.00
20130513,219.00,212.43,211.85,220.90,859200.00
20130510,221.63,216.08,215.35,224.69,716300.00
20130509,224.99,223.53,219.55,228.78,815200.00
20130508,220.31,223.09,213.31,225.57,1479700.00
20130507,226.30,222.36,222.36,232.87,1664400.00
20130506,223.09,223.09,223.09,223.09,0.00
20130503,234.33,223.09,217.50,238.40,4316600.00
20130502,240.32,237.10,231.99,243.61,956500.00
20130501,259.00,234.48,228.20,259.00,1640500.00
20130430,270.83,255.50,250.90,277.25,1820200.00
20130429,285.58,266.01,263.97,285.58,1402100.00
20130426,280.76,277.40,272.99,290.54,1532500.00
20130425,273.02,278.28,268.64,285.58,1163700.00
20130424,267.03,270.39,257.64,273.02,1129400.00
20130423,277.40,264.55,240.24,279.68,1597700.00
20130422,265.72,275.21,263.68,279.15,1429600.00
20130419,240.61,261.49,240.61,264.55,1916900.00
20130418,252.58,242.21,237.40,256.23,2107100.00
20130417,260.17,248.64,248.20,263.53,1526400.00
20130416,252.58,263.68,248.49,267.65,2056800.00
20130415,267.18,253.16,246.01,268.64,3041600.00
20130412,284.99,277.11,277.11,295.94,1211100.00
20130411,292.00,284.85,282.95,294.84,642900.00
20130410,299.30,294.92,292.00,307.62,1107700.00
20130409,292.00,295.07,288.35,309.30,2143900.00
20130408,277.98,287.91,277.98,289.87,1826100.00
20130405,264.70,277.69,257.69,279.74,1425500.00
20130404,269.95,267.76,263.16,276.96,857700.00
20130403,266.60,267.33,264.41,272.11,535200.00
20130402,284.12,273.46,269.36,292.00,857700.00
20130401,281.93,281.93,281.93,281.93,0.00
20130329,281.93,281.93,281.93,281.93,0.00
20130328,297.26,281.93,281.93,303.68,1189200.00
20130327,299.30,301.64,292.86,313.75,831300.00
20130326,309.81,296.96,288.20,309.81,2020100.00
20130325,327.33,304.70,304.70,328.15,967900.00
20130322,335.80,328.35,322.22,335.80,386300.00
20130321,330.84,329.23,322.51,337.63,657700.00
20130320,339.16,332.15,332.00,342.22,690700.00
20130319,355.36,339.30,337.26,355.36,612800.00
20130318,347.77,349.23,343.83,354.53,448900.00
20130315,354.20,351.71,348.65,360.68,484600.00
20130314,354.34,356.68,350.93,362.99,655200.00
20130313,354.78,352.30,349.20,358.14,1517400.00
20130312,343.10,352.59,343.10,360.82,619700.00
20130311,337.99,345.87,335.65,348.65,700400.00
20130308,347.33,339.89,338.72,347.48,855600.00
20130307,350.55,347.48,346.02,355.97,822000.00
20130306,363.39,358.72,356.39,368.21,510600.00
20130305,366.75,365.00,361.50,368.72,687200.00
20130304,373.76,362.81,358.87,373.76,996900.00
20130301,381.35,371.86,365.29,387.05,973900.00
20130228,391.43,383.69,381.94,394.20,536700.00
20130227,396.39,391.28,388.80,396.51,452000.00
20130226,385.29,393.18,384.59,395.25,555000.00
20130225,390.11,392.74,385.81,396.39,603900.00
20130222,394.64,391.28,391.28,400.92,1038400.00
20130221,405.44,394.20,393.18,408.34,964000.00
20130220,407.34,408.51,398.58,410.65,790400.00
20130219,414.20,408.07,402.33,414.20,859500.00
20130218,428.22,413.18,413.18,430.30,1196800.00
20130215,446.03,430.70,428.87,447.48,1391200.00
20130214,440.19,451.29,434.35,459.90,2107100.00
20130213,455.37,440.92,438.15,466.10,4835600.00
20130212,503.70,497.86,495.93,509.34,907700.00
20130211,519.76,510.12,505.16,521.78,961400.00
20130208,519.76,519.03,515.82,524.23,493500.00
20130207,523.26,517.72,513.04,523.26,555100.00
20130206,525.45,523.12,520.49,526.77,290600.00
20130205,520.34,523.41,510.27,525.45,474000.00
20130204,533.78,519.76,517.06,538.59,688800.00
20130201,523.26,534.36,517.42,538.74,892600.00
20130131,522.24,519.47,512.75,523.70,528100.00
20130130,515.96,519.61,511.00,519.76,375800.00
20130129,520.49,512.46,500.78,524.18,365600.00
20130128,523.99,520.93,514.96,525.45,500900.00
20130125,519.32,523.99,513.92,523.99,560500.00
20130124,522.68,522.68,512.73,522.68,455600.00
20130123,518.30,517.72,512.46,522.88,440300.00
20130122,519.76,521.51,517.29,526.23,752300.00
20130121,511.88,520.49,511.88,521.22,678400.00
20130118,511.15,508.08,506.63,515.53,603600.00
20130117,510.56,511.00,496.40,511.01,789700.00
20130116,518.30,508.81,503.70,518.30,696700.00
20130115,532.90,518.30,513.92,532.90,1196900.00
20130114,533.34,525.45,521.22,538.54,676600.00
20130111,531.44,533.78,526.77,539.32,655100.00
20130110,539.62,532.17,523.90,554.32,2259700.00
20130109,520.34,554.80,513.19,554.80,2580800.00
20130108,511.00,514.07,503.70,532.68,4669900.00
20130107,662.69,648.24,644.59,662.69,210400.00
20130104,667.66,660.94,648.09,667.66,183000.00
20130103,670.14,668.24,644.44,670.14,294000.00
20130102,653.06,669.41,648.53,676.71,302800.00
20130101,643.28,643.28,643.28,643.28,0.00
20121231,665.47,643.28,643.28,665.47,17500.00
20121228,654.52,646.78,645.32,657.58,136200.00
20121227,659.77,655.10,654.66,663.72,132700.00
20121225,651.45,651.45,651.45,651.45,0.00
20121224,667.95,651.45,649.34,677.15,75000.00
20121221,634.66,662.84,620.65,663.57,479100.00
20121220,642.55,633.64,631.60,642.55,291000.00
20121219,649.70,645.90,639.92,664.15,496200.00
20121218,649.70,642.40,629.93,657.00,279000.00
20121217,626.19,646.05,618.45,652.04,412500.00
20121214,615.83,616.12,609.46,625.32,236600.00
20121213,620.50,613.20,612.18,627.80,887600.00
20121212,609.84,605.90,592.26,609.84,388900.00
20121211,598.60,605.90,596.85,614.66,299600.00
20121210,603.56,598.60,585.90,603.56,478900.00
20121207,602.40,605.90,594.51,605.90,616900.00
20121206,606.19,611.74,592.03,611.74,670700.00
20121205,597.87,605.90,592.32,611.59,483300.00
20121204,588.38,598.60,581.08,598.60,519300.00
20121203,602.10,601.52,590.12,608.53,359400.00
20121130,607.80,602.98,594.51,608.24,280900.00
20121129,584.58,602.98,584.44,607.80,928300.00
20121128,575.82,582.39,558.45,582.54,544100.00
20121127,575.24,572.90,572.47,580.93,239000.00
20121126,580.64,569.40,565.46,580.64,258900.00
20121123,576.70,584.00,576.70,591.74,110000.00
20121122,577.43,581.81,569.32,583.12,287000.00
20121121,574.80,576.99,568.67,587.07,158900.00
20121120,573.63,575.39,568.23,575.39,525900.00
20121119,567.79,573.63,567.79,577.28,267100.00
20121116,572.76,561.95,556.41,572.76,408800.00
20121115,569.84,569.69,557.95,580.79,386800.00
20121114,585.46,580.50,577.72,594.66,591200.00
20121113,596.26,593.20,585.46,598.60,491400.00
20121112,603.56,597.14,596.26,606.63,334500.00
20121109,608.82,605.75,604.15,614.66,527900.00
20121108,616.12,604.44,600.64,616.12,544900.00
20121107,615.10,613.20,600.21,621.43,625000.00
20121106,619.48,614.66,606.19,621.48,577400.00
20121105,614.81,623.13,613.20,623.42,339900.00
20121102,619.48,623.27,612.62,624.89,372500.00
20121101,614.22,622.40,611.89,631.45,446200.00
20121031,623.57,619.04,610.28,643.86,576000.00
20121030,634.66,629.84,607.94,657.29,910900.00
20121029,669.26,645.32,627.07,671.60,843800.00
20121026,697.88,678.90,665.32,697.88,606700.00
20121025,717.59,702.99,694.52,729.23,490100.00
20121024,705.62,710.14,696.71,717.59,337100.00
20121023,714.52,700.22,695.25,715.40,272700.00
20121022,707.52,703.72,688.24,717.30,365900.00
20121019,713.36,697.00,688.83,713.36,284700.00
20121018,721.24,703.87,681.53,722.70,476800.00
20121017,708.10,718.32,701.68,721.09,401200.00
20121016,698.32,704.01,686.49,708.10,543600.00
20121015,692.77,689.12,686.35,705.03,366400.00
20121012,693.06,698.46,693.06,707.95,329700.00
20121011,688.83,693.50,671.07,706.80,618800.00
20121010,693.21,693.79,690.58,707.37,918600.00
20121009,696.71,693.50,689.12,711.46,584700.00
20121008,681.24,693.21,677.59,700.80,444900.00
20121005,675.98,688.83,668.68,692.48,597800.00
20121004,670.58,674.37,663.72,678.02,605200.00
20121003,664.59,665.03,664.30,674.23,672600.00
20121002,659.92,664.30,659.04,671.20,1098700.00
20121001,646.63,662.55,627.00,664.30,587100.00
20120928,647.51,649.41,647.51,657.37,376200.00
20120927,643.71,647.66,636.02,651.31,219700.00
20120926,658.46,641.38,633.35,669.41,564500.00
20120925,671.60,664.45,663.25,689.85,348800.00
20120924,680.21,669.99,664.45,688.57,295800.00
20120921,692.77,682.40,682.40,707.22,601600.00
20120920,703.14,701.09,689.40,704.01,274100.00
20120919,700.80,708.68,694.62,715.25,450700.00
20120918,692.19,698.46,681.07,701.38,452200.00
20120917,679.19,694.52,675.86,697.88,468100.00
20120914,664.30,678.90,664.30,699.34,1238900.00
20120913,662.55,656.56,652.22,662.55,486300.00
20120912,686.20,659.92,658.80,687.69,353600.00
20120911,683.43,681.09,666.95,686.20,316900.00
20120910,680.51,690.87,678.21,694.96,344800.00
20120907,658.61,681.09,658.61,682.56,547000.00
20120906,651.89,655.54,651.89,661.96,410500.00
20120905,655.69,649.70,641.52,659.63,936000.00
20120904,651.45,658.90,644.44,665.18,358800.00
20120903,650.72,653.93,649.70,668.96,242300.00
20120831,656.56,648.39,646.69,657.44,412700.00
20120830,657.29,653.35,650.28,662.11,589600.00
20120829,656.71,661.53,648.97,665.34,605800.00
20120828,655.54,662.99,653.43,665.32,398000.00
20120827,657.00,657.00,657.00,657.00,0.00
20120824,663.13,657.00,649.85,663.13,486000.00
20120823,657.00,659.92,652.18,664.01,396900.00
20120822,661.38,651.16,646.19,663.28,552400.00
20120821,629.84,659.92,626.34,683.28,1979000.00
20120820,627.22,632.18,618.25,633.64,442000.00
20120817,623.71,624.88,620.50,633.64,1819300.00
20120816,655.54,620.50,615.10,655.54,6691800.00
20120815,579.62,574.66,574.66,583.85,222800.00
20120814,598.60,584.00,577.58,598.60,565700.00
20120813,599.48,589.84,575.68,606.63,632200.00
20120810,595.97,597.43,592.76,604.44,530900.00
20120809,597.43,595.97,592.76,601.91,631000.00
20120808,594.95,598.89,592.76,601.52,280800.00
20120807,586.77,597.87,569.40,600.64,857400.00
20120806,556.26,589.84,550.27,591.30,571700.00
20120803,554.22,559.18,543.70,564.14,458800.00
20120802,552.76,556.26,543.24,556.84,763800.00
20120801,545.75,556.26,526.40,559.03,670200.00
20120731,549.54,548.96,540.20,550.27,781700.00
20120730,525.16,555.24,513.34,557.72,1110100.00
20120727,511.00,525.60,501.22,529.40,898200.00
20120726,500.78,507.50,488.95,510.80,334700.00
20120725,490.56,501.07,482.21,508.81,436200.00
20120724,465.01,493.63,440.04,493.63,1059100.00
20120723,534.80,462.82,456.98,540.78,1358100.00
20120720,568.96,551.00,543.62,568.96,409600.00
20120719,567.50,566.19,555.53,571.30,381100.00
20120718,574.80,568.67,565.95,581.23,332400.00
20120717,592.03,571.44,569.69,593.83,285900.00
20120716,593.49,589.11,577.58,597.58,324400.00
20120713,578.01,591.45,577.28,592.32,312600.00
20120712,579.47,578.16,569.40,584.29,264600.00
20120711,598.60,582.83,578.16,598.60,432200.00
20120710,591.59,599.91,591.59,609.29,285800.00
20120709,599.18,592.91,588.38,601.04,263200.00
20120706,608.97,608.09,594.95,617.43,277800.00
20120705,600.64,606.92,596.85,610.46,244000.00
20120704,610.28,597.58,590.57,613.20,405400.00
20120703,577.28,606.63,577.28,606.63,455000.00
20120702,567.79,574.07,562.10,576.12,454600.00
20120629,573.63,565.31,565.31,586.34,554000.00
20120628,562.10,567.21,555.58,569.69,250800.00
20120627,569.40,561.37,558.74,571.30,304400.00
20120626,575.24,569.69,560.79,575.24,355700.00
20120625,567.65,573.05,567.21,580.93,350400.00
20120622,564.29,572.32,564.01,578.31,292300.00
20120621,582.54,572.17,571.74,588.53,304200.00
20120620,578.74,586.92,578.74,591.78,216600.00
20120619,592.76,582.54,578.74,592.76,370900.00
20120618,598.75,589.69,575.97,599.48,520700.00
20120615,575.09,583.56,575.09,592.32,717700.00
20120614,572.17,577.14,558.30,579.47,292000.00
20120613,561.66,569.40,557.14,573.34,264500.00
20120612,557.43,556.99,549.25,563.85,354900.00
20120611,595.97,561.37,552.81,601.40,495300.00
20120608,571.01,581.37,561.95,582.25,501500.00
20120607,583.27,580.35,563.85,601.52,695200.00
20120606,525.31,584.29,525.31,592.32,1540600.00
20120605,510.12,510.12,510.12,510.12,0.00
20120604,510.12,510.12,510.12,510.12,0.00
20120601,485.01,510.12,478.59,512.37,434600.00
20120531,483.70,481.07,476.25,495.38,341600.00
20120530,504.14,478.88,478.44,504.14,266600.00
20120529,496.98,495.82,489.36,501.99,193200.00
20120528,508.66,499.17,495.52,508.66,199800.00
20120525,489.68,493.19,483.44,503.55,408200.00
20120524,488.52,486.18,479.46,499.47,358200.00
20120523,511.00,486.91,486.91,511.00,300300.00
20120522,507.35,517.28,499.92,519.61,463600.00
20120521,489.98,504.87,489.98,506.91,410300.00
20120518,497.13,493.92,483.11,498.44,549000.00
20120517,452.60,502.68,452.60,505.89,883900.00
20120516,479.61,452.31,442.96,479.61,1087000.00
20120515,490.85,479.17,467.49,501.16,461900.00
20120514,512.17,486.76,484.28,513.63,338500.00
20120511,511.44,509.39,503.26,512.70,516900.00
20120510,493.48,508.96,493.48,518.30,739600.00
20120509,521.95,495.38,490.85,539.91,665200.00
20120508,508.81,518.15,507.31,528.29,642900.00
20120507,512.31,512.31,512.31,512.31,0.00
20120504,518.01,512.31,509.83,533.19,603500.00
20120503,525.60,523.41,518.15,537.57,556700.00
20120502,523.12,520.64,517.28,535.67,819400.00
20120501,518.15,537.43,518.15,537.43,580400.00
20120430,526.62,524.58,523.56,538.59,341900.00
20120427,522.83,528.52,522.53,536.48,394700.00
20120426,524.87,528.52,511.44,530.27,380400.00
20120425,515.38,520.49,511.58,522.60,347200.00
20120424,524.29,518.30,510.42,528.37,494500.00
20120423,519.91,520.78,505.31,520.78,637900.00
20120420,511.00,518.30,507.26,526.91,1077200.00
20120419,547.50,518.30,502.30,547.50,1208900.00
20120418,530.86,538.59,526.91,547.50,756200.00
20120417,513.92,527.94,500.58,530.86,688500.00
20120416,525.02,516.99,513.63,525.02,661900.00
20120413,516.99,520.64,515.23,531.73,982500.00
20120412,520.64,512.75,502.97,525.60,1536800.00
20120411,527.79,541.22,527.79,554.22,696500.00
20120410,546.33,527.50,527.50,546.33,657300.00
20120409,544.87,544.87,544.87,544.87,0.00
20120406,544.87,544.87,544.87,544.87,0.00
20120405,542.24,544.87,535.82,552.17,459700.00
20120404,563.12,543.41,542.54,570.71,627300.00
20120403,569.40,559.91,559.91,575.82,670200.00
20120402,564.00,565.02,556.11,569.11,661000.00
20120330,570.28,560.64,554.51,580.39,901700.00
20120329,573.78,566.77,559.03,579.17,830000.00
20120328,598.02,577.43,568.38,602.83,1343700.00
20120327,612.03,600.35,599.91,622.98,797800.00
20120326,581.37,619.04,579.32,621.81,1495000.00
20120323,580.06,575.97,567.06,589.26,1363700.00
20120322,589.84,582.98,582.10,592.18,671000.00
20120321,591.01,594.22,588.38,596.85,857300.00
20120320,608.24,594.07,588.09,609.86,903000.00
20120319,596.99,606.34,592.61,616.56,711700.00
20120316,607.21,594.51,590.28,610.79,905500.00
20120315,609.11,603.42,585.61,615.24,1079200.00
20120314,639.77,606.63,600.35,639.77,934000.00
20120313,631.60,635.10,617.48,640.21,797600.00
20120312,624.30,625.17,620.50,631.30,399700.00
20120309,638.60,621.52,616.12,638.60,681600.00
20120308,624.88,622.98,619.48,640.81,838000.00
20120307,621.67,627.65,617.58,639.77,417700.00
20120306,638.17,630.72,610.57,659.35,987100.00
20120305,664.30,635.68,629.55,672.33,806100.00
20120302,666.78,657.00,652.62,679.78,1009700.00
20120301,680.80,668.24,668.24,691.89,455800.00
20120229,698.90,686.20,678.90,708.37,624500.00
20120228,676.27,692.04,676.27,706.93,495800.00
20120227,672.04,679.34,668.74,683.72,442500.00
20120224,679.63,677.73,673.49,688.83,484300.00
20120223,672.33,682.40,669.95,691.75,687200.00
20120222,672.04,675.98,654.66,687.22,899000.00
20120221,645.03,673.79,644.74,682.55,1028300.00
20120220,646.49,659.63,646.49,678.61,1437500.00
20120217,642.40,646.93,635.10,666.78,1994800.00
20120216,730.00,654.08,647.51,730.00,2460800.00
20120215,759.20,757.01,746.79,763.58,992300.00
20120214,757.01,759.20,738.03,759.20,428300.00
20120213,758.47,756.28,749.71,759.20,171100.00
20120210,757.01,749.71,743.14,757.01,837500.00
20120209,759.20,755.55,751.90,759.20,453900.00
20120208,769.42,765.04,757.01,771.61,199000.00
20120207,772.34,762.85,757.01,774.53,316900.00
20120206,759.20,766.50,755.36,770.15,341500.00
20120203,775.99,762.85,761.57,778.18,480300.00
20120202,767.96,775.99,757.26,781.10,325800.00
20120201,758.47,769.42,748.25,778.18,583200.00
20120131,738.03,751.90,737.30,759.93,520200.00
20120130,738.03,742.41,729.00,751.18,506700.00
20120127,744.60,752.63,727.81,766.50,1263900.00
20120126,688.54,714.67,686.64,720.66,669800.00
20120125,694.23,679.92,666.93,705.09,296100.00
20120124,679.78,679.48,668.68,686.69,275300.00
20120123,686.05,686.35,669.26,703.43,582700.00
20120120,678.17,685.47,678.17,696.42,609400.00
20120119,694.38,677.59,671.45,707.08,524700.00
20120118,671.60,682.99,654.08,683.72,366100.00
20120117,691.02,682.70,680.65,694.73,527100.00
20120116,665.03,671.16,664.45,677.15,258900.00
20120113,662.84,674.96,662.84,677.29,387600.00
20120112,673.50,674.08,672.11,683.29,274900.00
20120111,655.69,673.35,648.24,677.44,453200.00
20120110,651.89,652.62,645.90,661.67,489300.00
20120109,642.40,653.93,641.67,657.29,360500.00
20120106,646.78,657.44,646.78,664.74,470300.00
20120105,656.85,646.49,641.38,661.34,585600.00
20120104,668.39,659.19,654.81,681.45,354300.00
20120103,674.08,666.49,649.28,676.24,671100.00
20120102,669.85,669.85,669.85,669.85,0.00
20111230,653.20,669.85,638.02,673.50,188100.00
20111229,662.26,642.55,636.41,668.10,255800.00
20111228,675.98,656.12,655.10,681.67,256000.00
20111227,680.65,680.65,680.65,680.65,0.00
20111226,680.65,680.65,680.65,680.65,0.00
20111223,671.16,680.65,657.29,681.67,91400.00
20111222,644.74,663.57,641.47,669.12,260400.00
20111221,668.10,653.79,638.17,673.06,674800.00
20111220,671.31,671.02,656.56,688.68,345400.00
20111219,668.97,670.87,650.58,688.80,545700.00
20111216,652.04,683.13,639.94,691.16,583000.00
20111215,655.69,643.42,628.24,680.94,565900.00
20111214,695.54,648.09,645.32,700.65,1354600.00
20111213,696.71,702.11,674.96,730.00,619600.00
20111212,737.30,689.56,685.47,737.30,578000.00
20111209,734.38,743.14,708.10,760.31,689700.00
20111208,741.68,759.20,738.03,768.69,481100.00
20111207,741.68,743.14,739.49,758.47,325500.00
20111206,746.06,741.68,727.08,747.52,209700.00
20111205,745.33,748.25,744.60,762.12,193500.00
20111202,732.19,752.63,730.00,763.58,419600.00
20111201,737.30,721.09,715.98,744.76,466600.00
20111130,719.93,733.65,703.14,736.29,848000.00
20111129,715.40,721.09,712.04,725.91,375800.00
20111128,716.57,718.03,708.25,732.19,455400.00
20111125,703.28,717.30,700.80,722.70,243500.00
20111124,687.66,710.58,687.66,725.04,330500.00
20111123,721.68,687.37,673.64,721.68,517900.00
20111122,734.38,732.92,711.71,731.37,378700.00
20111121,762.85,725.47,716.37,762.85,425400.00
20111118,789.86,760.66,747.52,790.44,439200.00
20111117,790.59,785.48,775.63,781.34,197200.00
20111116,811.76,797.16,792.05,816.28,237400.00
20111115,812.49,807.38,768.69,813.95,410500.00
20111114,808.11,814.68,808.11,827.09,97000.00
20111111,805.92,822.71,804.46,827.82,141100.00
20111110,823.44,808.84,804.46,825.63,107600.00
20111109,839.50,822.71,808.11,839.50,284400.00
20111108,821.98,830.74,820.52,839.50,355200.00
20111107,800.08,827.82,793.51,830.74,265700.00
20111104,810.30,804.46,795.70,827.82,266400.00
20111103,784.75,817.60,781.10,819.79,536000.00
20111102,774.53,797.89,774.53,816.87,537900.00
20111101,767.96,767.96,762.12,794.24,655900.00
20111031,814.68,788.40,787.67,825.63,338600.00
20111028,819.79,827.09,798.92,831.47,404000.00
20111027,795.70,808.11,795.70,824.17,648400.00
20111026,770.88,804.46,767.96,804.46,547600.00
20111025,772.34,767.23,740.22,777.45,752900.00
20111024,784.75,769.42,762.85,788.40,626700.00
20111021,762.85,775.26,749.26,787.67,702500.00
20111020,798.62,772.34,770.65,811.76,1259500.00
20111019,814.68,823.44,797.47,827.05,404300.00
20111018,797.16,813.22,787.67,820.20,365600.00
20111017,797.16,809.57,784.02,809.57,436300.00
20111014,792.78,795.70,784.02,808.11,507500.00
20111013,797.89,777.45,777.45,798.62,467200.00
20111012,775.26,794.97,760.06,799.80,265500.00
20111011,779.64,769.42,767.96,786.94,180800.00
20111010,793.51,776.72,765.04,795.70,241500.00
20111007,754.09,785.48,744.40,786.21,380300.00
20111006,735.11,739.49,735.11,757.74,685100.00
20111005,768.69,738.76,736.57,780.01,429300.00
20111004,756.28,771.61,756.28,797.89,723500.00
20111003,728.83,756.28,727.81,770.15,344200.00
20110930,730.73,733.65,715.55,743.14,304200.00
20110929,752.63,731.46,730.00,762.12,409300.00
20110928,751.17,748.25,742.41,752.63,434300.00
20110927,757.74,753.36,753.36,784.02,686600.00
20110926,800.08,730.00,730.00,800.08,1877500.00
20110923,853.37,831.47,810.30,860.67,445900.00
20110922,870.89,838.77,836.58,876.30,696000.00
20110921,881.84,883.30,873.08,892.79,480300.00
20110920,868.70,874.54,862.86,884.76,523900.00
20110919,870.16,876.00,862.87,884.13,507100.00
20110916,887.68,864.32,849.57,887.68,620800.00
20110915,897.17,868.70,867.83,904.47,540400.00
20110914,877.46,900.09,863.95,911.04,614100.00
20110913,880.38,874.54,866.51,885.49,384000.00
20110912,879.65,884.03,870.89,884.03,480400.00
20110909,874.54,878.92,864.22,886.22,284100.00
20110908,881.84,881.84,870.16,888.41,565100.00
20110907,874.54,875.27,844.01,883.71,828800.00
20110906,845.34,881.11,835.85,892.06,954300.00
20110905,814.68,838.77,814.68,843.15,496000.00
20110902,817.60,835.85,810.04,842.42,456300.00
20110901,797.16,830.01,795.70,830.01,690000.00
20110831,792.78,797.89,786.94,803.73,795700.00
20110830,810.30,792.78,784.75,810.30,858900.00
20110826,773.80,794.24,767.23,797.89,461100.00
20110825,776.72,773.80,765.04,785.48,1264100.00
20110824,803.00,780.37,778.18,813.95,1141400.00
20110823,803.00,801.54,787.67,804.46,842700.00
20110822,765.77,800.08,765.77,810.30,544800.00
20110819,784.02,781.83,763.58,795.70,546900.00
20110818,790.59,783.29,770.05,794.97,433400.00
20110817,776.72,802.27,770.88,802.27,800900.00
20110816,777.45,775.26,768.50,782.56,701800.00
20110815,776.72,784.02,770.15,792.78,534300.00
20110812,784.02,769.42,756.98,793.51,2079000.00
20110811,807.38,788.40,767.96,807.38,1594500.00
20110810,743.14,784.02,743.14,795.70,2011600.00
20110809,689.12,748.98,689.12,748.98,1087600.00
20110808,693.65,688.24,685.62,725.91,483100.00
20110805,700.95,705.33,671.60,729.27,660600.00
20110804,730.73,717.74,703.72,766.50,798500.00
20110803,720.36,748.25,713.94,759.20,814900.00
20110802,725.18,719.20,714.82,742.41,669200.00
20110801,770.88,730.73,719.93,775.26,697300.00
20110729,764.31,771.61,758.47,779.64,1099000.00
20110728,747.52,762.85,743.87,767.23,962400.00
20110727,747.52,751.90,735.11,765.77,702600.00
20110726,708.10,760.66,702.84,762.12,1201600.00
20110725,700.80,714.09,691.89,721.12,659000.00
20110722,692.04,705.03,689.80,707.95,473700.00
20110721,693.50,695.40,679.05,698.90,395300.00
20110720,681.97,693.94,674.81,697.88,683900.00
20110719,697.59,682.99,676.71,697.59,962700.00
20110718,652.77,689.56,648.39,693.50,769500.00
20110715,656.85,664.88,648.24,668.53,319200.00
20110714,654.66,659.63,627.36,659.63,397700.00
20110713,635.39,657.00,635.10,663.13,1114400.00
20110712,609.11,621.67,605.90,621.67,1285900.00
20110711,612.62,612.32,602.69,615.39,371200.00
20110708,613.49,613.20,607.51,622.84,318000.00
20110707,619.48,612.47,611.89,622.11,311200.00
20110706,612.18,611.01,608.67,613.64,295600.00
20110705,609.99,610.86,608.82,614.21,146600.00
20110704,618.75,613.20,608.38,618.75,204800.00
20110701,607.36,613.64,607.36,620.35,598600.00
20110630,602.69,604.88,599.91,609.99,255900.00
20110629,603.27,600.94,597.29,603.27,309700.00
20110628,591.30,596.41,591.30,601.52,324300.00
20110627,588.82,591.88,587.07,598.89,287100.00
20110624,595.68,592.18,588.38,607.65,673300.00
20110623,586.92,589.26,586.92,595.97,908500.00
20110622,584.00,591.30,574.07,592.22,1235300.00
20110621,579.62,584.00,579.62,589.69,262900.00
20110620,578.45,580.93,569.69,584.58,375700.00
20110617,567.21,577.28,567.21,585.17,628700.00
20110616,577.14,574.51,559.18,583.97,1227400.00
20110615,584.00,584.00,581.37,593.78,1382600.00
20110614,589.11,582.39,580.50,600.94,729200.00
20110613,599.62,592.76,589.84,611.59,450800.00
20110610,621.96,600.35,591.30,623.27,659400.00
20110609,616.12,620.50,598.83,633.49,1360700.00
20110608,654.81,605.90,589.99,662.99,4109500.00
20110607,662.55,657.00,654.23,670.43,706300.00
20110606,657.00,661.38,654.23,662.84,365300.00
20110603,661.53,659.34,655.54,668.53,426900.00
20110602,662.84,661.67,659.63,671.45,2384400.00
20110601,669.41,664.88,663.28,676.86,2379200.00
20110531,660.36,664.30,660.36,680.36,3220600.00
20110527,664.15,659.92,659.92,672.04,764400.00
20110526,654.08,658.02,645.03,666.20,1727000.00
20110525,658.46,649.70,639.48,660.36,1056100.00
20110524,660.07,657.00,657.00,673.94,447900.00
20110523,678.17,660.50,658.75,678.32,496800.00
20110520,677.59,678.46,673.79,694.38,544800.00
20110519,684.01,671.60,667.95,697.88,703100.00
20110518,693.50,678.61,670.29,698.76,942700.00
20110517,725.33,684.74,670.24,725.33,1141800.00
20110516,715.40,726.50,664.59,730.73,899200.00
20110513,734.38,727.52,725.47,744.60,349400.00
20110512,732.92,728.25,715.55,734.38,630000.00
20110511,751.90,735.11,732.92,754.09,1123000.00
20110510,732.92,751.90,732.19,755.55,361800.00
20110509,745.33,739.49,735.11,758.47,198400.00
20110506,740.95,744.60,733.65,751.90,615300.00
20110505,734.38,738.03,727.23,743.51,907300.00
20110504,748.98,734.38,730.00,765.77,645100.00
20110503,783.29,757.01,751.90,783.29,409600.00
20110428,779.64,769.42,766.50,780.19,441300.00
20110427,785.48,762.12,753.36,785.48,404600.00
20110426,781.83,787.67,781.83,800.81,688900.00
20110421,782.56,795.70,782.56,815.41,698400.00
20110420,798.62,786.94,783.29,809.57,580300.00
20110419,784.02,789.86,779.64,794.97,231100.00
20110418,816.87,784.02,783.29,816.87,269400.00
20110415,813.22,814.68,805.19,821.98,197600.00
20110414,804.46,811.76,798.62,813.22,165300.00
20110413,799.35,801.54,799.35,811.03,304400.00
20110412,821.98,803.00,798.62,823.44,707800.00
20110411,821.98,832.20,811.76,837.31,590800.00
20110408,794.24,821.98,794.24,838.04,746300.00
20110407,805.19,794.97,790.59,813.22,556900.00
20110406,785.48,803.00,781.83,816.97,735500.00
20110405,782.56,778.91,769.42,792.78,508300.00
20110404,786.21,780.37,774.53,789.86,336300.00
20110401,797.89,786.21,778.18,797.89,490100.00
20110331,790.59,790.59,775.26,797.16,450000.00
20110330,786.21,786.94,783.29,809.57,635500.00
20110329,783.29,773.80,770.15,785.48,406900.00
20110328,791.32,779.64,774.53,797.16,201900.00
20110325,802.27,786.94,786.21,815.41,1142300.00
20110324,765.04,772.34,764.75,785.48,1168800.00
20110323,754.09,758.47,751.90,760.66,327900.00
20110322,770.88,753.36,750.44,771.49,286400.00
20110321,771.61,767.23,760.66,784.75,527800.00
20110318,757.74,766.50,755.55,775.99,4795300.00
20110317,738.76,756.28,734.38,761.39,1566100.00
20110316,743.87,738.76,725.33,744.60,1154500.00
20110315,738.03,741.68,709.71,749.71,1395100.00
20110314,750.44,757.01,742.41,763.58,961400.00
20110311,754.82,750.44,740.95,762.45,715500.00
20110310,773.80,755.55,748.98,786.94,813100.00
20110309,805.19,781.83,781.83,824.90,886600.00
20110308,828.55,799.35,786.21,833.66,755000.00
20110307,832.20,829.28,826.36,846.07,466100.00
20110304,838.77,826.36,823.44,851.18,483200.00
20110303,847.53,843.15,841.69,862.13,582400.00
20110302,848.99,849.72,836.58,861.40,481000.00
20110301,853.37,849.72,845.34,867.97,637800.00
20110228,866.51,845.34,840.96,866.51,500400.00
20110225,835.12,862.13,835.12,865.78,822400.00
20110224,818.33,835.85,818.33,861.40,2357800.00
20110223,832.20,827.09,816.14,834.39,1788300.00
20110222,829.28,840.23,807.38,844.61,826100.00
20110221,832.20,827.82,822.71,847.53,1134100.00
20110218,814.68,834.39,808.84,845.34,3908600.00
20110217,769.42,803.73,769.42,809.57,1311500.00
20110216,776.72,776.72,772.34,800.23,1790600.00
20110215,791.32,772.24,761.39,791.32,624700.00
20110214,759.20,775.26,757.74,784.02,314700.00
20110211,749.71,753.36,749.71,764.31,455100.00
20110210,759.93,754.82,746.06,762.12,527600.00
20110209,787.67,762.12,760.66,794.24,454700.00
20110208,755.55,784.75,753.36,784.75,647900.00
20110207,768.69,759.20,759.20,770.15,629100.00
20110204,771.61,759.20,758.47,773.80,494300.00
20110203,761.39,765.77,756.28,773.07,929900.00
20110202,740.95,758.47,737.30,773.80,1603600.00
20110201,738.76,741.68,732.19,748.25,374700.00
20110131,737.30,732.19,730.00,745.33,805400.00
20110128,765.77,743.14,740.22,765.77,1137200.00
20110127,760.66,764.31,759.20,776.72,755700.00
20110126,751.90,757.01,747.52,763.58,875300.00
20110125,773.07,757.01,738.03,773.07,738600.00
20110124,789.13,768.69,766.50,789.13,325500.00
20110121,772.34,772.34,772.34,772.34,722500.00
20110120,795.70,756.28,751.17,797.89,925600.00
20110119,810.30,799.35,793.51,823.44,549200.00
20110118,804.46,817.60,804.46,830.74,487900.00
20110117,824.90,823.44,814.68,845.34,358200.00
20110114,857.02,838.77,824.90,859.21,585500.00
20110113,860.67,854.10,846.07,875.27,163300.00
20110112,856.29,859.21,845.34,861.40,392200.00
20110111,837.31,843.88,831.47,846.07,316800.00
20110110,845.34,832.93,832.93,846.80,306700.00
20110107,841.69,846.80,824.90,850.45,1479500.00
20110106,868.70,848.99,848.99,880.38,668800.00
20110105,891.33,876.00,870.16,897.17,675700.00
20110104,895.71,895.71,890.60,905.20,477700.00
20101231,896.44,892.06,881.84,897.17,111200.00
20101230,908.12,892.06,885.49,908.85,333200.00
20101229,854.10,903.01,846.80,903.01,387700.00
20101228,859.94,859.94,859.94,859.94,0.00
20101227,859.94,859.94,859.94,859.94,0.00
20101224,854.10,849.72,843.88,861.40,56800.00
20101223,867.24,859.94,859.94,870.16,170600.00
20101222,864.32,862.86,859.21,866.51,286100.00
20101221,881.11,868.70,863.41,881.11,200100.00
20101220,861.40,865.78,861.20,873.08,237800.00
20101217,864.32,865.78,863.59,873.81,783100.00
20101216,866.51,866.51,866.51,866.51,627700.00
20101215,876.73,878.19,871.62,886.22,538300.00
20101214,886.95,886.95,878.92,890.60,236000.00
20101213,888.41,878.92,876.00,888.41,446400.00
20101210,889.14,880.38,876.00,889.14,268000.00
20101209,878.92,889.14,865.05,889.14,972500.00
20101208,871.62,876.00,859.21,889.87,1738200.00
20101207,831.47,876.00,830.74,876.00,2973300.00
20101206,819.79,825.63,814.42,825.63,635100.00
20101203,808.84,816.14,803.73,820.52,609200.00
20101202,788.40,805.92,788.40,815.41,1359000.00
20101201,766.50,787.67,760.66,787.67,1119200.00
20101130,735.84,759.20,735.84,759.20,1991500.00
20101129,755.55,734.38,728.83,770.15,838700.00
20101126,760.66,746.06,745.51,765.77,711800.00
20101125,769.42,760.66,749.71,774.53,823100.00
20101124,762.85,766.50,748.25,772.34,719600.00
20101123,784.02,762.85,762.85,784.02,893000.00
20101122,792.05,784.02,783.24,804.46,538000.00
20101119,785.48,791.32,776.72,792.78,607900.00
20101118,788.40,781.10,776.72,800.08,725900.00
20101117,794.97,787.67,784.02,801.54,927400.00
20101116,838.04,804.46,798.62,840.23,1384100.00
20101115,814.68,832.93,813.95,835.85,652500.00
20101112,810.30,824.17,808.84,830.74,635900.00
20101111,816.87,824.17,807.38,824.90,1574500.00
20101110,806.65,801.54,795.70,806.65,573900.00
20101109,784.75,810.30,781.83,817.60,2255100.00
20101108,784.75,786.21,766.50,794.24,891500.00
20101105,811.03,801.54,800.81,830.01,978400.00
20101104,781.83,813.95,781.83,814.68,3573700.00
20101103,794.97,786.21,783.29,794.97,849100.00
20101102,786.21,784.75,780.37,793.51,580600.00
20101101,810.30,788.40,786.21,810.30,897300.00
20101029,776.72,796.43,776.72,799.35,433200.00
20101028,776.72,783.29,771.61,795.70,1107600.00
20101027,796.43,782.56,780.37,800.08,610900.00
20101026,803.00,792.78,786.94,803.00,624000.00
20101025,803.00,797.16,792.78,819.06,960900.00
20101022,817.60,800.08,798.62,817.60,799700.00
20101021,818.33,803.00,800.08,819.06,829700.00
20101020,811.03,813.22,800.08,820.52,490300.00
20101019,826.36,812.49,803.00,832.93,800700.00
20101018,846.80,832.20,825.63,846.80,1330800.00
20101015,824.17,832.20,793.51,832.20,1841900.00
20101014,824.90,823.44,813.22,852.64,7016400.00
20101013,878.92,910.31,878.92,918.34,904500.00
20101012,892.79,889.14,875.27,892.79,359800.00
20101011,905.20,894.25,892.79,914.69,370400.00
20101008,880.38,900.09,871.62,901.55,771700.00
20101007,940.97,890.60,884.03,943.16,935100.00
20101006,912.50,931.48,911.77,946.08,961200.00
20101005,885.49,899.36,878.92,901.55,945900.00
20101004,878.92,883.30,866.51,892.06,630400.00
20101001,876.00,875.27,870.16,884.03,911600.00
20100930,865.05,861.40,849.72,869.43,985900.00
20100929,861.40,854.83,850.45,873.81,747200.00
20100928,848.26,859.94,820.52,865.05,1319800.00
20100927,876.00,844.61,826.36,882.57,933300.00
20100924,876.00,870.89,865.78,876.00,514300.00
20100923,881.84,876.00,862.86,881.84,318400.00
20100922,871.62,877.46,866.51,881.84,1126100.00
20100921,876.00,856.29,854.83,876.00,605400.00
20100920,882.57,874.54,867.24,882.57,227100.00
20100917,890.60,876.00,865.78,892.06,1089300.00
20100916,876.00,876.00,871.62,896.44,771000.00
20100915,911.04,873.08,862.13,911.04,1226000.00
20100914,890.60,903.74,882.57,910.31,613500.00
20100913,889.87,888.41,878.19,892.06,436200.00
20100910,897.90,886.95,886.22,897.90,344900.00
20100909,889.87,886.95,882.57,897.90,255600.00
20100908,870.16,889.14,870.16,897.90,347600.00
20100907,877.46,874.54,852.64,879.65,498900.00
20100906,887.68,867.97,864.32,887.68,381500.00
20100903,897.17,878.92,874.54,908.12,880100.00
20100902,893.52,892.79,869.43,896.44,585300.00
20100901,890.60,901.55,883.30,906.66,819700.00
20100831,860.67,886.22,857.02,889.14,389100.00
20100830,870.16,870.16,870.16,870.16,0.00
20100827,832.20,870.16,832.20,874.54,546200.00
20100826,826.36,834.39,826.36,835.12,231400.00
20100825,836.58,827.82,820.52,838.04,291600.00
20100824,822.71,828.55,816.87,830.74,415500.00
20100823,844.61,822.71,817.60,847.53,200300.00
20100820,833.66,835.85,820.52,843.88,448700.00
20100819,843.15,820.52,817.60,849.72,556000.00
20100818,846.07,832.20,829.28,846.80,166200.00
20100817,827.82,840.23,820.52,841.69,262900.00
20100816,815.41,821.25,801.54,821.98,370600.00
20100813,822.71,801.54,797.89,824.90,444100.00
20100812,789.86,813.22,789.86,814.68,340000.00
20100811,808.84,792.05,791.32,808.84,223100.00
20100810,816.87,801.54,797.89,824.17,231500.00
20100809,826.36,814.68,809.57,840.96,263200.00
20100806,806.65,829.28,797.89,832.20,322200.00
20100805,816.14,798.62,798.62,826.36,98000.00
20100804,795.70,815.41,795.70,830.01,338400.00
20100803,792.78,792.78,778.91,795.70,613300.00
20100802,790.59,785.48,781.10,792.05,480100.00
20100730,786.21,778.91,775.99,792.05,674300.00
20100729,789.86,778.91,775.26,797.89,794300.00
20100728,795.70,792.78,778.91,813.22,623000.00
20100727,807.38,798.62,775.26,813.95,1395900.00
20100726,836.58,803.00,763.58,838.04,766000.00
20100723,851.18,838.04,837.31,854.10,252500.00
20100722,859.21,848.26,846.07,871.62,468400.00
20100721,874.54,866.51,859.21,878.92,277700.00
20100720,849.72,870.16,843.88,872.35,305300.00
20100719,846.07,846.07,840.96,864.32,239300.00
20100716,866.51,843.15,840.23,877.46,340800.00
20100715,883.30,870.89,860.67,884.03,209200.00
20100714,876.73,883.30,874.54,883.30,310400.00
20100713,872.35,880.38,861.40,885.49,420200.00
20100712,860.67,859.94,852.64,872.35,529200.00
20100709,865.05,853.37,847.53,866.51,522200.00
20100708,873.08,866.51,864.32,882.57,755800.00
20100707,846.80,856.29,836.58,859.94,633900.00
20100706,879.65,852.64,847.53,881.11,890700.00
20100705,893.52,876.73,871.62,893.52,529700.00
20100702,903.01,897.17,892.06,908.85,240500.00
20100701,932.21,902.28,896.44,932.21,724600.00
20100630,919.80,926.37,919.80,937.32,408100.00
20100629,911.77,921.26,911.77,924.18,554100.00
20100628,933.67,931.48,919.80,935.86,175100.00
20100625,930.75,923.45,919.07,940.97,341100.00
20100624,933.67,919.80,917.61,933.67,793300.00
20100623,928.56,922.72,910.31,937.32,1119200.00
20100622,948.27,930.02,917.61,956.30,822900.00
20100621,978.93,950.46,938.78,981.12,902000.00
20100618,986.96,956.30,956.30,1000.10,11173800.00
20100617,931.48,978.20,926.37,999.37,2085900.00
20100616,953.38,940.24,932.21,953.38,717000.00
20100615,916.88,942.43,916.88,946.08,856200.00
20100614,926.37,928.56,902.28,934.40,598200.00
20100611,926.37,911.04,899.36,926.37,1047600.00
20100610,927.10,903.01,890.60,931.48,988600.00
20100609,946.08,922.72,903.74,946.08,1209700.00
20100608,931.48,930.75,927.10,949.00,1411100.00
20100607,891.33,930.02,891.33,944.62,1108000.00
20100604,890.60,912.50,882.57,925.64,710100.00
20100603,912.50,897.90,883.30,913.23,479200.00
20100602,908.12,905.20,885.49,908.12,278700.00
20100601,911.77,908.12,890.60,930.02,1131500.00
20100531,908.12,908.12,908.12,908.12,0.00
20100528,893.52,908.12,883.30,918.34,845900.00
20100527,846.80,883.30,840.23,883.30,1108600.00
20100526,808.11,832.20,788.40,846.80,689100.00
20100525,783.29,786.94,775.26,817.60,369100.00
20100524,788.40,792.78,781.10,805.92,76200.00
20100521,770.88,785.48,770.88,802.27,907200.00
20100520,810.30,770.88,759.93,821.98,2210600.00
20100519,848.99,803.00,803.00,848.99,1708400.00
20100518,857.75,861.40,854.10,883.30,356800.00
20100517,903.74,876.00,868.70,903.74,782000.00
20100514,884.03,890.60,873.08,905.20,742300.00
20100513,884.76,880.38,868.70,905.20,335900.00
20100512,861.40,883.30,861.40,912.50,1816600.00
20100511,846.80,867.24,839.50,867.24,2215900.00
20100510,868.70,846.80,846.80,868.70,431000.00
20100507,834.39,859.94,834.39,868.70,1700400.00
20100506,872.35,864.32,851.91,872.35,453900.00
20100505,827.82,865.78,824.90,865.78,790100.00
20100504,873.08,817.60,817.60,873.08,469600.00
20100503,865.78,865.78,865.78,865.78,0.00
20100430,819.06,865.78,819.06,868.70,326800.00
20100429,817.60,832.20,817.60,846.80,471700.00
20100428,817.60,816.14,773.80,824.90,511000.00
20100427,839.50,803.00,786.94,839.50,218200.00
20100426,839.50,824.90,819.06,854.10,609400.00
20100423,824.90,854.10,810.30,854.10,471300.00
20100422,854.10,810.30,803.00,854.10,1186900.00
20100421,861.40,846.80,843.15,861.40,259600.00
20100420,881.84,861.40,842.42,881.84,497200.00
20100419,876.73,856.29,846.80,876.73,308000.00
20100416,905.20,861.40,855.56,905.20,243100.00
20100415,897.90,897.90,883.30,904.47,284300.00
20100414,899.36,905.20,899.36,911.04,290900.00
20100413,905.20,897.90,896.44,909.58,139800.00
20100412,916.88,911.04,899.36,916.88,678400.00
20100409,878.92,912.50,878.92,924.18,1012600.00
20100408,887.68,881.11,875.27,890.60,585500.00
20100407,878.92,883.30,873.08,887.68,418100.00
20100406,868.70,877.46,868.70,881.11,641900.00
20100405,865.78,865.78,865.78,865.78,0.00
20100402,865.78,865.78,865.78,865.78,0.00
20100401,867.24,865.78,854.83,867.24,826900.00
20100331,855.56,851.91,842.42,858.48,1393800.00
20100330,862.13,870.16,861.40,876.00,457600.00
20100329,873.08,865.78,851.18,881.11,567700.00
20100326,868.70,864.32,854.10,868.70,1334800.00
20100325,861.40,868.70,857.02,868.70,1224700.00
20100324,883.30,854.10,847.53,889.14,1451600.00
20100323,846.80,871.62,839.50,871.62,0.00
20100322,832.20,842.42,829.28,844.61,0.00
20100319,838.77,838.77,838.77,838.77,0.00
