20160408,618.56,607.36,601.52,618.56,23800.00
20160407,605.02,607.36,598.60,607.36,33400.00
20160406,605.90,602.25,599.33,605.90,21000.00
20160405,601.52,602.25,595.68,605.90,7400.00
20160404,597.87,596.41,594.57,605.90,29200.00
20160401,613.20,594.95,591.30,613.20,20000.00
20160331,602.16,598.60,584.22,605.90,31300.00
20160330,569.55,598.60,569.55,605.90,40000.00
20160329,562.10,569.40,556.99,576.70,34600.00
20160328,558.45,558.45,558.45,558.45,0.00
20160324,547.50,558.45,547.50,576.70,114700.00
20160323,547.50,534.36,530.27,548.96,7700.00
20160322,551.88,540.93,534.36,551.88,30800.00
20160321,559.91,546.04,547.50,562.10,30400.00
20160318,542.54,554.80,542.54,558.45,22000.00
20160317,518.88,541.66,518.88,541.66,18300.00
20160316,513.92,515.38,513.92,513.92,3100.00
20160315,525.60,518.30,514.65,525.60,2200.00
20160314,511.00,518.30,511.00,522.68,20200.00
20160311,525.60,521.22,518.30,527.06,203900.00
20160310,525.60,523.41,518.30,527.06,2700.00
20160309,529.98,529.25,525.60,529.98,6600.00
20160308,532.17,529.25,525.60,532.90,10900.00
20160307,525.60,524.14,516.11,529.98,18500.00
20160304,511.00,519.76,511.00,526.77,48200.00
20160303,508.81,501.51,500.20,509.54,9200.00
20160302,478.88,509.54,478.88,511.00,39700.00
20160301,477.42,472.31,472.31,477.42,26700.00
20160229,468.66,470.85,464.19,478.30,9300.00
20160226,461.36,462.09,457.20,468.66,12000.00
20160225,461.36,461.36,458.44,468.66,4200.00
20160224,465.01,465.01,459.90,465.01,24100.00
20160223,456.98,465.01,459.90,465.74,7500.00
20160222,448.22,456.98,447.13,459.90,12700.00
20160219,457.34,448.22,446.77,457.34,15700.00
20160218,459.90,459.17,459.90,465.74,4700.00
20160217,444.00,453.33,444.00,459.17,7700.00
20160216,435.08,439.46,435.08,445.30,6900.00
20160215,435.08,432.89,435.08,436.39,867900.00
20160212,430.70,432.89,426.32,430.70,9200.00
20160211,444.79,436.54,429.97,445.30,39000.00
20160210,445.15,443.11,438.00,445.15,2700.00
20160209,449.32,439.46,439.46,453.91,15400.00
20160208,460.63,446.03,445.30,460.63,20100.00
20160205,464.28,460.63,457.94,464.28,2900.00
20160204,464.28,460.63,460.63,469.99,9400.00
20160203,464.28,461.36,458.44,465.45,54000.00
20160202,439.83,452.60,439.83,459.61,23900.00
20160201,442.38,441.65,439.46,442.38,15400.00
20160129,439.61,435.08,427.78,439.61,3700.00
20160128,435.08,435.08,435.08,435.08,0.00
20160127,432.16,437.27,432.16,432.16,1100.00
20160126,435.26,436.54,430.70,440.92,9700.00
20160125,430.70,443.84,430.70,445.30,15000.00
20160122,419.31,434.72,418.73,434.72,28000.00
20160121,416.90,421.94,416.90,419.31,2100.00
20160120,416.10,419.75,416.10,421.06,6700.00
20160119,424.86,420.48,419.90,430.70,21600.00
20160118,423.55,425.59,395.25,429.24,55300.00
20160115,446.76,442.38,423.40,449.53,22400.00
20160114,454.06,451.87,440.92,454.06,27100.00
20160113,464.28,460.63,445.30,464.28,9400.00
20160112,462.09,460.63,455.52,468.66,8000.00
20160111,466.91,469.39,460.63,473.33,31300.00
20160108,467.20,463.55,460.63,474.50,15000.00
20160107,489.10,478.15,474.50,491.29,32100.00
20160106,496.40,493.48,487.64,496.40,800.00
20160105,491.29,492.75,485.89,498.01,12700.00
20160104,506.62,499.32,483.26,506.62,11800.00
20151231,510.85,502.97,499.32,510.85,8800.00
20151230,503.70,508.81,503.70,511.73,30500.00
20151229,484.72,498.59,479.61,503.70,16200.00
20151228,479.61,479.61,479.61,479.61,0.00
20151225,479.61,479.61,479.61,479.61,0.00
20151224,481.80,479.61,478.59,484.72,4200.00
20151223,468.66,475.96,468.66,484.72,13600.00
20151222,465.74,463.55,458.44,470.12,11400.00
20151221,464.28,461.36,459.90,467.20,15300.00
20151218,473.04,470.85,470.85,474.50,8800.00
20151217,468.95,470.85,468.95,473.04,12200.00
20151216,467.20,468.66,467.20,469.54,8100.00
20151215,459.90,465.74,459.90,470.12,4600.00
20151214,468.37,466.47,462.31,478.73,58900.00
20151211,468.66,465.74,462.31,470.03,14000.00
20151210,470.12,464.28,461.58,470.12,21800.00
20151209,460.19,461.36,460.19,470.12,15700.00
20151208,467.78,462.82,467.78,467.78,500.00
20151207,468.66,462.82,459.90,470.12,22700.00
20151204,470.12,465.74,461.36,470.12,3200.00
20151203,469.97,466.47,464.28,471.58,37800.00
20151202,456.25,467.20,456.25,469.97,16600.00
20151201,449.68,454.06,448.22,452.31,10900.00
20151130,466.76,448.95,424.86,466.76,37700.00
20151127,464.43,465.01,464.43,468.66,9300.00
20151126,456.98,467.20,456.98,470.12,24300.00
20151125,473.77,458.44,452.60,473.77,97100.00
20151124,473.04,470.85,468.95,474.50,27900.00
20151123,454.06,473.04,454.06,473.04,19500.00
20151120,449.53,452.60,449.53,459.90,15600.00
20151119,459.90,445.30,441.36,459.90,22000.00
20151118,475.96,461.36,452.60,475.96,27900.00
20151117,481.80,473.04,467.20,481.80,26300.00
20151116,461.87,466.47,461.65,471.58,6500.00
20151113,456.98,467.93,456.98,474.35,18500.00
20151112,455.52,459.17,420.48,462.82,59400.00
20151111,401.50,412.45,401.50,413.18,32100.00
20151110,406.61,400.77,399.31,406.61,28700.00
20151109,406.61,403.69,406.61,406.61,4000.00
20151106,405.15,403.69,401.50,408.80,4000.00
20151105,397.12,400.04,394.93,403.94,13500.00
20151104,397.12,392.01,397.12,397.12,1300.00
20151103,385.44,389.82,383.98,397.12,25800.00
20151102,377.91,381.06,377.91,385.67,9500.00
20151030,383.98,381.79,378.26,383.98,9500.00
20151029,397.12,385.44,385.08,397.12,13500.00
20151028,389.82,391.28,383.98,397.75,9100.00
20151027,394.20,387.63,384.49,394.20,11900.00
20151026,398.58,392.74,393.47,398.58,10100.00
20151023,396.54,397.85,394.20,401.50,22100.00
20151022,405.88,397.85,394.20,405.88,18400.00
20151021,406.46,405.15,401.50,406.61,12300.00
20151020,406.61,406.61,404.42,407.34,11900.00
20151019,410.26,406.61,408.80,410.26,1200.00
20151016,410.99,407.34,410.26,410.99,9000.00
20151015,408.80,404.42,404.64,411.72,19200.00
20151014,401.50,401.50,401.50,414.49,18500.00
20151013,391.28,390.55,385.73,394.20,9700.00
20151012,387.63,389.82,386.90,392.74,36000.00
20151009,379.60,386.17,378.14,388.36,35500.00
20151008,354.78,375.95,352.04,391.28,61100.00
20151007,306.60,352.59,306.60,364.68,51100.00
20151006,302.95,302.95,302.95,302.95,0.00
20151005,302.95,302.95,302.95,302.95,0.00
20151002,306.45,301.49,297.91,306.45,7500.00
20151001,296.38,301.49,296.38,306.60,16000.00
20150930,292.00,294.19,292.00,297.84,3500.00
20150929,291.27,291.27,291.03,291.27,2000.00
20150928,292.73,292.73,292.73,292.73,0.00
20150925,294.92,292.73,292.00,294.92,9700.00
20150924,297.99,294.92,297.99,297.99,900.00
20150923,296.38,294.92,296.38,296.38,4400.00
20150922,294.63,293.46,294.63,294.63,2500.00
20150921,293.46,293.46,293.46,293.46,0.00
20150918,297.84,293.46,287.62,297.84,1500.00
20150917,296.38,293.46,296.38,297.84,2900.00
20150916,287.62,293.46,287.62,296.02,3000.00
20150915,293.46,293.46,293.46,293.46,5400.00
20150914,293.46,293.46,293.46,293.46,0.00
20150911,296.38,294.19,296.38,296.38,3300.00
20150910,294.19,294.19,294.19,294.19,0.00
20150909,289.08,294.19,289.08,289.08,3800.00
20150908,294.92,296.38,293.46,294.92,4700.00
20150907,295.05,299.30,294.92,297.84,16100.00
20150904,306.60,297.11,296.38,306.60,11500.00
20150903,309.01,302.22,299.30,309.01,9400.00
20150902,299.30,304.41,299.30,299.30,1300.00
20150901,304.41,304.41,304.41,304.41,0.00
20150831,302.22,302.22,302.22,302.22,0.00
20150828,302.22,302.22,302.22,302.22,0.00
20150827,291.30,300.76,290.54,302.22,19600.00
20150826,288.35,288.35,288.35,288.35,0.00
20150825,290.83,288.35,290.54,290.83,2700.00
20150824,290.83,288.35,285.43,290.88,6900.00
20150821,292.00,288.35,284.77,292.00,52800.00
20150820,300.76,297.11,294.92,300.76,6800.00
20150819,295.36,298.57,295.36,300.76,1200.00
20150818,296.82,301.49,296.82,302.95,3500.00
20150817,306.60,300.03,292.00,306.60,30600.00
20150814,312.08,308.79,306.60,312.08,7600.00
20150813,313.17,310.25,312.29,313.17,2100.00
20150812,306.67,310.25,306.67,308.06,3100.00
20150811,308.06,310.25,308.06,308.06,1400.00
20150810,306.67,310.25,306.67,313.90,11100.00
20150807,313.61,310.25,307.33,313.61,22600.00
20150806,313.53,312.44,310.98,313.53,2300.00
20150805,311.86,312.44,311.71,311.86,10100.00
20150804,316.09,316.09,316.09,316.09,0.00
20150803,313.17,316.09,313.17,318.93,8800.00
20150731,313.90,316.82,312.44,313.90,3100.00
20150730,319.74,319.01,312.44,319.74,40900.00
20150729,321.20,315.36,319.74,321.20,5500.00
20150728,316.82,315.36,311.71,321.20,4200.00
20150727,315.36,315.36,315.36,316.31,4200.00
20150724,312.44,315.36,312.44,312.44,1200.00
20150723,316.82,315.36,313.90,316.82,9600.00
20150722,313.90,313.90,313.90,316.82,8200.00
20150721,314.48,313.90,314.48,314.48,7500.00
20150720,314.63,313.90,307.40,314.63,9500.00
20150717,315.30,309.52,307.33,315.30,58600.00
20150716,309.52,312.44,309.52,318.28,15400.00
20150715,312.44,316.09,312.44,317.11,4000.00
20150714,309.52,309.52,309.03,313.90,21700.00
20150713,308.06,310.98,308.06,315.36,7200.00
20150710,313.17,313.90,313.17,319.74,15100.00
20150709,312.44,316.82,312.44,316.78,5400.00
20150708,309.52,314.63,309.52,315.36,10500.00
20150707,319.30,305.87,302.77,319.30,16800.00
20150706,319.38,319.01,319.38,319.38,1300.00
20150703,319.59,319.01,319.45,319.59,5200.00
20150702,319.74,319.01,316.82,319.74,2700.00
20150701,320.47,321.20,319.74,320.47,2400.00
20150630,321.20,321.93,321.20,321.20,700.00
20150629,322.08,321.20,316.82,322.08,2100.00
20150626,324.12,321.93,323.96,324.12,3400.00
20150625,333.54,319.74,319.74,333.54,46800.00
20150624,343.10,335.80,306.60,346.02,53700.00
20150623,341.42,341.64,335.80,344.56,22500.00
20150622,342.74,339.45,334.34,342.74,3400.00
20150619,341.18,339.45,334.34,342.74,5200.00
20150618,331.42,337.99,331.42,341.18,31300.00
20150617,330.19,326.31,322.66,331.42,2300.00
20150616,335.80,326.31,321.20,335.80,29200.00
20150615,343.10,333.61,328.50,343.10,8400.00
20150612,354.60,335.80,306.60,354.60,44100.00
20150611,350.40,348.94,306.60,350.40,593800.00
20150610,350.03,351.13,346.02,357.70,25500.00
20150609,355.51,350.40,344.56,355.51,15700.00
20150608,362.81,349.67,343.10,363.54,65900.00
20150605,321.20,341.64,321.20,341.86,24400.00
20150604,311.71,315.36,311.71,325.58,10600.00
20150603,317.55,313.17,309.74,319.74,17100.00
20150602,305.14,311.71,305.14,313.90,33700.00
20150601,302.22,301.49,302.22,304.48,306900.00
20150529,303.10,301.49,302.22,303.10,8600.00
20150528,303.39,302.22,299.30,303.39,700.00
20150527,304.56,302.22,304.56,304.56,0.00
20150526,307.33,302.22,299.30,307.33,3200.00
20150525,302.22,302.22,302.22,302.22,0.00
20150522,306.60,302.22,306.60,307.33,11600.00
20150521,299.59,302.22,299.59,306.60,13000.00
20150520,303.68,302.22,295.21,306.60,38700.00
20150519,298.99,297.84,296.38,303.68,22700.00
20150518,296.23,294.19,296.23,296.23,31300.00
20150515,292.00,294.19,286.16,296.38,70700.00
20150514,297.84,296.38,292.00,297.84,24600.00
20150513,296.39,296.38,294.92,297.84,14300.00
20150512,298.13,297.11,294.99,298.13,2900.00
20150511,298.57,298.57,294.92,298.57,40300.00
20150508,300.76,298.57,294.92,302.00,17200.00
20150507,300.76,298.57,297.84,301.42,10700.00
20150506,301.00,298.57,300.76,302.22,6800.00
20150505,299.30,298.57,294.56,302.22,65700.00
20150504,294.19,294.19,294.19,294.19,0.00
20150501,292.00,294.19,292.00,294.92,20500.00
20150430,289.81,292.73,289.81,289.81,200.00
20150429,292.29,294.19,292.29,294.19,8300.00
20150428,299.30,293.46,287.62,299.30,73300.00
20150427,287.62,283.24,287.62,287.62,700.00
20150424,287.91,283.24,287.91,287.91,800.00
20150423,283.24,283.24,283.24,283.24,10000.00
20150422,288.35,283.24,283.24,288.35,12300.00
20150421,288.44,283.24,287.62,288.51,10300.00
20150420,278.86,283.24,278.86,289.08,17200.00
20150417,286.16,281.78,286.16,286.16,14000.00
20150416,280.03,281.78,280.03,281.78,5700.00
20150415,280.32,277.40,276.67,280.32,2600.00
20150414,277.25,277.40,277.25,279.59,15300.00
20150413,278.86,273.02,272.29,278.86,13800.00
20150410,280.22,275.21,279.59,280.22,7200.00
20150409,283.09,277.40,280.22,283.09,7300.00
20150408,273.75,278.86,276.67,283.24,18600.00
20150407,274.48,273.75,273.75,277.40,47000.00
20150406,270.83,270.83,270.83,270.83,0.00
20150403,270.83,270.83,270.83,270.83,0.00
20150402,274.48,270.83,274.48,274.48,700.00
20150401,273.02,270.83,273.02,273.02,200.00
20150331,273.02,270.83,265.72,277.40,45200.00
20150330,275.54,271.56,270.10,275.65,7500.00
20150327,277.40,273.75,271.56,277.40,17600.00
20150326,262.80,259.15,262.80,262.80,1600.00
20150325,262.80,259.15,262.80,262.80,200.00
20150324,262.80,257.69,262.80,262.80,800.00
20150323,257.69,257.69,257.69,257.69,0.00
20150320,255.14,256.96,255.14,258.42,6200.00
20150319,245.27,248.20,245.27,249.99,2400.00
20150318,259.22,254.77,252.58,262.80,19800.00
20150317,259.22,262.07,259.22,259.22,800.00
20150316,256.23,262.07,256.23,265.16,12700.00
20150313,261.34,262.80,256.23,261.34,3100.00
20150312,254.04,262.80,254.04,264.26,15700.00
20150311,256.96,263.53,256.96,256.96,1800.00
20150310,266.67,263.53,258.42,266.67,400.00
20150309,267.03,263.53,263.53,267.03,11500.00
20150306,263.53,263.53,263.53,263.53,0.00
20150305,267.03,263.53,266.82,267.03,5500.00
20150304,267.18,263.53,258.41,267.18,2000.00
20150303,266.40,263.53,263.53,267.34,22400.00
20150302,261.22,263.53,256.96,261.22,5500.00
20150227,268.28,265.72,262.87,268.28,15200.00
20150226,271.56,265.72,271.56,271.56,5300.00
20150225,268.57,265.72,261.16,268.57,2800.00
20150224,269.22,265.72,266.45,269.22,44000.00
20150223,262.07,265.72,262.07,269.22,21100.00
20150220,264.26,265.72,264.26,267.18,27000.00
20150219,267.36,264.26,260.46,268.64,6800.00
20150218,260.46,262.80,260.46,267.36,4200.00
20150217,268.20,262.80,259.88,268.20,13200.00
20150216,267.18,269.37,267.18,270.47,12400.00
20150213,270.47,269.37,267.62,270.47,17900.00
20150212,273.02,269.37,270.10,273.02,22200.00
20150211,266.52,267.18,266.52,269.37,15100.00
20150210,266.01,267.91,266.01,269.01,7900.00
20150209,273.02,267.18,267.91,273.02,32600.00
20150206,248.20,267.91,251.12,288.35,79500.00
20150205,250.39,246.74,246.74,250.39,4300.00
20150204,249.66,246.74,246.74,249.66,16700.00
20150203,245.28,248.20,245.28,245.28,2500.00
20150202,245.28,250.39,245.28,245.28,3400.00
20150130,252.84,250.39,248.20,255.50,6800.00
20150129,248.20,250.39,248.20,248.20,6400.00
20150128,250.81,246.01,250.81,250.81,300.00
20150127,246.01,246.01,246.01,246.01,0.00
20150126,246.01,246.01,246.01,246.01,0.00
20150123,248.20,244.55,248.20,248.20,1000.00
20150122,239.78,243.09,233.60,248.20,10800.00
20150121,237.25,235.79,233.60,237.25,7900.00
20150120,232.14,232.14,232.14,232.14,0.00
20150119,232.87,232.14,232.14,232.87,5700.00
20150116,231.78,229.95,231.78,231.78,1600.00
20150115,228.99,229.22,228.99,228.99,200.00
20150114,229.66,229.22,229.66,229.66,1700.00
20150113,226.41,229.95,226.41,233.60,4300.00
20150112,227.03,227.03,227.03,227.03,0.00
20150109,227.03,227.03,227.03,227.03,0.00
20150108,230.68,227.03,230.68,230.68,1500.00
20150107,230.68,227.03,226.30,230.68,3400.00
20150106,226.59,224.84,226.59,226.59,1200.00
20150105,221.41,227.76,221.41,233.23,12000.00
20150102,226.30,226.30,226.30,226.30,0.00
20150101,226.30,226.30,226.30,226.30,0.00
20141231,226.30,226.30,226.30,226.30,0.00
20141230,226.30,226.30,226.30,226.30,0.00
20141229,226.30,226.30,226.30,226.30,0.00
20141226,226.30,226.30,226.30,226.30,0.00
20141225,226.30,226.30,226.30,226.30,0.00
20141224,226.30,226.30,226.30,226.30,0.00
20141223,226.30,226.30,226.30,226.30,0.00
20141222,233.60,226.30,219.00,233.60,6300.00
20141219,226.30,226.30,226.30,226.30,0.00
20141218,230.68,224.84,230.68,230.68,0.00
20141217,223.38,224.84,221.92,223.38,80500.00
20141216,223.38,222.65,223.38,223.38,13000.00
20141215,233.60,221.19,223.38,233.60,9700.00
20141212,239.44,239.44,239.44,239.44,0.00
20141211,237.98,239.44,237.98,243.82,7800.00
20141210,196.37,243.09,240.17,240.17,2000.00
20141209,245.28,243.82,240.90,245.28,5500.00
20141208,249.66,249.66,249.66,249.66,0.00
20141205,249.66,249.66,249.66,249.66,0.00
20141204,249.66,249.66,249.66,249.66,0.00
20141203,248.57,249.66,248.57,248.57,5800.00
20141202,249.66,249.66,249.66,249.66,0.00
20141201,248.49,249.66,248.49,253.08,2000.00
20141128,251.12,249.66,251.12,251.12,5000.00
20141127,251.85,249.66,251.85,251.85,2500.00
20141126,249.66,249.66,249.66,249.66,0.00
20141125,245.28,249.66,245.28,245.28,100.00
20141124,245.94,249.66,243.82,252.20,35700.00
20141121,248.49,249.66,248.49,248.49,1800.00
20141120,249.66,249.66,249.66,249.66,45000.00
20141119,249.66,249.66,248.49,254.55,12500.00
20141118,255.50,251.12,249.66,255.50,9300.00
20141117,249.66,251.85,249.66,255.50,355400.00
20141114,246.89,251.85,246.89,254.68,13800.00
20141113,237.98,248.20,243.24,251.12,17200.00
20141112,235.79,230.68,235.79,236.52,8000.00
20141111,233.69,233.60,233.60,235.07,20700.00
20141110,226.30,226.30,226.30,226.30,0.00
20141107,228.20,226.30,228.20,228.20,2500.00
20141106,227.07,224.84,227.07,227.07,4000.00
20141105,221.92,224.11,219.00,221.92,8100.00
20141104,228.23,226.30,228.23,228.23,2600.00
20141103,224.84,224.84,224.84,224.84,10000.00
20141031,224.84,224.84,224.84,224.84,0.00
20141030,219.00,224.84,219.00,227.06,4700.00
20141029,223.38,224.84,221.92,223.38,8400.00
20141028,228.49,228.49,223.38,223.38,400.00
20141027,227.76,228.49,232.26,232.32,600.00
20141024,227.76,227.76,227.76,227.76,0.00
20141023,232.32,227.76,232.32,232.32,100.00
20141022,219.00,227.76,219.00,226.30,28500.00
20141021,218.30,216.81,218.30,218.30,1000.00
20141020,216.08,216.81,216.08,218.30,3200.00
20141017,216.08,217.54,216.08,219.00,1400.00
20141016,216.08,216.08,216.08,216.08,0.00
20141015,217.54,216.08,217.54,217.54,6100.00
20141014,214.62,213.89,214.62,219.00,9000.00
20141013,233.60,222.65,219.00,226.37,2200.00
20141010,235.06,235.06,235.06,235.06,0.00
20141009,237.98,237.98,237.98,237.98,0.00
20141008,237.98,237.98,235.06,238.97,3800.00
20141007,233.60,235.79,233.60,238.71,3000.00
20141006,241.67,239.44,241.67,241.67,2500.00
20141003,248.20,238.71,237.98,248.20,8000.00
20141002,252.58,252.58,252.58,252.58,0.00
20141001,256.96,254.04,251.12,262.80,20100.00
20140930,254.04,254.04,254.04,255.50,5000.00
20140929,233.60,239.44,233.60,233.60,100.00
20140926,239.44,239.44,239.44,239.44,0.00
20140925,243.24,239.44,233.60,243.24,7800.00
20140924,235.06,239.44,235.06,235.06,6000.00
20140923,239.73,239.44,239.73,239.73,10200.00
20140922,242.36,242.36,240.02,240.02,4000.00
20140919,243.82,246.01,243.82,245.28,7400.00
20140918,240.90,243.82,240.90,240.90,2000.00
20140917,245.28,245.28,245.28,245.28,0.00
20140916,245.28,245.28,245.28,245.28,0.00
20140915,250.39,245.28,250.39,250.39,2600.00
20140912,245.28,245.28,245.28,245.28,0.00
20140911,240.81,245.28,240.81,240.90,600.00
20140910,251.12,245.28,240.90,251.12,4600.00
20140909,244.84,240.90,244.84,244.84,100.00
20140908,244.32,240.90,240.02,244.84,21600.00
20140905,240.02,240.90,240.02,244.14,1500.00
20140904,236.52,240.90,236.52,236.52,1700.00
20140903,240.90,240.90,240.90,240.90,0.00
20140902,244.14,240.90,244.14,244.14,800.00
20140901,239.59,240.90,239.59,240.90,4900.00
20140829,224.84,243.82,224.84,242.36,32000.00
20140828,224.84,227.76,223.38,230.68,7600.00
20140827,224.37,224.84,224.37,229.22,2200.00
20140826,233.60,227.76,233.60,233.60,2800.00
20140825,227.76,227.76,227.76,227.76,0.00
20140822,223.16,227.76,223.16,223.16,900.00
20140821,221.92,227.76,221.92,231.15,9400.00
20140820,227.76,227.76,227.76,227.76,0.00
20140819,222.65,227.76,222.65,222.65,3000.00
20140818,230.68,229.22,230.68,230.68,4100.00
20140815,229.22,229.22,229.22,229.22,0.00
20140814,229.22,229.22,229.22,229.22,0.00
20140813,224.26,229.22,223.53,224.26,3200.00
20140812,229.22,229.22,229.22,229.22,0.00
20140811,227.58,229.22,226.59,229.22,6900.00
20140808,225.11,229.95,225.11,226.30,10500.00
20140807,224.99,231.41,224.99,236.52,8800.00
20140806,229.22,229.22,226.30,230.68,22800.00
20140805,229.22,229.22,229.22,229.22,0.00
20140804,224.84,229.22,224.84,224.84,10000.00
20140801,230.68,230.68,230.68,230.68,0.00
20140731,233.60,230.68,233.60,233.60,8500.00
20140730,224.99,229.22,224.99,224.99,500.00
20140729,223.53,229.22,221.92,233.60,12900.00
20140728,229.22,229.22,229.22,229.22,0.00
20140725,236.52,229.22,236.52,236.52,5000.00
20140724,229.22,229.22,229.22,229.22,0.00
20140723,235.14,229.22,235.14,235.14,7500.00
20140722,233.60,229.22,221.92,233.60,10600.00
20140721,232.14,229.22,232.14,232.14,6000.00
20140718,232.14,229.22,224.84,232.14,7900.00
20140717,232.14,229.22,232.14,232.14,2500.00
20140716,229.22,229.22,229.22,229.22,0.00
20140715,227.76,229.22,227.76,227.76,2500.00
20140714,230.68,232.14,230.68,233.60,13500.00
20140711,233.60,233.60,230.68,233.60,10800.00
20140710,233.60,233.60,233.60,233.60,0.00
20140709,235.29,233.60,231.61,235.29,7000.00
20140708,230.97,233.60,230.97,230.97,300.00
20140707,234.18,233.60,234.18,234.18,600.00
20140704,234.18,233.60,234.18,234.18,100.00
20140703,233.60,233.60,233.60,233.60,0.00
20140702,233.60,233.60,233.60,233.60,0.00
20140701,233.60,233.60,230.68,233.60,9500.00
20140630,231.41,233.60,231.41,231.41,5000.00
20140627,235.79,235.79,235.79,235.79,0.00
20140626,235.79,235.79,235.79,235.79,0.00
20140625,233.60,235.79,233.60,237.24,8500.00
20140624,237.25,237.25,237.25,237.25,0.00
20140623,233.60,233.60,233.60,233.60,9900.00
20140620,237.25,237.25,237.25,237.25,0.00
20140619,230.68,237.25,230.68,237.98,5600.00
20140618,239.00,235.79,236.52,239.00,4600.00
20140617,235.06,235.79,235.06,235.06,17500.00
20140616,235.20,235.06,235.06,235.20,40200.00
20140613,233.75,234.33,233.75,235.35,5400.00
20140612,229.95,232.87,229.95,229.95,7600.00
20140611,236.52,235.06,229.22,236.52,1100.00
20140610,241.69,235.06,229.22,241.69,11500.00
20140609,235.28,240.90,232.14,248.53,35100.00
20140606,240.90,235.06,230.68,241.60,152300.00
20140605,245.28,243.82,219.00,245.28,2335700.00
20140604,243.82,243.82,243.82,243.82,0.00
20140603,243.82,243.82,243.82,243.82,0.00
20140602,246.74,243.82,245.28,246.74,2100.00
20140530,246.74,243.82,246.74,246.74,0.00
20140529,243.82,243.82,243.82,243.82,0.00
20140528,243.82,243.82,243.82,243.82,0.00
20140527,243.82,243.82,243.82,243.82,0.00
20140526,240.90,240.90,240.90,240.90,0.00
20140523,240.90,240.90,240.90,240.90,300.00
20140522,242.07,246.74,242.07,242.07,200.00
20140521,248.73,246.74,248.73,248.73,1000.00
20140520,246.74,246.74,246.74,246.74,0.00
20140519,240.90,246.74,240.90,241.63,10000.00
20140516,246.74,246.74,246.74,246.74,0.00
20140515,246.74,246.74,246.74,246.74,0.00
20140514,246.74,246.74,246.74,246.74,0.00
20140513,246.74,246.74,246.74,246.74,0.00
20140512,243.82,242.36,243.82,243.82,4200.00
20140509,242.36,242.36,242.36,242.36,0.00
20140508,243.09,243.09,243.09,243.09,0.00
20140507,242.36,242.36,242.36,242.36,0.00
20140506,240.84,242.36,240.84,240.84,4100.00
20140505,243.82,243.82,243.82,243.82,0.00
20140502,243.82,243.82,243.82,243.82,0.00
20140501,240.84,243.82,240.84,240.84,3500.00
20140430,245.28,243.82,245.28,245.28,700.00
20140429,239.91,243.82,239.91,242.36,12700.00
20140428,242.08,240.90,239.66,248.20,28600.00
20140425,245.09,243.82,245.09,245.09,2300.00
20140424,245.28,243.82,245.28,245.28,700.00
20140423,245.28,245.28,245.28,245.28,0.00
20140422,249.66,245.28,243.82,249.66,2600.00
20140421,248.93,248.93,248.93,248.93,0.00
20140418,248.93,248.93,248.93,248.93,0.00
20140417,248.36,248.93,248.22,248.36,1800.00
20140416,248.41,250.39,248.41,248.41,1900.00
20140415,251.12,251.12,251.12,251.12,0.00
20140414,251.85,251.85,251.85,251.85,10000.00
20140411,248.27,251.85,248.27,248.27,1000.00
20140410,255.50,251.85,255.50,255.50,1500.00
20140409,251.85,251.85,251.85,251.85,0.00
20140408,251.85,251.85,251.85,251.85,0.00
20140407,255.50,251.85,249.00,255.50,2500.00
20140404,255.50,251.85,255.50,255.50,1000.00
20140403,251.85,251.85,251.85,254.77,6600.00
20140402,254.70,251.85,254.70,254.70,1000.00
20140401,251.85,251.85,251.85,251.85,0.00
20140331,248.20,251.85,248.20,248.20,1700.00
20140328,251.85,251.85,251.85,251.85,0.00
20140327,251.85,251.85,251.85,254.04,8200.00
20140326,251.85,251.85,251.85,251.85,0.00
20140325,254.77,251.85,254.38,254.77,2700.00
20140324,246.18,250.39,246.18,248.97,7600.00
20140321,236.52,239.44,233.60,236.52,3200.00
20140320,242.36,242.36,242.36,242.36,0.00
20140319,236.54,242.36,236.54,236.54,1100.00
20140318,242.36,242.36,242.36,242.36,0.00
20140317,242.36,242.36,240.90,245.28,13800.00
20140314,241.27,246.01,241.27,241.27,100.00
20140313,248.42,246.01,248.42,248.65,5600.00
20140312,241.27,246.01,241.27,241.27,100.00
20140311,246.01,246.01,246.01,246.01,0.00
20140310,246.01,246.01,246.01,246.01,0.00
20140307,246.01,246.01,246.01,246.01,0.00
20140306,246.01,246.01,246.01,246.01,6000.00
20140305,248.57,246.01,248.57,248.57,1000.00
20140304,246.01,246.01,246.01,246.01,0.00
20140303,246.01,246.01,246.01,246.01,0.00
20140228,243.82,246.74,242.36,249.66,4300.00
20140227,242.36,248.93,242.36,242.36,6200.00
20140226,243.82,248.93,242.36,243.82,4000.00
20140225,243.94,249.66,243.82,252.58,9800.00
20140224,248.93,252.58,248.93,256.14,6800.00
20140221,251.85,254.04,245.28,259.00,47400.00
20140220,243.82,251.85,243.82,255.50,4300.00
20140219,234.94,246.74,234.94,251.12,48800.00
20140218,223.38,228.49,223.38,223.38,400.00
20140217,229.07,228.49,223.99,229.07,2400.00
20140214,230.90,228.49,230.64,230.90,2500.00
20140213,231.41,228.49,223.38,231.41,4500.00
20140212,220.46,220.46,220.46,220.46,1900.00
20140211,220.46,220.46,220.46,220.46,0.00
20140210,221.04,220.46,221.04,221.04,6600.00
20140207,220.46,219.73,214.62,220.46,13500.00
20140206,211.70,219.73,211.70,221.92,23700.00
20140205,220.31,216.81,220.31,220.31,200.00
20140204,216.08,216.81,205.13,218.27,11100.00
20140203,216.15,219.73,216.08,221.92,5000.00
20140131,219.00,219.73,219.00,219.73,1200.00
20140130,221.92,224.84,221.92,221.92,500.00
20140129,227.76,227.76,227.76,227.76,0.00
20140128,227.76,227.76,227.76,227.76,0.00
20140127,227.76,227.76,227.76,227.76,0.00
20140124,226.30,229.95,226.30,226.30,1100.00
20140123,235.88,232.14,229.22,235.88,1900.00
20140122,236.52,235.06,236.52,236.52,3000.00
20140121,235.06,235.06,229.22,237.98,7200.00
20140120,240.45,238.71,240.45,240.45,3200.00
20140117,240.54,238.71,239.81,240.54,58000.00
20140116,234.33,238.71,233.60,234.33,8200.00
20140115,242.13,239.44,242.13,242.13,0.00
20140114,239.44,239.44,239.44,239.44,0.00
20140113,242.36,239.44,242.36,242.36,1800.00
20140110,242.36,239.44,236.52,242.36,7000.00
20140109,236.52,240.90,236.52,242.36,1500.00
20140108,245.86,240.90,239.44,245.86,6200.00
20140107,246.03,245.28,246.03,246.03,2600.00
20140106,241.63,245.28,241.63,246.74,2300.00
20140103,246.01,246.01,246.01,246.01,0.00
20140102,243.82,245.28,239.44,247.28,9700.00
20140101,245.28,245.28,245.28,245.28,0.00
20131231,243.82,245.28,243.82,246.10,4700.00
20131230,248.20,245.28,245.28,248.20,8400.00
20131227,251.12,253.31,248.20,251.12,2700.00
20131226,255.50,255.50,255.50,255.50,0.00
20131225,255.50,255.50,255.50,255.50,0.00
20131224,255.50,255.50,252.58,255.50,5100.00
20131223,261.34,259.15,261.34,261.34,2600.00
20131220,255.62,259.15,255.50,255.62,5400.00
20131219,259.88,261.34,257.16,259.88,4300.00
20131218,266.41,264.99,262.80,266.41,12300.00
20131217,270.83,270.83,270.83,270.83,0.00
20131216,268.71,270.83,268.71,268.71,300.00
20131213,277.40,270.83,277.40,277.40,300.00
20131212,272.29,272.29,272.29,272.29,0.00
20131211,277.30,272.29,277.20,277.30,1900.00
20131210,276.28,272.29,276.28,276.28,400.00
20131209,275.50,272.29,275.50,275.50,2600.00
20131206,275.46,272.29,275.46,275.50,300.00
20131205,275.46,272.29,275.46,275.46,1500.00
20131204,275.50,272.29,275.46,275.50,1000.00
20131203,275.36,272.29,270.10,277.24,5100.00
20131202,275.58,273.75,270.10,275.58,4100.00
20131129,277.66,273.75,270.10,277.66,4500.00
20131128,270.10,275.21,270.10,277.40,15500.00
20131127,271.56,276.67,271.56,278.50,13600.00
20131126,276.96,275.94,275.94,276.96,4200.00
20131125,274.48,272.29,265.14,281.78,41900.00
20131122,257.33,270.83,257.33,277.40,48900.00
20131121,259.88,256.23,252.58,259.88,4300.00
20131120,252.58,256.23,252.58,252.58,1500.00
20131119,253.70,257.69,253.70,253.70,3000.00
20131118,259.88,257.69,254.32,259.88,1600.00
20131115,259.88,257.69,256.96,261.92,11700.00
20131114,256.96,255.50,251.12,257.69,16700.00
20131113,253.63,255.50,252.43,258.42,32400.00
20131112,255.68,256.96,251.12,259.88,23200.00
20131111,265.72,262.80,259.88,268.28,38300.00
20131108,275.58,269.37,259.88,281.78,77200.00
20131107,256.96,278.86,256.96,283.24,173200.00
20131106,255.50,248.20,243.82,261.34,37100.00
20131105,255.50,253.31,251.12,262.80,34900.00
20131104,255.50,246.01,242.07,256.96,35900.00
20131101,233.09,257.69,233.09,255.50,90200.00
20131031,217.54,228.49,217.54,231.18,11500.00
20131030,224.84,217.54,216.08,224.84,5500.00
20131029,214.62,221.19,214.62,227.76,144400.00
20131028,199.99,208.05,199.99,211.41,11100.00
20131025,195.64,197.10,195.64,200.02,8200.00
20131024,197.03,193.45,189.80,197.03,5700.00
20131023,196.73,193.45,196.73,197.10,1200.00
20131022,198.12,193.45,192.14,198.12,9300.00
20131021,188.34,194.18,188.34,197.10,11300.00
20131018,183.23,184.69,183.23,188.34,4500.00
20131017,186.15,183.96,186.15,186.15,300.00
20131016,183.04,184.69,183.04,183.96,8100.00
20131015,181.04,181.77,181.04,185.42,4300.00
20131014,185.42,182.50,185.42,185.42,300.00
20131011,183.96,182.50,183.60,185.42,5800.00
20131010,179.58,181.77,179.58,179.58,0.00
20131009,195.49,181.77,183.14,195.49,16400.00
20131008,185.82,191.26,185.82,195.64,17700.00
20131007,179.00,178.85,179.00,179.00,400.00
20131004,179.58,179.58,179.58,179.58,0.00
20131003,180.31,180.31,180.31,180.31,0.00
20131002,176.81,181.04,176.81,181.04,14600.00
20131001,186.15,186.15,186.15,186.15,2000.00
20130930,189.07,189.07,189.07,189.07,0.00
20130927,189.07,189.07,189.07,189.07,0.00
20130926,194.18,189.07,188.34,197.10,23200.00
20130925,183.38,191.26,183.38,191.04,21100.00
20130924,183.38,181.04,183.38,183.38,700.00
20130923,181.19,181.04,181.04,182.21,7600.00
20130920,186.88,185.42,183.30,186.88,6300.00
20130919,191.49,189.80,191.49,191.49,700.00
20130918,191.14,189.80,191.14,191.49,2300.00
20130917,189.80,189.80,189.80,189.80,7000.00
20130916,193.89,194.91,193.52,197.26,3300.00
20130913,199.36,196.37,193.89,199.36,4300.00
20130912,189.80,196.37,192.72,200.02,20700.00
20130911,188.34,188.34,188.34,192.72,3300.00
20130910,189.36,186.15,188.34,189.36,6600.00
20130909,180.07,185.42,175.20,188.84,52300.00
20130906,179.58,178.85,175.20,180.60,12300.00
20130905,182.50,178.12,172.72,182.50,29600.00
20130904,189.80,186.15,182.77,190.68,29600.00
20130903,194.18,194.18,194.18,194.18,0.00
20130902,195.64,194.18,192.36,195.64,4100.00
20130830,195.64,193.45,195.64,195.64,500.00
20130829,194.18,194.18,194.18,194.18,0.00
20130828,191.70,194.18,191.70,198.29,28000.00
20130827,190.31,193.45,190.31,197.10,23800.00
20130826,192.72,192.72,192.72,192.72,0.00
20130823,192.72,192.72,192.72,192.72,0.00
20130822,195.28,192.72,195.28,195.64,6000.00
20130821,190.68,191.99,190.68,190.68,1800.00
20130820,191.99,191.99,191.99,191.99,0.00
20130819,197.10,191.99,195.64,197.10,3600.00
20130816,189.80,196.37,189.80,198.56,39100.00
20130815,186.88,187.61,185.79,192.72,33000.00
20130814,173.74,184.69,173.74,186.88,20800.00
20130813,171.40,171.55,171.40,173.74,7400.00
20130812,163.52,169.36,163.52,171.84,25800.00
20130809,153.30,154.76,153.30,154.76,5800.00
20130808,152.57,152.57,152.57,152.57,0.00
20130807,150.53,151.84,150.53,150.75,10900.00
20130806,150.73,151.84,150.73,150.73,2500.00
20130805,157.68,151.84,152.28,157.68,25700.00
20130802,159.87,159.87,159.87,159.87,0.00
20130801,157.83,159.87,157.83,157.83,1700.00
20130731,158.41,158.41,158.41,158.41,0.00
20130730,158.41,158.41,158.41,158.41,0.00
20130729,159.14,158.41,157.68,159.14,17600.00
20130726,160.60,162.79,160.60,162.06,5400.00
20130725,166.44,163.52,162.42,166.44,35100.00
20130724,170.82,170.82,170.82,170.82,0.00
20130723,170.82,170.82,170.82,170.82,0.00
20130722,172.34,170.82,167.17,172.34,10200.00
20130719,171.55,171.55,171.55,171.55,0.00
20130718,170.82,170.82,170.82,170.82,0.00
20130717,175.20,170.82,170.82,175.20,5000.00
20130716,172.28,173.74,172.28,172.28,2500.00
20130715,173.01,175.20,173.01,173.01,7500.00
20130712,176.15,175.20,175.93,176.95,9300.00
20130711,174.47,174.47,174.47,174.47,0.00
20130710,173.74,175.20,173.74,174.91,15000.00
20130709,173.01,173.01,173.01,173.01,0.00
20130708,173.74,173.01,172.28,173.74,10000.00
20130705,173.01,173.01,173.01,173.01,0.00
20130704,173.01,173.01,173.01,173.01,0.00
20130703,173.74,173.01,170.82,173.74,7000.00
20130702,178.12,175.93,178.12,178.12,500.00
20130701,177.41,175.93,177.41,177.41,6000.00
20130628,167.90,169.36,167.90,169.87,5300.00
20130627,169.30,169.36,168.27,170.39,13900.00
20130626,168.85,167.90,168.85,168.85,5000.00
20130625,167.90,167.90,167.90,169.36,4200.00
20130624,166.44,167.17,166.44,166.44,3000.00
20130621,168.63,168.63,168.63,168.63,0.00
20130620,166.44,168.63,166.44,166.44,3600.00
20130619,169.36,168.63,166.44,169.36,12100.00
20130618,170.82,171.55,170.82,170.82,4000.00
20130617,173.62,173.01,173.62,173.62,800.00
20130614,167.90,173.01,167.90,174.84,22800.00
20130613,176.66,173.01,168.11,176.66,31400.00
20130612,181.04,178.12,179.58,182.50,33600.00
20130611,175.93,178.12,175.93,184.89,7000.00
20130610,177.83,177.39,175.93,178.12,13300.00
20130607,172.86,176.66,172.86,181.04,28100.00
20130606,167.17,171.55,167.17,176.66,81000.00
20130605,160.60,164.98,159.43,167.17,40000.00
20130604,159.96,160.60,157.68,161.10,12400.00
20130603,157.68,158.41,157.68,157.68,5000.00
20130531,160.60,159.87,160.60,160.60,5000.00
20130530,166.44,161.33,166.44,166.44,5000.00
20130529,170.12,167.17,166.69,170.12,5700.00
20130528,167.24,168.63,166.44,170.24,14100.00
20130527,168.63,168.63,168.63,168.63,0.00
20130524,171.29,168.63,167.17,174.91,45500.00
20130523,149.65,169.36,149.65,170.45,38400.00
20130522,131.40,148.92,131.40,150.38,76600.00
