20160408,2.64,2.64,2.61,2.66,38100.00
20160407,2.62,2.63,2.61,2.66,47200.00
20160406,2.65,2.65,2.60,2.65,118700.00
20160405,2.67,2.63,2.58,2.67,45500.00
20160404,2.67,2.65,2.61,2.67,60400.00
20160401,3.00,3.00,3.00,3.00,0.00
20160331,2.64,2.69,2.64,2.69,15900.00
20160330,3.01,3.01,3.01,3.01,0.00
20160329,2.98,2.98,2.98,2.98,0.00
20160328,2.62,2.62,2.62,2.62,0.00
20160325,2.95,2.95,2.95,2.95,0.00
20160324,2.62,2.62,2.62,2.66,88100.00
20160323,2.61,2.61,2.60,2.66,41200.00
20160322,3.01,3.01,3.01,3.01,0.00
20160321,2.59,2.60,2.59,2.62,25600.00
20160318,2.63,2.62,2.59,2.64,77500.00
20160317,3.02,3.02,3.02,3.02,0.00
20160316,2.63,2.65,2.61,2.68,59300.00
20160315,2.98,2.98,2.98,2.98,0.00
20160314,2.64,2.61,2.59,2.64,21600.00
20160311,2.64,2.64,2.60,2.64,14000.00
20160310,2.63,2.63,2.57,2.63,110600.00
20160309,2.63,2.63,2.58,2.63,12500.00
20160308,2.65,2.63,2.57,2.65,49600.00
20160307,2.67,2.62,2.62,2.67,15600.00
20160304,2.64,2.66,2.61,2.67,28100.00
20160303,2.94,2.94,2.94,2.94,0.00
20160302,2.64,2.61,2.63,2.64,5200.00
20160301,2.94,2.94,2.94,2.94,0.00
20160229,2.58,2.58,2.55,2.59,56900.00
20160226,2.57,2.57,2.56,2.60,89400.00
20160225,2.59,2.54,2.54,2.59,24700.00
20160224,2.60,2.57,2.54,2.60,25700.00
20160223,2.81,2.81,2.81,2.81,0.00
20160222,2.55,2.58,2.55,2.60,8800.00
20160219,2.54,2.56,2.54,2.59,10400.00
20160218,2.60,2.57,2.55,2.60,35700.00
20160217,2.54,2.54,2.54,2.58,49000.00
20160216,2.57,2.54,2.51,2.57,12300.00
20160215,2.70,2.70,2.70,2.70,0.00
20160212,2.49,2.45,2.44,2.50,107400.00
20160211,2.56,2.47,2.42,2.62,184300.00
20160210,2.60,2.60,2.60,2.64,43300.00
20160209,2.66,2.60,2.60,2.67,49600.00
20160208,2.74,2.69,2.69,2.74,15400.00
20160205,2.70,2.72,2.70,2.74,10100.00
20160204,2.75,2.72,2.72,2.75,45100.00
20160203,2.74,2.69,2.69,2.77,25900.00
20160202,2.72,2.70,2.70,2.76,43200.00
20160201,2.76,2.74,2.72,2.77,28100.00
20160129,2.72,2.72,2.66,2.74,110500.00
20160128,2.68,2.65,2.65,2.70,55400.00
20160127,2.64,2.64,2.64,2.67,39700.00
20160126,2.64,2.63,2.62,2.66,48300.00
20160125,2.64,2.64,2.64,2.69,6200.00
20160122,2.63,2.63,2.60,2.67,69100.00
20160121,2.58,2.54,2.54,2.62,103200.00
20160120,2.79,2.79,2.79,2.79,0.00
20160119,2.92,2.92,2.92,2.92,0.00
20160118,2.76,2.74,2.72,2.80,114300.00
20160115,2.85,2.79,2.77,2.90,102000.00
20160114,2.91,2.86,2.86,2.97,100100.00
20160113,2.98,2.99,2.96,2.99,23300.00
20160112,2.96,2.96,2.92,2.97,37800.00
20160111,2.95,2.96,2.91,2.98,67100.00
20160108,2.96,2.96,2.91,2.96,10700.00
20160107,2.92,2.96,2.89,2.96,46700.00
20160106,2.96,2.96,2.96,3.01,85300.00
20160105,3.03,3.02,2.98,3.03,49700.00
20160104,3.04,3.01,2.98,3.04,23000.00
20160101,3.16,3.16,3.16,3.16,0.00
20151231,3.16,3.16,3.16,3.16,0.00
20151230,3.05,3.04,3.01,3.07,46800.00
20151229,3.04,3.03,3.01,3.05,30000.00
20151224,3.04,3.01,3.00,3.04,42900.00
20151223,3.04,2.98,2.98,3.04,46100.00
20151222,3.13,3.13,3.13,3.13,0.00
20151221,3.10,3.10,3.10,3.10,0.00
20151218,3.01,3.01,2.96,3.01,33200.00
20151217,2.98,2.99,2.98,3.01,28700.00
20151216,2.99,3.01,2.99,3.01,14800.00
20151215,2.94,2.96,2.92,2.98,58600.00
20151214,2.92,2.90,2.90,2.93,24000.00
20151211,2.94,2.89,2.86,2.94,36100.00
20151210,2.95,2.92,2.94,2.96,34300.00
20151209,3.12,3.12,3.12,3.12,0.00
20151208,2.96,2.92,2.91,2.96,39800.00
20151207,2.92,2.91,2.91,2.95,103400.00
20151204,2.92,2.91,2.90,2.93,13800.00
20151203,2.92,2.90,2.90,2.93,31500.00
20151202,2.92,2.90,2.89,2.92,24800.00
20151201,2.92,2.90,2.90,2.93,195500.00
20151130,3.14,3.14,3.14,3.14,0.00
20151127,2.89,2.91,2.88,2.92,70800.00
20151126,3.10,3.10,3.10,3.10,0.00
20151125,3.09,3.09,3.09,3.09,0.00
20151124,3.04,3.04,3.04,3.04,0.00
20151123,3.06,3.06,3.06,3.06,0.00
20151120,3.08,3.08,3.08,3.08,0.00
20151119,3.08,3.08,3.08,3.08,0.00
20151118,3.05,3.05,3.05,3.05,0.00
20151117,3.06,3.06,3.06,3.06,0.00
20151116,3.01,3.01,3.01,3.01,0.00
20151113,2.99,2.99,2.99,2.99,0.00
20151112,3.00,3.00,3.00,3.00,0.00
20151111,3.07,3.07,3.07,3.07,0.00
20151110,3.05,3.05,3.05,3.05,0.00
20151109,3.07,3.07,3.07,3.07,0.00
20151106,3.08,3.08,3.08,3.08,0.00
20151105,3.08,3.08,3.08,3.08,0.00
20151104,3.07,3.07,3.07,3.07,0.00
20151103,3.08,3.08,3.08,3.08,0.00
20151102,3.09,3.09,3.09,3.09,0.00
20151030,3.05,3.05,3.05,3.05,0.00
20151029,3.07,3.07,3.07,3.07,0.00
20151028,3.08,3.08,3.08,3.08,0.00
20151027,3.06,3.06,3.06,3.06,0.00
20151026,3.09,3.09,3.09,3.09,0.00
20151023,3.11,3.11,3.11,3.11,0.00
20151022,3.09,3.09,3.09,3.09,0.00
20151021,3.10,3.10,3.10,3.10,0.00
20151020,3.08,3.08,3.08,3.08,0.00
20151019,3.06,3.06,3.06,3.06,0.00
20151016,3.07,3.07,3.07,3.07,0.00
20151015,3.10,3.10,3.10,3.10,0.00
20151014,2.94,2.93,2.91,2.95,38300.00
20151013,3.11,3.11,3.11,3.11,0.00
20151012,3.15,3.15,3.15,3.15,0.00
20151009,3.14,3.14,3.14,3.14,0.00
20151008,3.14,3.14,3.14,3.14,0.00
20151007,3.12,3.12,3.12,3.12,0.00
20151006,3.15,3.15,3.15,3.15,0.00
20151005,3.10,3.10,3.10,3.10,0.00
20151002,3.06,3.06,3.06,3.06,0.00
20151001,3.07,3.07,3.07,3.07,0.00
20150930,3.05,3.05,3.05,3.05,0.00
20150929,3.02,3.02,3.02,3.02,0.00
20150928,3.05,3.05,3.05,3.05,0.00
20150925,3.08,3.08,3.08,3.08,0.00
20150924,3.03,3.03,3.03,3.03,0.00
20150923,2.92,2.89,2.89,2.93,23600.00
20150922,3.08,3.08,3.08,3.08,0.00
20150921,3.02,3.01,2.97,3.02,37000.00
20150918,3.16,3.16,3.16,3.16,0.00
20150917,3.18,3.18,3.18,3.18,0.00
20150916,3.18,3.18,3.18,3.18,0.00
20150915,3.18,3.18,3.18,3.18,0.00
20150914,3.18,3.18,3.18,3.18,0.00
20150911,3.21,3.21,3.21,3.21,0.00
20150910,3.21,3.21,3.21,3.21,0.00
20150909,3.22,3.22,3.22,3.22,0.00
20150908,3.19,3.19,3.19,3.19,0.00
20150907,3.16,3.16,3.16,3.16,0.00
20150904,3.17,3.17,3.17,3.17,0.00
20150903,3.20,3.20,3.20,3.20,0.00
20150902,3.18,3.18,3.18,3.18,0.00
20150901,3.17,3.17,3.17,3.17,0.00
20150831,3.21,3.21,3.21,3.21,0.00
20150828,3.21,3.21,3.21,3.21,0.00
20150827,3.19,3.19,3.19,3.19,0.00
20150826,3.11,3.11,3.11,3.11,0.00
20150825,3.14,3.14,3.14,3.14,0.00
20150824,3.03,3.03,3.03,3.03,0.00
20150821,3.19,3.19,3.19,3.19,0.00
20150820,3.26,3.26,3.26,3.26,0.00
20150819,3.29,3.29,3.29,3.29,0.00
20150818,3.31,3.31,3.31,3.31,0.00
20150817,3.31,3.31,3.31,3.31,0.00
20150814,3.29,3.29,3.29,3.29,0.00
20150813,3.29,3.29,3.29,3.29,0.00
20150812,3.24,3.24,3.24,3.24,0.00
20150811,3.29,3.29,3.29,3.29,0.00
20150810,3.30,3.30,3.30,3.30,0.00
20150807,3.28,3.28,3.28,3.28,0.00
20150806,3.29,3.29,3.29,3.29,0.00
20150805,3.29,3.29,3.29,3.29,0.00
20150804,3.27,3.27,3.27,3.27,0.00
20150803,3.26,3.26,3.26,3.26,0.00
20150731,3.25,3.25,3.25,3.25,0.00
20150730,3.19,3.19,3.19,3.19,0.00
20150729,3.19,3.19,3.19,3.19,0.00
20150728,3.15,3.15,3.15,3.15,0.00
20150727,3.13,3.13,3.13,3.13,0.00
20150724,3.16,3.16,3.16,3.16,0.00
20150723,3.19,3.19,3.19,3.19,0.00
20150722,3.19,3.19,3.19,3.19,0.00
20150721,3.20,3.20,3.20,3.20,0.00
20150720,3.22,3.22,3.22,3.22,0.00
20150717,3.21,3.21,3.21,3.21,0.00
20150716,3.21,3.21,3.21,3.21,0.00
20150715,3.18,3.18,3.18,3.18,0.00
20150714,3.18,3.18,3.18,3.18,0.00
20150713,3.19,3.19,3.19,3.19,0.00
20150710,3.19,3.19,3.19,3.19,0.00
20150709,3.15,3.15,3.15,3.15,0.00
20150708,3.12,3.12,3.12,3.12,0.00
20150707,3.14,3.14,3.14,3.14,0.00
20150706,3.18,3.18,3.18,3.18,0.00
20150703,3.23,3.23,3.23,3.23,0.00
20150702,3.24,3.24,3.24,3.24,0.00
20150701,3.25,3.25,3.25,3.25,0.00
20150630,3.22,3.22,3.22,3.22,0.00
20150629,3.21,3.21,3.21,3.21,0.00
20150626,3.29,3.29,3.29,3.29,0.00
20150625,3.31,3.31,3.31,3.31,0.00
20150624,3.32,3.32,3.32,3.32,0.00
20150623,3.30,3.30,3.30,3.30,0.00
20150622,3.29,3.29,3.29,3.29,0.00
20150619,3.25,3.25,3.25,3.25,0.00
20150618,3.26,3.26,3.26,3.26,0.00
20150617,3.26,3.26,3.26,3.26,0.00
20150616,3.24,3.24,3.24,3.24,0.00
20150615,3.24,3.24,3.24,3.24,0.00
20150612,3.30,3.30,3.30,3.30,0.00
20150611,3.33,3.33,3.33,3.33,0.00
20150610,3.32,3.32,3.32,3.32,0.00
20150609,3.27,3.27,3.27,3.27,0.00
20150608,3.27,3.27,3.27,3.27,0.00
20150605,3.27,3.27,3.27,3.27,0.00
20150604,3.30,3.30,3.30,3.30,0.00
20150603,3.33,3.33,3.33,3.33,0.00
20150602,3.31,3.31,3.31,3.31,0.00
20150601,3.30,3.30,3.30,3.30,0.00
20150529,3.27,3.27,3.27,3.27,0.00
20150528,3.27,3.27,3.27,3.27,0.00
20150527,3.27,3.27,3.27,3.27,0.00
20150526,3.24,3.24,3.24,3.24,0.00
20150522,2.78,2.79,2.76,2.80,104900.00
20150521,3.27,3.27,3.27,3.27,0.00
20150520,3.24,3.24,3.24,3.24,0.00
20150519,3.24,3.24,3.24,3.24,0.00
20150518,3.21,3.21,3.21,3.21,0.00
20150515,3.21,3.21,3.21,3.21,0.00
20150514,3.18,3.18,3.18,3.18,0.00
20150513,3.16,3.16,3.16,3.16,0.00
20150512,3.12,3.12,3.12,3.12,0.00
20150511,3.16,3.16,3.16,3.16,0.00
20150508,3.15,3.15,3.15,3.15,0.00
20150507,3.07,3.07,3.07,3.07,0.00
20150506,3.07,3.07,3.07,3.07,0.00
20150505,3.07,3.07,3.07,3.07,0.00
20150501,2.64,2.58,2.58,2.64,8500.00
20150430,3.07,3.07,3.07,3.07,0.00
20150429,3.08,3.08,3.08,3.08,0.00
20150428,3.10,3.10,3.10,3.10,0.00
20150427,3.13,3.13,3.13,3.13,0.00
20150424,3.12,3.12,3.12,3.12,0.00
20150423,3.09,3.09,3.09,3.09,0.00
20150422,3.09,3.09,3.09,3.09,0.00
20150421,3.09,3.09,3.09,3.09,0.00
20150420,3.08,3.08,3.08,3.08,0.00
20150417,3.06,3.06,3.06,3.06,0.00
20150416,3.07,3.07,3.07,3.07,0.00
20150415,3.08,3.08,3.08,3.08,0.00
20150414,3.07,3.07,3.07,3.07,0.00
20150413,3.06,3.06,3.06,3.06,0.00
20150410,3.07,3.07,3.07,3.07,0.00
20150409,3.06,3.06,3.06,3.06,0.00
20150408,3.02,3.02,3.02,3.02,0.00
20150407,3.00,3.00,3.00,3.00,0.00
20150402,2.51,2.50,2.50,2.54,40700.00
20150401,2.95,2.95,2.95,2.95,0.00
20150331,2.94,2.94,2.94,2.94,0.00
20150330,2.96,2.96,2.96,2.96,0.00
20150327,2.97,2.97,2.97,2.97,0.00
20150326,2.99,2.99,2.99,2.99,0.00
20150325,3.04,3.04,3.04,3.04,0.00
20150324,3.03,3.03,3.03,3.03,0.00
20150323,3.03,3.03,3.03,3.03,0.00
20150320,2.57,2.60,2.55,2.60,100600.00
20150319,3.00,3.00,3.00,3.00,0.00
20150318,2.99,2.99,2.99,2.99,0.00
20150317,2.95,2.95,2.95,2.95,0.00
20150316,2.94,2.94,2.94,2.94,0.00
20150313,2.94,2.94,2.94,2.94,0.00
20150312,2.94,2.94,2.94,2.94,0.00
20150311,2.93,2.93,2.93,2.93,0.00
20150310,2.94,2.94,2.94,2.94,0.00
20150309,2.97,2.97,2.97,2.97,0.00
20150306,2.98,2.98,2.98,2.98,0.00
20150305,2.98,2.98,2.98,2.98,0.00
20150304,2.98,2.98,2.98,2.98,0.00
20150303,2.97,2.97,2.97,2.97,0.00
20150302,2.96,2.96,2.96,2.96,0.00
20150227,2.98,2.98,2.98,2.98,0.00
20150226,2.97,2.97,2.97,2.97,0.00
20150225,2.97,2.97,2.97,2.97,0.00
20150224,2.95,2.95,2.95,2.95,0.00
20150223,2.96,2.96,2.96,2.96,0.00
20150220,2.94,2.94,2.94,2.94,0.00
20150219,2.92,2.92,2.92,2.92,0.00
20150218,2.89,2.89,2.89,2.89,0.00
20150217,2.85,2.85,2.85,2.85,0.00
20150216,2.85,2.85,2.85,2.85,0.00
20150213,2.84,2.84,2.84,2.84,0.00
20150212,2.81,2.81,2.81,2.81,0.00
20150211,2.79,2.79,2.79,2.79,0.00
20150210,2.81,2.81,2.81,2.81,0.00
20150209,2.78,2.78,2.78,2.78,0.00
20150206,2.80,2.80,2.80,2.80,0.00
20150205,2.43,2.44,2.40,2.44,12900.00
20150204,2.79,2.79,2.79,2.79,0.00
20150203,2.78,2.78,2.78,2.78,0.00
20150202,2.74,2.74,2.74,2.74,0.00
20150130,2.73,2.73,2.73,2.73,0.00
20150129,2.73,2.73,2.73,2.73,0.00
20150128,2.42,2.41,2.38,2.42,26600.00
20150127,2.71,2.71,2.71,2.71,0.00
20150126,2.73,2.73,2.73,2.73,0.00
20150123,2.73,2.73,2.73,2.73,0.00
20150122,2.70,2.70,2.70,2.70,0.00
20150121,2.69,2.69,2.69,2.69,0.00
20150120,2.68,2.68,2.68,2.68,0.00
20150119,2.68,2.68,2.68,2.68,0.00
20150116,2.66,2.66,2.66,2.66,0.00
20150115,2.67,2.67,2.67,2.67,0.00
20150114,2.66,2.66,2.66,2.66,0.00
20150113,2.71,2.71,2.71,2.71,0.00
20150112,2.69,2.69,2.69,2.69,0.00
20150109,2.68,2.68,2.68,2.68,0.00
20150108,2.70,2.70,2.70,2.70,0.00
20150107,2.66,2.66,2.66,2.66,0.00
20150106,2.63,2.63,2.63,2.63,0.00
20150105,2.67,2.67,2.67,2.67,0.00
20150102,2.67,2.67,2.67,2.67,0.00
20150101,2.69,2.69,2.69,2.69,0.00
20141231,2.68,2.68,2.68,2.68,0.00
20141230,2.67,2.67,2.67,2.67,0.00
20141229,2.65,2.65,2.65,2.65,0.00
20141226,2.68,2.68,2.68,2.68,0.00
20141225,2.68,2.68,2.68,2.68,0.00
20141224,2.41,2.39,2.38,2.41,31000.00
20141223,2.68,2.68,2.68,2.68,0.00
20141222,2.67,2.67,2.67,2.67,0.00
20141219,2.62,2.62,2.62,2.62,0.00
20141218,2.59,2.59,2.59,2.59,0.00
20141217,2.56,2.56,2.56,2.56,0.00
20141216,2.58,2.58,2.58,2.58,0.00
20141215,2.28,2.28,2.28,2.33,16400.00
20141212,2.55,2.55,2.55,2.55,0.00
20141211,2.60,2.60,2.60,2.60,0.00
20141210,2.63,2.63,2.63,2.63,0.00
20141209,2.65,2.65,2.65,2.65,0.00
20141208,2.67,2.67,2.67,2.67,0.00
20141205,2.68,2.68,2.68,2.68,0.00
20141204,2.64,2.64,2.64,2.64,0.00
20141203,2.62,2.62,2.62,2.62,0.00
20141202,2.63,2.63,2.63,2.63,0.00
20141201,2.60,2.60,2.60,2.60,0.00
20141128,2.65,2.65,2.65,2.65,0.00
20141127,2.64,2.64,2.64,2.64,0.00
20141126,2.60,2.60,2.60,2.60,0.00
20141125,2.57,2.57,2.57,2.57,0.00
20141124,2.57,2.57,2.57,2.57,0.00
20141121,2.56,2.56,2.56,2.56,0.00
20141120,2.54,2.54,2.54,2.54,0.00
20141119,2.55,2.55,2.55,2.55,0.00
20141118,2.56,2.56,2.56,2.56,0.00
20141117,2.39,2.38,2.37,2.40,143800.00
20141114,2.39,2.36,2.36,2.39,16000.00
20141113,2.58,2.58,2.58,2.58,0.00
20141112,2.35,2.38,2.35,2.39,33400.00
20141111,2.61,2.61,2.61,2.61,0.00
20141110,2.62,2.62,2.62,2.62,0.00
20141107,2.62,2.62,2.62,2.62,0.00
20141106,2.62,2.62,2.62,2.62,0.00
20141105,2.63,2.63,2.63,2.63,0.00
20141104,2.61,2.61,2.61,2.61,0.00
20141103,2.63,2.63,2.63,2.63,0.00
20141031,2.65,2.65,2.65,2.65,0.00
20141030,2.60,2.60,2.60,2.60,0.00
20141029,2.60,2.60,2.60,2.60,0.00
20141028,2.57,2.57,2.57,2.57,0.00
20141027,2.57,2.57,2.57,2.57,0.00
20141024,2.59,2.59,2.59,2.59,0.00
20141023,2.59,2.59,2.59,2.59,0.00
20141022,2.56,2.56,2.56,2.56,0.00
20141021,2.53,2.53,2.53,2.53,0.00
20141020,2.48,2.48,2.48,2.48,0.00
20141017,2.46,2.46,2.46,2.46,0.00
20141016,2.41,2.41,2.41,2.41,0.00
20141015,2.42,2.42,2.42,2.42,0.00
20141014,2.47,2.47,2.47,2.47,0.00
20141013,2.45,2.45,2.45,2.45,0.00
20141010,2.49,2.49,2.49,2.49,0.00
20141009,2.54,2.54,2.54,2.54,0.00
20141008,2.57,2.57,2.57,2.57,0.00
20141007,2.63,2.63,2.63,2.63,0.00
20141006,2.66,2.66,2.66,2.66,0.00
20141003,2.67,2.67,2.67,2.67,0.00
20141002,2.65,2.65,2.65,2.65,0.00
20141001,2.69,2.69,2.69,2.69,0.00
20140930,2.72,2.72,2.72,2.72,0.00
20140929,2.71,2.71,2.71,2.71,0.00
20140926,2.71,2.71,2.71,2.71,0.00
20140925,2.77,2.77,2.77,2.77,0.00
20140924,2.77,2.77,2.77,2.77,0.00
20140923,2.77,2.77,2.77,2.77,0.00
20140922,2.77,2.77,2.77,2.77,0.00
20140919,2.79,2.79,2.79,2.79,0.00
20140918,2.77,2.77,2.77,2.77,0.00
20140917,2.73,2.73,2.73,2.73,0.00
20140916,2.72,2.72,2.72,2.72,0.00
20140915,2.73,2.73,2.73,2.73,0.00
20140912,2.73,2.73,2.73,2.73,0.00
20140911,2.70,2.70,2.70,2.70,0.00
20140910,2.72,2.72,2.72,2.72,0.00
20140909,2.75,2.75,2.75,2.75,0.00
20140908,2.74,2.74,2.74,2.74,0.00
20140905,2.78,2.78,2.78,2.78,0.00
20140904,2.53,2.52,2.49,2.54,47800.00
20140903,2.48,2.53,2.47,2.53,86200.00
20140902,2.79,2.79,2.79,2.79,0.00
20140901,2.80,2.80,2.80,2.80,0.00
20140829,2.77,2.77,2.77,2.77,0.00
20140828,2.80,2.80,2.80,2.80,0.00
20140827,2.82,2.82,2.82,2.82,0.00
20140826,2.79,2.79,2.79,2.79,0.00
20140825,2.78,2.78,2.78,2.78,0.00
20140822,2.47,2.47,2.43,2.47,14400.00
20140821,2.77,2.77,2.77,2.77,0.00
20140820,2.77,2.77,2.77,2.77,0.00
20140819,2.78,2.78,2.78,2.78,0.00
20140818,2.77,2.77,2.77,2.77,0.00
20140815,2.76,2.76,2.76,2.76,0.00
20140814,2.75,2.75,2.75,2.75,0.00
20140813,2.72,2.72,2.72,2.72,0.00
20140812,2.72,2.72,2.72,2.72,0.00
20140811,2.70,2.70,2.70,2.70,0.00
20140808,2.67,2.67,2.67,2.67,0.00
20140807,2.67,2.67,2.67,2.67,0.00
20140806,2.67,2.67,2.67,2.67,0.00
20140805,2.68,2.68,2.68,2.68,0.00
20140804,2.71,2.71,2.71,2.71,0.00
20140801,2.71,2.71,2.71,2.71,0.00
20140731,2.75,2.75,2.75,2.75,0.00
20140730,2.54,2.54,2.51,2.54,142700.00
20140729,2.74,2.74,2.74,2.74,0.00
20140728,2.71,2.71,2.71,2.71,0.00
20140725,2.73,2.73,2.73,2.73,0.00
20140724,2.75,2.75,2.75,2.75,0.00
20140723,2.73,2.73,2.73,2.73,0.00
20140722,2.72,2.72,2.72,2.72,0.00
20140721,2.70,2.70,2.70,2.70,0.00
20140718,2.73,2.73,2.73,2.73,0.00
20140717,2.72,2.72,2.72,2.72,0.00
20140716,2.75,2.75,2.75,2.75,0.00
20140715,2.72,2.72,2.72,2.72,0.00
20140714,2.76,2.76,2.76,2.76,0.00
20140711,2.72,2.72,2.72,2.72,0.00
20140710,2.55,2.51,2.50,2.55,219900.00
20140709,2.75,2.75,2.75,2.75,0.00
20140708,2.79,2.79,2.79,2.79,0.00
20140707,2.83,2.83,2.83,2.83,0.00
20140704,2.86,2.86,2.86,2.86,0.00
20140703,2.87,2.87,2.87,2.87,0.00
20140702,2.83,2.83,2.83,2.83,0.00
20140701,2.84,2.84,2.84,2.84,0.00
20140630,2.84,2.84,2.84,2.84,0.00
20140627,2.81,2.81,2.81,2.81,0.00
20140626,2.80,2.80,2.80,2.80,0.00
20140625,2.76,2.76,2.76,2.76,0.00
20140624,2.79,2.79,2.79,2.79,0.00
20140623,2.82,2.82,2.82,2.82,0.00
20140620,2.84,2.84,2.84,2.84,0.00
20140619,2.83,2.83,2.83,2.83,0.00
20140618,2.82,2.82,2.82,2.82,0.00
20140617,2.82,2.82,2.82,2.82,0.00
20140616,2.87,2.87,2.87,2.87,0.00
20140613,2.89,2.89,2.89,2.89,0.00
20140612,2.95,2.95,2.95,2.95,0.00
20140611,2.94,2.94,2.94,2.94,0.00
20140610,2.95,2.95,2.95,2.95,0.00
20140609,2.96,2.96,2.96,2.96,0.00
20140606,2.94,2.94,2.94,2.94,0.00
20140605,2.90,2.90,2.90,2.90,0.00
20140604,2.90,2.90,2.90,2.90,0.00
20140603,2.89,2.89,2.89,2.89,0.00
20140602,2.91,2.91,2.91,2.91,0.00
20140530,2.89,2.89,2.89,2.89,0.00
20140529,2.87,2.87,2.87,2.87,0.00
20140528,2.87,2.87,2.87,2.87,0.00
20140527,2.85,2.85,2.85,2.85,0.00
20140526,2.83,2.83,2.83,2.83,0.00
20140523,2.49,2.52,2.47,2.52,85400.00
20140522,2.81,2.81,2.81,2.81,0.00
20140521,2.79,2.79,2.79,2.79,0.00
20140520,2.77,2.77,2.77,2.77,0.00
20140519,2.78,2.78,2.78,2.78,0.00
20140516,2.81,2.81,2.81,2.81,0.00
20140515,2.62,2.60,2.58,2.64,90000.00
20140514,2.64,2.63,2.61,2.64,48100.00
20140513,2.64,2.63,2.61,2.64,32500.00
20140512,2.63,2.64,2.62,2.65,75000.00
20140509,2.62,2.65,2.62,2.65,52400.00
20140508,2.62,2.64,2.62,2.65,59900.00
20140507,2.64,2.63,2.62,2.65,166500.00
20140506,2.63,2.65,2.61,2.65,46600.00
20140505,2.93,2.93,2.93,2.93,0.00
20140502,2.62,2.62,2.62,2.64,44800.00
20140501,2.62,2.64,2.61,2.65,66700.00
20140430,2.92,2.92,2.92,2.92,0.00
20140429,2.55,2.59,2.55,2.59,92000.00
20140428,2.55,2.54,2.52,2.55,50000.00
20140425,2.55,2.54,2.52,2.55,21000.00
20140424,2.53,2.53,2.53,2.55,42200.00
20140423,2.52,2.52,2.52,2.53,55800.00
20140422,2.51,2.52,2.49,2.53,70900.00
20140421,2.98,2.98,2.98,2.98,0.00
20140418,2.99,2.99,2.99,2.99,0.00
20140417,2.50,2.50,2.47,2.51,71900.00
20140416,2.49,2.48,2.47,2.49,24100.00
20140415,2.47,2.46,2.46,2.49,29800.00
20140414,2.53,2.47,2.47,2.53,209100.00
20140411,2.54,2.55,2.54,2.57,39600.00
20140410,2.58,2.58,2.55,2.58,66000.00
20140409,2.54,2.56,2.53,2.56,66700.00
20140408,2.56,2.53,2.51,2.57,225400.00
20140407,2.59,2.57,2.58,2.60,114600.00
20140404,2.60,2.60,2.58,2.61,64000.00
20140403,2.59,2.58,2.58,2.61,64100.00
20140402,2.60,2.60,2.58,2.60,55500.00
20140401,2.55,2.58,2.55,2.58,147500.00
20140331,3.01,3.01,3.01,3.01,0.00
20140328,2.56,2.55,2.55,2.58,166200.00
20140327,2.57,2.56,2.56,2.58,77900.00
20140326,2.57,2.58,2.57,2.59,96200.00
20140325,2.58,2.58,2.57,2.58,88100.00
20140324,2.61,2.58,2.57,2.62,131200.00
20140321,2.59,2.61,2.59,2.61,19100.00
20140320,2.59,2.61,2.58,2.61,452600.00
20140319,2.64,2.63,2.59,2.64,55400.00
20140318,2.60,2.63,2.60,2.64,63700.00
20140317,2.63,2.63,2.59,2.63,77100.00
20140314,2.63,2.59,2.58,2.63,101200.00
20140313,2.65,2.64,2.64,2.67,98000.00
20140312,2.65,2.66,2.65,2.68,26600.00
20140311,2.66,2.66,2.66,2.68,17200.00
20140310,2.69,2.68,2.65,2.69,88100.00
20140307,2.69,2.67,2.66,2.70,62600.00
20140306,2.69,2.70,2.68,2.70,18900.00
20140305,2.68,2.70,2.67,2.70,53600.00
20140304,2.67,2.70,2.66,2.70,63100.00
20140303,2.66,2.64,2.63,2.66,118800.00
20140228,3.13,3.13,3.13,3.13,0.00
20140227,2.65,2.67,2.64,2.67,92700.00
20140226,2.66,2.66,2.66,2.68,58600.00
20140225,2.67,2.67,2.66,2.68,64900.00
20140224,2.66,2.68,2.65,2.68,38400.00
20140221,2.67,2.67,2.66,2.67,49300.00
20140220,2.66,2.66,2.65,2.67,27900.00
20140219,2.66,2.68,2.66,2.67,13500.00
20140218,2.66,2.68,2.63,2.68,79600.00
20140217,2.67,2.66,2.65,2.67,65400.00
20140214,2.62,2.63,2.62,2.66,38000.00
20140213,2.66,2.65,2.65,2.66,54600.00
20140212,2.63,2.64,2.62,2.66,39700.00
20140211,2.63,2.63,2.61,2.64,117500.00
20140210,2.61,2.62,2.61,2.64,18600.00
20140207,2.61,2.61,2.60,2.62,34600.00
20140206,2.60,2.61,2.58,2.61,68800.00
20140205,2.55,2.58,2.55,2.59,53500.00
20140204,2.58,2.60,2.58,2.62,33400.00
20140203,2.61,2.60,2.60,2.61,12200.00
20140131,2.96,2.96,2.96,2.96,0.00
20140130,2.59,2.60,2.58,2.62,112200.00
20140129,2.62,2.62,2.59,2.64,57500.00
20140128,2.58,2.61,2.56,2.62,175400.00
20140127,2.61,2.56,2.54,2.62,175200.00
20140124,2.63,2.61,2.61,2.68,53900.00
20140123,2.68,2.67,2.68,2.69,51200.00
20140122,2.68,2.68,2.67,2.68,41400.00
20140121,2.68,2.68,2.66,2.69,99000.00
20140120,2.69,2.67,2.66,2.69,49300.00
20140117,2.69,2.67,2.66,2.69,83200.00
20140116,2.69,2.67,2.66,2.69,71700.00
20140115,2.66,2.68,2.65,2.68,181200.00
20140114,2.68,2.66,2.64,2.68,56600.00
20140113,2.66,2.66,2.65,2.68,72100.00
20140110,2.63,2.64,2.62,2.69,372200.00
20140109,2.65,2.63,2.63,2.65,40400.00
20140108,2.63,2.63,2.63,2.65,117700.00
20140107,2.59,2.64,2.59,2.65,85100.00
20140106,2.60,2.61,2.60,2.63,174000.00
20140103,2.55,2.59,2.55,2.61,114300.00
20140102,2.54,2.56,2.54,2.60,113100.00
20140101,2.88,2.88,2.88,2.88,0.00
20131231,2.90,2.90,2.90,2.90,0.00
20131230,2.51,2.51,2.49,2.53,119600.00
20131227,2.50,2.49,2.47,2.51,51600.00
20131226,2.84,2.84,2.84,2.84,0.00
20131225,2.84,2.84,2.84,2.84,0.00
20131224,2.47,2.47,2.45,2.50,81900.00
20131223,2.45,2.44,2.42,2.45,89400.00
20131220,2.40,2.42,2.40,2.44,66500.00
20131219,2.40,2.41,2.38,2.41,150600.00
20131218,2.37,2.37,2.36,2.38,58400.00
20131217,2.38,2.37,2.36,2.38,61000.00
20131216,2.37,2.38,2.34,2.38,53500.00
20131213,2.37,2.37,2.33,2.37,27800.00
20131212,2.33,2.34,2.32,2.37,66400.00
20131211,2.34,2.35,2.33,2.37,50800.00
20131210,2.38,2.35,2.33,2.38,109700.00
20131209,2.37,2.37,2.34,2.38,47600.00
20131206,2.34,2.35,2.32,2.36,28800.00
20131205,2.32,2.33,2.32,2.35,25000.00
20131204,2.34,2.34,2.32,2.34,24800.00
20131203,2.35,2.31,2.31,2.36,59700.00
20131202,2.38,2.36,2.35,2.38,54800.00
20131129,2.72,2.72,2.72,2.72,0.00
20131128,2.36,2.37,2.34,2.36,51500.00
20131127,2.37,2.36,2.35,2.37,14300.00
20131126,2.37,2.37,2.36,2.38,6700.00
20131125,2.37,2.37,2.35,2.38,17400.00
20131122,2.36,2.36,2.34,2.37,42900.00
20131121,2.35,2.34,2.34,2.36,51600.00
20131120,2.35,2.34,2.34,2.37,25100.00
20131119,2.38,2.37,2.36,2.38,41200.00
20131118,2.38,2.38,2.38,2.38,49900.00
20131115,2.38,2.38,2.35,2.38,46300.00
20131114,2.36,2.38,2.36,2.38,41200.00
20131113,2.37,2.35,2.35,2.37,20300.00
20131112,2.37,2.38,2.37,2.39,7700.00
20131111,2.38,2.38,2.38,2.39,45000.00
20131108,2.37,2.35,2.35,2.37,21200.00
20131107,2.39,2.35,2.35,2.39,56400.00
20131106,2.35,2.36,2.35,2.38,38300.00
20131105,2.37,2.35,2.35,2.39,109700.00
20131104,2.37,2.37,2.35,2.37,63700.00
20131101,2.35,2.35,2.34,2.35,69500.00
20131031,2.68,2.68,2.68,2.68,0.00
20131030,2.35,2.34,2.34,2.36,145800.00
20131029,2.34,2.35,2.34,2.35,119300.00
20131028,2.33,2.34,2.33,2.35,201400.00
20131025,2.32,2.33,2.32,2.33,65700.00
20131024,2.32,2.32,2.31,2.33,185200.00
20131023,2.32,2.31,2.31,2.32,55600.00
20131022,2.31,2.31,2.31,2.31,116400.00
20131021,2.30,2.31,2.30,2.31,120400.00
20131018,2.30,2.30,2.29,2.30,83400.00
20131017,2.28,2.27,2.27,2.29,43900.00
20131016,2.28,2.29,2.28,2.29,8700.00
20131015,2.26,2.28,2.26,2.29,125500.00
20131014,2.25,2.25,2.24,2.25,16800.00
20131011,2.24,2.25,2.24,2.25,30700.00
20131010,2.22,2.23,2.22,2.24,17900.00
20131009,2.22,2.20,2.20,2.24,78900.00
20131008,2.23,2.22,2.22,2.26,80800.00
20131007,2.23,2.25,2.23,2.26,12800.00
20131004,2.24,2.23,2.23,2.24,19600.00
20131003,2.24,2.25,2.24,2.24,1200.00
20131002,2.24,2.25,2.24,2.26,21600.00
20131001,2.22,2.24,2.22,2.25,49400.00
20130930,2.52,2.52,2.52,2.52,0.00
20130927,2.27,2.26,2.24,2.27,26900.00
20130926,2.23,2.26,2.23,2.27,126600.00
20130925,2.25,2.26,2.25,2.27,5800.00
20130924,2.25,2.25,2.25,2.25,30900.00
20130923,2.23,2.24,2.23,2.25,7800.00
20130920,2.22,2.23,2.22,2.24,21600.00
20130919,2.23,2.24,2.23,2.25,53800.00
20130918,2.20,2.21,2.19,2.23,40200.00
20130917,2.22,2.21,2.20,2.23,30600.00
20130916,2.22,2.23,2.22,2.23,55700.00
20130913,2.20,2.20,2.20,2.22,74600.00
20130912,2.21,2.21,2.20,2.22,20400.00
20130911,2.20,2.20,2.19,2.20,111900.00
20130910,2.18,2.19,2.18,2.20,131000.00
20130909,2.18,2.18,2.16,2.18,26800.00
20130906,2.17,2.15,2.15,2.19,66400.00
20130905,2.18,2.18,2.18,2.19,15700.00
20130904,2.16,2.16,2.16,2.19,46000.00
20130903,2.20,2.16,2.16,2.21,53800.00
20130902,2.20,2.19,2.17,2.21,27100.00
20130830,2.39,2.39,2.39,2.39,0.00
20130829,2.17,2.19,2.17,2.20,41700.00
20130828,2.16,2.16,2.16,2.20,72700.00
20130827,2.20,2.19,2.18,2.20,21900.00
20130826,2.44,2.44,2.44,2.44,0.00
20130823,2.13,2.19,2.11,2.20,114700.00
20130822,2.12,2.11,2.08,2.13,56800.00
20130821,2.11,2.08,2.08,2.12,120500.00
20130820,2.17,2.11,2.11,2.17,119000.00
20130819,2.21,2.19,2.21,2.21,600.00
20130816,2.19,2.19,2.17,2.23,30000.00
20130815,2.20,2.17,2.17,2.20,60600.00
20130814,2.17,2.21,2.14,2.26,124200.00
20130813,2.07,2.14,2.07,2.13,137400.00
20130812,2.07,2.05,2.07,2.07,29500.00
20130809,2.05,2.05,2.04,2.05,135600.00
20130808,2.06,2.04,2.03,2.06,15800.00
20130807,2.02,2.04,2.02,2.05,14200.00
20130806,2.04,2.04,2.03,2.06,159800.00
20130805,2.06,2.03,2.03,2.06,53200.00
20130802,2.06,2.04,2.03,2.06,22300.00
20130801,2.05,2.04,2.04,2.05,17600.00
20130731,2.32,2.32,2.32,2.32,0.00
20130730,2.05,2.10,2.05,2.13,84600.00
20130729,2.04,2.05,2.04,2.08,36200.00
20130726,2.05,2.05,2.03,2.07,46100.00
20130725,2.04,2.04,2.00,2.05,95100.00
20130724,2.04,2.03,2.02,2.04,36000.00
20130723,2.04,2.03,2.04,2.04,40600.00
20130722,2.01,2.02,2.00,2.04,35400.00
20130719,2.01,2.00,1.99,2.01,173500.00
20130718,2.01,2.01,2.00,2.01,113600.00
20130717,2.01,1.99,1.99,2.04,24400.00
20130716,2.01,2.00,2.00,2.04,92900.00
20130715,1.99,1.99,1.99,2.01,29500.00
20130712,1.98,1.99,1.96,1.98,7200.00
20130711,1.99,1.98,1.97,1.99,8400.00
20130710,1.96,1.96,1.94,1.97,41500.00
20130709,1.94,1.96,1.94,1.97,55100.00
20130708,1.93,1.93,1.90,1.94,34000.00
20130705,1.90,1.91,1.90,1.90,6900.00
20130704,1.87,1.89,1.87,1.91,56000.00
20130703,1.87,1.86,1.87,1.88,14400.00
20130702,1.88,1.86,1.85,1.88,9800.00
20130701,1.88,1.87,1.84,1.88,19200.00
20130628,2.06,2.06,2.06,2.06,0.00
20130627,1.85,1.84,1.85,1.85,34200.00
20130626,1.82,1.83,1.81,1.83,90900.00
20130625,1.83,1.80,1.80,1.83,69800.00
20130624,1.83,1.83,1.83,1.83,27600.00
20130621,1.85,1.83,1.83,1.86,50700.00
20130620,1.84,1.84,1.84,1.86,30300.00
20130619,1.87,1.86,1.84,1.87,41000.00
20130618,1.87,1.88,1.85,1.88,47700.00
20130617,1.86,1.86,1.86,1.86,41900.00
20130614,1.86,1.85,1.85,1.87,16600.00
20130613,1.87,1.84,1.84,1.87,83500.00
20130612,1.88,1.88,1.87,1.89,7700.00
20130611,1.88,1.87,1.87,1.91,61900.00
20130610,1.91,1.89,1.89,1.91,30600.00
20130607,1.88,1.91,1.88,1.90,26800.00
20130606,1.89,1.88,1.88,1.89,44400.00
20130605,1.89,1.89,1.89,1.89,69700.00
20130604,1.90,1.92,1.90,1.93,29700.00
20130603,1.88,1.89,1.88,1.93,111300.00
20130531,2.17,2.17,2.17,2.17,0.00
20130530,1.89,1.90,1.89,1.91,30000.00
20130529,1.88,1.88,1.88,1.88,18100.00
20130528,1.90,1.91,1.90,1.93,61700.00
20130527,2.13,2.13,2.13,2.13,0.00
20130524,1.88,1.89,1.88,1.91,43900.00
20130523,1.89,1.89,1.88,1.90,57900.00
20130522,1.89,1.90,1.89,1.90,40500.00
20130521,1.89,1.87,1.87,1.89,22000.00
20130520,1.89,1.88,1.87,1.89,50400.00
20130517,1.88,1.87,1.86,1.89,42600.00
20130516,1.88,1.87,1.88,1.88,5200.00
20130515,1.87,1.87,1.87,1.88,48800.00
20130514,1.87,1.87,1.85,1.88,42600.00
20130513,1.84,1.84,1.84,1.88,54400.00
20130510,1.83,1.85,1.83,1.88,113000.00
20130509,1.83,1.83,1.83,1.83,43100.00
20130508,1.83,1.78,1.78,1.83,28600.00
20130507,1.78,1.79,1.78,1.82,52500.00
20130506,2.09,2.09,2.09,2.09,0.00
20130503,1.78,1.80,1.78,1.83,3300.00
20130502,1.78,1.78,1.78,1.80,122500.00
20130501,1.78,1.78,1.78,1.79,50600.00
20130430,2.09,2.09,2.09,2.09,0.00
20130429,1.77,1.78,1.77,1.80,43500.00
20130426,1.77,1.77,1.77,1.81,11800.00
20130425,1.77,1.77,1.77,1.81,17900.00
20130424,1.77,1.79,1.77,1.81,28200.00
20130423,1.77,1.77,1.77,1.80,59200.00
20130422,1.77,1.77,1.77,1.80,35000.00
20130419,1.76,1.76,1.76,1.81,19100.00
20130418,1.77,1.76,1.76,1.81,5800.00
20130417,1.77,1.76,1.76,1.81,45700.00
20130416,1.77,1.79,1.77,1.81,15000.00
20130415,1.77,1.79,1.77,1.81,43000.00
20130412,1.81,1.79,1.77,1.81,11900.00
20130411,1.81,1.80,1.79,1.81,49400.00
20130410,1.81,1.78,1.78,1.81,81000.00
20130409,1.80,1.78,1.76,1.80,34000.00
20130408,1.79,1.78,1.76,1.79,26400.00
20130405,1.78,1.75,1.75,1.79,41500.00
20130404,1.79,1.78,1.78,1.81,47500.00
20130403,1.81,1.80,1.79,1.81,21900.00
20130402,1.82,1.80,1.79,1.82,82200.00
20130401,2.09,2.09,2.09,2.09,0.00
20130329,2.09,2.09,2.09,2.09,0.00
20130328,2.09,2.09,2.09,2.09,0.00
20130327,1.79,1.77,1.77,1.82,123900.00
20130326,1.80,1.81,1.79,1.82,41000.00
20130325,1.80,1.80,1.80,1.82,34900.00
20130322,1.81,1.80,1.79,1.81,16600.00
20130321,1.79,1.80,1.79,1.81,25200.00
20130320,1.81,1.80,1.79,1.81,11800.00
20130319,1.80,1.80,1.79,1.80,73200.00
20130318,1.78,1.78,1.77,1.79,54000.00
20130315,1.81,1.80,1.80,1.81,89100.00
20130314,1.80,1.80,1.80,1.81,5200.00
20130313,1.79,1.79,1.79,1.80,60000.00
20130312,1.80,1.80,1.80,1.81,79300.00
20130311,1.78,1.79,1.78,1.81,84200.00
20130308,1.77,1.77,1.76,1.79,95900.00
20130307,1.76,1.76,1.74,1.77,117100.00
20130306,1.73,1.73,1.73,1.74,44700.00
20130305,1.73,1.72,1.72,1.73,109100.00
20130304,1.72,1.72,1.71,1.72,47600.00
20130301,1.72,1.72,1.71,1.72,41700.00
20130228,2.08,2.08,2.08,2.08,0.00
20130227,1.71,1.71,1.69,1.71,8900.00
20130226,1.70,1.70,1.70,1.72,14400.00
20130225,1.71,1.71,1.70,1.72,75400.00
20130222,1.71,1.70,1.69,1.71,17100.00
20130221,1.68,1.70,1.68,1.71,13100.00
20130220,1.70,1.70,1.70,1.71,123000.00
20130219,1.68,1.69,1.68,1.70,875100.00
20130218,1.68,1.69,1.68,1.70,8100.00
20130215,1.69,1.69,1.68,1.70,117100.00
20130214,1.70,1.68,1.67,1.70,927200.00
20130213,1.69,1.67,1.66,1.69,128800.00
20130212,1.69,1.68,1.67,1.69,93300.00
20130211,1.68,1.68,1.67,1.68,95000.00
20130208,1.68,1.67,1.68,1.68,28600.00
20130207,1.68,1.66,1.66,1.68,41100.00
20130206,1.69,1.68,1.67,1.69,94600.00
20130205,1.68,1.70,1.68,1.71,44500.00
20130204,1.72,1.70,1.70,1.72,98000.00
20130201,1.72,1.70,1.68,1.72,94500.00
20130131,1.89,1.89,1.89,1.89,0.00
20130130,1.71,1.70,1.69,1.71,23400.00
20130129,1.71,1.70,1.69,1.71,27800.00
20130128,1.71,1.69,1.69,1.72,56000.00
20130125,1.70,1.69,1.69,1.71,83500.00
20130124,1.70,1.70,1.69,1.71,61700.00
20130123,1.69,1.68,1.68,1.70,387500.00
20130122,1.70,1.68,1.69,1.71,99300.00
20130121,1.68,1.68,1.67,1.70,37800.00
20130118,1.70,1.67,1.67,1.70,87700.00
20130117,1.70,1.68,1.70,1.70,10200.00
20130116,1.67,1.68,1.67,1.70,77400.00
20130115,1.67,1.69,1.67,1.70,108000.00
20130114,1.67,1.66,1.65,1.67,88600.00
20130111,1.67,1.66,1.65,1.67,47200.00
20130110,1.66,1.65,1.66,1.67,14600.00
20130109,1.65,1.65,1.65,1.66,26800.00
20130108,1.65,1.64,1.63,1.65,36300.00
20130107,1.65,1.64,1.63,1.65,27600.00
20130104,1.65,1.64,1.63,1.65,35500.00
20130103,1.65,1.64,1.62,1.65,107000.00
20130102,1.62,1.64,1.62,1.65,109000.00
20130101,1.76,1.76,1.76,1.76,0.00
20121231,1.77,1.77,1.77,1.77,0.00
20121228,1.58,1.60,1.58,1.62,75800.00
20121227,1.58,1.59,1.57,1.61,45300.00
20121226,1.76,1.76,1.76,1.76,0.00
20121225,1.76,1.76,1.76,1.76,0.00
20121224,1.59,1.57,1.59,1.59,9500.00
20121221,1.56,1.55,1.55,1.59,116100.00
20121220,1.55,1.55,1.52,1.56,45900.00
20121219,1.52,1.53,1.52,1.53,32000.00
20121218,1.50,1.51,1.50,1.50,14000.00
20121217,1.47,1.49,1.47,1.50,46100.00
20121214,1.50,1.48,1.50,1.51,54500.00
20121213,1.49,1.49,1.48,1.50,20600.00
20121212,1.49,1.48,1.48,1.49,65000.00
20121211,1.49,1.48,1.47,1.49,54600.00
20121210,1.49,1.48,1.49,1.49,700.00
20121207,1.49,1.48,1.49,1.50,29100.00
20121206,1.48,1.48,1.48,1.48,700.00
20121205,1.46,1.48,1.46,1.49,7600.00
20121204,1.48,1.48,1.48,1.49,1300.00
20121203,1.49,1.49,1.49,1.49,14600.00
20121130,1.66,1.66,1.66,1.66,0.00
20121129,1.49,1.49,1.49,1.49,62600.00
20121128,1.47,1.48,1.47,1.48,22900.00
20121127,1.48,1.48,1.48,1.48,5200.00
20121126,1.49,1.46,1.46,1.49,19900.00
20121123,1.46,1.48,1.46,1.48,12900.00
20121122,1.46,1.46,1.46,1.48,6100.00
20121121,1.49,1.47,1.46,1.49,15000.00
20121120,1.46,1.47,1.46,1.48,6800.00
20121119,1.48,1.48,1.46,1.49,76100.00
20121116,1.48,1.47,1.46,1.48,14500.00
20121115,1.48,1.48,1.48,1.48,0.00
20121114,1.49,1.48,1.49,1.49,0.00
20121113,1.50,1.49,1.47,1.50,13900.00
20121112,1.47,1.49,1.47,1.51,42600.00
20121109,1.47,1.49,1.47,1.50,56900.00
20121108,1.50,1.49,1.48,1.50,10000.00
20121107,1.49,1.49,1.49,1.51,6100.00
20121106,1.48,1.50,1.48,1.48,2300.00
20121105,1.48,1.49,1.48,1.50,13700.00
20121102,1.51,1.50,1.48,1.51,7600.00
20121101,1.48,1.50,1.48,1.51,17900.00
20121031,1.69,1.69,1.69,1.69,0.00
20121030,1.49,1.48,1.47,1.49,22900.00
20121029,1.48,1.48,1.48,1.48,200.00
20121026,1.48,1.48,1.48,1.48,0.00
20121025,1.49,1.48,1.49,1.49,10000.00
20121024,1.48,1.48,1.46,1.49,25300.00
20121023,1.47,1.47,1.47,1.49,59100.00
20121022,1.47,1.48,1.46,1.47,10300.00
20121019,1.50,1.48,1.47,1.50,3700.00
20121018,1.50,1.48,1.47,1.50,35100.00
20121017,1.47,1.48,1.47,1.49,17800.00
20121016,1.50,1.48,1.47,1.50,9100.00
20121015,1.47,1.48,1.47,1.47,1100.00
20121012,1.48,1.48,1.46,1.50,4200.00
20121011,1.47,1.48,1.47,1.47,3900.00
20121010,1.50,1.48,1.48,1.50,21100.00
20121009,1.47,1.48,1.47,1.50,36600.00
20121008,1.47,1.48,1.47,1.50,4100.00
20121005,1.50,1.48,1.47,1.50,22800.00
20121004,1.51,1.49,1.47,1.51,57800.00
20121003,1.51,1.48,1.47,1.51,21200.00
20121002,1.48,1.48,1.46,1.50,9500.00
20121001,1.48,1.49,1.48,1.48,2900.00
20120928,1.66,1.66,1.66,1.66,0.00
20120927,1.47,1.49,1.47,1.47,17900.00
20120926,1.49,1.48,1.46,1.49,25800.00
20120925,1.47,1.48,1.47,1.49,16800.00
20120924,1.47,1.48,1.47,1.47,28300.00
20120921,1.48,1.48,1.48,1.48,0.00
20120920,1.47,1.48,1.47,1.47,1900.00
20120919,1.47,1.48,1.47,1.47,6000.00
20120918,1.47,1.48,1.47,1.49,3700.00
20120917,1.46,1.48,1.46,1.50,6500.00
20120914,1.49,1.47,1.46,1.49,62100.00
20120913,1.46,1.45,1.45,1.48,49400.00
20120912,1.46,1.46,1.46,1.49,19700.00
20120911,1.46,1.47,1.45,1.48,3700.00
20120910,1.46,1.47,1.46,1.49,9200.00
20120907,1.49,1.47,1.49,1.49,3500.00
20120906,1.46,1.47,1.46,1.47,5000.00
20120905,1.46,1.47,1.46,1.46,3100.00
20120904,1.46,1.47,1.46,1.49,35500.00
20120903,1.46,1.47,1.46,1.49,50800.00
20120831,1.60,1.60,1.60,1.60,0.00
20120830,1.45,1.43,1.45,1.45,91200.00
20120829,1.45,1.42,1.42,1.45,2300.00
20120828,1.42,1.42,1.42,1.42,0.00
20120827,1.41,1.41,1.41,1.41,0.00
20120824,1.44,1.41,1.41,1.45,18300.00
20120823,1.43,1.42,1.42,1.43,42000.00
20120822,1.43,1.42,1.42,1.44,30700.00
20120821,1.42,1.43,1.42,1.43,40000.00
20120820,1.42,1.40,1.39,1.42,12500.00
20120817,1.38,1.40,1.38,1.42,25800.00
20120816,1.37,1.39,1.37,1.42,61700.00
20120815,1.39,1.39,1.39,1.39,0.00
20120814,1.36,1.36,1.36,1.37,33800.00
20120813,1.34,1.34,1.34,1.34,20100.00
20120810,1.36,1.34,1.36,1.36,3600.00
20120809,1.36,1.34,1.33,1.37,900.00
20120808,1.34,1.33,1.34,1.34,25400.00
20120807,1.38,1.39,1.38,1.42,17400.00
20120806,1.39,1.39,1.36,1.39,178000.00
20120803,1.37,1.36,1.37,1.37,5300.00
20120802,1.37,1.36,1.37,1.38,47400.00
20120801,1.34,1.36,1.34,1.34,1200.00
20120731,1.50,1.50,1.50,1.50,0.00
20120730,1.37,1.36,1.34,1.37,4100.00
20120727,1.36,1.36,1.36,1.36,0.00
20120726,1.35,1.35,1.35,1.36,9500.00
20120725,1.35,1.35,1.35,1.35,3000.00
20120724,1.36,1.36,1.36,1.36,600.00
20120723,1.35,1.35,1.35,1.39,19000.00
20120720,1.37,1.37,1.37,1.37,0.00
20120719,1.37,1.38,1.37,1.37,11100.00
20120718,1.37,1.37,1.37,1.37,0.00
20120717,1.36,1.38,1.36,1.37,10600.00
20120716,1.36,1.37,1.36,1.36,2400.00
20120713,1.37,1.37,1.37,1.37,0.00
20120712,1.39,1.37,1.36,1.39,11600.00
20120711,1.36,1.37,1.36,1.37,500000.00
20120710,1.37,1.37,1.37,1.37,0.00
20120709,1.36,1.38,1.36,1.39,23200.00
20120706,1.39,1.37,1.39,1.39,6800.00
20120705,1.40,1.37,1.39,1.40,17500.00
20120704,1.40,1.37,1.37,1.40,56700.00
20120703,1.37,1.37,1.37,1.40,23000.00
20120702,1.34,1.34,1.33,1.36,50700.00
20120629,1.45,1.45,1.45,1.45,0.00
20120628,1.30,1.29,1.29,1.30,3600.00
20120627,1.30,1.32,1.30,1.30,41200.00
20120626,1.32,1.32,1.32,1.34,26600.00
20120625,1.31,1.30,1.29,1.31,28200.00
20120622,1.32,1.31,1.30,1.32,46400.00
20120621,1.32,1.31,1.32,1.32,4500.00
20120620,1.28,1.28,1.28,1.28,22700.00
20120619,1.30,1.29,1.30,1.30,17700.00
20120618,1.31,1.30,1.31,1.31,600.00
20120615,1.29,1.31,1.29,1.32,40000.00
20120614,1.32,1.28,1.28,1.32,18200.00
20120613,1.31,1.29,1.30,1.35,35000.00
20120612,1.31,1.32,1.31,1.33,31000.00
20120611,1.33,1.31,1.31,1.37,39900.00
20120608,1.32,1.33,1.31,1.33,30900.00
20120607,1.33,1.32,1.31,1.33,114700.00
20120606,1.33,1.33,1.33,1.33,0.00
20120605,1.31,1.31,1.31,1.31,0.00
20120604,1.31,1.31,1.31,1.31,0.00
20120601,1.32,1.31,1.30,1.34,26400.00
20120531,1.40,1.40,1.40,1.40,0.00
20120530,1.32,1.35,1.32,1.32,1100.00
20120529,1.35,1.35,1.35,1.35,0.00
20120528,1.36,1.35,1.36,1.36,1000.00
20120525,1.35,1.35,1.35,1.35,0.00
20120524,1.33,1.35,1.33,1.37,44300.00
20120523,1.34,1.32,1.32,1.36,30500.00
20120522,1.38,1.36,1.38,1.39,30900.00
20120521,1.34,1.34,1.34,1.37,46400.00
20120518,1.34,1.36,1.34,1.34,15100.00
20120517,1.39,1.38,1.39,1.39,800.00
20120516,1.38,1.40,1.35,1.39,57900.00
20120515,1.41,1.40,1.38,1.41,98300.00
20120514,1.41,1.40,1.41,1.41,11500.00
20120511,1.42,1.41,1.38,1.42,58700.00
20120510,1.41,1.41,1.41,1.42,9600.00
20120509,1.41,1.41,1.38,1.44,64600.00
20120508,1.42,1.45,1.41,1.46,77500.00
20120507,1.45,1.45,1.45,1.45,0.00
20120504,1.45,1.45,1.43,1.49,105400.00
20120503,1.49,1.49,1.49,1.49,7800.00
20120502,1.50,1.49,1.46,1.50,8000.00
20120501,1.49,1.47,1.46,1.49,14000.00
20120430,1.61,1.61,1.61,1.61,0.00
20120427,1.47,1.47,1.47,1.48,24100.00
20120426,1.47,1.46,1.47,1.47,9600.00
20120425,1.47,1.47,1.47,1.47,9400.00
20120424,1.43,1.45,1.43,1.47,24900.00
20120423,1.43,1.42,1.42,1.47,55100.00
20120420,1.44,1.46,1.44,1.46,25000.00
20120419,1.45,1.46,1.45,1.45,10300.00
20120418,1.46,1.46,1.46,1.47,8800.00
20120417,1.43,1.45,1.43,1.43,3300.00
20120416,1.42,1.42,1.41,1.43,139400.00
20120413,1.42,1.43,1.42,1.45,21500.00
20120412,1.45,1.43,1.41,1.45,56100.00
20120411,1.42,1.43,1.42,1.45,9100.00
20120410,1.45,1.44,1.42,1.46,48700.00
20120409,1.45,1.45,1.45,1.45,0.00
20120406,1.45,1.45,1.45,1.45,0.00
20120405,1.43,1.45,1.42,1.47,15900.00
20120404,1.45,1.45,1.45,1.47,49400.00
20120403,1.46,1.47,1.46,1.46,10400.00
20120402,1.47,1.49,1.44,1.49,65500.00
20120330,1.64,1.64,1.64,1.64,0.00
20120329,1.45,1.45,1.43,1.48,18400.00
20120328,1.49,1.47,1.46,1.49,2300.00
20120327,1.50,1.48,1.47,1.50,59900.00
20120326,1.45,1.48,1.45,1.49,80000.00
20120323,1.45,1.45,1.45,1.49,54000.00
20120322,1.47,1.47,1.46,1.49,5200.00
20120321,1.47,1.47,1.46,1.47,19700.00
20120320,1.47,1.49,1.47,1.49,76700.00
20120319,1.48,1.49,1.48,1.48,1600.00
20120316,1.48,1.50,1.48,1.51,5000.00
20120315,1.50,1.49,1.48,1.50,47400.00
20120314,1.51,1.49,1.49,1.51,38800.00
20120313,1.51,1.49,1.47,1.51,48500.00
20120312,1.47,1.49,1.47,1.50,31800.00
20120309,1.49,1.49,1.49,1.49,34100.00
20120308,1.49,1.49,1.48,1.51,26900.00
20120307,1.46,1.47,1.46,1.48,30800.00
20120306,1.43,1.43,1.43,1.47,9900.00
20120305,1.49,1.47,1.49,1.49,700.00
20120302,1.50,1.49,1.48,1.50,73300.00
20120301,1.50,1.49,1.48,1.50,14500.00
20120229,1.61,1.61,1.61,1.61,0.00
20120228,1.46,1.48,1.46,1.49,26800.00
20120227,1.49,1.45,1.46,1.50,75500.00
20120224,1.49,1.49,1.48,1.50,42300.00
20120223,1.50,1.49,1.47,1.50,53300.00
20120222,1.47,1.48,1.47,1.50,21700.00
20120221,1.50,1.48,1.48,1.50,25200.00
20120220,1.50,1.49,1.50,1.50,6100.00
20120217,1.48,1.47,1.47,1.49,54300.00
20120216,1.43,1.45,1.43,1.45,13300.00
20120215,1.42,1.46,1.42,1.46,103900.00
20120214,1.38,1.39,1.38,1.38,13400.00
20120213,1.42,1.39,1.38,1.42,9200.00
20120210,1.40,1.39,1.38,1.40,10000.00
20120209,1.40,1.37,1.37,1.40,39700.00
20120208,1.36,1.37,1.36,1.39,14500.00
20120207,1.39,1.37,1.36,1.39,27400.00
20120206,1.39,1.37,1.37,1.39,25500.00
20120203,1.38,1.37,1.35,1.39,115700.00
20120202,1.37,1.36,1.37,1.37,21500.00
20120201,1.32,1.37,1.32,1.37,9400.00
20120131,1.43,1.43,1.43,1.43,0.00
20120130,1.31,1.32,1.31,1.31,500.00
20120127,1.30,1.33,1.30,1.35,15000.00
20120126,1.31,1.33,1.31,1.35,11400.00
20120125,1.33,1.32,1.30,1.33,10500.00
20120124,1.29,1.31,1.29,1.32,28000.00
20120123,1.30,1.32,1.30,1.32,3400.00
20120120,1.30,1.30,1.29,1.32,154000.00
20120119,1.29,1.32,1.29,1.32,80400.00
20120118,1.31,1.26,1.31,1.31,50000.00
20120117,1.24,1.26,1.24,1.26,26300.00
20120116,1.24,1.23,1.20,1.24,39500.00
20120113,1.23,1.22,1.22,1.23,175400.00
20120112,1.19,1.20,1.19,1.21,7100.00
20120111,1.20,1.22,1.18,1.20,35600.00
20120110,1.18,1.21,1.18,1.19,26700.00
20120109,1.23,1.21,1.23,1.23,100.00
20120106,1.19,1.21,1.19,1.23,10000.00
20120105,1.18,1.21,1.18,1.22,15000.00
20120104,1.20,1.19,1.17,1.20,66100.00
20120103,1.20,1.20,1.19,1.22,3500.00
20120102,1.19,1.19,1.19,1.19,0.00
20111230,1.27,1.27,1.27,1.27,0.00
20111229,1.19,1.19,1.19,1.19,70000.00
20111228,1.18,1.20,1.18,1.22,16300.00
20111227,1.20,1.20,1.20,1.20,0.00
20111226,1.20,1.20,1.20,1.20,0.00
20111223,1.17,1.20,1.17,1.18,26400.00
20111222,1.20,1.20,1.20,1.20,48400.00
20111221,1.18,1.19,1.18,1.19,2000.00
20111220,1.18,1.18,1.18,1.18,15000.00
20111219,1.18,1.19,1.18,1.20,5000.00
20111216,1.17,1.17,1.17,1.17,2300.00
20111215,1.17,1.20,1.17,1.17,8000.00
20111214,1.18,1.17,1.17,1.20,24400.00
20111213,1.18,1.17,1.17,1.21,9000.00
20111212,1.20,1.20,1.20,1.20,0.00
20111209,1.18,1.20,1.18,1.18,7700.00
20111208,1.22,1.21,1.18,1.22,61500.00
20111207,1.19,1.21,1.18,1.22,17000.00
20111206,1.19,1.21,1.19,1.19,1200.00
20111205,1.20,1.21,1.17,1.20,4300.00
20111202,1.17,1.20,1.17,1.17,400.00
20111201,1.17,1.20,1.17,1.17,5500.00
20111130,1.28,1.28,1.28,1.28,0.00
20111129,1.21,1.20,1.21,1.21,100.00
20111128,1.21,1.19,1.21,1.21,4800.00
20111125,1.17,1.19,1.17,1.17,24500.00
20111124,1.17,1.17,1.17,1.21,26800.00
20111123,1.18,1.17,1.17,1.22,35900.00
20111122,1.19,1.21,1.19,1.19,21600.00
20111121,1.22,1.20,1.18,1.22,3500.00
20111118,1.20,1.22,1.20,1.20,8500.00
20111117,1.21,1.23,1.21,1.21,0.00
20111116,1.24,1.23,1.24,1.24,8600.00
20111115,1.20,1.24,1.20,1.21,12000.00
20111114,1.24,1.23,1.20,1.24,7100.00
20111111,1.22,1.22,1.19,1.22,90500.00
20111110,1.20,1.19,1.19,1.24,112000.00
20111109,1.23,1.23,1.23,1.23,0.00
20111108,1.23,1.23,1.23,1.24,3900.00
20111107,1.23,1.22,1.23,1.23,3300.00
20111104,1.25,1.23,1.21,1.25,22700.00
20111103,1.23,1.23,1.22,1.24,296400.00
20111102,1.23,1.21,1.21,1.24,25400.00
20111101,1.21,1.22,1.20,1.22,30200.00
20111031,1.34,1.34,1.34,1.34,0.00
20111028,1.25,1.27,1.25,1.28,65300.00
20111027,1.22,1.26,1.21,1.28,169300.00
20111026,1.20,1.20,1.19,1.23,69800.00
20111025,1.22,1.20,1.20,1.22,42700.00
20111024,1.23,1.23,1.23,1.23,0.00
20111021,1.21,1.23,1.21,1.21,6000.00
20111020,1.24,1.24,1.24,1.24,0.00
20111019,1.22,1.24,1.22,1.22,7200.00
20111018,1.22,1.28,1.22,1.28,48000.00
20111017,1.23,1.22,1.22,1.26,60300.00
20111014,1.21,1.24,1.21,1.21,25000.00
20111013,1.21,1.24,1.21,1.26,1900.00
20111012,1.26,1.24,1.22,1.27,30700.00
20111011,1.21,1.21,1.21,1.21,900.00
20111010,1.21,1.24,1.21,1.26,28500.00
20111007,1.22,1.24,1.22,1.22,200.00
20111006,1.21,1.24,1.21,1.21,500.00
20111005,1.24,1.19,1.19,1.24,13300.00
20111004,1.22,1.19,1.19,1.22,16600.00
20111003,1.26,1.23,1.23,1.26,57700.00
20110930,1.24,1.24,1.24,1.24,0.00
20110929,1.29,1.27,1.27,1.29,32600.00
20110928,1.30,1.33,1.30,1.30,800.00
20110927,1.30,1.32,1.30,1.30,28300.00
20110926,1.28,1.32,1.28,1.28,200.00
20110923,1.28,1.28,1.28,1.28,14400.00
20110922,1.30,1.28,1.28,1.31,42600.00
20110921,1.32,1.35,1.32,1.32,900.00
20110920,1.32,1.36,1.32,1.32,1100.00
20110919,1.33,1.36,1.33,1.33,1100.00
20110916,1.36,1.36,1.36,1.36,0.00
20110915,1.38,1.36,1.38,1.38,200.00
20110914,1.36,1.36,1.36,1.36,0.00
20110913,1.36,1.36,1.36,1.39,102800.00
20110912,1.37,1.36,1.36,1.37,40700.00
20110909,1.42,1.42,1.39,1.42,239000.00
20110908,1.44,1.42,1.44,1.44,1700.00
20110907,1.44,1.42,1.44,1.44,900.00
20110906,1.44,1.42,1.44,1.44,700.00
20110905,1.44,1.42,1.40,1.44,268100.00
20110902,1.40,1.43,1.40,1.43,132500.00
20110901,1.43,1.42,1.43,1.43,108000.00
20110831,1.37,1.37,1.37,1.37,0.00
20110830,1.39,1.42,1.39,1.44,8500.00
20110829,1.42,1.42,1.42,1.42,0.00
20110826,1.42,1.42,1.42,1.42,45000.00
20110825,1.41,1.40,1.41,1.41,64600.00
20110824,1.37,1.40,1.37,1.41,14300.00
20110823,1.39,1.39,1.39,1.39,0.00
20110822,1.38,1.39,1.38,1.38,25000.00
20110819,1.38,1.40,1.38,1.38,50500.00
20110818,1.41,1.40,1.41,1.41,5100.00
20110817,1.38,1.37,1.37,1.38,13900.00
20110816,1.38,1.40,1.38,1.38,2800.00
20110815,1.38,1.40,1.38,1.42,133600.00
20110812,1.42,1.39,1.39,1.42,53100.00
20110811,1.45,1.45,1.45,1.45,0.00
20110810,1.44,1.45,1.44,1.45,26200.00
20110809,1.41,1.40,1.39,1.41,23300.00
20110808,1.58,1.45,1.45,1.58,108400.00
20110805,1.60,1.58,1.58,1.60,28300.00
20110804,1.60,1.61,1.60,1.60,49300.00
20110803,1.62,1.62,1.62,1.62,0.00
20110802,1.65,1.65,1.65,1.65,0.00
20110801,1.64,1.64,1.64,1.64,0.00
20110729,1.62,1.62,1.62,1.62,0.00
20110728,1.64,1.64,1.64,1.64,0.00
20110727,1.65,1.65,1.65,1.65,0.00
20110726,1.64,1.65,1.64,1.64,600.00
20110725,1.66,1.65,1.66,1.66,1300.00
20110722,1.64,1.64,1.64,1.64,0.00
20110721,1.65,1.65,1.65,1.65,0.00
20110720,1.65,1.65,1.65,1.65,8700.00
20110719,1.64,1.64,1.64,1.64,0.00
20110718,1.64,1.64,1.64,1.64,0.00
20110715,1.64,1.64,1.63,1.64,11500.00
20110714,1.64,1.64,1.64,1.65,4600.00
20110713,1.64,1.64,1.64,1.65,26100.00
20110712,1.64,1.65,1.64,1.66,20500.00
20110711,1.67,1.66,1.66,1.67,300.00
20110708,1.65,1.66,1.65,1.66,20200.00
20110707,1.63,1.63,1.62,1.63,1800.00
20110706,1.62,1.63,1.62,1.63,40400.00
20110705,1.63,1.63,1.63,1.63,1100.00
20110704,1.62,1.62,1.62,1.63,20000.00
20110701,1.63,1.62,1.63,1.63,600.00
20110630,1.67,1.67,1.67,1.67,0.00
20110629,1.61,1.61,1.61,1.62,24200.00
20110628,1.61,1.60,1.61,1.61,900.00
20110627,1.62,1.62,1.62,1.62,0.00
20110624,1.62,1.62,1.62,1.62,0.00
20110623,1.62,1.62,1.62,1.62,2400.00
20110622,1.62,1.62,1.62,1.62,0.00
20110621,1.62,1.63,1.62,1.62,100.00
20110620,1.62,1.62,1.62,1.62,0.00
20110617,1.63,1.63,1.63,1.63,10000.00
20110616,1.65,1.64,1.65,1.65,600.00
20110615,1.64,1.64,1.64,1.64,0.00
20110614,1.65,1.64,1.65,1.65,3900.00
20110613,1.63,1.64,1.63,1.63,1500.00
20110610,1.64,1.64,1.64,1.65,31600.00
20110609,1.64,1.65,1.64,1.65,12800.00
20110608,1.65,1.65,1.65,1.65,0.00
20110607,1.64,1.65,1.64,1.64,800.00
20110606,1.65,1.64,1.65,1.65,7100.00
20110603,1.64,1.64,1.64,1.64,0.00
20110602,1.65,1.65,1.64,1.65,3100.00
20110601,1.65,1.65,1.65,1.65,0.00
20110531,1.70,1.70,1.70,1.70,0.00
20110530,1.66,1.66,1.66,1.66,0.00
20110527,1.67,1.66,1.67,1.67,50000.00
20110526,1.66,1.66,1.66,1.66,0.00
20110525,1.66,1.66,1.66,1.66,0.00
20110524,1.67,1.66,1.66,1.67,9500.00
20110523,1.66,1.66,1.66,1.66,14000.00
20110520,1.67,1.67,1.67,1.67,0.00
20110519,1.68,1.67,1.67,1.68,36700.00
20110518,1.66,1.67,1.66,1.66,5000.00
20110517,1.67,1.67,1.67,1.67,0.00
20110516,1.68,1.67,1.68,1.68,9100.00
20110513,1.67,1.67,1.67,1.67,0.00
20110512,1.67,1.67,1.67,1.67,0.00
20110511,1.68,1.68,1.68,1.68,500.00
20110510,1.67,1.67,1.67,1.67,10500.00
20110509,1.67,1.66,1.67,1.67,18100.00
20110506,1.62,1.66,1.62,1.65,55600.00
20110505,1.61,1.61,1.61,1.62,22700.00
20110504,1.61,1.60,1.61,1.61,400.00
20110503,1.60,1.60,1.60,1.60,0.00
20110502,1.60,1.60,1.60,1.60,0.00
20110429,1.70,1.70,1.70,1.70,0.00
20110428,1.70,1.70,1.70,1.70,0.00
20110427,1.61,1.59,1.61,1.61,10900.00
20110426,1.59,1.59,1.59,1.59,0.00
20110425,1.58,1.58,1.58,1.58,0.00
20110422,1.58,1.58,1.58,1.58,0.00
20110421,1.58,1.58,1.58,1.58,0.00
20110420,1.58,1.57,1.58,1.58,73000.00
20110419,1.55,1.55,1.55,1.55,0.00
20110418,1.55,1.55,1.55,1.55,0.00
20110415,1.55,1.55,1.55,1.55,0.00
20110414,1.55,1.55,1.55,1.55,0.00
20110413,1.55,1.55,1.55,1.55,20000.00
20110412,1.55,1.54,1.55,1.55,20000.00
20110411,1.53,1.53,1.53,1.53,0.00
20110408,1.53,1.53,1.53,1.53,0.00
20110407,1.53,1.53,1.53,1.53,0.00
20110406,1.54,1.52,1.54,1.54,4700.00
20110405,1.52,1.52,1.52,1.52,0.00
20110404,1.53,1.52,1.53,1.53,2300.00
20110401,1.52,1.52,1.52,1.52,0.00
20110331,1.56,1.56,1.56,1.56,0.00
20110330,1.51,1.51,1.51,1.51,0.00
20110329,1.52,1.53,1.52,1.52,20000.00
20110328,1.53,1.53,1.53,1.53,0.00
20110325,1.53,1.53,1.53,1.53,0.00
20110324,1.53,1.53,1.53,1.53,0.00
20110323,1.53,1.53,1.53,1.54,60100.00
20110322,1.51,1.51,1.51,1.52,18000.00
20110321,1.52,1.52,1.52,1.52,0.00
20110318,1.53,1.51,1.53,1.53,2800.00
20110317,1.51,1.51,1.51,1.51,0.00
20110316,1.51,1.51,1.51,1.51,0.00
20110315,1.53,1.51,1.53,1.53,10000.00
20110314,1.53,1.54,1.53,1.53,14000.00
20110311,1.55,1.55,1.55,1.55,0.00
20110310,1.53,1.55,1.53,1.54,16000.00
20110309,1.55,1.55,1.55,1.55,0.00
20110308,1.55,1.55,1.55,1.55,0.00
20110307,1.54,1.55,1.54,1.54,5000.00
20110304,1.55,1.55,1.55,1.55,0.00
20110303,1.55,1.55,1.55,1.55,0.00
20110302,1.55,1.55,1.55,1.55,0.00
20110301,1.55,1.55,1.55,1.55,0.00
20110228,1.61,1.61,1.61,1.61,0.00
20110225,1.56,1.57,1.56,1.56,8000.00
20110224,1.56,1.57,1.56,1.58,20000.00
20110223,1.56,1.57,1.56,1.56,9000.00
20110222,1.57,1.57,1.57,1.57,0.00
20110221,1.57,1.57,1.57,1.57,0.00
20110218,1.57,1.57,1.57,1.57,0.00
20110217,1.57,1.57,1.57,1.57,0.00
20110216,1.59,1.57,1.59,1.59,7000.00
20110215,1.57,1.57,1.57,1.57,0.00
20110214,1.56,1.57,1.56,1.58,5000.00
20110211,1.57,1.57,1.57,1.57,0.00
20110210,1.57,1.57,1.57,1.57,0.00
20110209,1.57,1.57,1.57,1.57,0.00
20110208,1.56,1.56,1.56,1.56,0.00
20110207,1.57,1.56,1.57,1.57,20900.00
20110204,1.55,1.55,1.55,1.55,0.00
20110203,1.55,1.55,1.55,1.55,0.00
20110202,1.56,1.55,1.56,1.56,7000.00
20110201,1.56,1.55,1.56,1.56,10600.00
20110131,1.60,1.60,1.60,1.60,0.00
20110128,1.58,1.57,1.58,1.58,132100.00
20110127,1.56,1.56,1.56,1.56,0.00
20110126,1.57,1.57,1.57,1.57,0.00
20110125,1.56,1.56,1.56,1.56,0.00
20110124,1.54,1.54,1.54,1.54,300.00
20110121,1.54,1.54,1.54,1.54,0.00
20110120,1.52,1.52,1.52,1.52,30000.00
20110119,1.50,1.50,1.50,1.50,0.00
20110118,1.51,1.50,1.51,1.51,4800.00
20110117,1.49,1.49,1.49,1.49,0.00
20110114,1.49,1.49,1.49,1.49,0.00
20110113,1.48,1.48,1.48,1.48,0.00
20110112,1.48,1.48,1.48,1.48,0.00
20110111,1.49,1.48,1.49,1.49,4000.00
20110110,1.47,1.47,1.47,1.47,0.00
20110107,1.47,1.47,1.47,1.47,2400.00
20110106,1.47,1.45,1.47,1.47,7000.00
20110105,1.45,1.45,1.45,1.45,0.00
20110104,1.45,1.45,1.45,1.45,0.00
20110103,1.43,1.43,1.43,1.43,0.00
20101231,1.58,1.58,1.58,1.58,0.00
20101230,1.43,1.43,1.41,1.45,0.00
20101229,1.42,1.42,1.40,1.45,0.00
20101228,1.42,1.42,1.42,1.42,0.00
20101227,1.42,1.42,1.42,1.42,0.00
20101224,1.42,1.42,1.42,1.42,9000.00
20101223,1.41,1.41,1.39,1.42,0.00
20101222,1.41,1.41,1.39,1.42,0.00
20101221,1.40,1.41,1.40,1.40,56000.00
20101220,1.42,1.41,1.42,1.42,65000.00
20101217,1.39,1.41,1.39,1.39,24000.00
20101216,1.41,1.41,1.39,1.42,0.00
20101215,1.41,1.41,1.39,1.42,0.00
20101214,1.42,1.41,1.42,1.42,5000.00
20101213,1.42,1.41,1.42,1.42,12500.00
20101210,1.41,1.41,1.39,1.42,0.00
20101209,1.40,1.41,1.40,1.40,17500.00
20101208,1.41,1.41,1.39,1.42,0.00
20101207,1.42,1.41,1.42,1.42,10100.00
20101206,1.40,1.41,1.40,1.40,16500.00
20101203,1.41,1.41,1.39,1.42,0.00
20101202,1.40,1.41,1.40,1.40,3000.00
20101201,1.41,1.41,1.39,1.42,0.00
20101130,1.40,1.40,1.40,1.40,0.00
20101129,1.41,1.41,1.39,1.42,0.00
20101126,1.41,1.41,1.39,1.42,0.00
20101125,1.41,1.41,1.39,1.42,0.00
20101124,1.41,1.41,1.39,1.42,0.00
20101123,1.41,1.41,1.39,1.42,0.00
20101122,1.39,1.41,1.39,1.39,1200.00
20101119,1.41,1.41,1.39,1.42,0.00
20101118,1.41,1.41,1.39,1.42,0.00
20101117,1.41,1.41,1.39,1.42,0.00
20101116,1.39,1.41,1.39,1.39,12500.00
20101115,1.41,1.41,1.39,1.43,0.00
20101112,1.41,1.41,1.39,1.43,0.00
20101111,1.40,1.42,1.40,1.40,5000.00
20101110,1.42,1.42,1.40,1.43,0.00
20101109,1.42,1.42,1.41,1.43,0.00
20101108,1.42,1.42,1.41,1.43,0.00
20101105,1.43,1.42,1.43,1.43,19300.00
20101104,1.42,1.42,1.41,1.43,0.00
20101103,1.41,1.42,1.41,1.41,4000.00
20101102,1.41,1.42,1.41,1.41,5000.00
20101101,1.42,1.42,1.39,1.42,25000.00
20101029,1.47,1.47,1.47,1.47,0.00
20101028,1.42,1.42,1.40,1.44,0.00
20101027,1.42,1.42,1.40,1.44,0.00
20101026,1.42,1.42,1.40,1.44,0.00
20101025,1.42,1.42,1.40,1.44,0.00
20101022,1.40,1.42,1.40,1.40,90000.00
20101021,1.42,1.42,1.40,1.44,0.00
20101020,1.42,1.42,1.40,1.44,0.00
20101019,1.44,1.42,1.44,1.44,7500.00
20101018,1.44,1.42,1.44,1.44,39300.00
20101015,1.42,1.42,1.40,1.44,0.00
20101014,1.42,1.42,1.40,1.44,0.00
20101013,1.42,1.42,1.40,1.44,0.00
20101012,1.42,1.42,1.40,1.44,0.00
20101011,1.42,1.42,1.40,1.44,0.00
20101008,1.43,1.42,1.43,1.43,30000.00
20101007,1.42,1.42,1.40,1.44,0.00
20101006,1.42,1.42,1.40,1.44,0.00
20101005,1.42,1.42,1.39,1.44,0.00
20101004,1.42,1.42,1.39,1.44,0.00
20101001,1.44,1.42,1.44,1.44,13500.00
20100930,1.38,1.38,1.38,1.38,0.00
20100929,1.43,1.42,1.43,1.43,5000.00
20100928,1.42,1.42,1.40,1.44,0.00
20100927,1.43,1.42,1.43,1.43,58500.00
20100924,1.42,1.42,1.39,1.44,0.00
20100923,1.42,1.42,1.39,1.44,0.00
20100922,1.43,1.42,1.43,1.43,6000.00
20100921,1.42,1.42,1.39,1.44,0.00
20100920,1.42,1.42,1.39,1.44,0.00
20100917,1.44,1.42,1.44,1.44,5000.00
20100916,1.42,1.42,1.39,1.44,0.00
20100915,1.39,1.42,1.39,1.39,4000.00
20100914,1.42,1.42,1.39,1.44,0.00
20100913,1.42,1.42,1.40,1.44,0.00
20100910,1.41,1.41,1.39,1.43,0.00
20100909,1.41,1.41,1.39,1.43,0.00
20100908,1.41,1.41,1.39,1.42,0.00
20100907,1.41,1.41,1.39,1.42,0.00
20100906,1.41,1.41,1.39,1.42,0.00
20100903,1.41,1.41,1.39,1.42,0.00
20100902,1.41,1.41,1.39,1.42,0.00
20100901,1.41,1.41,1.39,1.42,0.00
20100831,1.23,1.23,1.23,1.23,0.00
20100830,1.41,1.41,1.41,1.41,0.00
20100827,1.39,1.41,1.39,1.39,20000.00
20100826,1.41,1.41,1.39,1.43,0.00
20100825,1.41,1.41,1.39,1.43,0.00
20100824,1.40,1.40,1.39,1.42,0.00
20100823,1.42,1.41,1.42,1.42,5300.00
20100820,1.41,1.41,1.39,1.43,0.00
20100819,1.41,1.41,1.39,1.43,0.00
20100818,1.41,1.41,1.39,1.43,0.00
20100817,1.41,1.41,1.39,1.43,0.00
20100816,1.39,1.41,1.39,1.39,15000.00
20100813,1.41,1.41,1.39,1.43,0.00
20100812,1.41,1.41,1.39,1.43,0.00
20100811,1.42,1.41,1.42,1.42,20500.00
20100810,1.41,1.41,1.39,1.43,0.00
20100809,1.41,1.41,1.41,1.41,10700.00
20100806,1.40,1.40,1.39,1.41,0.00
20100805,1.40,1.40,1.39,1.41,0.00
20100804,1.40,1.40,1.38,1.41,0.00
20100803,1.41,1.40,1.41,1.41,9000.00
20100802,1.40,1.40,1.38,1.41,0.00
20100730,1.26,1.26,1.26,1.26,0.00
20100729,1.39,1.39,1.38,1.40,0.00
20100728,1.40,1.40,1.38,1.42,0.00
20100727,1.41,1.39,1.41,1.41,7200.00
20100726,1.42,1.40,1.42,1.42,20000.00
20100723,1.40,1.40,1.38,1.42,0.00
20100722,1.40,1.40,1.38,1.42,0.00
20100721,1.42,1.40,1.38,1.42,60000.00
20100720,1.40,1.40,1.38,1.42,0.00
20100719,1.40,1.40,1.38,1.42,0.00
20100716,1.40,1.40,1.38,1.42,0.00
20100715,1.42,1.40,1.42,1.42,3200.00
20100714,1.41,1.41,1.39,1.43,0.00
20100713,1.41,1.41,1.39,1.43,0.00
20100712,1.41,1.41,1.39,1.43,0.00
20100709,1.41,1.41,1.41,1.43,125000.00
20100708,1.42,1.42,1.39,1.43,0.00
20100707,1.42,1.42,1.39,1.43,0.00
20100706,1.42,1.42,1.39,1.43,0.00
20100705,1.39,1.42,1.39,1.39,10000.00
20100702,1.42,1.42,1.39,1.43,0.00
20100701,1.42,1.42,1.39,1.43,0.00
20100630,1.21,1.21,1.21,1.21,0.00
20100629,1.42,1.42,1.40,1.44,0.00
20100628,1.42,1.42,1.40,1.44,0.00
20100625,1.42,1.42,1.40,1.44,0.00
20100624,1.42,1.42,1.40,1.44,0.00
20100623,1.42,1.42,1.40,1.44,0.00
20100622,1.42,1.42,1.40,1.44,0.00
20100621,1.43,1.42,1.40,1.43,10000.00
20100618,1.42,1.42,1.40,1.44,0.00
20100617,1.42,1.42,1.40,1.44,0.00
20100616,1.42,1.42,1.40,1.44,0.00
20100615,1.42,1.42,1.40,1.44,0.00
20100614,1.42,1.42,1.40,1.43,0.00
20100611,1.42,1.42,1.39,1.44,0.00
20100610,1.42,1.42,1.39,1.44,0.00
20100609,1.42,1.42,1.39,1.44,0.00
20100608,1.42,1.42,1.39,1.44,0.00
20100607,1.42,1.42,1.39,1.44,0.00
20100604,1.42,1.42,1.41,1.44,0.00
20100603,1.42,1.41,1.42,1.42,40000.00
20100602,1.42,1.41,1.41,1.42,40000.00
20100601,1.43,1.44,1.43,1.43,12500.00
20100531,1.25,1.25,1.25,1.25,0.00
20100528,1.45,1.45,1.43,1.46,0.00
20100527,1.44,1.44,1.42,1.46,0.00
20100526,1.44,1.44,1.42,1.46,0.00
20100525,1.43,1.44,1.43,1.43,20000.00
20100524,1.46,1.46,1.44,1.48,0.00
20100521,1.46,1.46,1.45,1.48,0.00
20100520,1.46,1.46,1.45,1.48,0.00
20100519,1.46,1.46,1.44,1.48,0.00
20100518,1.46,1.46,1.44,1.47,0.00
20100517,1.46,1.45,1.46,1.46,25000.00
20100514,1.47,1.46,1.47,1.47,17100.00
20100513,1.46,1.46,1.45,1.47,0.00
20100512,1.45,1.45,1.44,1.47,0.00
20100511,1.46,1.46,1.44,1.47,0.00
20100510,1.46,1.46,1.44,1.47,0.00
20100507,1.45,1.46,1.45,1.45,10000.00
20100506,1.48,1.48,1.46,1.50,0.00
20100505,1.48,1.48,1.46,1.50,0.00
20100504,1.48,1.48,1.48,1.48,10000.00
20100503,1.48,1.48,1.48,1.48,0.00
20100430,1.39,1.39,1.39,1.39,0.00
