20160401,14.24,14.24,14.24,14.24,0.00
20160331,14.24,14.24,14.24,14.24,0.00
20160330,14.24,14.24,14.24,14.24,0.00
20160329,14.24,14.24,14.24,14.24,0.00
20160328,14.24,14.24,14.24,14.24,0.00
20160324,14.24,14.24,14.24,14.24,0.00
20160323,14.24,14.24,14.24,14.24,0.00
20160322,14.24,14.24,14.24,14.24,0.00
20160321,14.24,14.24,14.24,14.24,0.00
20160318,14.24,14.24,14.24,14.24,0.00
20160317,13.87,14.24,13.87,13.87,100.00
20160316,11.68,14.24,11.68,11.68,70000.00
20160315,14.24,14.24,14.24,14.24,0.00
20160314,13.87,14.24,13.87,13.87,12200.00
20160311,14.24,14.24,14.24,14.24,0.00
20160310,14.24,14.24,14.24,14.24,0.00
20160309,13.87,14.24,13.87,13.87,5100.00
20160308,14.24,14.24,14.24,14.24,0.00
20160307,14.24,14.24,14.24,14.24,0.00
20160304,14.24,14.24,14.24,14.24,0.00
20160303,14.24,14.24,14.24,14.24,0.00
20160302,14.24,14.24,14.24,14.24,0.00
20160301,14.24,14.24,14.24,14.24,0.00
20160229,14.24,14.24,14.24,14.24,0.00
20160226,15.70,14.24,12.41,14.60,56000.00
20160225,15.70,15.70,15.70,15.70,0.00
20160224,16.06,16.06,16.06,16.06,0.00
20160223,16.06,16.06,16.06,16.06,0.00
20160222,16.06,16.06,16.06,16.06,0.00
20160219,16.06,16.06,16.06,16.06,0.00
20160218,16.06,16.06,16.06,16.06,0.00
20160217,16.06,16.06,16.06,16.06,0.00
20160216,16.06,16.06,16.06,16.06,0.00
20160215,16.06,16.06,16.06,16.06,0.00
20160212,16.06,16.06,16.06,16.06,0.00
20160211,16.06,16.06,16.06,16.06,0.00
20160210,16.06,16.06,16.06,16.06,0.00
20160209,16.06,16.06,16.06,16.06,0.00
20160208,16.06,16.06,16.06,16.06,0.00
20160205,16.06,16.06,16.06,16.06,0.00
20160204,16.06,16.06,16.06,16.06,0.00
20160203,16.06,16.06,16.06,16.06,0.00
20160202,16.06,16.06,16.06,16.06,0.00
20160201,16.06,16.06,16.06,16.06,0.00
20160129,16.21,16.06,16.21,16.21,300.00
20160128,16.06,16.06,16.06,16.06,0.00
20160127,16.06,16.06,16.06,16.06,0.00
20160126,16.06,16.06,16.06,16.06,0.00
20160125,16.06,16.06,16.06,16.06,0.00
20160122,16.06,16.06,16.06,16.06,0.00
20160121,16.06,16.06,16.06,16.06,0.00
20160120,16.06,16.06,16.06,16.06,0.00
20160119,16.06,16.06,16.06,16.06,0.00
20160118,16.06,16.06,16.06,16.06,0.00
20160115,16.06,16.06,16.06,16.06,0.00
20160114,16.06,16.06,16.06,16.06,0.00
20160113,15.99,16.06,15.99,15.99,10200.00
20160112,16.06,16.06,16.06,16.06,0.00
20160111,16.06,16.06,16.06,16.06,0.00
20160108,16.06,16.06,16.06,16.06,0.00
20160107,16.06,16.06,16.06,16.06,0.00
20160106,16.06,16.06,16.06,16.06,0.00
20160105,16.06,16.06,16.06,16.06,0.00
20160104,16.06,16.06,16.06,16.06,0.00
20151231,16.06,16.06,16.06,16.06,0.00
20151230,16.06,16.06,16.06,16.06,9400.00
20151229,16.06,16.06,16.06,16.06,0.00
20151224,16.06,16.06,16.06,16.06,0.00
20151223,16.06,16.06,16.06,16.06,0.00
20151222,16.06,16.06,16.06,16.06,0.00
20151221,16.06,16.06,16.06,16.06,0.00
20151218,16.06,16.06,16.06,16.06,0.00
20151217,16.06,16.06,16.06,16.06,0.00
20151216,13.14,16.06,13.14,13.14,25000.00
20151215,16.06,16.06,16.06,16.06,0.00
20151214,16.06,16.06,16.06,16.06,0.00
20151211,16.06,16.06,16.06,16.06,0.00
20151210,16.06,16.06,16.06,16.06,0.00
20151209,16.06,16.06,16.06,16.06,3300.00
20151208,16.06,16.06,16.06,16.06,0.00
20151207,16.06,16.06,16.06,16.06,0.00
20151204,14.60,16.06,14.60,14.60,8700.00
20151203,16.06,16.06,16.06,16.06,0.00
20151202,16.06,16.06,16.06,16.06,0.00
20151201,14.60,16.06,14.60,15.33,6400.00
20151130,15.33,16.06,15.33,15.33,300.00
20151127,16.06,16.06,16.06,16.06,0.00
20151126,14.60,16.06,14.60,14.60,7500.00
20151125,16.06,16.06,16.06,16.06,0.00
20151124,14.60,16.06,14.60,15.33,10200.00
20151123,16.43,16.06,16.43,16.43,5300.00
20151120,13.87,16.06,13.87,15.33,317800.00
20151119,13.14,12.96,13.14,13.14,150000.00
20151118,12.59,12.59,12.59,12.59,0.00
20151117,12.59,12.59,12.59,12.59,0.00
20151116,12.59,12.59,12.59,12.59,0.00
20151113,12.59,12.59,12.59,12.59,0.00
20151112,12.05,12.59,12.05,12.41,7000.00
20151111,15.15,15.15,15.15,15.15,25000.00
20151110,15.33,15.33,15.33,15.33,0.00
20151109,15.33,15.33,15.33,15.33,0.00
20151106,15.33,15.33,15.33,15.33,0.00
20151105,15.15,15.33,15.15,15.15,500.00
20151104,15.33,15.33,15.33,15.33,0.00
20151103,15.15,15.33,15.15,15.15,27000.00
20151102,15.33,15.33,15.33,15.33,500.00
20151030,18.25,14.97,18.25,18.25,9000.00
20151029,18.62,18.62,18.62,18.62,0.00
20151028,18.62,18.62,18.62,18.62,0.00
20151027,18.62,18.62,18.62,18.62,0.00
20151026,18.62,18.62,18.62,18.62,0.00
20151023,18.62,18.62,18.62,18.62,0.00
20151022,18.62,18.62,18.62,18.62,0.00
20151021,18.62,18.62,18.62,18.62,0.00
20151020,18.62,18.62,18.62,18.62,0.00
20151019,18.62,18.62,18.62,18.62,0.00
20151016,18.62,18.62,18.62,18.62,0.00
20151015,18.62,18.62,18.62,18.62,0.00
20151014,18.62,18.62,18.62,18.62,0.00
20151013,18.62,18.62,18.62,18.62,0.00
20151012,18.62,18.62,18.62,18.62,0.00
20151009,18.62,18.62,18.62,18.62,0.00
20151008,18.62,18.62,18.62,18.62,0.00
20151007,18.62,18.62,18.62,18.62,0.00
20151006,18.62,18.62,18.62,18.62,0.00
20151005,18.62,18.62,18.62,18.62,0.00
20151002,18.62,18.62,18.62,18.62,0.00
20151001,18.62,18.62,18.62,18.62,0.00
20150930,17.52,18.62,17.52,17.52,15000.00
20150929,18.62,18.62,18.62,18.62,0.00
20150928,18.62,18.62,18.62,18.62,0.00
20150925,18.62,18.62,18.62,18.62,0.00
20150924,18.62,18.62,18.62,18.62,0.00
20150923,18.25,18.62,18.25,18.25,3000.00
20150922,18.62,18.62,18.62,18.62,0.00
20150921,18.62,18.62,18.62,18.62,0.00
20150918,18.62,18.62,18.62,18.62,0.00
20150917,18.25,18.62,18.25,18.25,3000.00
20150916,18.62,18.62,18.62,18.62,0.00
20150915,18.25,18.80,18.25,18.25,10000.00
20150914,18.80,18.80,18.80,18.80,0.00
20150911,18.80,18.80,18.80,18.80,0.00
20150910,18.80,18.80,18.80,18.80,0.00
20150909,18.80,18.80,18.80,18.80,0.00
20150908,18.25,18.62,18.25,18.25,15200.00
20150907,18.62,18.62,18.62,18.62,0.00
20150904,18.62,18.62,18.62,18.62,0.00
20150903,18.62,18.62,18.62,18.62,0.00
20150902,18.62,18.62,18.62,18.62,0.00
20150901,18.62,18.62,18.62,18.62,0.00
20150831,18.62,18.62,18.62,18.62,0.00
20150828,18.62,18.62,18.62,18.62,0.00
20150827,18.26,18.62,18.26,18.26,3300.00
20150826,18.62,18.62,18.62,18.62,0.00
20150825,18.62,18.62,18.62,18.62,0.00
20150824,15.51,18.62,15.51,15.51,87500.00
20150821,18.25,18.62,18.25,18.25,30000.00
20150820,18.80,18.07,18.80,18.80,45000.00
20150819,19.16,18.62,18.98,19.16,15800.00
20150818,19.35,19.35,19.35,19.35,0.00
20150817,19.35,19.35,19.35,19.35,0.00
20150814,19.16,19.16,18.98,19.16,20000.00
20150813,19.16,19.16,19.16,19.16,0.00
20150812,19.16,19.16,19.16,19.16,0.00
20150811,19.16,19.16,19.16,19.35,300.00
20150810,19.16,19.16,19.16,19.16,0.00
20150807,19.16,19.16,19.16,19.16,900.00
20150806,19.16,19.16,19.16,19.16,0.00
20150805,19.16,19.16,19.16,19.16,0.00
20150804,19.16,19.16,19.16,19.16,0.00
20150803,19.16,19.16,19.16,19.16,0.00
20150731,19.16,19.16,19.16,19.16,0.00
20150730,19.16,19.16,19.16,19.16,0.00
20150729,19.16,19.16,19.16,19.16,0.00
20150728,19.16,19.16,19.16,19.16,0.00
20150727,19.16,19.16,19.16,19.16,0.00
20150724,19.05,19.35,19.05,19.05,8000.00
20150723,18.65,19.35,18.65,20.44,61700.00
20150722,19.86,20.08,19.86,20.44,16100.00
20150721,22.27,22.27,22.08,23.36,34500.00
20150720,21.87,23.54,21.87,24.09,110000.00
20150717,21.54,21.54,21.54,21.54,0.00
20150716,21.54,21.54,21.54,21.54,0.00
20150715,21.17,21.54,21.17,21.17,3000.00
20150714,21.54,21.54,21.54,21.54,0.00
20150713,21.54,21.54,21.54,21.54,0.00
20150710,21.17,21.54,21.17,21.17,9800.00
20150709,21.54,21.54,21.54,21.54,0.00
20150708,21.54,21.54,21.54,21.54,0.00
20150707,21.54,21.54,21.54,21.54,0.00
20150706,21.32,21.54,21.32,21.32,8500.00
20150703,21.54,21.54,21.54,21.54,0.00
20150702,21.54,21.54,21.54,21.54,0.00
20150701,21.54,21.54,21.54,21.54,0.00
20150630,21.54,21.54,21.54,21.54,0.00
20150629,21.54,21.54,21.54,21.54,0.00
20150626,21.79,21.54,21.79,21.79,10000.00
20150625,21.54,21.54,21.54,21.54,0.00
20150624,21.54,21.54,21.54,21.54,0.00
20150623,21.17,21.17,21.17,21.17,0.00
20150622,21.13,21.17,21.13,21.17,12800.00
20150619,20.81,20.81,20.81,20.81,0.00
20150618,20.81,20.81,20.81,20.81,0.00
20150617,20.81,20.81,20.81,20.81,0.00
20150616,20.81,20.81,20.81,20.81,0.00
20150615,20.81,20.81,20.81,20.81,0.00
20150612,20.81,20.81,20.81,20.81,0.00
20150611,20.81,20.81,20.81,20.81,0.00
20150610,20.81,20.81,20.81,20.81,0.00
20150609,20.62,20.62,20.62,20.62,0.00
20150608,20.62,20.62,20.62,20.62,0.00
20150605,20.62,20.62,20.62,20.62,0.00
20150604,20.62,20.62,20.62,20.62,0.00
20150603,20.59,20.62,20.59,20.59,1200.00
20150602,21.17,20.62,20.44,21.17,8700.00
20150601,21.35,21.35,21.35,21.35,0.00
20150529,21.18,21.35,21.17,21.18,22300.00
20150528,21.90,21.90,21.90,21.90,0.00
20150527,21.90,21.90,21.90,21.90,0.00
20150526,21.54,21.54,21.54,21.54,0.00
20150525,21.54,21.54,21.54,21.54,0.00
20150522,21.54,21.54,21.54,21.54,0.00
20150521,21.54,21.54,21.54,21.54,0.00
20150520,21.54,21.54,21.54,21.54,0.00
20150519,21.54,21.54,21.54,21.54,0.00
20150518,21.54,21.54,21.54,21.54,0.00
20150515,22.27,22.27,22.27,22.27,0.00
20150514,22.27,22.27,22.27,22.27,0.00
20150513,21.24,22.27,21.24,21.24,7600.00
20150512,22.27,22.27,22.27,22.27,0.00
20150511,21.90,22.27,21.90,22.27,46300.00
20150508,21.72,21.72,21.72,21.72,0.00
20150507,21.90,21.72,21.54,21.90,27000.00
20150506,22.27,22.45,22.27,22.27,5000.00
20150505,22.27,22.45,22.27,22.27,400.00
20150504,22.45,22.45,22.45,22.45,0.00
20150501,21.90,22.45,21.90,22.63,11100.00
20150430,22.45,22.45,22.45,22.45,0.00
20150429,22.81,22.81,22.81,22.81,0.00
20150428,23.18,22.81,22.05,23.54,69400.00
20150427,23.72,23.72,23.72,23.72,0.00
20150424,22.81,24.09,22.81,24.09,69700.00
20150423,26.46,25.00,24.82,26.46,34900.00
20150422,32.12,26.65,26.65,32.12,143700.00
20150421,25.55,30.29,25.55,30.66,242700.00
20150420,23.36,24.82,23.36,27.74,196900.00
20150417,24.09,22.81,20.73,24.09,1256400.00
20150416,18.98,22.63,18.98,23.36,81300.00
20150415,18.25,18.25,18.25,18.25,0.00
20150414,18.25,18.25,18.25,18.25,0.00
20150413,18.25,18.25,18.25,18.25,2000.00
20150410,18.25,18.25,18.25,18.25,0.00
20150409,18.24,18.25,18.24,18.24,12700.00
20150408,18.25,17.52,18.25,18.25,1100.00
20150407,17.52,17.52,17.52,17.52,0.00
20150406,17.52,17.52,17.52,17.52,0.00
20150403,17.52,17.52,17.52,17.52,0.00
20150402,16.82,17.52,16.82,16.82,14900.00
20150401,17.70,17.52,17.70,17.70,4800.00
20150331,18.98,17.52,17.52,18.98,31600.00
20150330,19.71,19.71,19.71,19.71,0.00
20150327,18.62,19.71,18.62,20.44,16600.00
20150326,17.88,18.25,17.88,17.88,3400.00
20150325,18.25,18.25,18.25,18.25,0.00
20150324,18.25,18.25,18.25,18.25,0.00
20150323,19.35,19.71,18.98,19.35,5800.00
20150320,17.52,18.98,17.52,22.27,27700.00
20150319,17.48,16.79,17.48,17.48,5000.00
20150318,16.79,16.79,16.79,16.79,0.00
20150317,16.79,16.79,16.79,16.79,0.00
20150316,16.79,16.79,16.79,16.79,0.00
20150313,16.79,16.79,16.79,16.79,0.00
20150312,16.79,16.79,16.79,16.79,0.00
20150311,16.79,16.79,16.79,16.79,0.00
20150310,16.79,16.79,16.79,16.79,0.00
20150309,17.52,17.52,17.52,17.52,0.00
20150306,21.90,17.52,16.19,21.90,31900.00
20150305,22.27,22.27,22.27,22.27,0.00
20150304,22.27,22.27,22.27,22.27,0.00
20150303,22.27,22.27,22.27,22.27,0.00
20150302,21.90,22.27,21.90,22.63,1000.00
20150227,22.27,22.27,22.27,22.27,0.00
20150226,22.27,22.27,22.27,22.27,0.00
20150225,22.27,22.27,22.27,22.27,0.00
20150224,22.27,22.27,22.27,22.27,0.00
20150223,22.27,22.27,22.27,22.27,0.00
20150220,22.27,22.27,22.27,22.27,0.00
20150219,22.27,22.27,22.27,22.27,0.00
20150218,22.27,22.27,22.27,22.27,0.00
20150217,22.27,22.27,22.27,22.27,0.00
20150216,22.27,22.27,22.27,22.27,0.00
20150213,22.27,22.27,22.27,22.27,0.00
20150212,22.27,22.27,22.27,22.27,0.00
20150211,21.97,22.27,21.97,21.97,200.00
20150210,22.27,22.27,22.27,22.27,0.00
20150209,22.27,22.27,22.27,22.27,0.00
20150206,22.27,22.27,22.27,22.27,0.00
20150205,22.27,22.27,22.27,22.27,0.00
20150204,22.27,22.27,22.27,22.27,0.00
20150203,22.27,22.27,22.27,22.27,0.00
20150202,22.27,22.27,22.27,22.27,0.00
20150130,22.27,22.27,22.27,22.27,0.00
20150129,22.27,22.27,22.27,22.27,0.00
20150128,22.27,22.27,22.27,22.27,0.00
20150127,22.27,22.27,22.27,22.27,0.00
20150126,22.27,22.27,22.27,22.27,0.00
20150123,22.27,22.27,22.27,22.27,0.00
20150122,22.27,22.27,22.27,22.27,0.00
20150121,22.27,22.27,22.27,22.27,0.00
20150120,22.27,22.27,22.27,22.27,0.00
20150119,22.27,22.27,22.27,22.27,0.00
20150116,22.27,22.27,22.27,22.27,0.00
20150115,22.27,22.27,22.27,22.27,0.00
20150114,21.98,22.27,21.98,21.98,2000.00
20150113,22.81,22.81,22.81,22.81,0.00
20150112,22.81,22.81,22.81,22.81,0.00
20150109,22.81,22.81,22.81,22.81,0.00
20150108,22.81,22.81,22.81,22.81,0.00
20150107,22.81,22.81,22.81,22.81,0.00
20150106,22.81,22.81,22.81,22.81,0.00
20150105,22.81,22.81,22.81,22.81,0.00
20150102,22.81,22.81,22.81,22.81,0.00
20150101,22.81,22.81,22.81,22.81,0.00
20141231,22.81,22.81,22.81,22.81,0.00
20141230,23.54,23.54,23.54,23.54,0.00
20141229,23.54,23.54,23.54,23.54,0.00
20141226,23.54,23.54,23.54,23.54,0.00
20141225,23.54,23.54,23.54,23.54,0.00
20141224,23.54,23.54,23.54,23.54,0.00
20141223,23.54,23.54,23.54,23.54,0.00
20141222,23.54,23.54,23.54,23.54,0.00
20141219,24.82,23.54,23.40,24.82,10000.00
20141218,25.55,25.55,25.55,25.55,0.00
20141217,25.55,25.55,25.55,25.55,0.00
20141216,25.55,25.55,25.55,25.55,0.00
20141215,25.55,25.55,25.55,25.55,0.00
20141212,25.55,25.55,25.55,25.55,0.00
20141211,25.55,25.55,25.55,25.55,0.00
20141210,25.92,25.55,25.92,25.92,10900.00
20141209,24.82,25.55,24.82,24.82,1400.00
20141208,25.55,25.55,25.55,25.55,0.00
20141205,25.48,25.55,25.48,25.48,300.00
20141204,25.55,25.55,25.55,25.55,0.00
20141203,25.55,25.55,25.55,25.55,0.00
20141202,25.55,25.55,25.55,25.55,0.00
20141201,25.55,25.55,25.55,25.55,0.00
20141128,25.55,25.55,25.55,25.55,0.00
20141127,25.55,25.55,25.55,25.55,0.00
20141126,25.55,25.55,25.55,25.55,0.00
20141125,25.55,25.55,25.55,25.55,200.00
20141124,25.55,25.55,25.55,25.55,0.00
20141121,24.82,25.55,24.82,25.55,5300.00
20141120,24.98,25.55,24.98,24.98,900.00
20141119,25.55,25.55,25.55,25.55,0.00
20141118,25.55,25.55,25.55,25.55,0.00
20141117,25.55,25.55,25.55,25.55,0.00
20141114,25.55,25.55,25.55,25.55,100.00
20141113,25.55,25.55,25.55,25.55,0.00
20141112,25.55,25.55,25.55,25.55,0.00
20141111,26.28,25.55,24.82,24.82,4900.00
20141110,24.82,26.28,24.82,24.82,5000.00
20141107,24.97,26.28,24.82,24.97,12800.00
20141106,28.47,28.47,28.47,28.47,0.00
20141105,29.20,28.47,24.82,29.20,18000.00
20141104,30.66,30.66,30.66,30.66,0.00
20141103,30.66,30.66,30.66,30.66,0.00
20141031,30.66,30.66,30.66,30.66,0.00
20141030,30.66,30.66,30.66,30.66,0.00
20141029,30.66,30.66,30.66,30.66,0.00
20141028,30.66,30.66,30.66,30.66,0.00
20141027,26.28,30.66,26.28,26.28,10100.00
20141024,30.66,30.66,30.66,32.12,13000.00
20141023,33.58,33.58,33.58,33.58,0.00
20141022,32.12,33.58,32.12,32.12,2400.00
20141021,32.12,33.58,32.12,32.12,2900.00
20141020,32.49,33.58,32.49,33.58,12400.00
20141017,32.12,32.12,32.12,32.12,0.00
20141016,33.58,32.85,27.74,33.58,11900.00
20141015,35.77,35.04,35.77,35.77,9900.00
20141014,33.21,35.04,33.21,35.77,24200.00
20141013,37.23,36.50,32.12,37.96,20900.00
20141010,33.58,36.50,33.58,33.58,34000.00
20141009,40.88,37.96,36.50,39.79,17400.00
20141008,51.83,40.88,39.42,59.13,134500.00
20141007,40.15,41.61,37.96,45.26,139200.00
20141006,39.42,39.42,39.42,39.42,0.00
20141003,39.42,39.42,38.41,39.42,3100.00
20141002,39.42,40.88,39.42,39.42,4200.00
20141001,41.61,41.61,40.88,40.88,500.00
20140930,41.61,41.61,40.88,41.61,11600.00
20140929,40.88,41.61,40.88,40.88,12700.00
20140926,43.07,43.07,40.88,40.88,100.00
20140925,43.80,43.80,42.34,43.80,5900.00
20140924,43.80,43.80,43.80,43.80,0.00
20140923,46.72,43.80,43.02,43.36,6300.00
20140922,53.29,46.72,41.12,58.40,39700.00
20140919,31.68,53.29,31.68,78.48,277100.00
20140918,27.74,27.74,27.74,27.74,0.00
20140917,27.74,27.74,27.74,27.74,0.00
20140916,27.74,27.74,27.74,27.74,0.00
20140915,27.74,27.74,27.74,27.74,0.00
20140912,26.28,27.74,26.28,26.28,12300.00
20140911,24.82,24.82,24.82,24.82,0.00
20140910,24.82,24.82,24.82,24.82,0.00
20140909,24.82,24.82,24.82,24.82,0.00
20140908,24.82,24.82,24.82,24.82,0.00
20140905,24.82,24.82,24.82,24.82,0.00
20140904,24.82,24.82,24.82,24.82,0.00
20140903,24.82,24.82,24.82,24.82,0.00
20140902,24.82,24.82,24.82,24.82,0.00
20140901,24.82,24.82,24.82,24.82,0.00
20140829,24.82,24.82,24.82,24.82,0.00
20140828,24.82,24.82,24.82,24.82,0.00
20140827,24.82,24.82,24.82,24.82,0.00
20140826,24.82,24.82,24.82,24.82,0.00
20140825,24.82,24.82,24.82,24.82,0.00
20140822,24.82,24.82,24.82,24.82,0.00
20140821,24.82,24.82,24.82,24.82,0.00
20140820,24.82,24.82,24.82,24.82,0.00
20140819,24.82,24.82,24.82,24.82,0.00
20140818,24.82,24.82,24.82,24.82,0.00
20140815,24.82,24.82,24.82,24.82,0.00
20140814,24.82,24.82,24.82,24.82,0.00
20140813,24.82,24.82,24.82,24.82,0.00
20140812,24.82,24.82,24.82,24.82,0.00
20140811,24.82,24.82,24.82,24.82,1400.00
20140808,24.09,24.09,24.09,24.09,0.00
20140807,24.75,24.09,24.75,24.75,0.00
20140806,24.09,24.09,24.09,24.09,0.00
20140805,24.09,24.09,24.09,24.09,0.00
20140804,24.09,24.09,24.09,24.09,0.00
20140801,24.09,24.09,24.09,24.09,0.00
20140731,24.09,24.09,24.09,24.09,0.00
20140730,27.01,27.01,27.01,27.01,0.00
20140729,30.29,27.01,30.29,30.29,0.00
20140728,27.01,27.01,27.01,27.01,0.00
20140725,27.01,27.01,27.01,27.01,0.00
20140724,27.01,27.01,27.01,27.01,0.00
20140723,27.01,27.01,27.01,27.01,0.00
20140722,27.01,27.01,27.01,27.01,0.00
20140721,27.01,27.01,27.01,27.01,0.00
20140718,27.01,27.01,27.01,27.01,0.00
20140717,27.01,27.01,27.01,27.01,0.00
20140716,27.01,27.01,27.01,27.01,0.00
20140715,27.01,27.01,27.01,27.01,0.00
20140714,27.01,27.01,27.01,27.01,0.00
20140711,27.01,27.01,27.01,27.01,0.00
20140710,27.01,27.01,27.01,27.01,0.00
20140709,27.01,27.01,27.01,27.01,0.00
20140708,27.01,27.01,27.01,27.01,0.00
20140707,27.01,27.01,27.01,27.01,0.00
20140704,27.01,27.01,27.01,27.01,0.00
20140703,27.01,27.01,27.01,27.01,0.00
20140702,27.01,27.01,27.01,27.01,0.00
20140701,27.01,27.01,27.01,27.01,0.00
20140630,27.01,27.01,27.01,27.01,0.00
20140627,27.01,27.01,27.01,27.01,0.00
20140626,27.01,27.01,27.01,27.01,0.00
20140625,27.01,27.01,27.01,27.01,0.00
20140624,27.01,27.01,27.01,27.01,0.00
20140623,27.01,27.01,27.01,27.01,0.00
20140620,27.01,27.01,27.01,27.01,0.00
20140619,27.01,27.01,27.01,27.01,0.00
20140618,27.01,27.01,27.01,27.01,0.00
20140617,27.01,27.01,27.01,27.01,0.00
20140616,27.01,27.01,27.01,27.01,0.00
20140613,27.01,27.01,27.01,27.01,0.00
20140612,27.01,27.01,27.01,27.01,0.00
20140611,27.01,27.01,27.01,27.01,0.00
20140610,27.01,27.01,27.01,27.01,0.00
20140609,27.01,27.01,27.01,27.01,0.00
20140606,27.01,27.01,27.01,27.01,0.00
20140605,27.01,27.01,27.01,27.01,0.00
20140604,27.01,27.01,27.01,27.01,0.00
20140603,27.01,27.01,27.01,27.01,0.00
20140602,27.01,27.01,27.01,27.01,0.00
20140530,27.01,27.01,27.01,27.01,0.00
20140529,27.01,27.01,27.01,27.01,0.00
20140528,27.01,27.01,27.01,27.01,0.00
20140527,27.01,27.01,27.01,27.01,0.00
20140526,27.01,27.01,27.01,27.01,0.00
20140523,27.01,27.01,27.01,27.01,0.00
20140522,27.01,27.01,27.01,27.01,0.00
20140521,27.01,27.01,27.01,27.01,0.00
20140520,27.01,27.01,27.01,27.01,0.00
20140519,27.01,27.01,27.01,27.01,0.00
20140516,27.01,27.01,27.01,27.01,0.00
20140515,27.01,27.01,27.01,27.01,0.00
20140514,27.01,27.01,27.01,27.01,0.00
20140513,27.01,27.01,27.01,27.01,0.00
20140512,27.01,27.01,27.01,27.01,0.00
20140509,27.01,27.01,27.01,27.01,0.00
20140508,27.01,27.01,27.01,27.01,0.00
20140507,27.01,27.01,27.01,27.01,0.00
20140506,27.01,27.01,27.01,27.01,0.00
20140505,27.01,27.01,27.01,27.01,0.00
20140502,27.01,27.01,27.01,27.01,0.00
20140501,27.01,27.01,27.01,27.01,0.00
20140430,27.01,27.01,27.01,27.01,0.00
20140429,27.01,27.01,27.01,27.01,0.00
20140428,27.01,27.01,27.01,27.01,0.00
20140425,27.01,27.01,27.01,27.01,0.00
20140424,27.01,27.01,27.01,27.01,0.00
20140423,27.01,27.01,27.01,27.01,0.00
20140422,27.01,27.01,27.01,27.01,0.00
20140421,27.01,27.01,27.01,27.01,0.00
20140418,27.01,27.01,27.01,27.01,0.00
20140417,27.01,27.01,27.01,27.01,0.00
20140416,27.01,27.01,27.01,27.01,0.00
20140415,27.01,27.01,27.01,27.01,0.00
20140414,27.01,27.01,27.01,27.01,0.00
20140411,27.01,27.01,27.01,27.01,0.00
20140410,27.01,27.01,27.01,27.01,0.00
20140409,27.01,27.01,27.01,27.01,0.00
20140408,27.01,27.01,27.01,27.01,0.00
20140407,27.01,27.01,27.01,27.01,0.00
20140404,27.01,27.01,27.01,27.01,0.00
20140403,27.01,27.01,27.01,27.01,0.00
20140402,27.01,27.01,27.01,27.01,0.00
20140401,27.01,27.01,27.01,27.01,0.00
20140331,27.01,27.01,27.01,27.01,0.00
20140328,27.01,27.01,27.01,27.01,0.00
20140327,27.01,27.01,27.01,27.01,0.00
20140326,27.01,27.01,27.01,27.01,0.00
20140325,27.01,27.01,27.01,27.01,0.00
20140324,27.01,27.01,27.01,27.01,0.00
20140321,27.01,27.01,27.01,27.01,0.00
20140320,27.01,27.01,27.01,27.01,0.00
20140319,27.01,27.01,27.01,27.01,0.00
20140318,27.01,27.01,27.01,27.01,0.00
20140317,27.01,27.01,27.01,27.01,0.00
20140314,27.01,27.01,27.01,27.01,0.00
20140313,27.01,27.01,27.01,27.01,0.00
20140312,27.01,27.01,27.01,27.01,0.00
20140311,27.01,27.01,27.01,27.01,0.00
20140310,27.01,27.01,27.01,27.01,0.00
20140307,27.01,27.01,27.01,27.01,0.00
20140306,27.01,27.01,27.01,27.01,0.00
20140305,25.55,25.55,25.55,25.55,0.00
20140304,25.55,25.55,25.55,25.55,0.00
20140303,25.55,25.55,25.55,25.55,0.00
20140228,25.55,25.55,25.55,25.55,0.00
20140227,25.55,25.55,25.55,25.55,0.00
20140226,25.55,25.55,25.55,25.55,0.00
20140225,25.55,25.55,25.55,25.55,0.00
20140224,25.55,25.55,25.55,25.55,0.00
20140221,25.55,25.55,25.55,25.55,0.00
20140220,25.55,25.55,25.55,25.55,0.00
20140219,25.55,25.55,25.55,25.55,0.00
20140218,25.55,25.55,25.55,25.55,0.00
20140217,43.80,25.55,23.36,36.50,50000.00
20140214,40.15,40.15,40.15,40.15,0.00
20140213,40.15,40.15,40.15,40.15,0.00
20140212,40.15,40.15,40.15,40.15,0.00
20140211,40.15,40.15,40.15,40.15,0.00
20140210,40.15,40.15,40.15,40.15,0.00
20140207,40.15,40.15,40.15,40.15,0.00
20140206,40.15,40.15,40.15,40.15,0.00
20140205,40.15,40.15,40.15,40.15,0.00
20140204,40.15,40.15,40.15,40.15,0.00
20140203,40.15,40.15,40.15,40.15,0.00
20140131,40.15,40.15,40.15,40.15,0.00
20140130,40.15,40.15,40.15,40.15,0.00
20140129,40.15,40.15,40.15,40.15,0.00
20140128,43.80,43.80,43.80,43.80,0.00
20140127,43.80,43.80,43.80,43.80,0.00
20140124,43.80,43.80,43.80,43.80,0.00
20140123,43.80,43.80,43.80,43.80,0.00
20140122,43.80,43.80,43.80,43.80,0.00
20140121,43.80,43.80,43.80,43.80,0.00
20140120,43.80,43.80,43.80,43.80,0.00
20140117,43.80,43.80,43.80,43.80,0.00
20140116,43.80,43.80,43.80,43.80,0.00
20140115,43.80,43.80,43.80,43.80,0.00
20140114,43.80,43.80,43.80,43.80,0.00
20140113,43.80,43.80,43.80,43.80,0.00
20140110,43.80,43.80,43.80,43.80,0.00
20140109,43.80,43.80,43.80,43.80,0.00
20140108,43.80,43.80,43.80,43.80,0.00
20140107,43.80,43.80,43.80,43.80,0.00
20140106,43.80,43.80,43.80,43.80,0.00
20140103,43.80,43.80,43.80,43.80,0.00
20140102,43.80,43.80,43.80,43.80,0.00
20140101,43.80,43.80,43.80,43.80,0.00
20131231,43.80,43.80,43.80,43.80,0.00
20131230,43.80,43.80,43.80,43.80,0.00
20131227,43.80,43.80,43.80,43.80,0.00
20131226,43.80,43.80,43.80,43.80,0.00
20131225,43.80,43.80,43.80,43.80,0.00
20131224,43.80,43.80,43.80,43.80,0.00
20131223,43.80,43.80,43.80,43.80,0.00
20131220,43.80,43.80,43.80,43.80,0.00
20131219,43.80,43.80,43.80,43.80,0.00
20131218,43.80,43.80,43.80,43.80,0.00
20131217,43.80,43.80,43.80,43.80,0.00
20131216,43.80,43.80,43.80,43.80,0.00
20131213,47.45,47.45,47.45,47.45,0.00
20131212,47.45,47.45,47.45,47.45,0.00
20131211,47.45,47.45,47.45,47.45,0.00
20131210,47.45,47.45,47.45,47.45,0.00
20131209,47.45,47.45,47.45,47.45,0.00
20131206,47.45,47.45,47.45,47.45,0.00
20131205,47.45,47.45,47.45,47.45,0.00
20131204,47.45,47.45,47.45,47.45,0.00
20131203,47.45,47.45,47.45,47.45,0.00
20131202,47.45,47.45,47.45,47.45,0.00
20131129,47.45,47.45,47.45,47.45,0.00
20131128,47.45,47.45,47.45,47.45,0.00
20131127,47.45,47.45,47.45,47.45,0.00
20131126,47.45,47.45,47.45,47.45,0.00
20131125,47.45,47.45,47.45,47.45,0.00
20131122,47.45,47.45,47.45,47.45,0.00
20131121,47.45,47.45,47.45,47.45,0.00
20131120,47.45,47.45,47.45,47.45,0.00
20131119,47.45,47.45,47.45,47.45,0.00
20131118,47.45,47.45,47.45,47.45,0.00
20131115,47.45,47.45,47.45,47.45,0.00
20131114,47.45,47.45,47.45,47.45,0.00
20131113,47.45,47.45,47.45,47.45,0.00
20131112,47.45,47.45,47.45,47.45,0.00
20131111,47.45,47.45,47.45,47.45,0.00
20131108,47.45,47.45,47.45,47.45,0.00
20131107,47.45,47.45,47.45,47.45,0.00
20131106,47.45,47.45,47.45,47.45,0.00
20131105,47.45,47.45,47.45,47.45,0.00
20131104,47.45,47.45,47.45,47.45,0.00
20131101,47.45,47.45,47.45,47.45,0.00
20131031,47.45,47.45,47.45,47.45,0.00
20131030,47.45,47.45,47.45,47.45,0.00
20131029,47.45,47.45,47.45,47.45,0.00
20131028,47.45,47.45,47.45,47.45,0.00
20131025,47.45,47.45,47.45,47.45,0.00
20131024,47.45,47.45,47.45,47.45,0.00
20131023,47.45,47.45,47.45,47.45,0.00
20131022,47.45,47.45,47.45,47.45,0.00
20131021,47.45,47.45,47.45,47.45,0.00
20131018,47.45,47.45,47.45,47.45,0.00
20131017,47.45,47.45,47.45,47.45,0.00
20131016,47.45,47.45,47.45,47.45,0.00
20131015,47.45,47.45,47.45,47.45,0.00
20131014,47.45,47.45,47.45,47.45,0.00
20131011,47.45,47.45,47.45,47.45,0.00
20131010,47.45,47.45,47.45,47.45,0.00
20131009,47.45,47.45,47.45,47.45,0.00
20131008,47.45,47.45,47.45,47.45,0.00
20131007,47.45,47.45,47.45,47.45,0.00
20131004,47.45,47.45,47.45,47.45,0.00
20131003,47.45,47.45,47.45,47.45,0.00
20131002,47.45,47.45,47.45,47.45,0.00
20131001,47.45,47.45,47.45,47.45,0.00
20130930,47.45,47.45,47.45,47.45,0.00
20130927,47.45,47.45,47.45,47.45,0.00
20130926,47.45,47.45,47.45,47.45,0.00
20130925,47.45,47.45,47.45,47.45,0.00
20130924,47.45,47.45,47.45,47.45,0.00
20130923,47.45,47.45,47.45,47.45,0.00
20130920,47.45,47.45,47.45,47.45,0.00
20130919,47.45,47.45,47.45,47.45,0.00
20130918,47.45,47.45,47.45,47.45,0.00
20130917,47.45,47.45,47.45,47.45,0.00
20130916,47.45,47.45,47.45,47.45,0.00
20130913,47.45,47.45,47.45,47.45,0.00
20130912,47.45,47.45,47.45,47.45,0.00
20130911,47.45,47.45,47.45,47.45,0.00
20130910,47.45,47.45,47.45,47.45,0.00
20130909,47.45,47.45,47.45,47.45,0.00
20130906,47.45,47.45,47.45,47.45,0.00
20130905,47.45,47.45,47.45,47.45,0.00
20130904,47.45,47.45,47.45,47.45,0.00
20130903,47.45,47.45,47.45,47.45,0.00
20130902,47.45,47.45,47.45,47.45,0.00
20130830,47.45,47.45,47.45,47.45,0.00
20130829,47.45,47.45,47.45,47.45,0.00
20130828,47.45,47.45,47.45,47.45,0.00
20130827,47.45,47.45,47.45,47.45,0.00
20130826,47.45,47.45,47.45,47.45,0.00
20130823,47.45,47.45,47.45,47.45,0.00
20130822,47.45,47.45,47.45,47.45,0.00
20130821,47.45,47.45,47.45,47.45,0.00
20130820,47.45,47.45,47.45,47.45,0.00
20130819,47.45,47.45,47.45,47.45,0.00
20130816,47.45,47.45,47.45,47.45,0.00
20130815,47.45,47.45,47.45,47.45,0.00
20130814,47.45,47.45,47.45,47.45,0.00
20130813,47.45,47.45,47.45,47.45,0.00
20130812,47.45,47.45,47.45,47.45,0.00
20130809,47.45,47.45,47.45,47.45,0.00
20130808,47.45,47.45,47.45,47.45,0.00
20130807,47.45,47.45,47.45,47.45,0.00
20130806,47.45,47.45,47.45,47.45,0.00
20130805,47.45,47.45,47.45,47.45,0.00
20130802,47.45,47.45,47.45,47.45,0.00
20130801,47.45,47.45,47.45,47.45,0.00
20130731,47.45,47.45,47.45,47.45,0.00
20130730,47.45,47.45,47.45,47.45,0.00
20130729,47.45,47.45,47.45,47.45,0.00
20130726,47.45,47.45,47.45,47.45,0.00
20130725,47.45,47.45,47.45,47.45,0.00
20130724,47.45,47.45,47.45,47.45,0.00
20130723,47.45,47.45,47.45,47.45,0.00
20130722,47.45,47.45,47.45,47.45,0.00
20130719,47.45,47.45,47.45,47.45,0.00
20130718,47.45,47.45,47.45,47.45,0.00
20130717,47.45,47.45,47.45,47.45,0.00
20130716,47.45,47.45,47.45,47.45,0.00
20130715,47.45,47.45,47.45,47.45,0.00
20130712,47.45,47.45,47.45,47.45,0.00
20130711,47.45,47.45,47.45,47.45,0.00
20130710,47.45,47.45,47.45,47.45,0.00
20130709,47.45,47.45,47.45,47.45,0.00
20130708,47.45,47.45,47.45,47.45,0.00
20130705,47.45,47.45,47.45,47.45,0.00
20130704,47.45,47.45,47.45,47.45,0.00
20130703,47.45,47.45,47.45,47.45,0.00
20130702,47.45,47.45,47.45,47.45,0.00
20130701,47.45,47.45,47.45,47.45,0.00
20130628,47.45,47.45,47.45,47.45,0.00
20130627,47.45,47.45,47.45,47.45,0.00
20130626,47.45,47.45,47.45,47.45,0.00
20130625,47.45,47.45,47.45,47.45,0.00
20130624,47.45,47.45,47.45,47.45,0.00
20130621,47.45,47.45,47.45,47.45,0.00
20130620,47.45,47.45,47.45,47.45,0.00
20130619,47.45,47.45,47.45,47.45,0.00
20130618,47.45,47.45,47.45,47.45,0.00
20130617,47.45,47.45,47.45,47.45,0.00
20130614,47.45,47.45,47.45,47.45,0.00
20130613,47.45,47.45,47.45,47.45,0.00
20130612,47.45,47.45,47.45,47.45,0.00
20130611,47.45,47.45,47.45,47.45,0.00
20130610,47.45,47.45,47.45,47.45,0.00
20130607,47.45,47.45,47.45,47.45,0.00
20130606,47.45,47.45,47.45,47.45,0.00
20130605,47.45,47.45,47.45,47.45,0.00
20130604,47.45,47.45,47.45,47.45,0.00
20130603,47.45,47.45,47.45,47.45,0.00
20130531,47.45,47.45,47.45,47.45,0.00
20130530,47.45,47.45,47.45,47.45,0.00
20130529,47.45,47.45,47.45,47.45,0.00
20130528,44.17,44.17,44.17,44.17,0.00
20130527,44.17,44.17,44.17,44.17,0.00
20130524,44.17,44.17,44.17,44.17,0.00
20130523,47.45,47.45,47.45,47.45,0.00
20130522,44.17,44.17,44.17,44.17,0.00
20130521,44.17,44.17,44.17,44.17,0.00
20130520,44.17,44.17,44.17,44.17,0.00
20130517,44.17,44.17,44.17,44.17,0.00
20130516,44.17,44.17,44.17,44.17,0.00
20130515,44.17,44.17,44.17,44.17,0.00
20130514,44.17,44.17,44.17,44.17,0.00
20130513,44.17,44.17,44.17,44.17,0.00
20130510,44.17,44.17,44.17,44.17,0.00
20130509,44.17,44.17,44.17,44.17,0.00
20130508,44.17,44.17,44.17,44.17,0.00
20130507,44.17,44.17,44.17,44.17,0.00
20130506,44.17,44.17,44.17,44.17,0.00
20130503,44.17,44.17,44.17,44.17,0.00
20130502,44.17,44.17,44.17,44.17,0.00
20130501,44.17,44.17,44.17,44.17,0.00
20130430,44.17,44.17,44.17,44.17,0.00
20130429,44.17,44.17,44.17,44.17,0.00
20130426,44.17,44.17,44.17,44.17,0.00
20130425,44.17,44.17,44.17,44.17,0.00
20130424,44.17,44.17,44.17,44.17,0.00
20130423,44.17,44.17,44.17,44.17,0.00
20130422,44.17,44.17,44.17,44.17,0.00
20130419,44.17,44.17,44.17,44.17,0.00
20130418,44.17,44.17,44.17,44.17,0.00
20130417,44.17,44.17,44.17,44.17,0.00
20130416,44.17,44.17,44.17,44.17,0.00
20130415,44.17,44.17,44.17,44.17,0.00
20130412,44.17,44.17,44.17,44.17,0.00
20130411,44.17,44.17,44.17,44.17,0.00
20130410,51.83,44.17,51.83,51.83,0.00
20130409,44.17,44.17,44.17,44.17,0.00
20130408,44.17,44.17,44.17,44.17,0.00
20130405,44.17,44.17,44.17,44.17,0.00
20130404,44.17,44.17,44.17,44.17,0.00
20130403,44.17,44.17,44.17,44.17,0.00
20130402,44.17,44.17,44.17,44.17,0.00
20130401,44.17,44.17,44.17,44.17,0.00
20130329,44.17,44.17,44.17,44.17,0.00
20130328,44.17,44.17,44.17,44.17,0.00
20130327,40.15,40.15,40.15,40.15,0.00
20130326,40.15,40.15,40.15,40.15,0.00
20130325,40.15,40.15,40.15,40.15,0.00
20130322,40.15,40.15,40.15,40.15,0.00
20130321,40.15,40.15,40.15,40.15,0.00
20130320,40.15,40.15,40.15,40.15,0.00
20130319,40.15,40.15,40.15,40.15,0.00
20130318,51.10,40.15,51.10,51.10,1600.00
20130315,40.15,40.15,40.15,40.15,0.00
20130314,40.15,40.15,40.15,40.15,0.00
20130313,40.15,40.15,40.15,40.15,0.00
20130312,40.15,40.15,40.15,40.15,0.00
20130311,40.15,40.15,40.15,40.15,0.00
20130308,40.15,40.15,40.15,40.15,0.00
20130307,40.15,40.15,40.15,40.15,0.00
20130306,40.15,40.15,40.15,40.15,0.00
20130305,40.15,40.15,40.15,40.15,0.00
20130304,40.15,40.15,40.15,40.15,0.00
20130301,40.15,40.15,40.15,40.15,0.00
20130228,40.15,40.15,40.15,40.15,0.00
20130227,40.15,40.15,40.15,40.15,0.00
20130226,40.15,40.15,40.15,40.15,0.00
20130225,50.66,40.15,50.66,50.66,200.00
20130222,40.15,40.15,40.15,40.15,0.00
20130221,40.15,40.15,40.15,40.15,0.00
20130220,40.15,40.15,40.15,40.15,0.00
20130219,40.15,40.15,40.15,40.15,0.00
20130218,40.15,40.15,40.15,40.15,0.00
20130215,40.15,40.15,40.15,40.15,0.00
20130214,40.15,40.15,40.15,40.15,0.00
20130213,40.15,40.15,40.15,40.15,0.00
20130212,40.15,40.15,40.15,40.15,0.00
20130211,40.15,40.15,40.15,40.15,0.00
20130208,40.15,40.15,40.15,40.15,0.00
20130207,40.15,40.15,40.15,40.15,0.00
20130206,40.15,40.15,40.15,40.15,0.00
20130205,50.66,40.15,50.66,50.66,100.00
20130204,40.15,40.15,40.15,40.15,0.00
20130201,40.15,40.15,40.15,40.15,0.00
20130131,40.15,40.15,40.15,40.15,0.00
20130130,40.15,40.15,40.15,40.15,0.00
20130129,40.15,40.15,40.15,40.15,0.00
20130128,40.15,40.15,40.15,40.15,0.00
20130125,40.15,40.15,40.15,40.15,0.00
20130124,40.15,40.15,40.15,40.15,0.00
20130123,50.66,40.15,50.66,50.66,200.00
20130122,40.15,40.15,40.15,40.15,0.00
20130121,40.15,40.15,40.15,40.15,0.00
20130118,40.15,40.15,40.15,40.15,0.00
20130117,40.15,40.15,40.15,40.15,0.00
20130116,40.15,40.15,40.15,40.15,0.00
20130115,40.15,40.15,40.15,40.15,0.00
20130114,40.15,40.15,40.15,40.15,0.00
20130111,40.15,40.15,40.15,40.15,0.00
20130110,40.15,40.15,40.15,40.15,0.00
20130109,40.15,40.15,40.15,40.15,0.00
20130108,40.15,40.15,40.15,40.15,0.00
20130107,40.15,40.15,40.15,40.15,0.00
20130104,40.15,40.15,40.15,40.15,0.00
20130103,40.15,40.15,40.15,40.15,0.00
20130102,40.15,40.15,40.15,40.15,0.00
20130101,40.15,40.15,40.15,40.15,0.00
20121231,40.15,40.15,40.15,40.15,0.00
20121228,40.15,40.15,40.15,40.15,0.00
20121227,40.15,40.15,40.15,40.15,0.00
20121225,40.15,40.15,40.15,40.15,0.00
20121224,40.15,40.15,40.15,40.15,0.00
20121221,40.15,40.15,40.15,40.15,0.00
20121220,40.15,40.15,40.15,40.15,0.00
20121219,40.15,40.15,40.15,40.15,0.00
20121218,40.15,40.15,40.15,40.15,0.00
20121217,40.15,40.15,40.15,40.15,0.00
20121214,40.15,40.15,40.15,40.15,0.00
20121213,40.15,40.15,40.15,40.15,0.00
20121212,40.15,40.15,40.15,40.15,0.00
20121211,40.15,40.15,40.15,40.15,0.00
20121210,40.15,40.15,40.15,40.15,0.00
20121207,40.15,40.15,40.15,40.15,0.00
20121206,40.15,40.15,40.15,40.15,0.00
20121205,40.15,40.15,40.15,40.15,0.00
20121204,40.15,40.15,40.15,40.15,0.00
20121203,40.15,40.15,40.15,40.15,0.00
20121130,40.15,40.15,40.15,40.15,0.00
20121129,50.66,40.15,50.66,50.66,0.00
20121128,40.15,40.15,40.15,40.15,0.00
20121127,40.15,40.15,40.15,40.15,0.00
20121126,40.15,40.15,40.15,40.15,0.00
20121123,40.15,40.15,40.15,40.15,0.00
20121122,40.15,40.15,40.15,40.15,0.00
20121121,40.15,40.15,40.15,40.15,0.00
20121120,36.50,36.50,36.50,36.50,0.00
20121119,80.30,80.30,80.30,80.30,0.00
20121116,80.30,80.30,80.30,80.30,0.00
20121115,80.30,80.30,80.30,80.30,0.00
20121114,80.30,80.30,80.30,80.30,0.00
20121113,80.30,80.30,80.30,80.30,0.00
20121112,80.30,80.30,80.30,80.30,0.00
20121109,80.30,80.30,80.30,80.30,0.00
20121108,80.30,80.30,80.30,80.30,0.00
20121107,80.30,80.30,80.30,80.30,0.00
20121106,80.30,80.30,80.30,80.30,0.00
20121105,80.30,80.30,80.30,80.30,0.00
20121102,80.30,80.30,80.30,80.30,0.00
20121101,80.30,80.30,80.30,80.30,0.00
20121031,80.30,80.30,80.30,80.30,0.00
20121030,36.50,36.50,36.50,36.50,0.00
20121029,36.50,36.50,36.50,36.50,0.00
