20160408,910.10544
20160407,1128.95275
20160406,1791.8370799999998
20160405,2224.0653199999997
20160404,2144.62464
20160401,3530.9210999999996
20160331,4245.25514
20160330,2379.6711
20160329,2516.48385
20160328,3375.04024
20160323,2687.8585999999996
20160322,3624.54319
20160321,8146.792939999999
20160318,8606.09862
20160317,1801.785
20160316,4607.7317299999995
20160315,1282.98084
20160314,4685.782859999999
20160311,3126.94965
20160310,3094.4925
20160309,4935.57583
20160308,3104.04
20160304,2585.5431
20160303,3716.05
20160302,8988.87312
20160301,12965.66501
20160229,31055.246239999997
20160226,2337.5838000000003
20160225,982.1589
20160224,1881.2625
20160223,1867.9259000000002
20160222,1323.4431599999998
20160219,2103.4333
20160218,1458.60693
20160217,2413.29184
20160216,1355.5662599999998
20160215,1068.545
20160212,2411.85595
20160211,1381.33953
20160210,629.0133199999999
20160209,1080.7837
20160208,768.21549
20160205,1492.70946
20160204,2043.9439200000002
20160203,1489.8915000000002
20160202,1411.0514699999999
20160201,1810.3899999999999
20160129,1961.7156
20160128,1583.2476000000001
20160127,1016.35275
20160125,1349.7984000000001
20160122,2628.5688
20160121,1051.6752
20160120,1072.91184
20160119,965.54216
20160118,984.4198
20160115,771.01608
20160114,1545.3571000000002
20160113,1039.0548
20160112,750.8856
20160111,784.5764800000001
20160108,1324.8419199999998
20160107,1257.62076
20160106,1717.4079599999998
20160105,534.23844
20160104,1010.8484
20160101,484.2344
20151231,867.4364400000001
20151230,732.5136
20151229,853.2115200000001
20151228,541.44429
20151224,486.51502000000005
20151223,918.7502400000001
20151222,1542.69924
20151221,1631.88152
20151218,1388.09118
20151217,1649.57265
20151216,1573.9108700000002
20151215,1612.92738
20151214,1003.8303000000001
20151211,1513.3059199999998
20151210,1596.20175
20151209,1865.1617
20151208,2982.1253
20151207,7545.7804399999995
20151204,1295.05934
20151203,935.5932000000001
20151202,9442.10444
20151201,1161.26844
20151130,534.2556800000001
20151127,551.3272
20151126,1019.3119
20151124,855.20826
20151123,1043.23446
20151120,809.4881099999999
20151119,3195.08259
20151118,1195.3062000000002
20151117,1871.1979800000001
20151116,2038.30038
20151113,1039.05614
20151111,734.0357300000001
20151110,618.7796099999999
20151109,1037.13456
20151106,866.56888
20151105,2715.2351999999996
20151104,991.9155999999999
20151103,800.8082599999999
20151102,1439.676
20151030,4456.528200000001
20151029,1478.4697199999998
20151028,1620.1862399999998
20151027,1255.1622300000001
20151026,1283.45217
20151023,2962.1203199999995
20151021,765.58476
20151020,757.2312000000001
20151019,2538.44074
20151016,1385.7857800000002
20151015,2767.2623
20151014,937.57608
20151013,1270.79904
20151012,1822.4026000000001
20151009,1768.2442999999998
20151008,2382.87888
20151007,2542.0872
20151006,3813.58745
20151005,1372.5017999999998
20151001,3209.7383999999997
20150930,42793.21896
20150929,1648.795
20150928,973.175
20150924,1696.75572
20150923,1445.0915599999998
20150922,1494.1129
20150921,790.5562
20150918,2039.9904
20150916,937.67808
20150915,948.8671999999999
20150914,2257.00332
20150911,1415.77146
20150910,1505.85642
20150909,2630.9639300000003
20150908,1557.0419400000003
20150907,839.4430600000001
20150904,1037.09866
20150903,1036.3200000000002
20150902,1173.5313099999998
20150901,1213.7426500000001
20150831,1492.59315
20150828,1982.71892
20150827,1855.3046599999998
20150826,1566.5382200000001
20150825,3101.29074
20150824,3284.0715599999994
20150821,1996.84772
20150820,4669.83572
20150819,1541.1324
20150818,3545.8311000000003
20150817,2603.32128
20150814,4745.12007
20150813,1084.6190000000001
20150812,3431.24244
20150811,4608.153
20150810,737.8959700000001
20150807,3711.94908
20150806,972.5558400000001
20150805,1526.6304
20150804,2675.9087999999997
20150803,2763.04878
20150731,6693.72783
20150730,3936.41577
20150729,1995.3743999999997
20150728,2380.5234600000003
20150727,1085.13195
20150724,511.09784999999994
20150723,1137.528
20150722,713.8764299999999
20150721,1009.6774399999999
20150720,1109.8677000000002
20150717,960.08472
20150716,2009.3033999999998
20150715,594.53725
20150714,1484.8776100000002
20150713,1562.03789
20150710,6236.404799999999
20150709,798.92912
20150708,1460.56448
20150707,2828.9456
20150706,1173.1286
20150703,803.48712
20150702,843.5909599999999
20150701,1041.80014
20150630,1242.15768
20150629,1799.32584
20150626,1005.0519400000001
20150625,1165.89635
20150624,4769.476169999999
20150623,1484.83235
20150622,1573.416
20150619,1312.52628
20150618,1127.78172
20150617,1258.53086
20150616,789.70122
20150615,1143.0723
20150612,4749.41544
20150611,1320.0847999999999
20150610,1520.21109
20150609,1724.50756
20150608,756.90216
20150605,2333.86224
20150604,2423.3562300000003
20150603,9874.69384
20150602,2428.91025
20150601,2181.31704
20150529,3559.99683
20150528,1484.91585
20150527,1333.5595
20150526,2190.5695
20150525,3207.71172
20150522,11278.68462
20150521,936.3251200000001
20150520,825.3493000000001
20150519,1268.49135
20150518,2169.01632
20150515,828.4046400000001
20150514,3080.5202
20150513,1718.64888
20150512,1518.23448
20150511,1570.9317899999999
20150508,1592.3450400000002
20150507,3393.63594
20150506,2707.01928
20150505,5726.54013
20150504,1453.5105800000001
20150430,2308.8398
20150429,2100.08596
20150428,1577.2097600000002
20150427,4171.775430000001
20150424,2292.37782
20150423,3929.12676
20150422,1495.80045
20150421,1427.01424
20150420,1297.59081
20150417,1432.9932900000001
20150416,1465.1437600000002
20150415,2606.82508
20150413,1839.2227999999998
20150410,899.61378
20150409,1468.9098000000001
20150408,2404.0679999999998
20150407,1769.18116
20150406,2597.71412
20150401,1831.04512
20150331,9002.80165
20150330,7186.2382800000005
20150327,3520.995
20150326,3064.06276
20150325,41450.74075999999
20150324,2193.2465100000004
20150323,2721.49995
20150320,3003.31742
20150319,2410.80872
20150318,2055.44325
20150317,2320.63356
20150316,3130.8269999999998
20150313,4120.5689
20150312,4769.5143
20150311,2264.728
20150310,3807.5697299999997
20150309,5992.1111
20150305,12950.732339999999
20150304,10935.9018
20150303,9972.56344
20150302,11783.991119999999
20150228,33267.8178
20150227,24610.3524
20150226,2340.18845
20150225,1945.1097000000002
20150224,2953.13256
20150223,1677.1680000000001
20150220,3043.476
20150219,2101.9757
20150218,5284.00506
20150216,4056.5035899999993
20150213,2892.7877
20150212,1252.9946
20150211,886.79199
20150210,2257.6839999999997
20150209,1294.08925
20150206,1727.7745699999998
20150205,2073.26548
20150204,1065.7518
20150203,4588.2972
20150202,1622.1511999999998
20150130,1532.2106800000001
20150129,2448.11424
20150128,1920.6375999999998
20150127,2929.1124
20150123,2792.56081
20150122,13498.04981
20150121,10245.1775
20150120,3166.0543199999997
20150119,1226.2187900000001
20150116,1136.0878
20150115,2165.1428
20150114,4116.83256
20150113,1170.3244
20150112,1357.62412
20150109,2391.20175
20150108,1608.6566599999999
20150107,2332.8143999999998
20150106,4028.7476
20150105,1670.3372399999998
20150102,1074.4557
20150101,725.67112
20141231,852.7941000000001
20141230,553.50081
20141229,916.4835499999999
20141226,927.9219300000001
20141224,2364.79986
20141223,4251.8640000000005
20141222,2154.13914
20141219,2276.6842
20141218,1530.6781600000002
20141217,3744.95424
20141216,2666.61
20141215,1457.5131000000001
20141212,1487.08845
20141211,2007.95806
20141210,1514.4409
20141209,2698.40475
20141208,3296.8674000000005
20141205,3919.5783900000006
20141204,7855.0063
20141203,1046.9217
20141202,802.5099599999999
20141201,4390.7512799999995
20141128,1888.29637
20141127,12923.1984
20141126,2424.38497
20141125,6222.31236
20141124,1169.20944
20141121,1638.9002
20141120,1784.0780799999998
20141119,2124.859
20141118,1677.82472
20141117,1314.5619100000001
20141114,1145.3238000000001
20141113,1261.40472
20141112,1348.7462200000002
20141111,1952.72097
20141110,4687.41988
20141107,9011.290799999999
20141105,1474.4086
20141103,12595.342059999999
20141031,3605.2214799999997
20141030,1151.865
20141029,1140.70866
20141028,1101.34616
20141027,829.6068799999999
20141023,279.2642
20141022,657.90966
20141021,950.90814
20141020,1119.04243
20141017,2375.01334
20141016,1520.55616
20141014,1632.5982000000004
20141013,1037.16225
20141010,1623.55618
20141009,914.86584
20141008,2313.64952
20141007,2350.67138
20141001,5464.249250000001
20140930,1461.0010200000002
20140929,731.6280399999999
20140926,2497.3703800000003
20140925,2580.88872
20140924,3532.98583
20140923,2563.36704
20140922,7813.82316
20140919,1317.2814
20140918,1266.426
20140917,1840.90344
20140916,1429.5731500000002
20140915,727.52862
20140912,1877.38924
20140911,1132.60026
20140910,1666.2515499999997
20140909,1593.2927999999997
20140908,1043.34048
20140905,818.93875
20140904,1127.16483
20140903,2608.3320400000002
20140902,1541.5897600000003
20140901,2101.6848099999997
20140828,898.21584
20140827,906.4364400000001
20140826,1353.4992000000002
20140825,2090.33444
20140822,1222.84415
20140821,1301.02749
20140820,1308.75129
20140819,1018.1741
20140818,1641.3531600000001
20140814,1253.8912
20140813,1709.3005200000002
20140812,688.71324
20140811,743.97238
20140808,715.82637
20140807,1571.9665499999999
20140806,1386.3213
20140805,1293.0005
20140804,919.9936799999999
20140801,921.6954999999999
20140731,3115.79018
20140730,2057.45067
20140728,785.31936
20140725,4681.13621
20140724,1566.4946400000001
20140723,3830.97624
20140722,1749.60573
20140721,1131.24722
20140718,850.6032599999999
20140717,685.98208
20140716,1584.4562
20140715,1614.94565
20140714,1438.7841
20140711,3959.23346
20140710,11637.988749999999
20140709,4441.366279999999
20140708,3393.4244100000005
20140707,3010.5509500000003
20140704,2695.67995
20140703,739.1795000000001
20140702,2544.63807
20140701,5143.3259
20140630,8818.72725
20140627,7345.94302
20140626,4996.245029999999
20140625,2840.35044
20140624,3540.1008
20140623,15481.58495
20140620,1708.5120000000002
20140619,7467.5812399999995
20140618,1991.0910800000001
20140617,1052.896
20140616,1270.05528
20140613,2667.5860399999997
20140612,2290.08318
20140611,4422.963930000001
20140610,6579.61164
20140609,5822.91856
20140606,4721.65107
20140605,6378.64752
20140604,4346.64614
20140603,5202.75574
20140602,4840.2315
20140530,1652.7890999999997
20140529,1967.8573600000002
20140528,2045.2276
20140527,4154.13018
20140526,4889.113549999999
20140523,4271.80278
20140522,1759.53
20140521,4755.94416
20140520,2674.36026
20140519,5710.133400000001
20140516,11329.0975
20140515,2943.38168
20140514,2679.99354
20140513,3561.23361
20140512,3267.34796
20140509,1110.05955
20140508,1083.0647
20140507,933.05212
20140506,1195.52895
20140505,863.0342999999999
20140502,727.75538
20140430,776.853
20140429,3896.7456
20140428,3646.0998999999997
20140425,1735.04604
20140423,1156.32426
20140422,1017.2588499999999
20140421,3251.37894
20140417,1561.57376
20140416,1715.9215499999998
20140415,6660.97227
20140411,11580.95601
20140410,2318.16456
20140409,1310.17696
20140407,700.2855900000001
20140404,2844.59968
20140403,1478.9593499999999
20140402,17270.16334
20140401,7401.832640000001
20140331,1441.3128000000002
20140328,2552.8089800000002
20140327,3066.86985
20140326,2906.4391999999993
20140325,1459.67136
20140324,1990.1126699999998
20140322,97.273
20140321,1201.95792
20140320,1545.61104
20140319,2924.39426
20140318,4084.5508800000002
20140314,1588.6450499999999
20140313,2204.82912
20140312,2561.57616
20140311,1601.6818999999998
20140310,1343.5292
20140307,2054.94904
20140306,1754.49288
20140305,1425.0136
20140304,1566.1836999999998
20140303,1816.7737
20140228,1962.3627
20140226,4624.18476
20140225,595.57696
20140224,743.5919
20140221,862.0629899999999
20140220,2673.83941
20140219,539.9751
20140218,4466.90475
20140217,870.5169
20140214,1185.87699
20140213,851.35603
20140212,1850.40119
20140211,1193.3544
20140210,1610.42442
20140207,2272.6445400000002
20140206,4179.97326
20140205,1659.0901700000002
20140204,2016.6151799999998
20140203,627.485
20140131,975.7475999999999
20140130,2083.1630099999998
20140129,1094.7592
20140128,3140.1304
20140127,1159.6149799999998
20140124,23821.9488
20140123,1196.49748
20140122,824.67606
20140121,3464.4471400000007
20140120,2424.52652
20140117,3272.96055
20140116,1192.5554
20140115,1534.3286199999998
20140114,1362.3188400000001
20140113,1898.8651999999997
20140110,2220.9342300000003
20140109,1638.34592
20140108,1978.50867
20140107,2340.77984
20140106,3037.2632
20140103,7012.168380000001
20140102,1203.5
20140101,597.14184
20131231,774.9826200000001
20131230,1047.5728800000002
20131227,1649.5602600000002
20131226,3374.7461800000005
20131224,806.0682
20131223,1632.27888
20131220,2310.192
20131219,4472.2028
20131218,1351.4086399999999
20131217,1252.3442400000001
20131216,9793.270349999999
20131213,1441.52272
20131212,1329.56505
20131211,1756.7847000000002
20131210,2200.6096000000002
20131209,1383.19696
20131206,4453.805069999999
20131205,2460.80937
20131204,1100.54496
20131203,2782.3660800000002
20131202,1079.52954
20131129,1721.15528
20131128,1530.98677
20131127,1039.54415
20131126,1905.0544
20131125,1678.9444799999999
20131122,5624.2292800000005
20131121,1972.28101
20131120,815.8284
20131119,1126.76256
20131118,2342.332
20131114,1292.4221099999997
20131113,1482.0861799999998
20131112,1195.6677200000001
20131111,1333.7725500000001
20131108,1805.2450200000003
20131107,2519.8750200000004
20131106,2035.91577
20131105,5222.81404
20131103,918.0928
20131101,2358.7100199999995
20131031,1555.70388
20131030,4267.099499999999
20131029,7429.0271999999995
20131028,3671.9829
20131025,2841.6276
20131024,2505.5013
20131023,1733.1583
20131022,6288.107309999999
20131021,2667.42362
20131018,3214.94082
20131017,1401.65142
20131015,1442.9758
20131014,850.0272000000001
20131011,1628.30004
20131010,2322.8046
20131009,2647.7889899999996
20131008,5377.65048
20131007,5743.49394
20131004,2812.72714
20131003,2232.20284
20131001,1656.88512
20130930,1887.1750499999998
20130927,5452.9092
20130926,1856.60034
20130925,3100.7576200000003
20130924,1772.5859200000002
20130923,1566.65934
20130920,2298.43416
20130919,3379.9982400000004
20130918,1934.7728399999996
20130917,1677.61664
20130916,3328.97148
20130913,3856.73897
20130912,4834.7237000000005
20130911,2895.1071799999995
20130910,3408.61094
20130906,2230.9455000000003
20130905,2180.0502
20130904,5184.5653
20130903,9692.752439999998
20130902,2168.8185399999998
20130830,4975.04312
20130829,2986.92825
20130828,6085.48824
20130827,5458.051060000001
20130826,4064.9309999999996
20130823,5103.456389999999
20130822,3885.1648800000003
20130821,7321.28712
20130820,5194.032639999999
20130819,3473.9298
20130816,3913.4316
20130814,2236.2318999999998
20130813,3275.3620800000003
20130812,2339.15895
20130808,1328.84049
20130807,2149.29666
20130806,1352.53404
20130805,1444.3695
20130802,2074.70626
20130801,2677.5195900000003
20130731,2832.92646
20130730,1363.2468
20130729,1874.8903500000001
20130726,4426.556790000001
20130725,22082.19772
20130724,2703.7646999999997
20130723,1761.91437
20130722,989.2692000000001
20130719,2301.6879599999997
20130718,2885.11652
20130717,2848.3641000000002
20130716,2492.8371199999997
20130715,1506.7815600000001
20130712,981.4240799999999
20130711,3160.4768
20130710,1135.26944
20130709,1401.67292
20130708,2124.55928
20130705,2547.4725
20130704,3339.86562
20130703,1945.85832
20130702,2311.43892
20130701,3716.1503799999996
20130628,2020.0502400000003
20130627,1712.07619
20130626,6650.313900000001
20130625,4917.0132
20130624,7420.210799999999
20130621,3949.265
20130620,7355.0725
20130619,2847.48852
20130618,3586.1520100000007
20130617,4108.05248
20130614,2282.99264
20130613,5569.7121400000005
20130612,5355.623
20130611,4808.535000000001
20130610,1818.4556
20130607,2407.9057000000003
20130606,1578.7966599999997
20130605,2038.21161
20130604,1467.7335
20130603,3208.45906
20130531,4021.09962
20130530,4065.86194
20130529,1502.4504000000002
20130528,1940.75064
20130527,1162.8119199999999
20130524,2957.3817599999998
20130523,1548.58561
20130522,1887.7163199999998
20130521,1330.2222000000002
20130520,2319.32336
20130517,7775.38125
20130516,1792.7976
20130515,2996.13433
20130514,1990.2921900000001
20130513,3697.3345
20130511,207.63288
20130510,2273.958
20130509,1380.7049200000001
20130508,2070.15129
20130507,1633.9991799999998
20130506,813.7726100000001
20130503,8160.85017
20130502,1975.53485
20130430,3537.9809299999997
20130429,1635.955
20130426,1270.7376
20130425,2447.1271800000004
20130423,835.78413
20130422,1315.5503999999999
20130418,2528.32868
20130417,2166.25983
20130416,1477.1735999999999
20130415,1098.31934
20130412,2588.6406
20130411,1059.7319
20130410,2037.64912
20130409,867.84824
20130408,1402.20796
20130405,1728.78688
20130404,1005.537
20130403,810.89932
20130402,693.2178399999999
20130401,1197.1173599999997
20130328,3612.0395699999995
20130326,1529.3509000000001
20130325,1411.8198600000003
20130322,1224.0611999999999
20130321,1577.6284200000002
20130320,1971.09108
20130319,1962.8355999999999
20130318,1346.0189
20130315,1545.5122999999999
20130314,1688.82611
20130313,2076.88065
20130312,1229.97798
20130311,938.1672700000001
20130308,1251.6691999999998
20130307,2025.0851599999999
20130306,1236.27378
20130305,930.09724
20130304,1451.0043
20130301,1470.2716
20130228,5374.6992
20130227,1039.47392
20130226,931.7094000000001
20130225,936.33414
20130222,1089.61406
20130221,1600.8762
20130220,1233.0544
20130219,442.12216
20130218,517.9581000000001
20130215,461.52687999999995
20130214,517.0986
20130213,630.64147
20130212,1146.39263
20130211,939.94064
20130208,850.99338
20130207,525.7959000000001
20130206,749.2928
20130205,403.5364
20130204,881.55628
20130201,5717.646359999999
20130131,2356.06175
20130130,2708.30296
20130129,3474.5855199999996
20130128,2489.7825
20130125,1470.6106800000002
20130124,3893.0773499999996
20130123,1340.29082
20130122,1079.44595
20130121,2025.0124500000002
20130118,6075.5324200000005
20130117,1473.74703
20130116,949.96966
20130115,1920.5336399999999
20130114,1132.3596
20130111,4254.91864
20130110,1225.5328900000002
20130109,1564.8242799999998
20130108,1605.8504000000003
20130107,1684.35966
20130104,1289.6253
20130103,1208.43702
20130102,1487.87975
20130101,643.7103
20121231,762.93025
20121228,1560.58522
20121227,3371.5935000000004
20121226,1105.5206400000002
20121224,1596.3532199999997
20121221,2206.63295
20121220,1909.7940899999999
20121219,6340.4686599999995
20121218,1191.827
20121217,5263.80766
20121214,1245.43468
20121213,4157.403960000001
20121212,1036.73856
20121211,1605.6375
20121210,672.5341500000001
20121207,1593.8551400000001
20121206,2158.4788500000004
20121205,2764.8116
20121204,4546.08245
20121203,946.1134999999999
20121130,983.0613999999999
20121129,1050.2122
20121127,1739.25273
20121126,456.88044
20121123,423.8269
20121122,962.0321500000001
20121121,1162.6391700000001
20121120,973.33236
20121119,1201.07764
20121116,1903.68576
20121115,929.4640400000001
20121113,422.50676999999996
20121112,469.99926
20121109,1525.91049
20121108,636.4332800000001
20121107,1018.7040599999999
20121106,690.1708800000001
20121105,1089.9348
20121102,1180.05426
20121101,2861.8127999999997
20121031,878.08341
20121030,1462.5733599999999
20121029,1309.6477799999998
20121026,618.4526000000001
20121025,1039.0395199999998
20121023,961.47666
20121022,1686.03552
20121019,6349.701999999999
20121018,1136.6120700000001
20121017,864.0595200000001
20121016,1117.0107600000001
20121015,1171.42389
20121012,627.72408
20121011,1134.39519
20121010,607.8324100000001
20121009,1111.84704
20121008,1821.1359999999997
20121005,2533.6073
20121004,4864.184499999999
20121003,1621.82672
20121001,1525.9005900000002
20120928,2855.62746
20120927,2198.0732100000005
20120926,1006.1207799999999
20120925,1532.8380599999998
20120924,1267.92263
20120921,1286.92179
20120920,918.819
20120918,1389.9764
20120917,4433.3645400000005
20120914,1211.15302
20120913,491.39168
20120912,1209.44695
20120911,497.65935
20120910,521.91768
20120908,95.5521
20120907,701.3852999999999
20120906,881.07024
20120905,2430.9748799999998
20120904,508.75631999999996
20120903,772.88355
20120831,643.53536
20120830,1722.86224
20120829,968.7926
20120828,962.40977
20120827,866.2620000000001
20120824,1156.8641999999998
20120823,735.9129800000001
20120822,1023.3134999999999
20120821,525.5838
20120817,1005.86205
20120816,2517.835
20120814,873.2998799999999
20120813,421.45410999999996
20120810,7467.930719999999
20120809,1539.2260999999999
20120808,744.00312
20120807,6870.662399999999
20120806,408.79514000000006
20120803,353.50674
20120802,5563.04424
20120801,449.76477
20120731,1378.56983
20120730,992.83886
20120727,1180.70792
20120726,5504.246
20120725,1459.81029
20120724,574.61636
20120723,393.1533
20120720,268.58272
20120719,528.88196
20120718,513.95724
20120717,957.46334
20120716,406.14336000000003
20120713,397.48015999999996
20120712,605.55475
20120711,609.1369500000001
20120710,1714.65462
20120709,930.71776
20120706,967.3286999999999
20120705,699.55552
20120704,1058.4932700000002
20120703,1985.6683000000003
20120702,1448.876
20120629,1887.776
20120628,2801.24735
20120627,469.02912
20120626,574.68565
20120625,906.6719999999999
20120622,904.5650400000001
20120621,962.7832
20120620,1188.0115199999998
20120619,1440.8432500000001
20120618,721.8981
20120615,703.5790599999999
20120614,1730.83436
20120613,800.52557
20120612,1222.84125
20120611,693.08736
20120608,1505.28684
20120607,607.39136
20120606,1593.4245600000002
20120605,959.36482
20120604,614.4912
20120601,636.00258
20120531,1307.39558
20120530,444.312
20120529,645.0509999999999
20120528,698.72781
20120525,4024.54833
20120524,2074.3421
20120523,987.28882
20120522,4177.37408
20120521,506.6005
20120518,980.0745000000001
20120517,1872.13572
20120516,1009.3892499999998
20120515,3507.33474
20120514,751.61691
20120511,1035.3437000000001
20120510,1573.8817600000002
20120509,3151.48547
20120508,1568.48964
20120507,772.2124200000001
20120504,990.9705599999999
20120503,533.0183999999999
20120502,520.1716799999999
20120430,474.75071999999994
20120428,107.32770000000001
20120427,2325.67929
20120426,2414.39275
20120425,1340.5988000000002
20120424,776.2003199999999
20120423,2709.56532
20120420,1183.02786
20120419,1299.22117
20120418,1547.88692
20120417,1791.97254
20120416,2131.70508
20120413,4575.7493
20120412,1911.6105200000002
20120411,686.5653
20120410,868.25645
20120409,543.05447
20120404,1227.62112
20120403,648.91476
20120402,1834.1189100000001
20120330,2212.9485
20120329,1247.86346
20120328,3155.1485000000002
20120327,2953.87667
20120326,3032.4672
20120323,1056.1131
20120322,3917.80769
20120321,1975.0422
20120320,6142.3869
20120319,6765.54776
20120316,22186.84864
20120315,3157.2132
20120314,4141.10824
20120313,824.90926
20120312,425.12597999999997
20120309,1278.39015
20120307,2388.13575
20120306,1419.0356199999999
20120305,786.0542800000001
20120303,45.78208
20120302,2135.69862
20120301,1621.24746
20120229,2541.79664
20120228,2421.0237599999996
20120227,5302.27884
20120224,1877.5897200000002
20120223,2110.6725699999997
20120222,3203.1465200000002
20120221,4805.06184
20120217,1734.43063
20120216,592.3827
20120215,2147.29842
20120214,951.4980899999999
20120213,1259.3668499999999
20120210,1144.39815
20120209,1711.6344
20120208,6384.5712699999995
20120207,3600.09636
20120206,1980.3388800000002
20120203,1345.9084
20120202,2829.25395
20120201,1286.99494
20120131,1532.84985
20120130,1027.6353399999998
20120127,852.3456699999999
20120125,716.20914
20120124,1986.7463400000001
20120123,1576.13715
20120120,5387.69075
20120119,1031.88475
20120118,1902.41186
20120117,956.4191500000001
20120116,1117.59292
20120113,1065.60355
20120112,690.5304
20120111,635.5076
20120110,623.2562800000001
20120109,447.78402
20120107,43.41792
20120106,726.2018400000001
20120105,800.44287
20120104,363.12135
20120103,287.649
20120102,530.04744
20111230,362.7468
20111229,273.56826
20111228,296.65448000000004
20111227,687.95974
20111226,728.64986
20111223,522.38025
20111222,820.10834
20111221,2142.97512
20111220,2212.1464499999997
20111219,812.76832
20111216,853.0721100000001
20111215,904.1274
20111214,1084.194
20111213,2406.45
20111212,2023.6795299999999
20111209,717.3864
20111208,1358.8965799999999
20111207,809.5616
20111205,453.71689
20111202,27817.77822
20111201,766.0630000000001
20111130,1055.5407
20111129,870.1466999999999
20111128,4482.98874
20111125,1098.30284
20111124,1535.7080199999998
20111123,1156.4335
20111122,6950.80464
20111121,2758.24967
20111118,972.2864799999999
20111117,701.2716399999999
20111116,983.15399
20111115,635.7525599999999
20111114,656.06848
20111111,1078.41786
20111109,1585.2407999999998
20111108,679.63176
20111104,1299.3773199999998
20111103,674.09172
20111102,2596.63968
20111101,6317.540959999999
20111031,997.33132
20111028,2436.4185199999997
20111026,578.16232
20111025,1965.4465799999998
20111024,2566.0416000000005
20111021,1453.66068
20111020,549.2337
20111019,1132.7434799999999
20111018,520.3382399999999
20111017,763.0538700000001
20111014,1408.807
20111013,625.30712
20111012,7867.29195
20111011,3915.6436799999997
20111010,1008.7555
20111007,1522.45324
20111005,1123.5627200000001
20111004,789.159
20111003,598.99888
20110930,980.19425
20110929,2127.86808
20110928,2041.4876800000002
20110927,1327.0965500000002
20110926,1817.07296
20110923,1538.1247700000001
20110922,1449.2308199999998
20110921,295.86511
20110920,501.13926
20110919,1302.3225499999999
20110916,1123.66614
20110915,751.0091
20110914,1102.11465
20110913,644.74298
20110912,767.2579999999999
20110909,1019.22105
20110908,989.4239
20110907,578.74952
20110906,425.91744
20110905,1342.26522
20110902,1316.40907
20110830,1280.46109
20110829,1165.4836699999998
20110826,702.77577
20110825,563.60345
20110824,1626.0333
20110823,837.71746
20110822,795.74976
20110819,1530.5912999999998
20110818,1387.6792400000002
20110817,2749.6665
20110816,1929.1209900000001
20110812,665.86828
20110811,805.50008
20110810,2562.2555599999996
20110809,3412.54391
20110808,1794.0164799999998
20110805,3129.3914999999997
20110804,1897.28658
20110803,1448.3392000000001
20110802,1003.8633000000001
20110801,3218.0882500000002
20110729,3242.6745
20110728,4003.3592399999998
20110727,595.3272000000001
20110726,1152.65638
20110725,1016.37228
20110722,2992.1045000000004
20110721,1996.9568
20110720,3628.6058599999997
20110719,1034.5040999999999
20110718,498.78192000000007
20110715,594.2305
20110714,1583.3286
20110713,2597.31694
20110712,968.1462
20110711,3244.2137
20110708,1384.9668000000001
20110707,1706.97367
20110706,713.3390400000001
20110705,2299.93764
20110704,757.46848
20110701,1718.51544
20110630,2340.91448
20110629,2799.39178
20110628,751.437
20110627,1313.6723599999998
20110624,3227.67634
20110623,2419.2006
20110622,1012.73977
20110621,513.21342
20110620,739.14687
20110617,676.40118
20110616,987.7860000000001
20110615,2048.625
20110614,1023.3843100000001
20110613,1321.8353599999998
20110610,1361.3351400000001
20110609,861.5191899999999
20110608,1144.3929699999999
20110607,972.8323800000002
20110606,496.88418
20110603,3419.5701299999996
20110602,2203.57136
20110601,971.5559999999999
20110531,2461.33696
20110530,1315.54176
20110527,627.65692
20110526,2359.4534400000002
20110525,1058.5934399999999
20110524,833.7340200000001
20110523,2716.59931
20110520,10384.0118
20110519,5590.7574
20110518,1033.84464
20110517,1227.69356
20110516,575.5779900000001
20110513,1674.73565
20110512,457.82802000000004
20110511,819.12384
20110510,2165.4474
20110509,1283.51566
20110506,1033.64618
20110505,938.41768
20110504,1018.74234
20110503,832.21404
20110502,1828.6114400000001
20110429,971.7769100000002
20110428,1112.706
20110427,987.58392
20110426,2279.88672
20110425,1204.07176
20110421,2318.86314
20110420,1450.54308
20110419,1039.19298
20110418,1957.671
20110415,2375.88248
20110413,3334.6508999999996
20110411,2968.2467500000002
20110408,1462.75844
20110407,825.0896999999999
20110406,4994.27064
20110405,1848.18225
20110404,843.73965
20110401,1436.93776
20110331,3236.86368
20110330,1666.6455600000002
20110329,3674.10307
20110328,1893.72435
20110325,4158.9227
20110324,3339.93237
20110323,2019.194
20110322,1974.28266
20110321,1576.0479
20110318,1070.55558
20110317,1309.90043
20110316,841.17625
20110315,1183.3151
20110314,2839.99868
20110311,3236.48318
20110310,3360.00984
20110309,2461.17663
20110308,1419.36132
20110307,2208.89901
20110304,2035.1518
20110303,6051.2104899999995
20110301,5097.1107600000005
20110228,11120.91488
20110225,1039.67641
20110224,2117.7528
20110223,3004.67926
20110222,564.7312000000001
20110221,756.83195
20110218,1304.6194200000002
20110217,1805.95136
20110216,485.35992
20110215,799.50504
20110214,1477.5827500000003
20110211,1047.07029
20110210,1245.0466
20110209,871.5765
20110208,1322.53612
20110207,1234.19592
20110204,9018.236760000002
20110203,898.94544
20110202,1230.9157599999999
20110201,2695.16268
20110131,1316.63334
20110128,1432.0396
20110127,606.03156
20110125,582.82948
20110124,1339.1003400000002
20110121,2900.0038200000004
20110120,2146.4934399999997
20110119,4305.04525
20110118,1299.8363200000001
20110117,3416.3914600000003
20110114,1537.23843
20110113,724.25124
20110112,1273.2519200000002
20110111,8520.14226
20110110,782.19284
20110107,1129.24313
20110106,1223.23336
20110105,2598.36526
20110104,1720.30352
20110103,576.7632000000001
20101231,644.1066000000001
20101230,3316.83133
20101229,1876.4363999999998
20101228,1246.43015
20101227,823.76184
20101224,2429.91376
20101223,380.67126
20101222,607.399
20101221,853.5774
20101220,447.09852000000006
20101216,612.95976
20101215,521.30964
20101214,786.4480000000001
20101213,1778.4664899999998
20101210,828.32902
20101209,691.1071199999999
20101208,1424.66589
20101207,1351.49193
20101206,574.0944000000001
20101203,4271.3706999999995
20101202,1374.3741200000002
20101201,1290.75405
20101130,1750.7966999999999
20101129,1515.3947099999998
20101126,1327.1243
20101125,665.51619
20101124,1600.3807600000002
20101123,1358.2782
20101122,1240.69762
20101119,1112.92538
20101118,1601.2330000000002
20101116,713.7612
20101115,670.9014000000001
20101112,1374.09232
20101111,644.2151000000001
20101110,2318.5745
20101109,1055.7302200000001
20101108,573.44375
20101105,375.8755
20101104,2142.56679
20101103,1768.6528
20101102,887.92956
20101101,934.5267
20101029,5333.3596800000005
20101028,2068.7304
20101027,1183.84775
20101026,990.1504200000002
20101025,2286.95646
20101022,672.25656
20101021,1220.04412
20101020,1105.9540800000002
20101019,2355.7891
20101018,2277.53937
20101015,975.888
20101014,2597.86112
20101013,1576.86499
20101012,1363.55856
20101011,1161.39943
20101008,3455.02806
20101007,5190.83304
20101006,1135.5972800000002
20101005,2215.0483200000003
20101004,3082.81716
20101001,2486.70379
20100930,3077.855
20100929,1470.6622499999999
20100928,1018.58163
20100927,1869.7519800000002
20100924,3253.156
20100923,2795.67834
20100922,3419.9685
20100921,3211.6160399999994
20100920,6481.965940000001
20100917,2057.978
20100916,1753.4348000000002
20100915,2416.2138600000003
20100914,2264.4867
20100913,1660.0013099999996
20100909,994.3102399999999
20100908,1280.7094499999998
20100907,921.47864
20100906,2351.64766
20100903,1424.7513
20100902,1389.7602
20100901,835.40772
20100831,1731.2097600000002
20100830,775.82594
20100827,1168.80015
20100826,2089.96469
20100825,1575.9408
20100824,1020.4331999999999
20100823,1436.1341499999999
20100820,1580.70165
20100819,1340.9608499999997
20100818,2891.3568499999997
20100817,1199.1146999999999
20100816,859.6803199999999
20100813,1206.22722
20100812,2716.3896
20100811,1061.76406
20100810,1042.42168
20100809,899.23578
20100806,1130.88168
20100805,1397.1724800000002
20100804,812.2103999999999
20100803,1656.85674
20100802,3579.2789800000005
20100730,3617.5296000000003
20100729,1700.55192
20100728,1486.79106
20100727,1420.3665000000003
20100726,1520.31102
20100723,1783.5928
20100722,4295.92788
20100721,1223.0309
20100720,1001.7992399999999
20100719,2366.94612
20100716,1005.3351
20100715,796.56192
20100714,1056.37024
20100713,1720.8668400000001
20100712,1024.1253
20100709,1006.9113599999998
20100708,1142.7231900000002
20100707,738.0608100000001
20100706,2581.27245
20100705,1063.97544
20100702,1006.52229
20100701,886.09577
20100630,1867.4604
20100629,1716.5313999999998
20100628,1495.15654
20100625,1312.4159399999999
20100624,2289.00309
20100623,1884.9869999999999
20100622,2297.8268000000003
20100621,3092.98374
20100618,5723.3150000000005
20100617,2359.3996
20100616,2672.1012499999997
20100615,3987.9584999999997
20100614,1546.82955
20100611,1085.94705
20100610,1327.76064
20100609,5447.392859999999
20100608,2194.3934999999997
20100607,1419.73245
20100604,1798.7838000000002
20100603,1462.91166
20100602,948.1605
20100601,1157.8116000000002
20100531,1356.894
20100528,2433.45552
20100527,2288.9078799999997
20100526,1670.0925599999998
20100525,3815.3606400000003
20100524,5048.84786
20100521,12132.38184
20100520,2957.09832
20100519,703.29636
20100518,522.7329599999999
20100517,878.6363399999999
20100514,1762.7862000000002
20100513,867.75028
20100512,739.2388699999999
20100511,1903.2832799999999
20100510,539.5824
20100507,624.66577
20100506,777.6717199999999
20100505,857.2283999999999
20100504,2757.701
20100503,542.74608
20100430,804.5865600000001
20100429,1084.49875
20100428,1828.04776
20100427,1444.9216800000002
20100426,500.46464000000003
20100423,2397.8688399999996
20100422,1189.70937
20100421,596.19
20100420,582.077
20100419,883.1444700000001
20100416,1094.3384
20100415,754.8269
20100413,572.7770399999999
20100412,1194.7198400000002
20100409,1161.64256
20100408,1110.34386
20100407,2199.83296
20100406,1094.4375999999997
20100405,709.04788
20100401,490.19148
20100331,1044.98746
20100330,934.5924
20100329,10042.03137
20100326,1014.73718
20100325,1447.0821600000002
20100323,2497.33055
20100322,752.73294
20100319,1134.9639
20100318,853.28208
20100317,2511.6459199999995
20100316,620.6276999999999
20100315,1545.3317100000002
20100312,1985.588
20100311,1148.9788600000002
20100310,3760.13848
20100309,1424.8806
20100308,2831.78736
20100305,1725.70828
20100304,2451.9234
20100303,1697.59406
20100302,6284.11432
20100226,11204.79204
20100225,467.68896
20100224,928.1503
20100223,2087.02445
20100222,1223.86704
20100219,400.62330000000003
20100218,461.04669
20100217,589.0422
20100216,620.83854
20100215,496.39680000000004
20100211,623.90532
20100210,616.79394
20100209,1306.5464
20100208,1050.21126
20100206,179.28230000000002
20100205,1162.6004100000002
20100204,1924.77488
20100203,1678.57864
20100202,1691.74005
20100201,1340.22572
20100129,1074.8345000000002
20100128,2092.92445
20100127,4840.03359
20100125,2730.72338
20100122,3640.62377
20100121,1323.3528000000001
20100120,1222.4246400000002
20100119,1168.75935
20100118,876.9934499999999
20100115,1777.2729
20100114,4322.93366
20100113,3371.42016
20100112,1829.93694
20100111,1639.88202
20100108,1033.74928
20100107,1527.174
20100106,1248.3668
20100105,1509.80455
20100104,1926.7893500000002
20091231,1545.81068
20091230,951.9539500000001
20091229,734.81364
20091224,1330.8498
20091223,4060.66136
20091222,811.58466
20091221,3109.63818
20091218,1182.3581
20091217,1328.4200700000001
20091216,643.3350399999999
20091215,1015.182
20091214,962.07776
20091211,947.27056
20091210,2438.8246
20091209,2240.8594
20091208,1180.5213
20091207,987.48576
20091204,1426.54071
20091203,1317.44
20091202,1056.0736
20091201,720.692
20091130,1209.40703
20091127,1340.19413
20091126,2575.0584
20091125,1974.0927500000003
20091124,2992.46706
20091123,5953.592320000001
20091120,1502.78359
20091119,2562.044
20091118,1741.9502100000002
20091117,655.3204999999999
20091116,1028.2131000000002
20091113,984.9799
20091112,1025.784
20091111,4766.378189999999
20091110,1890.6140500000001
20091109,1456.65324
20091106,1303.57707
20091105,2495.34264
20091104,1849.33356
20091103,1094.4689700000001
20091030,2307.64545
20091029,2168.61705
20091028,3897.0728799999997
20091027,2511.449
20091026,3375.3905999999997
20091023,6046.3983
20091022,882.53935
20091021,1017.3610800000001
20091020,1684.9209
20091017,459.84144
20091016,799.1403
20091015,1370.596
20091014,2455.07164
20091012,3174.484
20091009,1244.48632
20091008,2417.1186
20091007,2092.93796
20091006,3794.2456500000003
20091005,2938.43556
20091001,1004.43892
20090930,984.04268
20090929,1956.64698
20090925,1543.06218
20090924,1202.922
20090923,1855.69748
20090922,2056.554
20090918,3722.0128000000004
20090917,3434.64514
20090916,3717.7942000000003
20090915,1255.69464
20090914,3173.42058
20090911,2849.0395200000003
20090910,1264.5011399999999
20090909,2513.52288
20090908,1321.90262
20090907,2637.4348000000005
20090904,1508.24766
20090903,1246.4440499999998
20090902,1343.019
20090901,1496.9298199999998
20090831,2310.21336
20090828,1177.56884
20090827,1192.83535
20090826,1396.5256200000001
20090825,1610.26875
20090824,2525.21412
20090821,1498.98273
20090820,847.4689999999999
20090819,1489.41928
20090818,1981.3779999999997
20090817,1641.99922
20090814,1964.6334900000002
20090813,2078.8662000000004
20090812,1771.7979
20090811,2726.2842
20090810,3796.722
20090807,2237.169
20090806,2722.5825
20090805,2156.97828
20090804,2888.73585
20090803,1276.32212
20090731,5229.70068
20090730,2487.3156
20090729,2471.58006
20090728,3363.86167
20090727,3845.8912499999997
20090724,2667.8367
20090723,11353.73883
20090722,2109.3507
20090721,1760.35949
20090720,2612.2722999999996
20090717,6100.8749
20090716,2132.7724
20090715,3056.38368
20090714,2216.39075
20090713,3037.93455
20090710,1840.28387
20090709,3588.2518400000004
20090708,4475.54492
20090707,11766.374759999999
20090706,7013.91147
20090703,4303.07856
20090702,1132.71588
20090701,860.3766599999999
20090630,1349.7020599999998
20090629,1182.72595
20090626,1723.8167999999998
20090625,2306.0525599999996
20090624,1883.4384300000002
20090623,2597.94222
20090622,3129.52185
20090619,1628.84876
20090618,1160.43326
20090617,1863.0519599999998
20090616,2808.0686400000004
20090615,2006.7791799999998
20090612,3873.2616000000003
20090611,5381.78675
20090610,7962.276800000001
20090609,3750.4471000000003
20090608,7075.728
20090605,11032.622360000001
20090604,6278.115470000001
20090603,9040.52786
20090602,6440.392199999999
20090601,5637.7347
20090529,4144.7235
20090528,1704.46464
20090527,8985.3408
20090526,2949.26643
20090525,2791.34654
20090522,3372.0658500000004
20090521,2768.37903
20090520,1460.58957
20090519,3879.54938
20090518,15.841349999999998
20090515,1232.46192
20090514,338.08380000000005
20090513,715.76703
20090512,1062.61928
20090511,526.75048
20090508,714.6711
20090507,1395.53232
20090506,1381.42476
20090505,1337.07747
20090504,4998.21003
20090429,722.46768
20090428,1371.7954800000002
20090427,835.64564
20090424,672.8719199999999
20090423,807.60036
20090422,728.67312
20090421,1430.573
20090420,1845.55388
20090417,4818.894
20090416,2443.8533
20090415,3032.1427300000005
20090413,959.88576
20090409,1844.92539
20090408,4751.66432
20090406,2915.93349
20090402,3954.05084
20090401,1928.1693200000002
20090331,1917.57566
20090330,1667.1626399999998
20090327,1017.26034
20090326,3013.0043
20090325,1901.0781
20090324,4283.1432
20090323,1543.3928799999999
20090320,345.62616
20090319,1276.3937
20090318,1369.24528
20090317,1994.62155
20090316,1187.10573
20090313,738.60258
20090312,2194.8057
20090309,1285.40256
20090306,1798.2469899999999
20090305,3863.0643499999996
20090304,2049.57287
20090303,4515.82644
20090302,887.0676599999999
20090227,1424.92305
20090226,2056.1202999999996
20090225,4185.31235
20090224,604.01547
20090220,1115.28855
20090219,576.36378
20090218,1275.15552
20090217,2087.2963999999997
20090216,1904.68557
20090213,698.2248
20090212,767.31493
20090211,749.23218
20090210,1380.1954199999998
20090209,1075.7238399999999
20090206,997.6061300000001
20090205,1175.05452
20090204,1834.86684
20090203,2338.12088
20090202,806.32848
20090130,2347.19551
20090129,1590.14583
20090128,1862.70766
20090127,863.41232
20090123,754.4090400000001
20090122,853.6974999999999
20090121,1420.4857600000003
20090120,772.0336800000001
20090119,2933.43962
20090116,1711.14874
20090115,918.20583
20090114,544.4683200000001
20090113,877.4858399999999
20090112,981.059
20090109,1001.3659200000001
20090107,1945.06099
20090106,645.2514
20090105,1337.06768
20090102,1896.9012000000002
20090101,1275.0896200000002
20081231,936.7109200000001
20081230,1618.8129900000001
20081229,1448.22636
20081226,721.2014599999999
20081224,1224.78174
20081223,1728.24455
20081222,1796.4044
20081219,3053.51404
20081218,2072.22888
20081217,3482.1929999999998
20081216,1132.34062
20081215,1682.9769800000001
20081212,1657.4138400000002
20081211,1948.04016
20081210,1163.74712
20081208,1438.4598700000001
20081205,893.2248000000001
20081204,2007.56583
20081203,1461.25848
20081202,2134.39228
20081201,15290.63232
20081128,2854.9098000000004
20081126,2046.3433200000002
20081125,836.9747199999999
20081124,1859.6725000000001
20081121,1713.2779999999998
20081120,1537.9379199999998
20081119,2380.6331999999998
20081118,2279.8003200000003
20081117,1497.5682899999997
20081114,2532.7722
20081112,3010.1384600000006
20081111,2189.0925
20081110,2473.88572
20081107,2149.6614299999997
20081106,1910.0092000000002
20081105,2834.0577000000003
20081104,2255.3196
20081103,1727.67712
20081031,4669.09152
20081029,2017.5172
20081028,327.54699000000005
20081027,2889.85563
20081024,2496.7747200000003
20081023,1905.0444000000002
20081022,2502.2306399999998
20081021,3753.6216000000004
20081020,2405.1646499999997
20081017,1420.08177
20081016,3778.5980099999997
20081015,2596.8732
20081014,2084.10709
20081013,2780.70354
20081010,13320.192560000001
20081008,6220.20518
20081007,7659.07931
20081006,2036.55564
20081003,2861.15814
20081001,1620.70578
20080930,4603.4108400000005
20080929,2411.259
20080926,3492.7655099999997
20080925,2197.1956
20080924,11651.343
20080923,860.2783200000001
20080922,8425.179839999999
20080919,5372.70784
20080918,2747.8368
20080917,1962.1407399999998
20080916,1100.46202
20080915,2342.7625199999998
20080912,1945.56
20080911,2232.57918
20080910,934.94368
20080909,1073.912
20080908,4139.39052
20080905,716.4633
20080904,814.077
20080902,2743.35291
20080901,1017.44672
20080829,1375.15356
20080828,673.08735
20080827,506.6616
20080826,2404.37912
20080825,559.797
20080822,680.06881
20080821,874.52688
20080820,765.00711
20080819,959.76611
20080818,4903.57608
20080814,729.69925
20080813,689.15584
20080812,3348.7352999999994
20080811,1000.629
20080808,1367.1325800000002
20080807,2700.6150000000002
20080806,1668.2734900000003
20080805,2624.0102500000003
20080804,1056.30124
20080801,1171.9914999999999
20080731,13020.146550000001
20080730,2659.1506500000005
20080729,2964.8136
20080728,1659.7050399999998
20080725,1064.36885
20080724,1538.7081
20080723,9055.02774
20080722,4339.623
20080721,4624.58385
20080718,2309.6425
20080717,1308.3598800000002
20080716,2991.08222
20080715,2198.6140800000003
20080714,1505.9137500000002
20080711,873.558
20080710,672.05958
20080709,1833.25395
20080708,1504.9397999999999
20080707,1807.81003
20080704,3439.3767800000005
20080703,1887.73398
20080702,2966.38914
20080701,1445.3124
20080630,1804.15412
20080627,2979.2888999999996
20080626,2121.15804
20080625,2372.06492
20080624,2994.24242
20080623,2958.9462
20080620,4566.97626
20080619,1192.73786
20080618,2067.35925
20080617,819.2394
20080616,2934.80319
20080613,1970.1005699999998
20080612,3713.1463200000003
20080611,10317.10992
20080610,5110.054400000001
20080609,1820.03264
20080606,1602.4008000000001
20080605,1315.2495999999999
20080604,1356.4742
20080603,1487.4252
20080602,1902.13424
20080530,1961.7285900000002
20080529,1811.32245
20080528,4550.95144
20080527,5146.6859
20080526,6538.402
20080523,3055.1372100000003
20080522,5243.86016
20080521,2641.23092
20080520,1971.55296
20080516,1307.1485699999998
20080515,3294.66368
20080514,3179.40128
20080513,1917.5375999999999
20080512,2910.41014
20080509,2489.9006600000002
20080508,4305.407090000001
20080507,3232.8446
20080506,3439.8626600000002
20080505,1603.81744
20080502,2001.47852
20080430,5438.36682
20080429,2945.13539
20080428,3530.87312
20080425,2601.32404
20080424,2430.0076799999997
20080423,2521.16631
20080422,1731.1833
20080421,1029.21802
20080417,1862.0691199999997
20080416,3004.8310800000004
20080415,2204.6728200000002
20080411,2866.00998
20080410,3041.36154
20080409,1354.0992
20080408,3145.86025
20080407,4188.0548499999995
20080404,5250.565259999999
20080403,2424.17448
20080402,2597.8853999999997
20080401,2210.67369
20080331,3598.0038
20080328,3105.936
20080327,3477.0546399999994
20080326,3189.0204599999997
20080325,2263.8239999999996
20080324,2038.1908799999999
20080319,5151.47568
20080318,2338.0148
20080317,2707.34604
20080314,5195.6289
20080313,1156.24992
20080312,2510.46711
20080311,4264.125
20080310,2742.4339800000002
20080307,3953.1540000000005
20080305,5069.199
20080304,5997.407999999999
20080303,9341.149599999999
20080229,10521.278040000001
20080228,14130.8792
20080227,2527.23086
20080226,1361.11806
20080225,1258.68015
20080222,610.82266
20080221,4187.027249999999
20080220,1840.97258
20080219,5982.393399999999
20080218,3069.22525
20080215,6656.730920000001
20080214,1839.92016
20080213,2040.36896
20080212,1956.8707200000001
20080211,2190.34494
20080208,2073.64992
20080207,3412.5668
20080206,1807.57865
20080205,1442.20146
20080204,2659.21134
20080201,1821.62717
20080131,2357.14986
20080130,2474.91816
20080129,2909.49891
20080128,3131.8240800000003
20080125,4271.1438
20080124,4951.82286
20080123,4508.63091
20080122,7621.6541499999985
20080121,9153.85024
20080118,4660.48934
20080117,3013.199
20080116,7400.76849
20080115,2244.9264
20080114,3666.00948
20080111,3116.9845
20080110,5282.86815
20080109,10947.60297
20080108,19213.46768
20080107,15027.46252
20080104,9149.48796
20080103,10192.421400000001
20080102,19112.37774
20080101,9851.945399999999
20071231,5339.5214
20071228,4473.032520000001
20071227,7699.51156
20071226,2044.31928
20071224,2232.07188
20071220,1378.7901000000002
20071219,3931.4079
20071218,2882.45188
20071217,7168.588140000001
20071214,8538.00854
20071213,7990.84022
20071212,3218.41524
20071211,1097.4235999999999
20071210,3028.6351199999995
20071207,1381.749
20071206,1672.6596499999998
20071205,2675.09832
20071204,1513.46745
20071203,1500.76476
20071130,1715.719
20071129,1998.8465599999997
20071128,2650.76066
20071127,1754.92497
20071126,1505.9219000000003
20071123,1602.3340799999999
20071122,2193.8799200000003
20071121,3719.6838
20071120,4993.72098
20071119,8152.16138
20071116,11843.6704
20071115,6320.86556
20071114,1919.6371100000001
20071113,3347.35941
20071112,3531.57578
20071109,285.38608
20071108,1851.1044599999998
20071107,1268.8191000000002
20071106,1649.15023
20071105,3134.30425
20071102,1872.60801
20071101,2524.8571599999996
20071031,2668.0415999999996
20071030,1507.42254
20071029,2918.8980399999996
20071026,5537.8758
20071025,3772.15455
20071024,2312.06069
20071023,2478.6333
20071022,9799.16862
20071019,3974.7735999999995
20071018,5496.28869
20071017,6174.67035
20071016,1878.0516
20071015,3333.8806
20071012,5360.9917000000005
20071011,5347.08064
20071010,4590.86688
20071009,2575.27296
20071008,1617.2983599999998
20071005,1610.60832
20071004,3509.07846
20071003,2899.89132
20071001,1990.25368
20070928,2844.95409
20070927,1428.0097500000002
20070926,1665.53268
20070925,2466.2806200000005
20070924,2521.49968
20070921,4382.37
20070920,7658.322
20070919,7903.7986200000005
20070918,1386.0811999999999
20070917,1653.8482199999999
20070914,4123.64592
20070913,1706.56358
20070912,1724.32832
20070911,4737.447990000001
20070910,4392.88076
20070907,4912.87994
20070906,1264.1580800000002
20070905,644.90913
20070904,969.7019599999999
20070903,1866.6548400000001
20070831,2390.3264999999997
20070830,11006.58504
20070829,1906.8581699999997
20070828,4717.2969
20070827,1220.5371
20070824,1510.96
20070823,4690.11823
20070822,6476.7308
20070821,1208.5362
20070820,3271.1603999999998
20070817,5460.55056
20070816,5224.40346
20070814,1295.3388
20070813,1203.4648499999998
20070810,3225.6336199999996
20070809,2375.45235
20070808,2332.0331800000004
20070807,4773.98066
20070806,3899.4816
20070803,3807.3218400000005
20070802,2590.6167
20070801,2923.6298
20070731,3774.6241399999994
20070730,7987.57033
20070727,17127.987530000002
20070726,3592.63452
20070725,14941.000829999999
20070724,5591.350659999999
20070723,877.19422
20070720,1107.6336
20070719,1824.5427300000001
20070718,1517.8536
20070717,2170.3423700000003
20070716,4643.58796
20070713,11223.260620000001
20070712,4362.302
20070711,1910.0327700000003
20070710,2176.3368
20070709,1500.45566
20070706,1625.68904
20070705,1247.4003500000001
20070704,1121.19952
20070703,786.2841900000001
20070702,926.26982
20070629,699.84954
20070628,618.27345
20070627,694.53639
20070626,686.51077
20070625,2766.15024
20070622,3862.8090199999997
20070621,2695.21672
20070620,1372.6224
20070619,1484.8998
20070618,3400.8504600000006
20070615,2995.95492
20070614,2304.82056
20070613,1911.9563399999997
20070612,1167.04895
20070611,1761.1488
20070608,3873.2596
20070607,1922.4831500000003
20070606,3795.2279299999996
20070605,2391.22458
20070604,2215.74855
20070601,8442.92444
20070531,4235.728499999999
20070530,5156.870559999999
20070529,2209.8067899999996
20070528,2975.2120800000002
20070525,2719.8885
20070524,1427.5476199999998
20070523,2001.9139199999997
20070522,1946.02584
20070521,2039.14585
20070518,2339.37372
20070517,2508.03968
20070516,1059.1106399999999
20070515,436.19435999999996
20070514,858.4064999999999
20070511,2046.205
20070510,4205.30385
20070509,4007.56287
20070508,3676.5379999999996
20070507,2050.6025
20070504,1634.4818799999998
20070503,838.075
20070430,1825.6431000000002
20070427,1223.8799999999999
20070426,3056.80788
20070425,5756.9825
20070424,6448.249719999999
20070423,4314.7675
20070420,4358.1075
20070419,3775.7506799999996
20070418,3570.4764
20070417,1282.73502
20070416,2637.80965
20070413,4865.43785
20070412,2164.95816
20070411,2971.1324999999997
20070410,3305.8974000000003
20070409,3315.3576
20070405,643.5745
20070404,1380.40344
20070403,1202.6322
20070402,3239.8951199999997
20070330,4145.98985
20070329,2782.49376
20070328,2052.97386
20070326,2651.7577499999998
20070323,4082.5662
20070322,6465.1818
20070321,5466.2652800000005
20070320,5635.81656
20070319,6617.891140000001
20070316,4057.7244
20070315,4798.50472
20070314,7413.188719999999
20070313,5542.44288
20070312,8626.631150000001
20070309,6608.21616
20070308,5541.97416
20070307,3909.6823699999995
20070306,4951.635899999999
20070305,6680.3942400000005
20070302,5648.2865600000005
20070301,4885.7125
20070228,13553.050459999999
20070227,2132.32536
20070226,3662.0411699999995
20070223,2838.7873200000004
20070222,1739.67936
20070221,1315.40148
20070220,1192.04816
20070219,1409.3382100000001
20070215,1496.4651200000003
20070214,1526.8527000000001
20070213,4085.5080000000007
20070212,1607.50317
20070209,2095.2187200000003
20070208,1401.01132
20070207,934.7388800000001
20070206,1379.55675
20070205,786.23752
20070202,1181.52448
20070201,814.4496
20070131,3381.55182
20070129,2342.05125
20070125,4799.03054
20070124,3578.927
20070123,1286.76195
20070122,2701.35936
20070119,2985.7018499999995
20070118,4161.13908
20070117,1092.07364
20070116,1326.7255400000001
20070115,4636.15656
20070112,2481.2188499999997
20070111,3065.0717699999996
20070110,2697.00277
20070109,2384.82379
20070108,3240.27102
20070105,5870.19255
20070104,7310.79968
20070103,899.9393
20070102,1043.09334
20061229,1764.598
20061228,1358.0166
20061227,1706.75104
20061226,1525.7572400000001
20061222,1746.7718399999999
20061221,1293.13772
20061220,4056.2239499999996
20061219,3798.9471200000003
20061218,2164.2005799999997
20061215,4360.05756
20061214,1514.76242
20061213,3225.31192
20061212,2381.80626
20061211,1730.178
20061208,1445.7830399999998
20061207,803.49756
20061206,1001.5574500000001
20061205,4159.3584
20061204,2086.64368
20061201,2295.03261
20061130,4437.8755200000005
20061129,2685.6348
20061128,2612.783
20061127,2730.9548
20061124,2902.6591999999996
20061123,1596.7093799999998
20061122,3140.24854
20061121,4064.1876799999995
20061120,4773.8469000000005
20061117,4457.1186099999995
20061116,2827.79424
20061115,2049.01641
20061114,2004.90624
20061113,1015.0055700000001
20061110,1444.45379
20061109,1940.3841999999997
20061108,3732.34108
20061107,5030.90676
20061106,3155.7979
20061103,2232.66704
20061102,1427.08482
20061101,1437.44112
20061031,3185.12544
20061030,2503.56128
20061027,1725.1172000000001
20061026,4141.0110700000005
20061023,2154.94845
20061021,697.84134
20061020,3514.94748
20061019,2362.08696
20061018,2198.98861
20061017,2359.32228
20061016,6449.039999999999
20061013,4397.3344799999995
20061012,1788.4892900000002
20061011,3446.1993599999996
20061010,1544.1397399999998
20061009,1656.36597
20061006,2206.64505
20061005,2034.6929400000001
20061004,2377.19646
20061003,3261.3042
20060929,3065.1715700000004
20060928,1512.77126
20060927,2517.6061600000003
20060926,9545.96214
20060925,3053.40771
20060922,3679.48938
20060921,4285.62918
20060920,1909.04441
20060919,2084.84913
20060918,3020.17716
20060915,1248.27018
20060914,1542.74196
20060913,2253.90825
20060912,3705.1359599999996
20060911,5305.0589199999995
20060908,3761.8506
20060907,1508.69823
20060906,2016.5754
20060905,2993.50955
20060904,2421.9963199999997
20060901,3382.52706
20060831,6717.152950000001
20060830,4746.92904
20060829,5346.3549
20060828,2024.2376
20060825,2111.6983999999998
20060824,1362.48356
20060823,1501.3998600000002
20060822,1717.5325999999998
20060821,3157.7582700000003
20060818,2127.846
20060817,3263.48904
20060816,2224.446
20060814,2448.7023599999998
20060811,1602.689
20060810,3648.92377
20060809,4332.8135999999995
20060808,2028.0664600000002
20060807,2795.7276
20060804,4549.89093
20060803,3037.0059
20060802,3962.0397000000003
20060801,2236.45034
20060731,3204.305
20060728,3507.51976
20060727,4391.2689199999995
20060726,5199.911599999999
20060725,4918.7184
20060724,4904.54688
20060721,7196.3316
20060720,3302.00221
20060719,3569.71791
20060718,2527.29651
20060717,2350.0038400000003
20060714,4419.9809700000005
20060713,4135.44258
20060712,4803.5764
20060711,2244.2502400000003
20060710,2711.15446
20060707,4244.5221
20060706,2584.7663500000003
20060705,4087.9146
20060704,5986.00209
20060703,3135.92272
20060630,4272.94625
20060629,4513.93937
20060628,12670.80375
20060627,9326.74128
20060626,2812.06156
20060625,393.24980000000005
20060623,3789.96534
20060622,3623.69631
20060621,5796.8705199999995
20060620,5871.45541
20060619,4896.60435
20060616,10169.75112
20060615,6731.60268
20060614,5159.97111
20060613,7279.26835
20060612,3659.9688300000003
20060609,8556.05456
20060608,11090.35278
20060607,8254.672820000002
20060606,7385.99748
20060605,6640.605240000001
20060602,8026.46925
20060601,7544.962409999999
20060531,13213.635079999998
20060530,4263.3416
20060529,5541.4645
20060526,8319.559200000002
20060525,5403.98687
20060524,7613.05736
20060523,5913.44032
20060522,7755.918
20060519,5574.6768
20060518,7430.2326
20060517,5721.853169999999
20060516,6814.48212
20060515,4844.08624
20060512,2646.30094
20060511,3501.68238
20060510,2603.4912000000004
20060509,3321.67063
20060508,3344.8820400000004
20060505,2565.3102999999996
20060504,6576.45396
20060503,5208.30885
20060502,7721.7789600000015
20060429,1271.62192
20060428,4657.9821600000005
20060427,5719.28088
20060426,6651.475179999999
20060425,4211.9154
20060424,4745.54011
20060421,6154.3717400000005
20060420,3855.2741799999994
20060419,3729.31607
20060418,4505.298679999999
20060417,3371.274
20060413,11883.651569999998
20060412,8475.648790000001
20060410,5612.21306
20060407,7129.7824
20060405,2231.18548
20060404,4612.90725
20060403,3557.3747799999996
20060331,3886.4733600000004
20060330,4899.50384
20060329,5230.9086
20060328,5131.4179
20060327,5635.43032
20060324,8452.190180000001
20060323,2376.09769
20060322,1940.9940000000001
20060321,4496.13848
20060320,2199.0061800000003
20060317,6627.3185
20060316,7365.248640000001
20060314,3845.2776400000002
20060313,6237.03172
20060310,2489.839
20060309,4256.6337
20060308,5235.01
20060307,9017.72508
20060306,4379.79935
20060303,3705.6691600000004
20060302,6658.074490000001
20060301,7150.036899999999
20060228,16796.4327
20060227,2508.7183499999996
20060224,2407.5340499999998
20060223,3325.4781
20060222,3537.6939399999997
20060221,3102.2943
20060220,5415.73664
20060217,5558.31072
20060216,3864.1982000000003
20060215,10011.39744
20060214,2520.23626
20060213,1962.7545200000002
20060210,3394.09476
20060208,1872.86595
20060207,4383.70974
20060206,3517.9304400000005
20060203,2728.1952
20060202,2521.5348
20060201,3300.5928
20060131,1244.6324500000003
20060130,3123.40204
20060127,2519.4464
20060125,4810.306500000001
20060124,3834.5584200000003
20060123,8938.6809
20060120,4572.40879
20060119,2102.0847000000003
20060118,2368.6872
20060117,1323.6187300000001
20060116,2229.3135
20060113,3299.0621199999996
20060112,2363.9204200000004
20060110,9953.1135
20060109,6152.619479999999
20060106,8481.372
20060105,3121.4476799999998
20060104,8394.71635
20060103,3582.74478
20060102,1566.4194
20051230,3949.1958000000004
20051229,1738.28592
20051228,3245.58438
20051227,2026.0898200000001
20051226,3800.46384
20051223,3881.94898
20051222,2183.00264
20051221,2111.26884
20051220,4227.3765
20051219,4205.94944
20051216,3335.7291800000003
20051215,4365.21162
20051214,8044.236629999999
20051213,8656.84662
20051212,5068.10255
20051209,2601.50924
20051208,3095.49871
20051207,4144.88189
20051206,3109.48144
20051205,5332.83244
20051202,3649.1515400000003
20051201,3254.1138
20051130,2917.0137
20051129,2582.1758
20051128,5687.28105
20051126,1151.90836
20051125,6436.68464
20051124,8624.9184
20051123,4787.778
20051122,4796.28611
20051121,6317.0571199999995
20051118,2398.01068
20051117,3376.40374
20051116,4332.6879
20051114,4053.5425699999996
20051111,4679.33025
20051110,2389.6317999999997
20051109,3740.06968
20051108,3677.97621
20051107,2317.3527
20051102,5547.88729
20051101,2465.06701
20051031,3158.9737800000003
20051028,4069.0548
20051027,5543.2896
20051026,3320.21475
20051025,4116.529680000001
20051024,5470.50048
20051021,5825.87748
20051020,9519.62688
20051019,4105.069439999999
20051018,2552.37255
20051017,3539.3611499999997
20051014,4797.016390000001
20051013,5706.47374
20051011,8903.489969999999
20051010,5244.984
20051007,8776.44725
20051006,11930.19429
20051005,14701.110609999998
20051004,6379.69692
20051003,5640.26848
20050930,7332.4546
20050929,3363.8181
20050928,4478.8986
20050927,5583.5428999999995
20050926,8537.4952
20050923,7947.31071
20050922,19495.08144
20050921,13728.63502
20050920,7116.8013
20050919,5153.30274
20050916,2372.5768
20050915,3068.7903300000003
20050914,3998.08864
20050913,2673.83454
20050912,6663.823
20050909,1425.9857399999999
20050908,2049.81386
20050906,2367.81948
20050905,4383.37712
20050902,1089.32824
20050901,1606.55391
20050831,740.14039
20050830,1269.3395
20050829,1191.646
20050826,793.0485000000001
20050825,928.07335
20050824,1444.0334400000002
20050823,910.11375
20050822,1365.8485600000001
20050819,1433.07605
20050818,2187.34308
20050817,1230.02864
20050816,2658.14439
20050812,6684.964199999999
20050811,1860.63813
20050810,858.7007
20050809,1899.98396
20050808,1550.9688800000001
20050805,1383.39918
20050804,2017.09273
20050803,7051.08272
20050802,2815.8709999999996
20050801,759.80429
20050729,3973.7278499999998
20050727,1037.86735
20050726,2484.97774
20050725,1385.4725099999998
20050722,5418.937440000001
20050721,3967.5744
20050720,2970.60948
20050719,4890.04492
20050718,2069.0962
20050715,2540.6235500000003
20050714,3444.2316
20050713,1361.12204
20050712,3549.2895299999996
20050711,3759.62484
20050708,1684.7103000000002
20050707,4760.31966
20050706,1899.23616
20050705,2434.1911
20050704,1765.4
20050701,1854.60192
20050630,2458.58256
20050629,1841.37408
20050628,3403.84216
20050627,6868.22488
20050624,3082.563
20050623,1664.6253000000002
20050622,6612.5695000000005
20050621,794.436
20050620,1651.6949399999999
20050617,8151.9412
20050616,2672.3985
20050615,3081.09564
20050614,1170.5270699999999
20050613,1095.79994
20050610,1020.78918
20050609,1760.2792200000001
20050608,3752.05394
20050607,3192.14452
20050606,940.4487
20050604,443.51776
20050603,2164.87076
20050602,2867.12448
20050601,2987.8497999999995
20050531,4368.6959
20050530,7266.62382
20050527,11519.565400000001
20050526,4474.73814
20050525,1184.81125
20050524,2387.6309
20050523,785.2213
20050520,3595.5190999999995
20050519,3266.3036
20050518,3892.7039999999997
20050517,3604.43598
20050516,1818.58
20050513,5436.3768
20050512,923.5112
20050511,763.85484
20050510,703.1983
20050509,1990.92608
20050506,1738.69722
20050505,2550.50122
20050504,1345.21064
20050503,906.2715999999999
20050502,3553.35574
20050429,4050.0235399999997
20050428,3583.16634
20050427,5077.5179
20050426,279.02772
20050425,332.4699
20050422,1499.5188799999999
20050421,2093.34693
20050420,2840.976
20050419,500.98941
20050418,643.70136
20050415,629.1529999999999
20050413,1493.73882
20050412,1156.94488
20050411,879.79584
20050408,2232.21425
20050407,2588.299
20050406,1697.5201499999998
20050405,1001.71132
20050404,2026.9585599999998
20050401,1607.70699
20050331,1746.5211000000002
20050330,896.08
20050329,1250.19072
20050328,3122.77836
20050324,3210.1740000000004
20050323,1852.83888
20050322,999.29669
20050321,2955.5152199999998
20050318,901.06824
20050317,1847.9754799999998
20050316,689.7922500000001
20050315,938.4724799999999
20050314,861.8609999999999
20050311,1285.79848
20050310,1845.4146999999998
20050309,886.4053
20050308,2086.06032
20050307,906.8683599999999
20050304,3246.62112
20050303,2102.15247
20050302,3156.8802000000005
20050301,5788.4944000000005
20050228,4733.7130099999995
20050225,637.2792800000001
20050224,10278.92866
20050223,1604.42
20050222,1097.2286000000001
20050221,980.96932
20050218,2000.4499199999998
20050217,1772.3892199999998
20050216,3007.3300200000003
20050215,1269.97808
20050214,1230.51865
20050211,789.4866599999999
20050210,1059.6804
20050209,1021.72122
20050208,1505.9217600000002
20050207,2820.3076199999996
20050204,2638.35423
20050203,3530.0668199999996
20050202,1970.6653799999997
20050201,10976.58149
20050131,8662.986
20050128,6250.823
20050127,6995.82636
20050125,10486.2384
20050124,5922.17448
20050120,23641.37778
20050119,737.78393
20050118,1382.16596
20050117,555.26265
20050114,1709.6008600000002
20050113,1138.1174
20050112,1446.8319999999999
20050111,597.23496
20050110,484.30537
20050107,844.1042600000001
20050106,1117.5
20050105,1474.6017000000002
20050104,593.2089599999999
20050103,397.43550000000005
20041231,468.18289000000004
20041230,1470.5829600000002
20041229,2280.6138599999995
20041228,1315.1709200000003
20041227,1376.7459999999999
20041224,657.86096
20041223,1340.31842
20041222,2699.28596
20041221,2336.54364
20041220,532.7784
20041217,772.4139
20041216,1039.60899
20041215,1833.44472
20041214,1512.8003999999999
20041213,3285.96565
20041210,1756.6053600000002
20041209,1093.49847
20041208,1175.8377600000001
20041207,1484.76592
20041206,1482.86862
20041203,2169.11828
20041202,1978.58
20041201,3258.1276199999998
20041130,3684.2663000000002
20041129,2479.99752
20041125,4293.59424
20041124,8277.2608
20041123,2995.26203
20041122,1252.55814
20041119,1750.2565
20041118,697.01568
20041117,861.7624999999999
20041116,1880.20716
20041112,247.509
20041111,822.5505799999999
20041110,1100.50056
20041109,1514.80472
20041108,978.25072
20041105,781.2200399999999
20041104,840.13922
20041103,1573.8434000000002
20041102,3687.4251900000004
20041101,8033.9448
20041029,1203.9552
20041028,2175.46064
20041027,940.44483
20041026,2377.5236099999997
20041025,778.2213200000001
20041021,647.4048
20041020,2485.0939999999996
20041019,2880.39414
20041018,998.7597100000002
20041015,1608.3625799999998
20041014,2953.16392
20041012,1152.0388
20041011,4721.24399
20041009,549.73555
20041008,2269.04922
20041007,2013.1166400000002
20041006,1847.1065399999998
20041005,2743.20035
20041004,4608.61649
20041001,3614.8518000000004
20040930,1544.95615
20040929,2086.80647
20040928,889.90512
20040927,973.3517499999999
20040924,2466.09672
20040923,2463.97452
20040922,2384.16156
20040921,1380.5789399999999
20040920,3182.28967
20040917,4071.9331399999996
20040916,3351.26756
20040915,849.54149
20040914,989.893
20040913,1352.8152
20040910,8444.05975
20040909,7670.17125
20040908,470.13441
20040907,719.7142499999999
20040906,451.21932
20040903,856.0301199999999
20040902,765.7151700000001
20040901,1261.1218199999998
20040831,631.67495
20040830,683.78662
20040827,608.2237200000001
20040826,999.15831
20040825,304.55823000000004
20040824,293.11404999999996
20040823,326.2402
20040820,473.92580999999996
20040819,1411.888
20040818,1231.48674
20040817,1091.872
20040816,606.304
20040813,1934.9332100000001
20040812,456.35720000000003
20040811,2180.1950799999995
20040810,1985.3963999999999
20040809,480.43019999999996
20040806,761.2787
20040805,1211.7667999999999
20040804,1226.37515
20040803,2983.6268
20040802,5538.192
20040730,1167.9356999999998
20040729,2140.43133
20040728,1495.5707499999999
20040727,2063.52462
20040726,2404.82148
20040723,1665.1408000000001
20040722,960.9292
20040721,1961.4114000000002
20040720,995.3296
20040719,745.00729
20040716,1877.81818
20040715,2084.1324
20040714,647.5092299999999
20040713,591.81072
20040712,1871.9882999999998
20040709,3321.8610299999996
20040708,3770.03345
20040707,2577.10116
20040706,535.3309399999999
20040705,2867.86066
20040702,1155.42182
20040701,1463.9111400000002
20040630,4007.90272
20040629,2776.8594399999997
20040628,894.4426399999999
20040625,2280.1913
20040624,1564.02874
20040623,1360.7055
20040622,812.8548
20040621,524.65358
20040618,1113.13835
20040617,235.68135999999998
20040616,525.3859
20040615,720.90081
20040614,855.47
20040611,646.4744000000001
20040610,717.0990300000001
20040609,725.16906
20040608,697.5292900000001
20040607,813.6178400000001
20040604,1367.3011
20040603,1641.64
20040602,1378.048
20040601,3377.44345
20040531,1552.72086
20040528,4169.29275
20040527,2784.27136
20040526,1397.25702
20040525,742.5933
20040524,712.48632
20040521,852.7445
20040520,2863.76726
20040519,773.2780799999999
20040518,1021.7080799999999
20040517,1446.2396399999998
20040514,1434.25494
20040513,2278.8509599999998
20040512,2308.49562
20040511,4049.8012
20040510,5268.8724
20040507,875.06238
20040506,4031.7996400000006
20040505,3535.18074
20040504,3640.42092
20040503,6192.367480000001
20040430,2234.22672
20040429,2409.0716899999998
20040428,1197.01764
20040427,3487.97634
20040423,1491.67397
20040422,334.66608
20040421,595.62795
20040420,233.1487
20040419,690.4119
20040417,162.47715
20040416,358.32752999999997
20040415,2484.91726
20040413,650.08425
20040412,936.83091
20040408,596.50544
20040407,1908.2376000000002
20040406,380.34591
20040405,957.7427999999999
20040402,1250.26784
20040401,881.6957599999998
20040331,3129.5779199999997
20040330,654.1892200000001
20040329,630.05052
20040326,1159.245
20040325,1329.7924400000002
20040324,1253.98116
20040323,2908.85308
20040322,1542.85698
20040319,551.7342000000001
20040318,624.26647
20040317,2063.13792
20040316,3531.4916400000006
20040315,1839.62775
20040312,1501.1910900000003
20040311,1410.534
20040310,980.467
20040309,1450.0934599999998
20040308,736.34616
20040305,1343.37225
20040304,1077.92312
20040303,1835.5537199999999
20040301,2835.95286
20040227,1265.3100000000002
20040226,1285.2501599999998
20040225,795.7432999999999
20040224,2488.80458
20040223,2015.588
20040220,3427.8768299999997
20040219,3483.6287199999997
20040218,3154.71996
20040217,2863.99875
20040216,1622.5840400000002
20040213,4461.87924
20040212,2515.20478
20040211,1335.64224
20040210,3961.44336
20040209,1268.9548499999999
20040206,2223.8333199999997
20040205,1604.1942
20040204,2118.3376000000003
20040203,1966.3267199999998
20040130,1330.84995
20040129,2267.96052
20040128,1740.89916
20040127,2221.42896
20040123,4060.19299
20040122,2873.6001400000005
20040121,1679.32303
20040120,1854.9653599999997
20040119,2219.5943
20040116,1967.0112000000001
20040115,3918.2875499999996
20040114,3141.5894000000003
20040113,2513.3668
20040112,3882.3906599999996
20040109,3537.4900399999997
20040108,4058.02329
20040107,1652.4959999999999
20040106,2232.2018299999995
20040105,4105.12135
20040102,5441.832
20040101,2431.82708
20031231,1654.58085
20031230,2104.19517
20031229,2349.9743399999998
20031226,1307.41576
20031224,1150.91587
20031223,629.3328600000001
20031222,744.94584
20031219,2368.34274
20031218,1628.361
20031217,1515.01535
20031216,4905.87598
20031215,1212.4736
20031212,1050.2549999999999
20031211,2116.78724
20031210,5192.481060000001
20031209,5215.59636
20031208,2589.7817999999997
20031205,4264.74468
20031204,3917.0879999999997
20031203,2286.7482
20031202,2138.69744
20031201,1883.5385600000002
20031128,752.69988
20031127,1654.51286
20031125,1924.08029
20031124,306.52544
20031121,968.7905999999999
20031120,1354.5884
20031119,1257.2270899999999
20031118,1128.8706000000002
20031117,778.15208
20031115,53.27961
20031114,689.0316300000001
20031113,1512.0375000000001
20031112,1917.2483000000002
20031111,2230.13664
20031110,2179.54848
20031107,2012.67822
20031106,1188.9203200000002
20031105,3904.2312699999998
20031104,2356.26624
20031103,2365.74152
20031031,1129.7588
20031030,1580.90856
20031029,3960.7807399999997
20031028,705.54033
20031027,843.5784
20031025,194.1605
20031024,753.28734
20031023,1325.81736
20031022,949.50604
20031021,757.6713199999999
20031020,613.8874
20031017,938.1908400000001
20031016,1327.275
20031015,1206.48
20031014,1787.23584
20031013,1976.52
20031010,2063.18664
20031009,4241.7312
20031008,1196.01945
20031007,3148.88115
20031006,2265.49584
20031003,1412.0144
20031001,644.265
20030930,1669.0328599999998
20030929,813.30408
20030926,994.32906
20030925,1775.73235
20030924,1532.51748
20030923,585.22802
20030922,573.3178
20030919,1608.5329499999998
20030918,1261.64168
20030917,1712.79097
20030916,3156.26688
20030915,1036.42583
20030912,1354.83042
20030911,1069.3397400000001
20030910,1221.92964
20030909,1019.9140000000001
20030908,1918.4666499999998
20030905,859.2454499999999
20030904,2188.01492
20030903,1482.1041799999998
20030902,1250.4345700000001
20030901,2250.78676
20030829,3775.4371200000005
20030828,3011.54772
20030827,2483.1830400000003
20030826,2241.30078
20030825,3989.42922
20030822,5631.73775
20030821,2498.80704
20030820,907.6841599999999
20030819,1812.97824
20030818,1795.21056
20030814,1857.51098
20030813,1242.3543300000001
20030812,1259.8645999999999
20030811,1692.7766000000001
20030808,4097.60232
20030807,2672.73486
20030806,1084.67332
20030805,3141.86821
20030804,1242.0815400000001
20030801,2111.6164900000003
20030731,2612.51568
20030730,1587.1766400000001
20030729,1208.229
20030728,1502.4849199999999
20030725,2297.9538000000002
20030724,2160.8765399999997
20030723,429.33413
20030722,1053.61875
20030721,572.12928
20030718,445.0194
20030717,773.08308
20030716,686.7152600000001
20030715,2091.8626900000004
20030714,1231.50643
20030711,1563.80895
20030710,2344.9563
20030709,897.31908
20030708,2840.51759
20030707,759.7571
20030704,1975.1744800000001
20030703,2818.72008
20030702,1020.78126
20030701,810.0024199999999
20030630,2132.2646799999998
20030627,1401.60128
20030626,4587.30472
20030625,2066.75636
20030624,1859.23602
20030623,3036.5087999999996
20030620,2742.75243
20030619,2184.5022
20030618,3911.6196
20030617,1542.40328
20030616,814.6316799999998
20030613,2119.35855
20030612,1897.1000699999997
20030611,954.2487
20030610,3012.89725
20030609,2438.2374
20030606,3018.98688
20030605,2316.67356
20030604,1793.7765599999998
20030603,1496.2097700000002
20030602,3198.8023099999996
20030530,2246.09728
20030529,1611.3036999999997
20030528,1235.39439
20030527,2481.976
20030526,1505.9727899999998
20030523,4432.791359999999
20030522,1092.49944
20030521,1518.35764
20030520,2022.52596
20030519,3700.6067999999996
20030516,2496.47368
20030515,728.17776
20030514,750.7023600000001
20030513,138.204
20030512,436.69476
20030509,514.7989200000001
20030508,1007.7838200000001
20030507,1800.9883499999999
20030506,664.9686
20030505,372.75764
20030502,1679.22344
20030430,1027.7915500000001
20030429,515.8489999999999
20030428,664.42152
20030425,574.3288600000001
20030424,218.51747999999998
20030423,349.43775999999997
20030422,181.93280000000001
20030421,416.10141
20030417,663.0187
20030416,624.5944
20030415,854.5185599999999
20030411,1338.0775199999998
20030410,703.6077999999999
20030409,817.83066
20030408,2657.11467
20030407,2300.93025
20030404,1805.8152
20030403,1068.72102
20030402,169.8207
20030401,433.22136000000006
20030331,390.36164999999994
20030328,315.94875
20030327,647.88532
20030326,589.8685800000001
20030325,772.8190800000001
20030324,644.52076
20030322,220.8577
20030321,979.06998
20030320,840.3109999999999
20030319,615.6167
20030317,765.40341
20030313,577.1156599999999
20030312,799.33947
20030311,357.9444
20030310,1114.40923
20030307,1043.54432
20030306,775.41786
20030305,728.6428799999999
20030304,552.76
20030303,1302.25515
20030228,3092.9351199999996
20030227,475.21423000000004
20030226,1300.44625
20030225,1109.77056
20030224,664.74616
20030221,374.38284000000004
20030220,444.8536199999999
20030219,441.79323999999997
20030218,254.38036000000002
20030217,187.9738
20030214,1196.98083
20030212,351.21196
20030211,490.21466999999996
20030210,2153.86896
20030207,681.3616600000001
20030206,1491.6361599999998
20030205,672.7717600000001
20030204,387.17096
20030203,605.23856
20030131,650.2275599999999
20030130,1011.85704
20030129,754.04888
20030128,1138.71758
20030127,668.6568
20030124,1267.13615
20030123,723.8489000000001
20030122,838.12344
20030121,1575.0344499999999
20030120,1261.77916
20030117,3567.0918400000005
20030116,1000.7675999999999
20030115,634.46667
20030114,1641.3099800000002
20030113,895.8849000000001
20030110,1558.56034
20030109,960.43248
20030108,1053.4633199999998
20030107,2899.6274999999996
20030106,3560.63076
20030103,2632.0428300000003
20030102,721.81263
20030101,409.58874
20021231,1056.04356
20021230,769.51215
20021227,1015.8720000000001
20021226,730.65915
20021224,487.67292
20021223,401.36265000000003
20021220,987.0652
20021219,878.59816
20021218,2095.8806600000003
20021217,728.89795
20021216,2424.951
20021213,1705.5081100000002
20021212,362.48472
20021211,1115.1257600000001
20021210,1290.52035
20021209,1361.5735499999998
20021206,1025.0891000000001
20021205,376.65828000000005
20021204,1611.7010799999998
20021203,2533.1888400000003
20021202,1945.85085
20021129,2335.95872
20021128,1445.3406
20021127,2126.36775
20021126,942.91344
20021125,1363.3652700000002
20021122,1180.18724
20021121,672.47631
20021120,1343.15997
20021118,1830.2336599999999
20021115,1421.03754
20021114,860.67657
20021113,1905.06426
20021112,974.2501200000002
20021111,677.84945
20021108,1352.01132
20021107,2525.5573200000003
20021105,831.2221
20021104,197.63649
20021101,1114.7117600000001
20021031,2261.52595
20021030,2194.5862300000003
20021029,1833.4875000000002
20021028,1471.74079
20021025,889.795
20021024,2214.29301
20021023,210.29856
20021022,307.77
20021021,1091.84934
20021018,658.0639500000001
20021017,931.1198400000001
20021016,845.8651300000001
20021014,211.93528
20021011,931.0513499999998
20021010,1853.04414
20021009,1714.37292
20021008,960.30435
20021007,810.4473999999999
20021004,1188.5854399999998
20021003,780.3690399999999
20021001,664.47585
20020930,1425.52368
20020927,1469.0243999999998
20020926,365.74703999999997
20020925,1336.3201800000002
20020924,589.9485099999999
20020923,994.5575
20020920,1402.22098
20020919,1237.93201
20020918,895.68801
20020917,886.5831499999999
20020916,2486.88072
20020913,1813.43148
20020912,3815.214
20020911,1280.9854200000002
20020909,838.1552399999999
20020906,1359.2260800000001
20020905,1140.50284
20020904,1387.5857299999998
20020903,2548.38228
20020902,3106.92564
20020830,1359.09861
20020829,3942.3800499999998
20020828,1230.41852
20020827,1895.8666500000002
20020826,1365.96264
20020823,1658.56312
20020822,1572.3298
20020821,2068.34733
20020820,2801.7438
20020819,2742.4116
20020816,8832.7897
20020814,7245.43613
20020813,8881.7575
20020812,1566.0
20020809,2388.01428
20020808,1663.1923000000002
20020807,1649.4590699999999
20020806,3455.49155
20020805,7454.117160000001
20020802,4388.78313
20020801,1058.9384000000002
20020731,1538.87175
20020730,867.98764
20020729,1195.68748
20020726,2790.92256
20020725,2423.01952
20020724,2715.36804
20020723,1905.2634
20020722,1169.31195
20020719,1049.96038
20020718,1036.54012
20020717,2461.64817
20020716,1624.92876
20020715,1303.4988
20020712,1400.9868000000001
20020711,2442.10992
20020710,3430.8237599999998
20020709,4214.77182
20020708,4068.0998
20020705,5969.34205
20020704,5051.5755500000005
20020703,1663.9589199999998
20020702,4281.14746
20020701,3277.9984799999997
20020628,1298.85708
20020627,2153.51003
20020626,671.07126
20020625,1608.5012399999998
20020624,1124.00562
20020621,1753.34796
20020620,1358.4537599999999
20020619,1375.46275
20020618,800.8406400000001
20020617,1161.02025
20020614,451.65757
20020613,1587.7135799999999
20020612,2720.4161599999998
20020611,3067.32105
20020610,1596.27461
20020607,1380.0271500000001
20020606,2580.8694499999997
20020605,3305.93868
20020604,526.43346
20020603,518.8535099999999
20020531,1025.10452
20020530,2208.38968
20020529,3509.78134
20020528,3041.9859800000004
20020527,838.3978399999999
20020524,2103.84759
20020523,4583.14864
20020522,681.18303
20020521,1810.29168
20020520,605.36775
20020517,1068.60352
20020516,821.1354
20020515,1941.0534
20020514,2119.99005
20020513,1126.4017700000002
20020510,913.5328000000001
20020509,919.09812
20020508,811.43616
20020507,701.58595
20020506,976.63954
20020503,458.06568
20020502,441.84348
20020430,2941.2631
20020429,2722.96172
20020426,2066.38684
20020425,3517.80377
20020424,829.7246
20020423,687.72427
20020422,1051.91667
20020419,1429.2929100000001
20020418,1191.5937000000001
20020417,1389.28786
20020416,2796.4285000000004
20020415,2676.02036
20020412,3277.49307
20020411,4917.12328
20020410,6121.114480000001
20020409,5974.9551
20020408,4435.4293
20020405,2334.18939
20020404,1029.89376
20020403,986.15754
20020402,1784.97228
20020401,674.52
20020328,2789.6400000000003
20020327,3811.96769
20020326,1643.7338300000001
20020322,749.80692
20020321,1370.1681
20020320,905.2914
20020319,1685.65782
20020318,1227.33664
20020315,1430.6991999999998
20020314,1363.82349
20020313,1368.34181
20020312,4906.90005
20020311,1623.40836
20020308,1065.5006099999998
20020307,1907.75928
20020306,2499.11012
20020305,3610.80572
20020304,2814.0701400000003
20020301,5164.08201
20020228,11015.63394
20020227,1284.21492
20020226,994.4416
20020225,994.32576
20020222,2757.57532
20020221,1998.1925999999999
20020220,1368.2285599999998
20020219,3633.8645
20020218,3166.06464
20020215,5139.366059999999
20020214,600.8812499999999
20020213,399.6333
20020212,401.03029000000004
20020211,568.3848599999999
20020208,1712.6852400000002
20020207,1724.47282
20020206,2697.19796
20020205,761.1143
20020204,495.98779999999994
20020201,1611.9439600000003
20020131,2579.6191799999997
20020130,499.4038
20020129,2051.52516
20020128,1097.8799999999999
20020125,1269.12903
20020124,1550.0964
20020123,1161.12384
20020122,1099.46408
20020121,1063.48424
20020118,2710.3725
20020117,1763.03872
20020116,1236.49695
20020115,1605.6403000000003
20020114,3608.33587
20020111,6209.47467
20020110,1944.3691999999999
20020109,4818.22058
20020108,4722.9393
20020107,2440.96699
20020104,2484.1313
20020103,1714.1409999999998
20020102,2958.51192
20020101,859.12138
20011231,1419.42288
20011228,1273.7675
20011227,595.6704
20011226,1073.61312
20011224,692.41527
20011221,3293.8774399999998
20011220,772.3678799999999
20011219,2113.5031200000003
20011218,1585.30575
20011214,1228.95993
20011213,3711.88362
20011212,7959.2780999999995
20011211,2054.07235
20011210,1875.8922000000002
20011207,7036.5700400000005
20011206,5706.85752
20011205,4147.03896
20011204,4191.65679
20011203,3050.9424000000004
20011129,2528.72221
20011128,5084.9596
20011127,4197.9170699999995
20011126,3520.53936
20011123,4828.3984
20011122,6176.8849199999995
20011121,9674.454679999999
20011120,3032.74608
20011119,6643.44297
20011115,4756.13508
20011114,630.5032399999999
20011113,2316.86994
20011112,2788.6899200000003
20011109,4655.5036
20011108,6078.93714
20011107,6712.56831
20011106,8235.793440000001
20011105,16635.745759999998
20011102,18809.62646
20011101,19209.33819
20011031,2418.3913500000003
20011030,1930.13991
20011029,4450.2865600000005
20011025,2784.3623399999997
20011024,5809.67768
20011023,4555.6055400000005
20011022,8258.752
20011019,16421.39904
20011018,7057.471750000001
20011017,9868.341359999999
20011016,3349.43378
20011015,8071.82805
20011012,4987.98405
20011011,6587.8578
20011010,12889.705770000002
20011009,2897.7165000000005
20011008,3359.8859
20011005,3212.19412
20011004,5101.00233
20011003,2919.98064
20011001,5245.55882
20010928,6252.236980000001
20010927,3605.9736399999997
20010926,6968.34025
20010925,7541.6752799999995
20010924,4096.60966
20010921,7385.7809
20010920,5762.290000000001
20010919,2652.36
20010918,4544.80146
20010917,6465.9931
20010914,4994.66275
20010913,5578.4637
20010912,8838.072919999999
20010911,5902.745199999999
20010910,6048.391139999999
20010907,10125.6948
20010906,19211.441749999998
20010905,5987.0748
20010904,2855.09668
20010903,1655.38906
20010831,3682.24692
20010830,3488.71224
20010829,1888.5946
20010828,2175.71328
20010827,1253.51957
20010824,2308.06191
20010823,4621.17084
20010821,2413.09486
20010820,2209.08648
20010817,2994.2229600000005
20010816,1534.4293999999998
20010814,1250.2715200000002
20010813,1220.51035
20010810,1262.98872
20010809,1659.5412000000001
20010808,1629.36818
20010807,828.5347200000001
20010806,782.2787700000001
20010803,1025.70186
20010802,824.8811999999999
20010801,1039.74568
20010731,1287.93868
20010730,1045.11124
20010727,2228.39916
20010726,893.88765
20010725,787.59977
20010724,630.87508
20010720,2568.81328
20010719,716.7865999999999
20010718,1418.6197000000002
20010717,2254.25806
20010716,1631.22978
20010713,2364.5155799999998
20010712,818.7679999999999
20010711,280.93604
20010710,474.84235
20010709,503.68608
20010706,1182.39075
20010705,1065.81488
20010704,2768.96832
20010703,3179.6936600000004
20010702,614.4462
20010629,1714.2117300000002
20010628,1211.43036
20010627,2872.62235
20010626,3639.0820699999995
20010625,1104.81952
20010622,1895.41763
20010621,1960.4997
20010620,2633.7482
20010619,4589.42575
20010618,1636.238
20010615,2099.43765
20010614,3736.58372
20010613,1528.8708600000002
20010612,1365.4317800000001
20010611,3358.0217000000002
20010608,2720.89785
20010607,1788.9404
20010606,1146.8475199999998
20010605,1992.8527499999998
20010604,1407.3944
20010601,3053.07696
20010531,5909.10772
20010530,8075.25706
20010529,5722.033350000001
20010528,825.852
20010525,1426.37628
20010524,773.5732200000001
20010523,1270.248
20010522,1420.10118
20010521,1995.0961799999998
20010518,3776.1683999999996
20010517,2307.26304
20010516,1564.3629
20010515,1985.66976
20010514,3158.43814
20010514,120.5
20010511,1441.8471
20010510,1467.0045
20010509,2222.6928599999997
20010508,1247.33556
20010507,545.077
20010504,823.5678800000001
20010503,694.1663
20010502,1563.03384
20010430,767.68056
20010427,2322.6412
20010426,2530.37592
20010425,629.4081600000001
20010424,1754.5402799999997
20010423,3609.3584
20010420,5091.0486
20010419,3259.6179599999996
20010418,3012.8252
20010417,1389.67272
20010416,1994.29248
20010412,3969.2928
20010411,3875.23299
20010410,2893.2630000000004
20010409,2268.80224
20010406,2741.10435
20010404,4242.173000000001
20010403,1058.91183
20010402,3017.00555
20010330,2411.8312800000003
20010329,2388.0808
20010328,4841.27299
20010327,2871.27178
20010326,1778.7165000000002
20010323,2743.23216
20010322,4279.23315
20010321,4032.3417999999997
20010320,2191.9737
20010319,1174.52835
20010316,2653.68852
20010315,3302.01146
20010314,4855.466850000001
20010313,9125.214
20010313,825.0
20010312,2557.88083
20010309,7633.85574
20010308,12035.28838
20010307,9884.01848
20010305,16012.36703
20010302,10459.380899999998
20010301,15612.68184
20010228,38174.58375
20010227,20525.235200000003
20010226,7309.641239999999
20010223,11015.1936
20010222,16203.20484
20010221,8080.25504
20010220,24.18
20010220,8312.78636
20010219,6772.07657
20010219,81.70063999999999
20010216,8361.17282
20010215,8268.410609999999
20010214,5178.13912
20010213,6964.1079500000005
20010212,5819.1966
20010209,9567.308249999998
20010208,17162.8562
20010207,45615.92056
20010206,11768.26083
20010205,5155.1539999999995
20010202,5793.324599999999
20010201,11182.73085
20010131,10586.05275
20010130,7796.949999999999
20010129,6278.126659999999
20010125,8421.9864
20010124,8172.061680000001
20010123,13542.49746
20010122,5738.546249999999
20010119,11656.078559999998
20010118,18163.187560000002
20010117,1513.323
20010117,13731.29156
20010116,9895.37946
20010116,149.51999999999998
20010115,6204.87405
20010112,13568.85408
20010111,7003.02592
20010110,7974.72027
20010109,10166.23188
20010108,13732.377120000001
20010105,11486.016959999999
20010104,13895.1428
20010103,30580.45211
20010103,227.84
20010102,9353.3028
20010101,6183.22818
20001229,7383.59064
20001228,11620.0278
20001227,7159.669110000001
20001226,16144.92882
20001222,13941.08365
20001221,21127.77782
20001221,41.910000000000004
20001220,14594.929250000001
20001219,14666.733990000002
20001218,15128.485299999998
20001218,3.0540000000000003
20001215,31003.481519999998
20001214,10664.0554
20001213,21554.84604
20001212,35044.26375
20001211,11366.498800000001
20001208,9393.82885
20001207,7603.158240000001
20001206,14108.883100000001
20001205,25876.55413
20001204,14352.3072
20001201,18216.07152
20001130,8197.26825
20001129,19702.491360000004
20001129,2.2800000000000002
20001128,10800.12868
20001127,4228.99455
20001124,3834.30513
20001123,2937.96472
20001122,8178.5234
20001121,7915.712850000001
20001120,3152.87052
20001117,6527.34432
20001116,4253.607400000001
20001115,6052.0402
20001114,6178.14792
20001113,3695.5042500000004
20001110,5924.18622
20001109,10660.54617
20001108,14947.05025
20001107,5410.71617
20001106,5253.24183
20001103,9457.42708
20001102,18204.4059
20001101,8568.36023
20001031,3855.33484
20001030,2546.7600199999997
20001027,1909.355
20001026,1280.99472
20001025,4566.36348
20001024,3532.47208
20001023,2239.27968
20001023,288.0
20001020,10675.46376
20001019,2927.9701099999997
20001018,3933.61402
20001017,16105.821530000001
20001016,10251.59074
20001013,9828.9706
20001012,8847.328440000001
20001011,5255.31526
20001010,3984.19632
20001009,4110.63552
20001006,7617.11916
20001005,4918.99933
20001004,2428.855
20001003,2618.4214
20000929,4502.7136
20000928,7336.53872
20000927,3641.20305
20000926,5721.49224
20000925,5424.64155
20000922,6251.463
20000921,5924.468239999999
20000920,2271.37984
20000919,7095.076150000001
20000918,5301.15314
20000915,5982.7705399999995
20000914,6297.538
20000913,19569.87006
20000912,30414.188699999995
20000911,2590.55893
20000908,5434.1937100000005
20000907,2336.87249
20000906,6077.6394
20000905,5215.5774
20000904,6545.8733999999995
20000831,4972.416
20000830,2091.19353
20000830,520.96
20000829,3761.7328199999997
20000828,2471.7393
20000825,4937.05044
20000824,3531.9484199999997
20000823,6718.741360000001
20000822,10998.402310000001
20000821,5011.86632
20000818,7235.07344
20000817,7378.23249
20000816,17430.00168
20000814,16361.671970000001
20000811,4976.43696
20000810,5614.968
20000809,8271.288
20000808,5752.71216
20000807,9659.60364
20000804,7993.66176
20000803,6904.893959999999
20000802,6219.7388
20000801,4550.6452
20000731,4939.418
20000728,10843.34769
20000727,8102.493
20000726,6624.173699999999
20000725,13536.50696
20000724,8277.29005
20000721,8552.475869999998
20000720,9376.701000000001
20000719,7700.8767
20000718,18413.40573
20000717,8154.220960000001
20000714,8740.39608
20000713,22368.31305
20000712,5974.223760000001
20000711,22386.97475
20000710,9122.211000000001
20000707,6084.019969999999
20000706,11536.937939999998
20000705,7008.98832
20000704,6547.123920000001
20000703,18300.39732
20000630,10290.46646
20000629,16492.626360000002
20000628,13029.4224
20000627,4535.01594
20000626,4311.89376
20000623,10023.72477
20000622,4628.78845
20000621,5980.91373
20000620,10296.7862
20000619,10003.081919999999
20000616,5025.7315
20000615,8691.9504
20000614,3815.4306600000004
20000613,3440.41925
20000612,5065.589370000001
20000612,0.4216
20000609,6294.340209999999
20000608,7128.8308799999995
20000607,8046.72975
20000607,458.38
20000606,6441.01696
20000605,12764.44594
20000602,9368.3196
20000601,148.784
20000601,9044.12992
20000531,24641.426939999998
20000531,1152.0
20000530,16036.102849999997
20000529,4994.15838
20000526,9909.52158
20000525,10887.64
20000524,8692.214039999999
20000523,6305.152
20000522,5364.715099999999
20000519,4334.1696
20000518,6520.63419
20000518,469.00000000000006
20000517,10980.44694
20000516,12778.86492
20000515,6833.81871
20000512,6192.831880000001
20000511,3527.70346
20000510,7439.664780000001
20000509,2860.6531
20000508,3625.8275799999997
20000505,4591.31274
20000504,3351.18498
20000503,2761.18218
20000502,2999.40003
20000428,2850.4058700000005
20000427,6985.70287
20000426,3829.8124800000005
20000425,4065.9925599999997
20000424,5403.10268
20000420,7074.567
20000420,57.754
20000419,6015.721670000001
20000418,8301.739160000001
20000417,5892.450239999999
20000413,3946.91388
20000413,144.69
20000412,3636.04059
20000411,3493.0791999999997
20000410,16547.980290000003
20000407,8903.55224
20000406,3544.1296799999996
20000405,4749.804609999999
20000404,8181.2880000000005
20000403,13666.225650000002
20000331,5602.507500000001
20000330,3940.94361
20000329,4015.2167800000007
20000328,3496.3001400000003
20000327,2577.10146
20000324,2168.1761
20000323,2513.7182000000003
20000322,3754.02075
20000321,4902.713479999999
20000316,5958.62648
20000315,3506.03406
20000314,10335.36868
20000313,13013.883090000001
20000310,10349.0348
20000309,8758.32588
20000308,10055.79826
20000307,8774.9766
20000306,2569.83722
20000303,5559.64645
20000302,8581.4384
20000301,9496.903049999999
20000229,17289.523849999998
20000228,3181.139
20000225,7397.63145
20000224,6644.754999999999
20000223,5195.516659999999
20000222,9662.422700000001
20000221,13386.30142
20000218,17611.6787
20000217,29570.573780000002
20000216,22034.07609
20000215,25105.415699999998
20000214,26094.81027
20000211,3810.0194
20000211,536.4
20000210,2234.082
20000209,14149.77318
20000208,17798.61151
20000207,2936.01724
20000207,1538.9174
20000204,6917.844999999999
20000203,3021.7503500000003
20000202,5184.0765599999995
20000201,8146.0512
20000131,12317.738570000001
20000131,152.88
20000128,11995.81781
20000127,23453.899840000002
20000125,26214.54224
20000124,16032.8175
20000121,10873.26812
20000120,3830.93615
20000119,3049.6063499999996
20000118,5692.5243
20000117,14827.731150000001
20000114,8972.68998
20000113,6796.6351
20000112,8558.21824
20000111,30770.44948
20000110,22783.452699999998
20000107,8296.4658
20000106,12077.404320000001
20000105,16465.92624
20000104,13702.04238
20000103,9902.82215
