20160408,1518.63244
20160407,3036.0072600000003
20160406,1493.24448
20160405,5691.45618
20160404,1074.6867000000002
20160401,1823.51493
20160331,1790.3422500000001
20160330,2903.4238199999995
20160329,6395.80426
20160328,3915.41952
20160323,2543.22201
20160322,2359.01568
20160321,2933.7309
20160318,6059.44162
20160317,4196.02423
20160316,3546.5605400000004
20160315,2822.0860199999997
20160314,216102.97544
20160311,2699.64246
20160310,2281.4203999999995
20160309,3925.7539199999997
20160308,1885.9696000000001
20160304,2016.4964400000001
20160303,2890.4314600000002
20160302,3164.66874
20160301,1669.76533
20160229,2621.19396
20160226,4068.5658900000003
20160225,1899.46317
20160224,1662.27
20160223,7121.0037600000005
20160222,2099.02
20160219,1185.49476
20160218,2801.19792
20160217,2696.8164300000003
20160216,2293.80766
20160215,2671.12156
20160212,8428.7496
20160211,1890.7737200000001
20160210,2975.99436
20160209,3166.8756
20160208,1794.2631000000003
20160205,3475.93875
20160204,4025.73192
20160203,2433.44695
20160202,2765.2931999999996
20160201,2219.9904
20160129,4352.44654
20160128,2364.5802700000004
20160127,3551.0793599999997
20160125,2751.57696
20160122,1625.8099
20160121,2686.24824
20160120,3180.9524499999998
20160119,1631.0458800000001
20160118,3064.72698
20160115,2461.5199100000004
20160114,2843.30378
20160113,3766.2807400000006
20160112,1502.35124
20160111,3460.0126999999993
20160108,2611.96954
20160107,2110.61086
20160106,1793.01892
20160105,1650.4813800000002
20160104,3223.49175
20160101,2362.28498
20151231,1760.21224
20151230,1533.2460500000002
20151229,2700.4062799999997
20151228,3489.0167399999996
20151224,1726.92412
20151223,4972.25388
20151222,3880.6303900000003
20151221,11032.2238
20151218,3196.413
20151217,3216.84396
20151216,2035.70952
20151215,2415.64738
20151214,2455.07098
20151211,2328.45836
20151210,3988.8156900000004
20151209,8117.70885
20151208,3278.95326
20151207,7866.777480000001
20151204,22987.34126
20151203,2035.194
20151202,2714.21229
20151201,2806.23972
20151130,3039.9294000000004
20151127,4887.8566200000005
20151126,6522.5608
20151124,5362.996999999999
20151123,5016.58875
20151120,5054.31052
20151119,4592.31792
20151118,5729.784970000001
20151117,4763.00652
20151116,2863.66498
20151113,6432.36576
20151111,1478.40768
20151110,7062.39744
20151109,8966.881440000001
20151106,3382.26845
20151105,5392.47744
20151104,2061.87155
20151103,1395.117
20151102,2306.95188
20151030,1090.4503300000001
20151029,2115.98871
20151028,1718.22472
20151027,1981.966
20151026,10378.75632
20151023,3291.49548
20151021,1249.94721
20151020,1685.4143800000002
20151019,1893.00318
20151016,1023.4515000000001
20151015,1217.81464
20151014,1797.9775
20151013,1808.3252499999999
20151012,2085.27616
20151009,1358.23443
20151008,2168.6759199999997
20151007,3173.49462
20151006,4271.587850000001
20151005,1627.24956
20151001,2096.88183
20150930,26147.2596
20150929,2873.01891
20150928,3629.4637500000003
20150924,2269.7171
20150923,2456.85216
20150922,3742.5128199999995
20150921,3271.15062
20150918,2861.50272
20150916,12695.12972
20150915,3900.80808
20150914,2465.5564400000003
20150911,3935.2549200000003
20150910,2636.238
20150909,3147.9462
20150908,3020.8914
20150907,1912.4739700000002
20150904,2986.4100599999997
20150903,1884.80355
20150902,3105.99168
20150901,4344.4544000000005
20150831,5133.6025199999995
20150828,4758.1578
20150827,3010.546
20150826,2758.8369
20150825,5897.61798
20150824,6828.682400000001
20150821,8490.924500000001
20150820,8021.2126499999995
20150819,6255.68805
20150818,2437.40288
20150817,4277.744460000001
20150814,7474.5749399999995
20150813,2595.23378
20150812,9155.5831
20150811,4156.1046
20150810,5639.787899999999
20150807,3277.3388
20150806,2522.8496999999998
20150805,2885.4280400000002
20150804,2872.5645799999998
20150803,2672.3968000000004
20150731,2780.86122
20150730,8106.2386799999995
20150729,3582.7261799999997
20150728,5622.99127
20150727,3505.11664
20150724,3708.5568000000003
20150723,3516.9015200000003
20150722,8574.064079999998
20150721,38848.456589999994
20150720,1214.4999599999999
20150717,3563.18208
20150716,3296.5168
20150715,1989.9288499999998
20150714,2226.09283
20150713,3357.46889
20150710,2722.6691800000003
20150709,2046.58206
20150708,2358.23904
20150707,2315.25
20150706,1899.40474
20150703,1492.99854
20150702,2330.4824
20150701,2377.7248
20150630,2963.99582
20150629,1589.11175
20150626,1716.2207999999998
20150625,2691.0343199999998
20150624,3247.2846
20150623,2079.70661
20150622,1770.8066999999999
20150619,1763.41136
20150618,7890.396659999999
20150617,6818.89347
20150616,2114.00068
20150615,3590.9637599999996
20150612,2987.31924
20150611,5957.735
20150610,4309.4919
20150609,6774.49575
20150608,3885.7987
20150605,6526.61875
20150604,9070.75884
20150603,9947.23275
20150602,17369.18136
20150601,25887.17028
20150529,6127.59774
20150528,5943.56279
20150527,4055.7946399999996
20150526,4980.84376
20150525,3441.7991999999995
20150522,7034.50208
20150521,3769.0573799999997
20150520,8332.21494
20150519,4721.76863
20150518,3394.0692000000004
20150515,4041.2988000000005
20150514,6241.17248
20150513,2653.10604
20150512,4966.15185
20150511,5441.32715
20150508,5957.3841600000005
20150507,5450.2848
20150506,5554.26
20150505,6528.148639999999
20150504,5698.848
20150430,8417.22948
20150429,4722.36128
20150428,7093.96924
20150427,19810.58322
20150424,12592.90738
20150423,16650.26532
20150422,16283.2485
20150421,164127.03966
20150420,3064.02597
20150417,7439.999
20150416,3009.49488
20150415,6725.2909500000005
20150413,2659.518
20150410,2794.0787000000005
20150409,3681.9909000000002
20150408,3317.66424
20150407,7343.7458799999995
20150406,6310.482749999999
20150401,4692.6987899999995
20150331,2409.22591
20150330,2106.4879800000003
20150327,2955.3772599999998
20150326,6674.73357
20150325,4892.798760000001
20150324,1828.1315499999998
20150323,12288.292800000001
20150320,6005.53212
20150319,3028.41336
20150318,1356.0185999999999
20150317,1704.3826800000002
20150316,3215.2143800000003
20150313,1641.6072
20150312,3257.26732
20150311,1789.29656
20150310,2855.93392
20150309,5016.21516
20150305,5401.46127
20150304,11494.09672
20150303,11598.44074
20150302,3038.6541799999995
20150228,2138.79876
20150227,2080.5144
20150226,2167.25504
20150225,1422.2533600000002
20150224,1311.4972500000001
20150223,1040.7618
20150220,1000.7676799999999
20150219,836.87662
20150218,3349.68272
20150216,3101.98408
20150213,7575.4972800000005
20150212,1377.34266
20150211,2916.4031999999997
20150210,1693.8174999999999
20150209,2050.21044
20150206,1965.46472
20150205,1323.0452400000001
20150204,2837.0628
20150203,1465.4745599999999
20150202,1751.34834
20150130,1560.22472
20150129,1755.4935600000001
20150128,2160.80865
20150127,1430.4344
20150123,4246.45744
20150122,4280.89478
20150121,1940.2117600000001
20150120,1251.85786
20150119,23929.60977
20150116,2326.0723000000003
20150115,856.5349799999999
20150114,758.79944
20150113,1033.85167
20150112,1543.30681
20150109,1442.4033200000001
20150108,781.96119
20150107,3357.1460999999995
20150106,3581.80326
20150105,989.73432
20150102,745.26997
20150101,876.4944899999999
20141231,761.86474
20141230,1082.8319999999999
20141229,829.1189500000002
20141226,1060.0875
20141224,2070.7183200000004
20141223,2444.39745
20141222,1826.3140799999999
20141219,1925.4087600000003
20141218,2074.2871999999998
20141217,2587.00762
20141216,1318.09776
20141215,1871.5967099999998
20141212,2499.4407
20141211,1686.4914
20141210,2431.6200000000003
20141209,3791.3499000000006
20141208,1429.35647
20141205,2806.31
20141204,1707.2670400000002
20141203,1490.55382
20141202,2045.03244
20141201,2938.55625
20141128,1924.70444
20141127,3099.7152899999996
20141126,5946.2
20141125,2002.9281
20141124,3328.5591
20141121,2277.87003
20141120,3485.6775
20141119,4224.192
20141118,6866.259
20141117,1958.1141599999999
20141114,5354.5473600000005
20141113,2858.3231800000003
20141112,2779.91651
20141111,1972.7263800000003
20141110,3662.63676
20141107,4299.6825
20141105,3086.8526
20141103,1521.0379
20141031,1793.76504
20141030,1128.6209999999999
20141029,1634.43288
20141028,5795.02215
20141027,1012.2278400000001
20141023,277.35555999999997
20141022,1083.85753
20141021,1223.34516
20141020,1552.9681999999998
20141017,2546.1416
20141016,1832.0125
20141014,1384.6542599999998
20141013,1633.40064
20141010,2258.2287
20141009,1459.80836
20141008,3192.05565
20141007,3011.63985
20141001,2393.45744
20140930,4820.0088
20140929,3924.2527000000005
20140926,10480.15264
20140925,2203.44024
20140924,1990.32192
20140923,3213.6438000000003
20140922,2289.25632
20140919,3579.27236
20140918,3337.1775499999994
20140917,3684.64992
20140916,3413.17617
20140915,4286.39772
20140912,9934.4574
20140911,6800.279679999999
20140910,1709.4675000000002
20140909,1884.1009000000001
20140908,1700.88417
20140905,1868.0620800000004
20140904,1786.48512
20140903,2240.973
20140902,2146.2030499999996
20140901,2482.11604
20140828,1104.0460799999998
20140827,1494.9540499999998
20140826,1791.3914000000002
20140825,2169.2592600000003
20140822,2612.21595
20140821,2554.7628
20140820,2883.76068
20140819,1072.13922
20140818,1764.2594900000001
20140814,1507.36795
20140813,3361.7222399999996
20140812,1313.6396
20140811,645.8131500000001
20140808,2047.60467
20140807,1166.493
20140806,1026.01188
20140805,1683.65978
20140804,843.9192
20140801,1375.3163200000001
20140731,617.25213
20140730,1455.1884000000002
20140728,961.2334199999999
20140725,3335.8264799999997
20140724,932.16019
20140723,1970.0938199999998
20140722,667.3819000000001
20140721,1543.05783
20140718,749.9882400000001
20140717,788.45184
20140716,1023.5677800000001
20140715,904.3434299999999
20140714,1373.07394
20140711,1608.1000400000003
20140710,2172.5855500000002
20140709,3902.598
20140708,2307.27805
20140707,1852.01478
20140704,1308.32653
20140703,548.8501200000001
20140702,2056.9733100000003
20140701,889.71452
20140630,3302.94904
20140627,4617.3873
20140626,1131.55332
20140625,875.2415399999999
20140624,827.1396000000001
20140623,660.44844
20140620,1121.4294
20140619,1737.43111
20140618,1212.7715600000001
20140617,1872.86178
20140616,2095.66014
20140613,2121.16725
20140612,2342.67454
20140611,1490.0726799999998
20140610,1965.57042
20140609,1214.6024699999998
20140606,1630.68713
20140605,1523.4047999999998
20140604,1073.6230999999998
20140603,1052.54488
20140602,1221.4752
20140530,2890.1252600000003
20140529,3322.51721
20140528,4806.8009
20140527,1552.2699999999998
20140526,4695.72236
20140523,1312.8807299999999
20140522,2220.21513
20140521,2169.52648
20140520,4544.2109900000005
20140519,4046.89461
20140516,1789.19325
20140515,1417.62632
20140514,1290.41856
20140513,1550.85502
20140512,2210.0920800000004
20140509,1005.3564999999999
20140508,566.7246
20140507,1159.6046000000001
20140506,616.52625
20140505,732.3416
20140502,952.3266899999999
20140430,1653.0248
20140429,1852.1195400000001
20140428,2108.1270000000004
20140425,830.8836200000001
20140423,2122.16124
20140422,951.5773399999999
20140421,853.6695199999999
20140417,1174.90022
20140416,1415.20589
20140415,3733.14825
20140411,3709.82625
20140410,7328.8512
20140409,11057.138879999999
20140407,4037.74226
20140404,2629.602
20140403,1455.9386400000003
20140402,2662.7592499999996
20140401,1110.12986
20140331,1064.28296
20140328,1226.9142299999999
20140327,2347.51731
20140326,1821.56606
20140325,738.6539999999999
20140324,788.0016
20140322,45.996050000000004
20140321,901.4846399999999
20140320,937.79756
20140319,930.15321
20140318,1307.65236
20140314,4045.5259200000005
20140313,5947.389
20140312,1875.21982
20140311,2589.1564399999997
20140310,1499.9862
20140307,1657.6799199999998
20140306,1645.1003699999999
20140305,619.65545
20140304,1225.18792
20140303,1257.1947
20140228,1203.296
20140226,1410.90718
20140225,3249.3473999999997
20140224,724.13131
20140221,1944.8832
20140220,1160.67076
20140219,3627.0478399999997
20140218,536.06888
20140217,802.85128
20140214,2134.0176300000003
20140213,3028.10963
20140212,817.3309199999999
20140211,1207.7079199999998
20140210,1847.3136
20140207,2885.02208
20140206,1215.58656
20140205,722.51347
20140204,492.60030000000006
20140203,608.3400700000001
20140131,1181.5743999999997
20140130,1160.4213
20140129,2304.9027
20140128,1220.9412
20140127,1211.14205
20140124,856.5291
20140123,2101.25861
20140122,1595.2209000000003
20140121,801.72096
20140120,495.06028000000003
20140117,449.49828
20140116,731.75048
20140115,1093.3516
20140114,367.56468
20140113,794.3909500000001
20140110,1776.7659999999998
20140109,1522.3740000000003
20140108,2067.3024
20140107,1356.8908800000002
20140106,1051.62744
20140103,1074.83235
20140102,1173.006
20140101,817.67566
20131231,576.63396
20131230,702.2278
20131227,875.582
20131226,1179.83418
20131224,1360.3463
20131223,947.466
20131220,1265.481
20131219,1333.4271199999998
20131218,632.0424
20131217,2073.896
20131216,863.52985
20131213,602.28732
20131212,978.85125
20131211,459.675
20131210,1034.78404
20131209,913.69155
20131206,1406.11691
20131205,880.4085800000001
20131204,1220.3708
20131203,1648.84486
20131202,1597.3775999999998
20131129,680.1914
20131128,937.38496
20131127,1023.33886
20131126,1022.75226
20131125,572.8511100000001
20131122,1420.9107900000001
20131121,1765.0874500000002
20131120,1003.3748
20131119,2987.2882600000003
20131118,1098.89039
20131114,2713.67877
20131113,3433.5007400000004
20131112,1483.6766999999998
20131111,1315.18479
20131108,1012.0066
20131107,1436.5328399999999
20131106,1048.7037599999999
20131105,1061.0776799999999
20131103,388.85805
20131101,780.48338
20131031,329.13953999999995
20131030,494.96997
20131029,608.60486
20131028,541.0377
20131025,1018.32456
20131024,1039.30974
20131023,1282.10048
20131022,924.9904
20131021,844.25501
20131018,772.58208
20131017,854.06048
20131015,2643.45138
20131014,618.31231
20131011,938.9292
20131010,1166.8899999999999
20131009,3520.11
20131008,1033.1345000000001
20131007,1131.7297500000002
20131004,950.0908200000001
20131003,1848.39408
20131001,518.02566
20130930,1637.33325
20130927,3205.5087599999997
20130926,1400.81487
20130925,725.41055
20130924,1150.59476
20130923,676.8827399999999
20130920,1051.98448
20130919,1002.6261299999999
20130918,921.38688
20130917,977.8738500000001
20130916,1253.39604
20130913,461.01259
20130912,833.4239399999999
20130911,2047.0453200000002
20130910,1482.8634
20130906,606.9163199999999
20130905,861.8858000000001
20130904,976.08264
20130903,1625.1679800000002
20130902,892.8060999999999
20130830,2218.34619
20130829,1578.9945599999999
20130828,1770.2184499999998
20130827,1673.99175
20130826,3385.4158799999996
20130823,1372.15645
20130822,1243.13599
20130821,1790.73202
20130820,1894.5876600000001
20130819,1767.94179
20130816,2479.72044
20130814,997.2877199999999
20130813,875.63313
20130812,3235.71729
20130808,1455.7914
20130807,871.34299
20130806,623.89962
20130805,749.4336
20130802,718.96515
20130801,977.9667999999999
20130731,1032.6772799999999
20130730,910.955
20130729,883.76985
20130726,1708.6864
20130725,1673.2361999999998
20130724,2499.8057999999996
20130723,1400.1598800000002
20130722,1982.58703
20130719,1803.0659000000003
20130718,1382.73933
20130717,1178.84851
20130716,810.7987999999999
20130715,1262.5158
20130712,1261.2294299999999
20130711,1017.8338500000001
20130710,1584.8737199999998
20130709,2658.77104
20130708,716.78545
20130705,1090.5825599999998
20130704,1540.65186
20130703,1151.94588
20130702,1104.6728
20130701,1124.2016
20130628,2770.8564
20130627,2660.13965
20130626,808.55488
20130625,720.28675
20130624,1780.7258000000002
20130621,2451.90477
20130620,1812.13544
20130619,1122.19992
20130618,1088.98712
20130617,1836.255
20130614,1518.776
20130613,4702.40082
20130612,1250.2102499999999
20130611,1381.52505
20130610,1960.31544
20130607,1245.8616000000002
20130606,1181.3055200000001
20130605,2654.97291
20130604,1819.91152
20130603,2860.60684
20130531,2048.7441599999997
20130530,2846.4649
20130529,8221.85034
20130528,2277.24746
20130527,2813.96726
20130524,1346.8730999999998
20130523,2976.90196
20130522,2517.33289
20130521,1220.1982
20130520,954.9552
20130517,759.3511199999999
20130516,895.732
20130515,1017.765
20130514,1258.3867200000002
20130513,983.63304
20130511,261.23699
20130510,1155.1315
20130509,1205.56125
20130508,502.05172000000005
20130507,832.4612
20130506,629.2278
20130503,4283.02976
20130502,7990.17966
20130430,526.50836
20130429,597.8335
20130426,943.785
20130425,2242.29044
20130423,1099.3387400000001
20130422,707.4724799999999
20130418,703.6735000000001
20130417,4136.01498
20130416,708.92896
20130415,549.34488
20130412,871.45183
20130411,792.53439
20130410,1046.5310499999998
20130409,1098.73344
20130408,621.59626
20130405,715.7495799999999
20130404,798.36644
20130403,1836.08384
20130402,1242.47898
20130401,404.37572
20130328,1301.12346
20130326,485.15139
20130325,544.4414400000001
20130322,615.53104
20130321,1003.25016
20130320,676.07184
20130319,1185.4620000000002
20130318,553.7938
20130315,2978.4153600000004
20130314,1027.7564000000002
20130313,539.75419
20130312,1044.13498
20130311,871.524
20130308,752.15592
20130307,1160.62716
20130306,1141.2836
20130305,442.7792
20130304,1618.1568
20130301,560.3188
20130228,910.7931699999999
20130227,586.4821499999999
20130226,609.46263
20130225,2156.4473
20130222,2498.90802
20130221,2661.02228
20130220,1610.9833999999998
20130219,530.07266
20130218,457.14517
20130215,779.9468700000001
20130214,614.5052400000001
20130213,939.4164999999999
20130212,1460.2064400000002
20130211,588.73149
20130208,1986.9223
20130207,419.87359999999995
20130206,836.4195
20130205,2774.78682
20130204,219.98198
20130201,3123.9567800000004
20130131,504.58209999999997
20130130,210.25057999999999
20130129,239.98458
20130128,475.66068
20130125,446.0511000000001
20130124,297.67595
20130123,249.46201000000002
20130122,470.44629
20130121,696.542
20130118,383.76186
20130117,1068.6829
20130116,395.4825
20130115,335.91484
20130114,283.31486
20130111,430.476
20130110,226.96525999999997
20130109,376.28854
20130108,545.77136
20130107,314.63736
20130104,386.05895999999996
20130103,371.92622000000006
20130102,203.86706999999998
20130101,294.81057
20121231,193.2854
20121228,311.29356
20121227,355.8981
20121226,492.20687999999996
20121224,755.7353600000001
20121221,596.73432
20121220,998.6854799999999
20121219,995.3393199999999
20121218,1040.55665
20121217,1643.32824
20121214,292.58698
20121213,343.87056
20121212,433.19924000000003
20121211,804.7727600000001
20121210,238.492
20121207,418.90036000000003
20121206,306.9004
20121205,2910.77976
20121204,189.62579999999997
20121203,277.47299999999996
20121130,402.512
20121129,478.22985
20121127,144.4284
20121126,204.69342
20121123,281.04912
20121122,329.11194
20121121,514.6632000000001
20121120,339.50393999999994
20121119,272.5698
20121116,383.94497
20121115,609.9582899999999
20121113,85.79216000000001
20121112,1693.21632
20121109,676.90751
20121108,2418.40445
20121107,201.88594999999998
20121106,522.57809
20121105,133.50544
20121102,287.4439
20121101,375.64876000000004
20121031,431.56576000000007
20121030,183.58055000000002
20121029,140.03531999999998
20121026,384.94425000000007
20121025,278.8668
20121023,153.44795000000002
20121022,331.15082
20121019,445.61464
20121018,383.2719
20121017,2520.1590699999997
20121016,189.29575999999997
20121015,296.86419
20121012,234.91416
20121011,459.16814999999997
20121010,475.88692000000003
20121009,1102.5716
20121008,1207.38245
20121005,671.44308
20121004,501.1347
20121003,874.0747399999999
20121001,681.4152
20120928,1210.84831
20120927,371.04350000000005
20120926,503.07599999999996
20120925,430.47693
20120924,456.35589000000004
20120921,584.00728
20120920,347.86822
20120918,379.0395
20120917,434.14708
20120914,296.68710000000004
20120913,225.04384
20120912,794.5320600000001
20120911,542.68687
20120910,322.22865
20120908,48.17657
20120907,259.86048
20120906,332.75811
20120905,493.70964
20120904,200.91180000000003
20120903,128.05056
20120831,243.90525000000002
20120830,230.38992
20120829,396.26332
20120828,579.45212
20120827,206.43096
20120824,174.17882999999998
20120823,649.2823999999999
20120822,350.79210000000006
20120821,230.05050000000003
20120817,280.19399999999996
20120816,423.90432000000004
20120814,722.1106199999999
20120813,627.4352
20120810,3146.1749999999997
20120809,431.08799999999997
20120808,281.45517
20120807,647.05364
20120806,525.63282
20120803,305.43215000000004
20120802,75.3333
20120801,212.26695
20120731,306.82512
20120730,691.20482
20120727,586.66942
20120726,549.5005199999999
20120725,460.09418
20120724,539.90496
20120723,309.5381
20120720,160.72075
20120719,1821.3301999999999
20120718,2209.63788
20120717,401.7902
20120716,477.94032
20120713,204.58010000000002
20120712,154.78218
20120711,209.6604
20120710,118.17344
20120709,179.27444
20120706,169.57259
20120705,175.14216
20120704,196.49423999999996
20120703,386.18895
20120702,1726.3700999999999
20120629,731.1083600000001
20120628,134.98783999999998
20120627,256.57824
20120626,140.17248
20120625,177.79515
20120622,86.68485
20120621,532.41552
20120620,202.58229
20120619,339.21599999999995
20120618,117.85004
20120615,184.30783
20120614,192.35997
20120613,320.28388
20120612,389.9116
20120611,2001.2119199999997
20120608,196.31219999999996
20120607,148.33996
20120606,2181.4341600000002
20120605,214.89125
20120604,314.17647999999997
20120601,375.5175899999999
20120531,937.41405
20120530,1371.78824
20120529,592.35816
20120528,267.72135
20120525,505.87104000000005
20120524,331.79535
20120523,384.07851
20120522,340.69734
20120521,204.76264
20120518,247.70503999999997
20120517,282.10652
20120516,238.26322000000002
20120515,306.43592
20120514,338.54076000000003
20120511,561.4208
20120510,109.90303999999999
20120509,324.00192
20120508,328.41256000000004
20120507,219.2196
20120504,255.86929999999998
20120503,244.86436
20120502,270.8944
20120430,466.53731999999997
20120428,32.351620000000004
20120427,108.30482
20120426,131.61550000000003
20120425,193.24536
20120424,244.89369
20120423,184.4876
20120420,594.58315
20120419,397.71588
20120418,441.96768000000003
20120417,316.49562
20120416,252.48408
20120413,16254.982109999999
20120412,361.04591999999997
20120411,301.01544
20120410,173.58816
20120409,8914.211840000002
20120404,929.99028
20120403,292.8624
20120402,305.8668
20120330,4691.71774
20120329,351.18932
20120328,277.614
20120327,332.21504999999996
20120326,279.82976
20120323,292.55655
20120322,335.14408
20120321,319.6688
20120320,841.38143
20120319,3099.44334
20120316,3013.28346
20120315,541.7582
20120314,248.12358
20120313,500.13012000000003
20120312,271.34514
20120309,402.76808
20120307,144.01067999999998
20120306,1097.71893
20120305,385.47520000000003
20120303,61.108799999999995
20120302,1236.45599
20120301,549.9561199999999
20120229,472.86634999999995
20120228,257.51019
20120227,334.69115999999997
20120224,282.78492
20120223,269.29511
20120222,431.57613999999995
20120221,288.68058
20120217,404.21894
20120216,1004.02143
20120215,572.4450599999999
20120214,1089.43534
20120213,3465.9210599999997
20120210,303.892
20120209,297.91368
20120208,506.18287999999995
20120207,766.39956
20120206,374.68289999999996
20120203,569.7059800000001
20120202,484.36199999999997
20120201,419.16375000000005
20120131,538.7551
20120130,655.0157499999999
20120127,791.0802899999999
20120125,985.1286799999999
20120124,223.56837
20120123,225.98757
20120120,506.91862000000003
20120119,470.65539999999993
20120118,2056.792
20120117,866.0082
20120116,264.40757
20120113,291.62687999999997
20120112,168.5488
20120111,549.7269599999998
20120110,936.576
20120109,258.52137999999997
20120107,26.79612
20120106,694.21842
20120105,4037.89422
20120104,405.67204
20120103,234.40713
20120102,2069.54904
20111230,731.34207
20111229,204.47691
20111228,121.40190000000001
20111227,494.88732
20111226,248.44625999999997
20111223,254.66973
20111222,958.29132
20111221,381.84652
20111220,385.14000000000004
20111219,313.8696
20111216,425.28321
20111215,601.8953600000001
20111214,854.1427999999999
20111213,839.33784
20111212,505.13750000000005
20111209,289.02762
20111208,608.5174999999999
20111207,414.90020000000004
20111205,484.60596000000004
20111202,396.12482
20111201,616.72328
20111130,1112.59343
20111129,276.86802
20111128,786.89895
20111125,230.83776000000003
20111124,344.56064999999995
20111123,1596.2255300000002
20111122,738.38424
20111121,1068.51748
20111118,864.14778
20111117,448.19001
20111116,301.0098
20111115,231.53328000000002
20111114,1011.8166
20111111,425.76050000000004
20111109,246.65675000000005
20111108,246.42288
20111104,362.91080000000005
20111103,315.53184
20111102,131.219
20111101,372.14697
20111031,203.86971
20111028,398.00854
20111026,125.39226000000001
20111025,365.40475000000004
20111024,587.0930500000001
20111021,523.3018
20111020,485.97562000000005
20111019,400.90785999999997
20111018,426.756
20111017,1117.8928799999999
20111014,310.54716
20111013,185.35311
20111012,363.40084
20111011,396.35112000000004
20111010,238.48875
20111007,231.22467999999998
20111005,631.56228
20111004,238.095
20111003,248.50502999999998
20110930,238.16778
20110929,3222.90276
20110928,4850.4266
20110927,274.83407
20110926,252.15204000000003
20110923,393.90623999999997
20110922,424.93598
20110921,216.4283
20110920,309.27708
20110919,694.04006
20110916,193.76136
20110915,2093.08484
20110914,309.5672
20110913,395.3866
20110912,603.07919
20110909,375.75048
20110908,295.57776
20110907,240.40787999999998
20110906,714.46392
20110905,253.37097000000003
20110902,713.2309500000001
20110830,538.6197000000001
20110829,448.05913999999996
20110826,210.04095
20110825,369.08616
20110824,356.32062
20110823,218.2481
20110822,898.10825
20110819,1209.8702600000001
20110818,164.42394
20110817,642.75484
20110816,105.70661
20110812,264.47192
20110811,282.20712
20110810,908.86145
20110809,1162.6981999999998
20110808,3209.8941
20110805,13633.11768
20110804,3713.38926
20110803,260.47496
20110802,999.16246
20110801,270.743
20110729,351.73855999999995
20110728,934.2023600000001
20110727,506.5256
20110726,672.80796
20110725,672.95262
20110722,1393.9861
20110721,175.539
20110720,174.57352
20110719,404.8245
20110718,223.81632
20110715,273.09744
20110714,450.89477999999997
20110713,221.88468
20110712,241.66225
20110711,173.81817
20110708,267.44621
20110707,1253.38725
20110706,191.35602
20110705,152.70426
20110704,122.33883999999999
20110701,1732.96975
20110630,1254.94512
20110629,351.63056
20110628,257.89583999999996
20110627,239.3128
20110624,437.61816
20110623,282.2032
20110622,1134.54468
20110621,532.00732
20110620,928.80014
20110617,352.98328
20110616,610.11134
20110615,632.85521
20110614,287.61798
20110613,192.16320000000002
20110610,415.87939
20110609,1830.59562
20110608,530.8480500000001
20110607,2341.39343
20110606,395.85582
20110603,308.07561999999996
20110602,359.63259999999997
20110601,264.62901999999997
20110531,819.37557
20110530,1070.13803
20110527,200.4588
20110526,249.88922000000002
20110525,336.3416
20110524,181.10815999999997
20110523,235.51429
20110520,213.47841
20110519,159.98976
20110518,224.75481
20110517,436.11916
20110516,434.28731999999997
20110513,235.44232000000002
20110512,229.39464
20110511,446.53795999999994
20110510,312.65234
20110509,220.48378000000002
20110506,177.77807
20110505,305.38296
20110504,455.34315
20110503,371.56735
20110502,811.15335
20110429,1250.7552
20110428,755.9742000000001
20110427,150.98057
20110426,631.1706
20110425,491.00387
20110421,586.1757
20110420,367.04349
20110419,406.66296
20110418,699.3797400000001
20110415,355.2382
20110413,1164.93243
20110411,1520.2657100000001
20110408,537.4124
20110407,275.03044
20110406,814.82029
20110405,337.232
20110404,1171.0764800000002
20110401,718.70848
20110331,502.91148
20110330,453.97317999999996
20110329,318.53724
20110328,835.23468
20110325,355.6696
20110324,362.44079999999997
20110323,550.13376
20110322,544.49474
20110321,562.3142
20110318,330.27831
20110317,382.07703000000004
20110316,528.55524
20110315,979.2746400000001
20110314,219.60750000000002
20110311,498.48007999999993
20110310,663.91905
20110309,770.72856
20110308,196.39327999999998
20110307,628.4516000000001
20110304,529.28604
20110303,372.01664999999997
20110301,1080.64104
20110228,1018.06302
20110225,370.55232
20110224,1748.9158000000002
20110223,459.45733000000007
20110222,346.7376
20110221,673.6982
20110218,619.99817
20110217,882.90184
20110216,1046.39095
20110215,656.9142999999999
20110214,924.20496
20110211,312.10587999999996
20110210,1565.9376
20110209,1754.8581000000001
20110208,951.2448
20110207,1826.9764800000003
20110204,1047.04296
20110203,494.1016
20110202,3620.1483299999995
20110201,969.6710399999998
20110131,1743.4909
20110128,1796.1708600000002
20110127,686.7492000000001
20110125,561.3609200000001
20110124,197.49373
20110121,262.30932
20110120,703.42506
20110119,756.6172799999999
20110118,716.08167
20110117,463.72776000000005
20110114,633.2261199999999
20110113,463.005
20110112,766.53616
20110111,548.7048
20110110,668.26752
20110107,1456.84718
20110106,559.6691199999999
20110105,505.85856
20110104,836.54755
20110103,309.82496
20101231,2098.88961
20101230,1424.415
20101229,456.9649
20101228,974.2685399999999
20101227,753.5675000000001
20101224,1821.0525799999998
20101223,1175.77856
20101222,579.8423700000001
20101221,1437.25056
20101220,447.02712
20101216,226.95016999999999
20101215,360.55815
20101214,306.71729999999997
20101213,525.20322
20101210,409.48515
20101209,391.80570000000006
20101208,244.38077999999996
20101207,687.2616
20101206,862.5524
20101203,773.9320399999999
20101202,278.9685
20101201,347.8956
20101130,451.06156000000004
20101129,376.71758
20101126,576.43236
20101125,1433.66644
20101124,451.77479999999997
20101123,577.13786
20101122,552.7781600000001
20101119,1018.24925
20101118,579.474
20101116,510.38768
20101115,662.61047
20101112,829.58948
20101111,165.249
20101110,785.1415000000001
20101109,281.77610000000004
20101108,620.64
20101105,156.45642999999998
20101104,394.31664
20101103,667.88912
20101102,325.47956
20101101,381.28403999999995
20101029,196.12855
20101028,280.35436
20101027,144.69092
20101026,157.36580999999998
20101025,270.0399
20101022,739.3852199999999
20101021,484.36773
20101020,191.38248
20101019,546.7617
20101018,613.5024
20101015,694.0863499999999
20101014,616.93541
20101013,606.5456
20101012,521.9639999999999
20101011,340.67109999999997
20101008,5929.99485
20101007,654.7485
20101006,460.4554
20101005,708.1398
20101004,542.03307
20101001,619.03842
20100930,956.0346599999999
20100929,1502.15541
20100928,853.6462399999999
20100927,814.2564
20100924,1520.2943599999999
20100923,945.29295
20100922,1618.2731800000001
20100921,1836.39492
20100920,867.92128
20100917,1122.3177
20100916,1327.53126
20100915,860.98275
20100914,256.7045
20100913,494.0925199999999
20100909,808.34416
20100908,3459.77132
20100907,1786.03572
20100906,165.94723
20100903,164.69656
20100902,176.1554
20100901,586.94265
20100831,101.9905
20100830,114.97360000000002
20100827,1475.7444
20100826,254.88645000000002
20100825,133.95516
20100824,188.47499
20100823,230.54304000000002
20100820,333.58816
20100819,846.4729
20100818,466.7608
20100817,173.67371999999997
20100816,495.07248000000004
20100813,238.0462
20100812,137.1602
20100811,219.53405999999998
20100810,116.2128
20100809,132.1804
20100806,406.4796
20100805,222.74351999999996
20100804,179.0901
20100803,200.245
20100802,287.6211
20100730,517.01358
20100729,1748.47094
20100728,2108.85344
20100727,270.31191
20100726,157.90761
20100723,222.27345
20100722,280.05237
20100721,1474.64202
20100720,535.6949900000001
20100719,1147.0452
20100716,836.2845599999999
20100715,2249.34486
20100714,454.88787
20100713,337.92528
20100712,570.3002
20100709,573.2598300000001
20100708,231.17759999999998
20100707,269.53446
20100706,518.49367
20100705,111.34347000000001
20100702,242.60160000000002
20100701,205.81977
20100630,466.77033
20100629,301.13187999999997
20100628,249.71648000000005
20100625,343.1368
20100624,595.23984
20100623,478.26167999999996
20100622,750.15228
20100621,521.6420400000001
20100618,313.9086
20100617,460.11294
20100616,234.465
20100615,132.1992
20100614,309.02768000000003
20100611,468.46058
20100610,157.49604000000002
20100609,995.5566499999999
20100608,201.36168
20100607,223.89928
20100604,384.27426
20100603,387.7666
20100602,818.75
20100601,1193.86981
20100531,480.06192
20100528,600.81234
20100527,1152.74395
20100526,508.05274
20100525,1292.01552
20100524,1237.55148
20100521,305.6175
20100520,273.34424
20100519,251.63599999999997
20100518,480.94551
20100517,410.92800000000005
20100514,584.7912
20100513,315.94041999999996
20100512,386.57124000000005
20100511,1107.0077700000002
20100510,393.708
20100507,793.4384600000001
20100506,888.219
20100505,617.38477
20100504,1443.56596
20100503,686.7090000000001
20100430,888.7217400000001
20100429,1170.22682
20100428,1490.1532799999998
20100427,2265.92784
20100426,4002.544
20100423,911.59713
20100422,936.6862600000001
20100421,511.80150000000003
20100420,513.78958
20100419,306.32845
20100416,254.37912000000003
20100415,342.32088000000005
20100413,2519.7849
20100412,786.06744
20100409,174.68480000000002
20100408,388.94284
20100407,620.3824
20100406,364.31406
20100405,408.93159999999995
20100401,410.49249999999995
20100331,497.34054999999995
20100330,292.88208
20100329,636.898
20100326,642.66336
20100325,757.1822999999999
20100323,332.04654
20100322,416.48618
20100319,415.73269999999997
20100318,360.68872999999996
20100317,645.70856
20100316,300.62058
20100315,264.41562
20100312,1102.13214
20100311,681.70506
20100310,342.68914
20100309,674.17862
20100308,532.80081
20100305,521.7506
20100304,281.24514
20100303,244.04456
20100302,266.38723999999996
20100226,229.62771
20100225,244.29576
20100224,191.07036
20100223,833.88123
20100222,111.41028
20100219,1126.4179000000001
20100218,68.19465
20100217,267.56316
20100216,425.17476999999997
20100215,131.28934
20100211,123.59320000000001
20100210,269.16578000000004
20100209,762.8519200000001
20100208,277.68426
20100206,23.85324
20100205,312.81649000000004
20100204,215.8995
20100203,307.1304
20100202,615.20732
20100201,293.24376
20100129,533.24032
20100128,458.47206
20100127,981.9224999999999
20100125,211.30702
20100122,371.04767999999996
20100121,227.93862000000001
20100120,187.21334
20100119,488.01375999999993
20100118,189.39096
20100115,308.16072
20100114,2168.9382
20100113,1260.2580799999998
20100112,199.47716
20100111,237.01032
20100108,841.3858200000001
20100107,296.26021000000003
20100106,430.26775
20100105,355.704
20100104,236.7624
20091231,227.43135999999998
20091230,258.22524
20091229,194.23044
20091224,408.32586000000003
20091223,454.1194
20091222,197.09932000000003
20091221,487.31996
20091218,676.9066799999999
20091217,406.6008
20091216,422.39704
20091215,159.909
20091214,362.56515
20091211,414.11744
20091210,702.54384
20091209,834.99871
20091208,371.6064
20091207,328.63612
20091204,643.5448
20091203,860.9685000000001
20091202,2582.8133599999996
20091201,1402.16648
20091130,429.0773
20091127,890.5566
20091126,912.9488699999998
20091125,419.46866
20091124,276.34425
20091123,581.4707999999999
20091120,349.41724
20091119,462.08834999999993
20091118,708.8943299999999
20091117,512.8860000000001
20091116,527.9125799999999
20091113,479.31886000000003
20091112,560.9429600000001
20091111,1006.2751999999999
20091110,289.67161999999996
20091109,356.33768000000003
20091106,364.6874
20091105,658.2855000000001
20091104,907.04648
20091103,348.48276
20091030,607.07982
20091029,1057.86961
20091028,1003.03164
20091027,887.7725999999999
20091026,511.41868999999997
20091023,961.23471
20091022,646.63914
20091021,667.0957500000001
20091020,2822.73848
20091017,80.63703999999998
20091016,599.4897599999999
20091015,467.74216
20091014,445.38074000000006
20091012,350.1339
20091009,308.03684
20091008,504.34515
20091007,1223.9526
20091006,898.02531
20091005,769.73472
20091001,654.7939200000001
20090930,1623.666
20090929,2898.016
20090925,1413.6978599999998
20090924,294.55062
20090923,212.15019000000004
20090922,710.67702
20090918,426.64954
20090917,269.07665
20090916,287.85
20090915,690.4866199999999
20090914,94.04962
20090911,191.69145999999998
20090910,320.87588
20090909,374.471
20090908,425.733
20090907,248.346
20090904,224.60194999999996
20090903,292.60569
20090902,626.81314
20090901,283.03936
20090831,3353.27418
20090828,540.4990799999999
20090827,443.78555
20090826,567.20898
20090825,478.37004999999994
20090824,348.60762
20090821,697.0800099999999
20090820,479.85168000000004
20090819,985.8716999999999
20090818,365.08194
20090817,523.8415
20090814,689.5214799999999
20090813,303.84284999999994
20090812,795.23742
20090811,347.97042
20090810,474.92984000000007
20090807,917.5064800000001
20090806,937.0979100000001
20090805,1281.6593400000002
20090804,900.94256
20090803,395.02554000000003
20090731,1039.87589
20090730,3587.6328
20090729,1038.6129600000002
20090728,261.77018999999996
20090727,347.6256
20090724,591.52
20090723,4957.1693399999995
20090722,299.51712000000003
20090721,192.78560000000002
20090720,176.59962
20090717,1933.61056
20090716,343.15624
20090715,766.79625
20090714,364.41852
20090713,398.9898
20090710,374.18514
20090709,706.67025
20090708,1051.8804
20090707,277.5198
20090706,1360.4175900000002
20090703,929.7829799999998
20090702,2138.688
20090701,1590.99672
20090630,2013.522
20090629,3755.17237
20090626,10710.02205
20090625,349.63455
20090624,511.3574
20090623,467.5875
20090622,303.48318
20090619,408.22542
20090618,451.2888
20090617,153.91961999999998
20090616,590.10916
20090615,405.53916000000004
20090612,308.21893
20090611,401.23486
20090610,691.4735699999999
20090609,530.7434400000001
20090608,939.23115
20090605,1835.3935000000001
20090604,1975.3506
20090603,1287.2481999999998
20090602,1327.0968100000002
20090601,2376.43374
20090529,6079.3278
20090528,561.6482100000001
20090527,431.22098
20090526,692.8038
20090525,1363.7900499999998
20090522,1511.40152
20090521,1445.4514
20090520,927.9415799999999
20090519,1319.8535800000002
20090518,10.794839999999999
20090515,378.09096
20090514,504.56936
20090513,106.37444
20090512,334.57059999999996
20090511,148.5306
20090508,177.94307999999998
20090507,276.78672
20090506,306.50399999999996
20090505,431.67344999999995
20090504,209.32298
20090429,451.98173999999995
20090428,399.3408
20090427,368.22491999999994
20090424,258.0786
20090423,443.03784
20090422,372.24664
20090421,501.505
20090420,420.11316
20090417,387.3662
20090416,324.29906
20090415,892.0472399999999
20090413,320.83974
20090409,659.9881199999999
20090408,788.7992600000001
20090406,349.63773
20090402,1028.70234
20090401,1409.4829200000001
20090331,600.80832
20090330,416.82032
20090327,584.21415
20090326,339.4944
20090325,869.54088
20090324,706.2235199999999
20090323,353.65528
20090320,398.9143399999999
20090319,1395.7094399999999
20090318,225.2691
20090317,751.1658
20090316,816.1296
20090313,417.58581000000004
20090312,586.0473599999999
20090309,340.87122
20090306,554.98608
20090305,727.73358
20090304,759.43234
20090303,2004.9983200000001
20090302,3422.4985199999996
20090227,1906.7191599999999
20090226,174.7316
20090225,295.67397
20090224,1180.38336
20090220,2882.44044
20090219,564.4883999999998
20090218,222.16965
20090217,1377.3195600000001
20090216,893.68024
20090213,1677.1682
20090212,294.61808
20090211,1256.6663999999998
20090210,694.6459600000001
20090209,497.32775000000004
20090206,167.45274
20090205,281.22729000000004
20090204,4437.57587
20090203,915.46317
20090202,766.56104
20090130,1737.2662199999997
20090129,451.91280000000006
20090128,476.61899999999997
20090127,690.5808000000001
20090123,362.16673999999995
20090122,266.27929
20090121,475.6848
20090120,381.69040000000007
20090119,193.36293
20090116,522.86864
20090115,385.84512
20090114,502.24036
20090113,1010.1977499999999
20090112,1025.95364
20090109,1217.1327099999999
20090107,771.29696
20090106,523.7194299999999
20090105,372.02191999999997
20090102,1645.38144
20090101,403.11287999999996
20081231,422.33235999999994
20081230,308.93107999999995
20081229,313.09301
20081226,731.31765
20081224,1154.576
20081223,659.01348
20081222,463.65695999999997
20081219,1316.7769500000002
20081218,926.3126599999999
20081217,2024.2487999999998
20081216,899.6043
20081215,888.43224
20081212,749.4727999999999
20081211,379.93872
20081210,935.17
20081208,734.73317
20081205,1809.9950999999999
20081204,1527.0151600000002
20081203,756.0091
20081202,361.21344999999997
20081201,1454.8085599999997
20081128,1147.2154
20081126,1679.8874400000002
20081125,513.22662
20081124,973.5260400000001
20081121,972.7436200000001
20081120,567.89532
20081119,796.9735800000001
20081118,540.5925599999999
20081117,446.02875
20081114,300.518
20081112,843.3408
20081111,1287.7403699999998
20081110,395.55330999999995
20081107,1167.58299
20081106,1158.648
20081105,2770.4150999999997
20081104,5346.161039999999
20081103,892.83199
20081031,1797.0677999999998
20081029,2759.35725
20081028,86.38116000000001
20081027,909.01008
20081024,1775.39544
20081023,1257.85644
20081022,573.29168
20081021,523.0904499999999
20081020,770.60166
20081017,369.34806
20081016,1260.1875
20081015,2101.9074
20081014,828.9354200000001
20081013,719.3528599999999
20081010,2146.8987500000003
20081008,721.2876
20081007,1277.53434
20081006,543.85661
20081003,204.97600000000003
20081001,259.72740000000005
20080930,880.09355
20080929,353.91411
20080926,251.59284000000002
20080925,1745.2430099999997
20080924,400.92657
20080923,362.6739
20080922,203.45938
20080919,2346.8046
20080918,561.8564
20080917,270.314
20080916,962.4291600000001
20080915,204.86168999999998
20080912,234.49877999999998
20080911,830.3727
20080910,322.8759
20080909,146.56582
20080908,247.85582999999997
20080905,1218.62865
20080904,1752.4084500000001
20080902,1145.95638
20080901,411.09515999999996
20080829,473.74159999999995
20080828,772.4207999999999
20080827,1332.85834
20080826,436.793
20080825,409.18164
20080822,201.71280999999996
20080821,702.14816
20080820,967.3649999999999
20080819,357.59784
20080818,835.5719999999999
20080814,178.69156
20080813,113.38584999999999
20080812,241.35832
20080811,200.54309999999998
20080808,555.22897
20080807,218.05718
20080806,553.67368
20080805,217.73549999999997
20080804,721.1575399999999
20080801,488.78451
20080731,339.59412
20080730,641.2425
20080729,527.96335
20080728,408.08048
20080725,583.57233
20080724,214.038
20080723,1483.6368599999998
20080722,741.1714800000001
20080721,1672.2383199999997
20080718,3885.2074000000002
20080717,494.58668
20080716,1270.18101
20080715,686.03118
20080714,447.33846000000005
20080711,350.66262
20080710,124.59743999999999
20080709,319.8108
20080708,235.32786
20080707,505.02221000000003
20080704,633.3611199999999
20080703,321.663
20080702,2496.8156400000003
20080701,479.71335999999997
20080630,823.6355199999999
20080627,1968.22954
20080626,1790.68924
20080625,704.9533399999999
20080624,1743.32571
20080623,22316.786379999998
20080620,668.37666
20080619,800.4232
20080618,3250.9990799999996
20080617,1121.2545
20080616,3845.3076
20080613,1050.74424
20080612,1937.15712
20080611,1358.8104999999998
20080610,2688.31264
20080609,1663.1808599999997
20080606,687.15864
20080605,683.1423199999999
20080604,1919.17313
20080603,2280.8480799999998
20080602,1609.0648199999998
20080530,748.7769599999999
20080529,1144.26081
20080528,1426.71126
20080527,347.66168
20080526,424.40995999999996
20080523,438.87032
20080522,295.1024
20080521,204.34557000000004
20080520,93.98270000000001
20080516,256.83328
20080515,1175.7707999999998
20080514,187.31591999999998
20080513,318.55615
20080512,762.4035
20080509,995.79934
20080508,585.00468
20080507,204.87396
20080506,128.14788
20080505,283.52
20080502,192.0354
20080430,235.4051
20080429,958.3969200000001
20080428,701.43411
20080425,451.56456
20080424,300.47319
20080423,581.38432
20080422,684.0902799999999
20080421,1427.9697399999998
20080417,156.78612
20080416,180.6884
20080415,744.33072
20080411,1666.87146
20080410,1645.48168
20080409,327.8381600000001
20080408,315.47318
20080407,1326.93174
20080404,511.75600000000003
20080403,680.8847800000001
20080402,859.0514
20080401,2733.1658799999996
20080331,566.4196499999999
20080328,236.89188000000001
20080327,1190.32512
20080326,2815.39074
20080325,933.4000000000001
20080324,1383.1048700000001
20080319,577.88352
20080318,517.3616000000001
20080317,213.02208
20080314,2711.1413599999996
20080313,287.21840000000003
20080312,361.05348
20080311,462.09744
20080310,3710.5605
20080307,13126.984
20080305,1369.9412
20080304,257.43634
20080303,806.6301400000001
20080229,862.31166
20080228,1073.73508
20080227,538.36452
20080226,212.64705
20080225,1407.63975
20080222,114.58482
20080221,1162.12686
20080220,4600.524870000001
20080219,130.5853
20080218,212.50526
20080215,79.72321
20080214,111.40918
20080213,289.27998
20080212,828.6246799999999
20080211,316.8267599999999
20080208,133.01004
20080207,158.831
20080206,401.08457999999996
20080205,149.40572
20080204,314.118
20080201,54.4458
20080131,416.27700999999996
20080130,1599.07678
20080129,435.60902
20080128,213.64391999999998
20080125,662.00883
20080124,430.98861
20080123,813.3713
20080122,291.1142
20080121,649.93812
20080118,932.1196499999999
20080117,234.787
20080116,140.88374
20080115,179.30583999999996
20080114,466.58115000000004
20080111,1676.01309
20080110,598.01872
20080109,215.79264
20080108,1559.97252
20080107,329.05553999999995
20080104,593.00418
20080103,388.80936
20080102,175.16694
20080101,146.18076
20071231,308.93874
20071228,301.5708
20071227,315.13152
20071226,412.59888
20071224,556.40032
20071220,341.19626
20071219,709.1443200000001
20071218,161.20943999999997
20071217,88.98100000000001
20071214,167.00528
20071213,137.85999999999999
20071212,201.87902
20071211,207.91915999999998
20071210,194.40609
20071207,219.38693999999998
20071206,641.14509
20071205,333.23279999999994
20071204,50.560900000000004
20071203,531.7687199999999
20071130,67.7994
20071129,62.01077000000001
20071128,35.19872
20071127,127.80299999999998
20071126,130.3776
20071123,62.82058
20071122,303.535
20071121,159.73958
20071120,539.75842
20071119,205.93545000000003
20071116,284.97378
20071115,702.7352500000001
20071114,714.50594
20071113,502.77020999999996
20071112,344.7234
20071109,19.12652
20071108,70.34503
20071107,547.42435
20071106,169.42278
20071105,296.33178
20071102,591.53904
20071101,641.1663800000001
20071031,428.9912
20071030,517.2058
20071029,925.2651400000001
20071026,3124.3722900000002
20071025,313.05026999999995
20071024,231.22352999999998
20071023,763.3576800000001
20071022,254.9502
20071019,536.4309599999999
20071018,945.14991
20071017,442.2118
20071016,942.56947
20071015,1018.40554
20071012,943.40368
20071011,1066.25322
20071010,696.14612
20071009,665.8554399999999
20071008,1483.4840299999998
20071005,562.0428099999999
20071004,230.03655999999998
20071003,630.80316
20071001,141.2577
20070928,253.83
20070927,176.40314999999998
20070926,130.6503
20070925,610.35548
20070924,640.59188
20070921,973.51995
20070920,1220.5467999999998
20070919,390.74920000000003
20070918,145.35612
20070917,77.42368
20070914,336.32521
20070913,393.06588
20070912,364.42386
20070911,439.06896
20070910,323.81822
20070907,1731.88736
20070906,163.54425
20070905,1079.32836
20070904,108.3514
20070903,696.98174
20070831,811.6415999999999
20070830,192.7584
20070829,165.82896
20070828,1264.89095
20070827,2700.50176
20070824,283.45899999999995
20070823,508.54103999999995
20070822,139.60254
20070821,813.57888
20070820,315.94704
20070817,823.0182799999999
20070816,127.47210000000001
20070814,258.95376
20070813,1064.97444
20070810,1138.10732
20070809,1139.5044
20070808,1799.0051199999998
20070807,159.56262
20070806,312.55935
20070803,163.63002
20070802,640.37024
20070801,648.84402
20070731,334.04712
20070730,233.55360000000002
20070727,1742.8069099999998
20070726,763.44008
20070725,3774.5647
20070724,2197.42899
20070723,1889.38799
20070720,308.59639999999996
20070719,363.902
20070718,9968.755860000001
20070717,771.939
20070716,763.2348499999999
20070713,742.28268
20070712,191.2402
20070711,494.46725999999995
20070710,612.1942399999999
20070709,67.16443000000001
20070706,522.5240699999999
20070705,641.90136
20070704,561.6002700000001
20070703,227.41009
20070702,4145.65408
20070629,2955.9656499999996
20070628,539.59248
20070627,2340.39846
20070626,314.26413999999994
20070625,335.22521
20070622,16734.66802
20070621,531.08224
20070620,251.37755999999996
20070619,252.68487000000002
20070618,110.85810000000001
20070615,1821.19784
20070614,12381.712000000001
20070613,356.96802
20070612,257.8452
20070611,168.84032
20070608,406.00172999999995
20070607,352.95919999999995
20070606,682.97502
20070605,232.00319999999996
20070604,153.255
20070601,420.95430000000005
20070531,398.87469999999996
20070530,2903.9792700000003
20070529,647.18121
20070528,107.24994000000001
20070525,200.38304
20070524,456.3324
20070523,913.5062300000001
20070522,1315.96992
20070521,1658.5096
20070518,376.93416
20070517,226.1051
20070516,220.52367
20070515,642.5287
20070514,225.34553999999997
20070511,298.75168
20070510,284.72017
20070509,358.53218999999996
20070508,1908.7822
20070507,237.64780000000002
20070504,1017.632
20070503,122.79425
20070430,357.168
20070427,303.69094
20070426,378.67008
20070425,308.78653
20070424,1611.1117599999998
20070423,4392.156319999999
20070420,5700.5776
20070419,958.7475400000001
20070418,1559.6309999999999
20070417,710.91741
20070416,436.72475
20070413,488.41484999999994
20070412,268.00111000000004
20070411,1099.2971599999998
20070410,1103.90225
20070409,427.22153999999995
20070405,200.39181
20070404,228.46725
20070403,490.7985
20070402,1268.0499
20070330,700.1139599999999
20070329,155.82135
20070328,226.78956000000002
20070326,85.32771
20070323,497.04915
20070322,2465.14149
20070321,1269.7965
20070320,1277.35428
20070319,328.15635
20070316,593.6805
20070315,336.114
20070314,929.3768500000001
20070313,523.104
20070312,744.1728
20070309,686.00489
20070308,298.4746
20070307,184.49206999999998
20070306,979.31388
20070305,353.40925999999996
20070302,1169.5874800000001
20070301,1366.22858
20070228,1346.335
20070227,4319.8432299999995
20070226,244.12947999999997
20070223,1184.6878
20070222,658.6655900000001
20070221,392.6419
20070220,288.39341999999994
20070219,180.80062
20070215,2082.03498
20070214,57.62925
20070213,230.25684
20070212,422.01582
20070209,661.08196
20070208,1028.2948000000001
20070207,735.7616999999999
20070206,611.33541
20070205,325.88217000000003
20070202,968.5218400000001
20070201,652.8600799999999
20070131,1698.89772
20070129,568.2028
20070125,224.71293999999997
20070124,978.6194
20070123,2266.8641999999995
20070122,1012.46124
20070119,1047.92919
20070118,2521.0612
20070117,1485.4918400000001
20070116,570.1918999999999
20070115,1847.57802
20070112,974.7695999999999
20070111,1635.16525
20070110,326.86998
20070109,1168.11122
20070108,378.1626
20070105,677.36948
20070104,582.7789600000001
20070103,1726.8638799999999
20070102,622.6800599999999
20061229,1652.5743999999997
20061228,4352.88692
20061227,715.93755
20061226,800.77817
20061222,156.85150000000002
20061221,557.5350500000001
20061220,300.59025
20061219,641.17998
20061218,676.69992
20061215,499.56234000000006
20061214,321.67915
20061213,1153.34256
20061212,383.77500000000003
20061211,668.7839200000001
20061208,517.15809
20061207,230.48141
20061206,571.8997
20061205,604.5144599999999
20061204,346.70328
20061201,1187.12516
20061130,1057.5403999999999
20061129,2442.0450599999995
20061128,2507.589
20061127,627.44552
20061124,586.3657200000001
20061123,667.99954
20061122,3598.6288799999998
20061121,711.5349
20061120,331.755
20061117,1166.23024
20061116,2190.73608
20061115,1409.1436999999999
20061114,1485.40392
20061113,282.18665999999996
20061110,1451.115
20061109,255.89862
20061108,602.07488
20061107,454.75144
20061106,22.69838
20061103,116.18816000000001
20061102,146.64015
20061101,900.3079
20061031,454.81216
20061030,115.30112
20061027,110.16439999999999
20061026,294.71142000000003
20061023,36.77066
20061021,28.10425
20061020,69.426
20061019,92.45466
20061018,51.550799999999995
20061017,42.91596
20061016,74.69312000000001
20061013,220.72153
20061012,820.417
20061011,153.9686
20061010,211.2606
20061009,42.23735
20061006,254.09664000000004
20061005,67.10319
20061004,120.02400000000002
20061003,237.96828
20060929,486.90680000000003
20060928,1430.6001
20060927,473.48871999999994
20060926,321.1054
20060925,123.4224
20060922,390.56283
20060921,240.32406
20060920,228.80844
20060919,216.37704
20060918,513.35172
20060915,279.9036
20060914,109.38564000000001
20060913,178.61444999999998
20060912,124.4727
20060911,263.83803
20060908,231.2325
20060907,80.21637
20060906,379.54608
20060905,150.18087
20060904,368.18991
20060901,517.2957600000001
20060831,228.21415
20060830,224.60416
20060829,559.3950600000001
20060828,510.46766999999994
20060825,778.43142
20060824,313.82640000000004
20060823,573.64617
20060822,414.12420000000003
20060821,423.42471
20060818,302.4294
20060817,2357.28086
20060816,809.7173099999999
20060814,594.89451
20060811,705.2755199999999
20060810,656.0469999999999
20060809,562.76366
20060808,287.94528
20060807,112.35570000000001
20060804,198.04144
20060803,154.1692
20060802,156.16356
20060801,162.00492000000003
20060731,146.54139999999998
20060728,240.78752
20060727,739.42755
20060726,463.6665
20060725,254.22976
20060724,175.31041000000002
20060721,275.32216
20060720,636.8616000000001
20060719,292.00104
20060718,466.16736
20060717,128.84478000000001
20060714,124.07663999999998
20060713,85.45212
20060712,120.85524000000001
20060711,2837.8108
20060710,76.75538
20060707,1606.76512
20060706,3355.436
20060705,3495.1785
20060704,83.00898000000001
20060703,1995.72104
20060630,3426.5455
20060629,1275.1684
20060628,745.31366
20060627,289.3059
20060626,342.31901999999997
20060625,20.872159999999997
20060623,578.6659999999999
20060622,321.13919000000004
20060621,619.47165
20060620,405.42179999999996
20060619,105.73888
20060616,550.9765
20060615,346.53198000000003
20060614,3261.9961499999995
20060613,436.72434
20060612,599.53608
20060609,1316.63889
20060608,900.7611400000002
20060607,938.8291200000001
20060606,644.90288
20060605,146.65702
20060602,170.23049999999998
20060601,252.49202999999997
20060531,354.67418
20060530,11305.43912
20060529,276.26279999999997
20060526,551.5719300000001
20060525,1826.0575000000001
20060524,3491.03997
20060523,297.83376000000004
20060522,567.6199200000001
20060519,1879.075
20060518,363.06516
20060517,166.60996
20060516,98.20562
20060515,315.0044
20060512,2308.30875
20060511,170.9367
20060510,121.66473
20060509,450.34180000000003
20060508,349.24986
20060505,760.94064
20060504,660.09588
20060503,947.6118
20060502,259.10639999999995
20060429,73.48119999999999
20060428,376.85858
20060427,547.18741
20060426,2150.68239
20060425,2610.1632
20060424,206.03
20060421,167.68032
20060420,288.55367
20060419,562.89072
20060418,392.12266999999997
20060417,351.08451
20060413,101.59317
20060412,696.26487
20060410,280.85749999999996
20060407,200.95845
20060405,587.51922
20060404,444.64575999999994
20060403,311.92098
20060331,256.14864
20060330,334.56787
20060329,1131.48072
20060328,378.04872
20060327,1334.8341999999998
20060324,224.71284
20060323,418.57998
20060322,661.7992800000001
20060321,475.81352
20060320,211.8025
20060317,769.95021
20060316,638.928
20060314,401.89456999999993
20060313,626.04147
20060310,714.97803
20060309,1312.09848
20060308,554.436
20060307,672.61362
20060306,312.18863999999996
20060303,412.67492000000004
20060302,801.0858
20060301,77.22
20060228,260.59385999999995
20060227,90.24876
20060224,283.64175
20060223,615.4969600000001
20060222,675.74419
20060221,761.24184
20060220,87.4056
20060217,200.16183999999998
20060216,158.91642
20060215,582.56406
20060214,1054.57752
20060213,825.7605000000001
20060210,703.836
20060208,707.81046
20060207,1524.24675
20060206,12127.532079999999
20060203,1912.96512
20060202,978.4535199999999
20060201,1555.2791499999998
20060131,4161.257839999999
20060130,255.35258
20060127,567.51384
20060125,1198.03899
20060124,3304.4691799999996
20060123,178.9512
20060120,102.17519999999999
20060119,208.75428
20060118,131.89014
20060117,75.71404
20060116,255.83687999999998
20060113,161.21214999999998
20060112,146.48010000000002
20060110,416.7156
20060109,307.30575
20060106,77.61551
20060105,858.4126600000001
20060104,560.4308800000001
20060103,486.03101999999996
20060102,63.97436999999999
20051230,116.51754
20051229,425.94427999999994
20051228,197.66936
20051227,184.95519
20051226,169.19552
20051223,220.75812
20051222,714.38026
20051221,601.19896
20051220,1851.7025700000002
20051219,165.8081
20051216,174.40547999999998
20051215,119.39525
20051214,140.404
20051213,329.15844000000004
20051212,436.55007
20051209,286.99587
20051208,192.12642
20051207,147.70512
20051206,508.3972
20051205,225.246
20051202,686.5684200000001
20051201,200.01072
20051130,231.1019
20051129,227.58322
20051128,1039.7334600000002
20051126,22.19805
20051125,307.54528
20051124,222.00123000000002
20051123,1258.0588400000001
20051122,317.28528000000006
20051121,288.09999999999997
20051118,91.06
20051117,292.60953
20051116,794.6736800000001
20051114,117.58525999999999
20051111,149.3088
20051110,282.70264000000003
20051109,492.70743
20051108,191.03308
20051107,4903.95766
20051102,583.8301
20051101,61.887649999999994
20051031,320.71088000000003
20051028,551.8872799999999
20051027,295.03920000000005
20051026,490.6302
20051025,321.42168
20051024,283.05933
20051021,152.73
20051020,203.66040999999998
20051019,333.43791
20051018,39.83434
20051017,78.66239999999999
20051014,96.83099999999999
20051013,38.75787
20051011,58.43288
20051010,57.11472
20051007,87.27498
20051006,146.91303000000002
20051005,110.96231999999999
20051004,47.89368
20051003,92.5815
20050930,184.20877000000002
20050929,810.1598
20050928,99.38734
20050927,188.3343
20050926,45.7562
20050923,124.50114
20050922,163.23416999999998
20050921,168.0588
20050920,201.25776
20050919,133.63822
20050916,87.435
20050915,269.43334
20050914,331.92971
20050913,172.5345
20050912,172.32768000000002
20050909,31.3968
20050908,85.14336
20050906,65.6183
20050905,100.31104
20050902,138.47182
20050901,53.9386
20050831,19.0512
20050830,32.53008
20050829,114.3229
20050826,109.11135999999999
20050825,210.0978
20050824,219.86509999999998
20050823,122.51008
20050822,101.89320000000001
20050819,48.750389999999996
20050818,104.94359999999999
20050817,79.8835
20050816,302.57984
20050812,75.90978
20050811,107.72475999999999
20050810,250.38855
20050809,395.73963
20050808,112.16178
20050805,59.35788
20050804,204.747
20050803,93.70944
20050802,98.84515999999999
20050801,133.8336
20050729,444.02021999999994
20050727,157.01438
20050726,354.11526
20050725,126.26747999999999
20050722,818.2379
20050721,1442.5588799999998
20050720,780.7262400000001
20050719,589.58149
20050718,76.58816
20050715,205.7561
20050714,162.01888
20050713,50.6695
20050712,216.9132
20050711,68.5536
20050708,95.58079999999998
20050707,115.42326
20050706,74.75385999999999
20050705,170.94112
20050704,233.21568
20050701,977.61636
20050630,1633.55556
20050629,334.60591999999997
20050628,198.56812
20050627,223.03905
20050624,92.69046
20050623,117.25784
20050622,164.83944
20050621,92.60933
20050620,2538.63436
20050617,100.30866999999999
20050616,1815.9944
20050615,278.15385000000003
20050614,195.96737999999996
20050613,247.1118
20050610,140.03406
20050609,76.52192000000001
20050608,674.7318
20050607,185.34747
20050606,498.24266
20050604,180.92844
20050603,157.60625
20050602,218.95188000000002
20050601,417.59351999999996
20050531,51.091840000000005
20050530,160.38459
20050527,213.22584000000003
20050526,755.8626
20050525,404.1680400000001
20050524,274.56059999999997
20050523,235.30667999999997
20050520,56.05776
20050519,31.181279999999997
20050518,61.626810000000006
20050517,52.72886999999999
20050516,59.719409999999996
20050513,75.10328
20050512,55.6608
20050511,21.69594
20050510,64.6464
20050509,348.81660000000005
20050506,38.50386
20050505,88.98111
20050504,37.06968
20050503,126.14594999999998
20050502,207.01611
20050429,248.74007999999998
20050428,282.25715
20050427,107.91248
20050426,24.34976
20050425,449.42989
20050422,1656.0766800000001
20050421,127.6705
20050420,287.31955
20050419,92.49994
20050418,64.72409999999999
20050415,43.65396
20050413,56.99409
20050412,39.4251
20050411,35.7213
20050408,44.8162
20050407,256.1616
20050406,36.27291
20050405,36.1845
20050404,152.84479
20050401,1390.09153
20050331,65.88503
20050330,175.01906
20050329,187.76453999999998
20050328,142.52784
20050324,202.10868
20050323,100.4772
20050322,198.37357
20050321,111.35007
20050318,154.35655
20050317,108.555
20050316,142.38368
20050315,97.13824000000001
20050314,258.1319
20050311,174.82915
20050310,313.85748
20050309,317.85306
20050308,270.36931999999996
20050307,345.57328
20050304,678.99846
20050303,358.44479
20050302,288.78303999999997
20050301,169.69128
20050228,94.80168
20050225,2836.6275
20050224,17765.64622
20050223,134.27403
20050222,124.84472000000001
20050221,152.72858
20050218,98.59128
20050217,147.48631
20050216,130.17404
20050215,43.58970000000001
20050214,102.30678
20050211,100.21608
20050210,58.76688
20050209,60.23058
20050208,177.13915
20050207,114.86475000000002
20050204,131.20878000000002
20050203,138.51577999999998
20050202,476.26223999999996
20050201,1406.36574
20050131,1247.8039199999998
20050128,637.73066
20050127,297.2487
20050125,131.25105
20050124,121.71833999999998
20050120,168.27273
20050119,283.40992
20050118,333.18100000000004
20050117,198.576
20050114,688.94575
20050113,236.46792
20050112,514.13488
20050111,650.48941
20050110,818.1527400000001
20050107,363.368
20050106,427.589
20050105,337.47936000000004
20050104,609.86295
20050103,79.28088
20041231,234.42965
20041230,302.82
20041229,135.09859999999998
20041228,119.97864
20041227,123.34272000000001
20041224,115.06795999999999
20041223,642.28486
20041222,195.13045999999997
20041221,262.28902
20041220,378.66592
20041217,397.94994
20041216,656.6454
20041215,643.8564
20041214,513.2395799999999
20041213,109.01016
20041210,50.893499999999996
20041209,93.06438000000001
20041208,138.56628
20041207,114.14907
20041206,147.45925
20041203,156.30246
20041202,689.7851999999999
20041201,578.0957699999999
20041130,297.472
20041129,252.46768
20041125,1340.80704
20041124,523.46376
20041123,640.73779
20041122,321.4979
20041119,283.98159999999996
20041118,548.0685
20041117,1461.58376
20041116,856.71768
20041112,31.7892
20041111,54.957
20041110,160.61622000000003
20041109,413.68023
20041108,244.74794999999997
20041105,149.49935
20041104,468.62816000000004
20041103,214.36415000000002
20041102,655.3457400000001
20041101,74.6152
20041029,128.27146
20041028,172.60144000000003
20041027,231.14641
20041026,323.23740000000004
20041025,447.006
20041021,1513.70305
20041020,204.70193
20041019,308.52008
20041018,918.72688
20041015,180.93985
20041014,248.20173999999997
20041012,117.64228999999999
20041011,136.58435000000003
20041009,81.05384
20041008,308.61116000000004
20041007,275.2176
20041006,515.30301
20041005,1051.97209
20041004,612.03252
20041001,246.48908000000003
20040930,370.14405999999997
20040929,646.7462700000001
20040928,532.39957
20040927,705.2903200000001
20040924,469.46592000000004
20040923,226.37778
20040922,209.78634
20040921,396.9882
20040920,205.03125
20040917,259.27572
20040916,184.18158
20040915,231.1008
20040914,372.89295000000004
20040913,1260.553
20040910,111.59666999999999
20040909,141.10648
20040908,674.47826
20040907,265.33494
20040906,34.82535
20040903,59.244150000000005
20040902,114.60648
20040901,139.338
20040831,53.226
20040830,288.5401
20040827,81.798
20040826,195.50987999999998
20040825,107.05055999999999
20040824,227.86915
20040823,221.31827
20040820,263.1629
20040819,976.98912
20040818,2194.205
20040817,1195.95056
20040816,585.03148
20040813,405.096
20040812,315.68964
20040811,1493.6778
20040810,995.8862
20040809,56.65204000000001
20040806,159.18503
20040805,96.14184
20040804,103.82703
20040803,329.97348
20040802,109.49256
20040730,134.41104
20040729,89.09215
20040728,37.5032
20040727,124.50905
20040726,170.11020000000002
20040723,324.67725
20040722,229.58231999999998
20040721,209.49006
20040720,393.6837
20040719,153.3852
20040716,172.3176
20040715,219.77045999999999
20040714,175.75536
20040713,122.19521999999999
20040712,312.01848
20040709,554.1814400000001
20040708,175.14282999999998
20040707,487.2810799999999
20040706,235.43330999999998
20040705,134.81544
20040702,50.293910000000004
20040701,69.722
20040630,80.795
20040629,218.60639999999998
20040628,132.26927999999998
20040625,71.88057
20040624,178.85352
20040623,171.95064
20040622,175.4896
20040621,133.13356
20040618,239.62687999999997
20040617,658.70428
20040616,190.23832000000002
20040615,182.41013999999998
20040614,35.203140000000005
20040611,82.44237
20040610,75.70439999999999
20040609,588.0876
20040608,326.56818
20040607,66.01169999999999
20040604,105.6976
20040603,193.12908
20040602,253.94260000000003
20040601,920.43457
20040531,166.71044
20040528,203.811
20040527,349.3706
20040526,331.02654
20040525,114.67297999999998
20040524,133.27545999999998
20040521,345.47625
20040520,261.6135
20040519,302.2903
20040518,587.51784
20040517,391.05773999999997
20040514,193.35758
20040513,966.97704
20040512,231.93091999999996
20040511,2548.18605
20040510,142.7586
20040507,195.66646
20040506,220.32134
20040505,71.0433
20040504,216.18675
20040503,151.63776
20040430,248.6088
20040429,228.94284
20040428,266.82480000000004
20040427,775.2456000000001
20040423,588.5394600000001
20040422,2119.37756
20040421,193.54544
20040420,120.91012999999998
20040419,168.42405000000002
20040417,123.41056
20040416,301.57094
20040415,340.22448
20040413,131.00918000000001
20040412,144.3533
20040408,200.266
20040407,320.19455
20040406,219.32879
20040405,75.45648000000001
20040402,94.38276
20040401,495.4228
20040331,699.51952
20040330,40.78464
20040329,21.1152
20040326,54.12842
20040325,51.23255999999999
20040324,405.912
20040323,79.8441
20040322,111.10792
20040319,143.24159999999998
20040318,58.108799999999995
20040317,198.3317
20040316,475.31167
20040315,82.48464
20040312,91.78150000000001
20040311,238.59767999999997
20040310,91.2675
20040309,178.56246000000002
20040308,80.17456000000001
20040305,124.40975
20040304,205.83399999999997
20040303,196.41552
20040301,176.08247999999998
20040227,1548.6761999999999
20040226,87.49674
20040225,103.80797
20040224,234.18035999999998
20040223,252.4405
20040220,165.43419999999998
20040219,404.7381500000001
20040218,820.2939000000001
20040217,639.8507500000001
20040216,217.88927999999999
20040213,143.7095
20040212,36.89248
20040211,71.79402
20040210,115.28032
20040209,128.35488
20040206,79.54929
20040205,333.05642
20040204,331.92279
20040203,561.88057
20040130,328.36945000000003
20040129,194.77289000000002
20040128,240.51549
20040127,98.45228999999999
20040123,117.73024
20040122,172.51430000000002
20040121,247.33988999999997
20040120,249.43840000000003
20040119,90.428
20040116,119.90826
20040115,166.72614
20040114,205.39892999999998
20040113,229.38321
20040112,565.43
20040109,1983.6799999999998
20040108,250.24459
20040107,94.60888999999999
20040106,1110.9139199999997
20040105,1747.01436
20040102,1299.9915
20040101,140.36748
20031231,155.2887
20031230,240.53942
20031229,557.06376
20031226,151.13016000000002
20031224,187.06986
20031223,193.80189000000001
20031222,138.83256
20031219,104.5072
20031218,196.87955
20031217,176.92544
20031216,703.8993800000001
20031215,119.4084
20031212,225.50975999999997
20031211,210.76869000000002
20031210,541.78432
20031209,151.43469000000002
20031208,167.22686
20031205,325.5714
20031204,1093.50416
20031203,307.38618
20031202,216.3648
20031201,352.27994999999993
20031128,654.98174
20031127,806.27391
20031125,133.44106000000002
20031124,779.1918200000001
20031121,58.725
20031120,109.45800000000001
20031119,135.02579999999998
20031118,54.09864
20031117,40.4379
20031115,18.81012
20031114,110.38556
20031113,137.62205999999998
20031112,218.04989
20031111,289.72776000000005
20031110,490.51812
20031107,278.36781
20031106,247.84774000000002
20031105,597.7498800000001
20031104,262.55625999999995
20031103,213.02700000000002
20031031,101.41524000000001
20031030,856.6905499999999
20031029,820.25351
20031028,277.64605
20031027,201.35764
20031025,17.30862
20031024,64.62447999999999
20031023,192.85266000000001
20031022,125.184
20031021,135.78614
20031020,108.50424000000001
20031017,324.6814
20031016,395.37864
20031015,75.62997
20031014,77.25976
20031013,97.32692
20031010,106.34214
20031009,285.24951
20031008,254.44187999999997
20031007,143.43252
20031006,107.24343999999999
20031003,366.21725999999995
20031001,157.77216
20030930,108.2088
20030929,87.30196
20030926,59.696
20030925,137.47916999999998
20030924,139.2105
20030923,118.23955
20030922,68.3275
20030919,86.98808000000001
20030918,85.27725
20030917,106.24807
20030916,363.91402
20030915,48.35472000000001
20030912,40.54126
20030911,72.02107
20030910,141.11504000000002
20030909,279.60407999999995
20030908,293.12595
20030905,116.34606000000001
20030904,101.19167999999999
20030903,118.1817
20030902,189.21671999999998
20030901,387.75825
20030829,235.17134000000001
20030828,65.72479999999999
20030827,68.4162
20030826,186.2406
20030825,251.09504
20030822,143.18633
20030821,810.1788
20030820,185.41208
20030819,88.71675
20030818,58.742180000000005
20030814,58.86126999999999
20030813,92.63114
20030812,74.94528000000001
20030811,73.7882
20030808,121.66776000000002
20030807,96.50632
20030806,130.20032999999998
20030805,415.38215999999994
20030804,180.74598
20030801,92.799
20030731,255.52968
20030730,92.48772
20030729,144.01075
20030728,517.8223399999999
20030725,181.19376
20030724,28.249769999999998
20030723,353.0163
20030722,534.2274
20030721,87.82562
20030718,51.621719999999996
20030717,71.05564
20030716,44.213119999999996
20030715,120.11418
20030714,209.15334
20030711,124.01844000000001
20030710,51.04048
20030709,56.312099999999994
20030708,104.34915000000001
20030707,71.71975
20030704,90.16188
20030703,213.85845
20030702,162.3384
20030701,65.44356
20030630,97.26024000000001
20030627,110.33560000000001
20030626,39.433550000000004
20030625,57.14709
20030624,104.058
20030623,17.82144
20030620,22.77488
20030619,32.15561
20030618,95.43528
20030617,140.56748000000002
20030616,71.00248
20030613,66.64523999999999
20030612,21.805100000000003
20030611,42.23004
20030610,19.94586
20030609,122.01820000000001
20030606,123.04583999999998
20030605,98.8182
20030604,145.63521999999998
20030603,205.61058
20030602,56.68005
20030530,84.19063999999999
20030529,44.45532
20030528,2426.82538
20030527,444.85287
20030526,33.824999999999996
20030523,9.5497
20030522,6.20208
20030521,7.43002
20030520,26.301240000000004
20030519,182.78418
20030516,53.52824999999999
20030515,6.0632
20030514,14.176800000000002
20030513,37.06197
20030512,6.52004
20030509,17.406399999999998
20030508,16.10388
20030507,47.13328
20030506,152.7327
20030505,83.2546
20030502,1156.37564
20030430,18.54048
20030429,3.92448
20030428,10.326400000000001
20030425,4.216679999999999
20030424,13.542509999999998
20030423,7.2740599999999995
20030422,4.43646
20030421,6.8639399999999995
20030417,144.70649999999998
20030416,8.525440000000001
20030415,8.23484
20030411,18.6208
20030410,22.180600000000002
20030409,10.3896
20030408,18.51444
20030407,15.707520000000002
20030404,5.50407
20030403,7.33993
20030402,48.4527
20030401,1.10564
20030331,6.60303
20030328,759.4749999999999
20030327,15.85584
20030326,6.44776
20030325,10.057199999999998
20030324,6.36225
20030322,10.0014
20030321,1.7338199999999997
20030320,138.84665
20030319,298.98486
20030317,20.3235
20030313,5.7084
20030312,14.62884
20030311,40.49244999999999
20030310,50.36647
20030307,25.506800000000002
20030306,514.50266
20030305,494.83540999999997
20030304,8.11072
20030303,95.80896000000001
20030228,225.9827
20030227,6.465
20030226,35.635679999999994
20030225,36.56522
20030224,7.03041
20030221,6.249879999999999
20030220,8.90662
20030219,19.011200000000002
20030218,170.7705
20030217,7.3151
20030214,24.969720000000002
20030212,3.24
20030211,241.06668000000002
20030210,1.4963999999999997
20030207,46.91358
20030206,212.08572
20030205,6.1325
20030204,3.7167699999999995
20030203,12.80912
20030131,58.293760000000006
20030130,10.9868
20030129,2.7315
20030128,63.019800000000004
20030127,6.79515
20030124,98.60489
20030123,3.0267999999999997
20030122,5.51304
20030121,542.5545599999999
20030120,7.71951
20030117,12.442570000000002
20030116,38.611439999999995
20030115,23.272829999999995
20030114,18.922839999999997
20030113,39.6669
20030110,13.727490000000001
20030109,10.46297
20030108,46.82277
20030107,26.273380000000003
20030106,47.497299999999996
20030103,62.3805
20030102,57.52599
20030101,21.18956
20021231,19.805
20021230,12.549880000000002
20021227,5.06305
20021226,9.211540000000001
20021224,6.458989999999999
20021223,10.9718
20021220,7.0729500000000005
20021219,21.14602
20021218,20.087539999999997
20021217,6.987540000000001
20021216,13.57503
20021213,35.37462
20021212,78.87044
20021211,14.20604
20021210,31.06064
20021209,1090.68208
20021206,62.70385
20021205,5.54264
20021204,42.96423
20021203,13.634400000000001
20021202,2.17626
20021129,77.31404
20021128,1.69092
20021127,2.3996000000000004
20021126,71.30899999999998
20021125,157.9562
20021122,166.34552
20021121,72.91674
20021120,11.1636
20021118,6.6967
20021115,338.49334000000005
20021114,3.47358
20021113,327.82559
20021112,479.89773999999994
20021111,62.62647
20021108,2.68284
20021107,4.5060400000000005
20021105,0.69579
20021104,0.21525
20021101,1.58763
20021031,50.05854
20021030,37.74679999999999
20021029,60.1131
20021028,278.15634
20021025,17.72655
20021024,9.38448
20021023,29.94078
20021022,22.53317
20021021,97.95367999999999
20021018,7.17328
20021017,104.75961
20021016,3.0651599999999997
20021014,2.6123
20021011,6.516719999999999
20021010,2.6567000000000003
20021009,9.924059999999999
20021008,11.5675
20021007,7.4344399999999995
20021004,33.77112
20021003,6.64686
20021001,91.87392
20020930,191.36888
20020927,193.81119
20020926,80.7976
20020925,1.42485
20020924,2.27814
20020923,2.4370800000000004
20020920,11.48184
20020919,5.137299999999999
20020918,83.74421999999998
20020917,1.7241600000000001
20020916,9.235019999999999
20020913,2.5424
20020912,28.029960000000003
20020911,39.469750000000005
20020909,1.38016
20020906,2.11352
20020905,27.651839999999996
20020904,19.68096
20020903,5.8328
20020902,60.601800000000004
20020830,11.337510000000002
20020829,7.3324
20020828,63.54396
20020827,109.11375000000001
20020826,121.104
20020823,4.1452
20020822,1.8963999999999999
20020821,0.1204
20020820,1.5403099999999998
20020819,9.5718
20020816,10.199
20020814,18.747360000000004
20020813,26.96819
20020812,3.01815
20020809,6.28716
20020808,3.9846600000000003
20020807,4.2956199999999995
20020806,10.697069999999998
20020805,6.800490000000001
20020802,2.9785
20020801,10.948199999999998
20020731,14.407380000000002
20020730,13.759799999999998
20020729,15.030399999999998
20020726,66.4436
20020725,4.62357
20020724,510.29190000000006
20020723,9.52196
20020722,7.6273
20020719,78.01812000000001
20020718,56.65230000000001
20020717,1.60461
20020716,132.40932
20020715,120.70845000000001
20020712,259.52772
20020711,4.99631
20020710,4.46775
20020709,11.448
20020708,456.18144
20020705,132.1142
20020704,137.26342
20020703,144.351
20020702,153.10844
20020701,7.878679999999999
20020628,87.51362
20020627,83.3985
20020626,7.395989999999999
20020625,16.6797
20020624,145.77591
20020621,64.57961999999999
20020620,28.35273
20020619,11.87766
20020618,17.452499999999997
20020617,7.10127
20020614,6.159599999999999
20020613,9.91848
20020612,27.104000000000003
20020611,24.4125
20020610,39.11625000000001
20020607,19.94314
20020606,17.10192
20020605,76.13414
20020604,93.69868
20020603,104.2417
20020531,263.21281999999997
20020530,10.134540000000001
20020529,120.57381000000001
20020528,5.46003
20020527,116.02690000000001
20020524,66.69413999999999
20020523,53.598800000000004
20020522,41.359899999999996
20020521,21.75096
20020520,14.74746
20020517,18.114459999999998
20020516,15.358649999999999
20020515,5.771699999999999
20020514,8.83404
20020513,14.13771
20020510,6.23067
20020509,53.07213
20020508,16.802020000000002
20020507,9.17568
20020506,10.42272
20020503,38.489599999999996
20020502,11.81193
20020430,16.09119
20020429,11.489519999999999
20020426,70.5291
20020425,66.59456999999999
20020424,42.339780000000005
20020423,38.60538
20020422,126.4081
20020419,66.11382
20020418,17.64495
20020417,38.95722
20020416,15.449040000000002
20020415,258.52325
20020412,302.60065
20020411,59.425850000000004
20020410,7.43032
20020409,4.43727
20020408,9.21704
20020405,49.796
20020404,22.55688
20020403,296.69624
20020402,283.63062
20020401,154.30178999999998
20020328,39.329820000000005
20020327,25.843919999999997
20020326,8.55684
20020322,597.0727499999999
20020321,238.07972999999998
20020320,25.580940000000002
20020319,30.43225
20020318,33.211400000000005
20020315,7.351500000000001
20020314,16.7272
20020313,48.3786
20020312,25.12944
20020311,21.14
20020308,469.29366999999996
20020307,64.0402
20020306,205.07025000000002
20020305,53.89119
20020304,127.62718
20020301,59.45086
20020228,316.0
20020227,340.24
20020226,76.8672
20020225,109.56330000000001
20020222,99.6592
20020221,141.87568
20020220,218.442
20020219,507.3951799999999
20020218,403.143
20020215,54.3609
20020214,383.58894000000004
20020213,18.10692
20020212,17.58009
20020211,27.061759999999996
20020208,11.79528
20020207,39.203920000000004
20020206,47.02256
20020205,40.67345000000001
20020204,36.48285
20020201,10.99746
20020131,13.81412
20020130,180.1602
20020129,172.73412000000002
20020128,251.10604999999998
20020125,68.42136
20020124,104.566
20020123,226.30496
20020122,417.35
20020121,49.480000000000004
20020118,107.81217000000001
20020117,187.52508
20020116,640.0066400000001
20020115,155.8986
20020114,151.87467999999998
20020111,798.5592
20020110,376.8767199999999
20020109,1679.42075
20020108,83.94864999999999
20020107,124.26141000000001
20020104,111.22843999999999
20020103,38.57046
20020102,42.687479999999994
20020101,13.3623
20011231,34.692
20011228,24.55794
20011227,5.91789
20011226,24.048310000000004
20011224,1.7901399999999998
20011221,13.546939999999998
20011220,35.79045
20011219,14.109810000000001
20011218,6.508319999999999
20011214,12.501
20011213,167.4974
20011212,33.46888
20011211,107.56032
20011210,277.2267
20011207,423.28153999999995
20011206,89.78441999999998
20011205,43.65699
20011204,173.63684
20011203,37.250490000000006
20011129,23.22068
20011128,37.92254
20011127,98.64512
20011126,30.69495
20011123,26.859180000000002
20011122,90.43704
20011121,79.05600000000001
20011120,105.13769
20011119,125.44928
20011115,196.48448
20011114,19.934340000000002
20011113,148.20510000000002
20011112,133.81654
20011109,93.56096
20011108,196.45758
20011107,353.28648
20011106,133.95499
20011105,107.97561000000002
20011102,266.06665999999996
20011101,970.99398
20011031,18.76056
20011030,38.5796
20011029,35.368320000000004
20011025,617.80444
20011024,32.64255
20011023,97.51048999999999
20011022,298.03278
20011019,265.43244
20011018,37.94896
20011017,136.97178
20011016,66.92218
20011015,17.675459999999998
20011012,323.08043
20011011,653.08365
20011010,75.09751
20011009,184.89802
20011008,303.06196
20011005,379.92168000000004
20011004,21.80592
20011003,33.17648
20011001,20.45143
20010928,221.904
20010927,286.17147
20010926,120.45664
20010925,2054.9133
20010924,29.410639999999997
20010921,80.02137
20010920,77.79822
20010919,73.38315
20010918,143.9469
20010917,109.86598
20010914,187.12476
20010913,83.0838
20010912,177.99558
20010911,124.08066000000001
20010910,72.72902
20010907,744.27388
20010906,879.98025
20010905,159.73721000000003
20010904,5.35425
20010903,16.433180000000004
20010831,27.944149999999997
20010830,56.648199999999996
20010829,238.03493999999998
20010828,277.19495
20010827,67.3257
20010824,24.795389999999998
20010823,17.358240000000002
20010821,11.45016
20010820,17.92266
20010817,6.392
20010816,19.2978
20010814,28.115999999999996
20010813,21.19968
20010810,27.92349
20010809,16.912319999999998
20010808,12.870330000000001
20010807,9.38997
20010806,1.6723999999999999
20010803,5.36628
20010802,33.798719999999996
20010801,242.54594
20010731,49.77063
20010730,78.51998
20010727,117.27836
20010726,56.689919999999994
20010725,193.73144000000002
20010724,365.29774
20010720,225.46192
20010719,20.54724
20010718,3.2732
20010717,8.809249999999999
20010716,27.160649999999997
20010713,194.91186
20010712,5.82084
20010711,6.888839999999999
20010710,16.27965
20010709,88.31700000000001
20010706,11.247150000000001
20010705,114.68115
20010704,254.46167999999997
20010703,48.376
20010702,62.876799999999996
20010629,120.0
20010629,365.934
20010628,92.51409999999998
20010628,86.19999999999999
20010627,83.10309
20010626,100.77764
20010625,17.76186
20010622,74.555
20010621,101.67168
20010620,158.27604
20010619,90.79776
20010618,51.292449999999995
20010615,143.96822
20010614,176.51333
20010613,76.74732
20010612,120.4193
20010611,64.38628
20010608,218.71287999999998
20010607,110.67612
20010606,99.09656
20010605,51.014210000000006
20010604,280.64007999999995
20010601,84.41758000000002
20010531,68.51474
20010530,322.02351999999996
20010529,153.171
20010528,123.86290000000001
20010525,181.93472
20010524,52.770990000000005
20010523,155.95038
20010522,764.8595000000001
20010521,264.06219
20010518,89.92719999999998
20010517,156.55164
20010516,491.82368
20010515,128.05695
20010514,35.87994
20010511,185.16993
20010510,57.36108
20010509,194.21208
20010508,368.004
20010507,492.87023
20010504,348.1050599999999
20010503,39.02004
20010502,66.36630000000001
20010430,233.5476
20010427,72.23470999999999
20010426,32.79094
20010425,54.95577
20010424,104.12640000000002
20010423,59.724599999999995
20010420,198.55572
20010419,261.17645
20010418,171.63602
20010417,110.14896
20010416,88.62198000000001
20010412,89.18802
20010411,96.63816000000001
20010410,329.30384
20010409,39.88637
20010406,209.00134000000003
20010404,117.59458
20010403,328.77091
20010402,129.02364
20010330,96.22934
20010329,84.68990000000001
20010328,145.08095999999998
20010327,50.497589999999995
20010326,34.50399
20010323,334.76134
20010322,243.02277999999998
20010321,64.03686
20010320,169.51331000000002
20010319,61.464639999999996
20010316,254.64927999999998
20010315,148.53959999999998
20010314,244.66855999999999
20010313,172.1517
20010312,79.27475
20010309,150.58296
20010308,224.31599999999997
20010307,388.19754
20010305,347.95704
20010302,429.72111000000007
20010301,470.45526000000007
20010228,238.84248
20010227,222.00341
20010226,72.52530000000002
20010223,318.16653
20010222,226.16271999999998
20010221,117.9618
20010220,133.73624
20010219,202.66092
20010216,416.33832
20010215,147.90071999999998
20010214,247.31084
20010213,379.19268
20010212,514.3445999999999
20010209,557.86169
20010208,142.6685
20010207,319.82784
20010206,184.69055
20010205,350.96355
20010202,302.41985999999997
20010201,287.50211
20010131,1008.5298000000001
20010130,844.86725
20010129,267.36675
20010125,516.2388000000001
20010124,220.28832
20010123,504.44100000000003
20010122,800.2214000000001
20010119,675.7379999999999
20010118,128.1987
20010117,279.58337
20010116,555.36702
20010115,250.16867999999997
20010112,269.71027999999995
20010111,117.87204
20010110,134.65302
20010109,202.02914
20010108,341.23490000000004
20010105,264.8451
20010104,710.6825200000001
20010103,944.4501600000001
20010102,226.98765000000003
20010101,327.41046000000006
20001229,132.42265
20001228,85.32992
20001227,125.90898
20001226,184.25130000000001
20001222,344.11069000000003
20001221,223.24320000000003
20001220,402.56262
20001219,592.5722400000001
20001218,343.32336000000004
20001215,410.77108
20001214,1427.3389799999998
20001213,858.7101900000001
20001212,1030.6072
20001211,363.50159999999994
20001208,481.26375
20001207,427.20131999999995
20001206,547.4893999999999
20001205,345.31280000000004
20001204,280.56365999999997
20001201,475.70922
20001130,548.5139
20001129,450.72418
20001128,446.92512
20001127,800.2128
20001124,222.46599999999998
20001123,226.68066000000005
20001122,300.5628
20001121,362.4901
20001120,253.93174
20001117,532.6255199999999
20001116,280.75824
20001115,606.6581400000001
20001114,708.5894400000001
20001113,385.45883999999995
20001110,398.16587999999996
20001109,574.4800499999999
20001108,1797.37866
20001107,408.47945999999996
20001106,282.82496
20001103,751.7432600000001
20001102,270.01583999999997
20001101,254.26432000000003
20001031,412.42002
20001031,58.48518
20001030,737.91536
20001027,1253.12058
20001026,299.55816
20001025,481.1238
20001024,133.08261000000002
20001023,264.61974
20001023,208.3928
20001020,226.2
20001020,909.2278
20001019,225.428
20001019,208.292
20001018,461.06549999999993
20001017,759.23096
20001016,411.80664
20001013,602.6428799999999
20001012,207.11025
20001011,223.1182
20001010,443.51016
20001009,797.46348
20001006,509.13696000000004
20001006,0.14673999999999998
20001005,1109.4324199999999
20001004,469.98879999999997
20001003,422.26284
20001003,0.09824999999999999
20000929,0.16925
20000929,306.52832
20000928,146.84799999999998
20000928,0.379
20000927,868.5474399999999
20000926,345.68985000000004
20000925,1025.63024
20000922,469.21664999999996
20000921,262.06777999999997
20000920,194.7672
20000919,512.9784
20000918,362.31624
20000915,617.70336
20000914,412.18782
20000913,618.69796
20000912,631.7484
20000911,2172.4204799999998
20000908,614.50424
20000907,339.59950000000003
20000907,0.01504
20000906,408.76569
20000905,525.67548
20000904,242.97186
20000831,356.28255000000007
20000830,299.51316
20000829,409.1686000000001
20000828,316.85101
20000825,713.21505
20000824,167.36256
20000823,256.04856
20000822,532.0216600000001
20000821,526.8140999999999
20000818,603.33125
20000817,630.69469
20000816,800.4206099999999
20000816,327.25
20000814,186.02262000000002
20000811,140.55754
20000810,192.94975000000002
20000809,117.9238
20000808,119.72079000000002
20000807,109.21244
20000804,389.78177
20000803,512.13252
20000802,252.64932000000002
20000801,431.36064
20000731,221.87312
20000728,232.40826000000004
20000727,216.52528
20000726,396.87309999999997
20000725,591.91632
20000724,450.25904
20000721,330.1604
20000720,462.28284
20000719,243.31239999999997
20000718,602.33979
20000717,659.26485
20000714,432.87453
20000713,298.61865
20000712,617.7829
20000712,0.0676
20000711,245.41168
20000710,277.67168
20000707,303.77793
20000706,434.4672
20000705,383.00106
20000704,1444.03955
20000703,498.67416000000003
20000630,231.26579
20000629,478.39275999999995
20000628,196.40990000000002
20000627,334.36118
20000626,281.93444999999997
20000623,257.535
20000622,232.5388
20000621,965.7736
20000621,0.23650000000000004
20000620,1207.27152
20000619,504.32597999999996
20000616,244.28414999999998
20000615,183.50409
20000614,225.48239999999998
20000613,403.01394000000005
20000612,433.49909999999994
20000609,482.96145999999993
20000608,668.41334
20000607,507.5056799999999
20000606,253.85624000000004
20000605,561.2767600000001
20000602,271.71151
20000601,82.26735
20000531,255.71111
20000530,126.43696
20000529,143.92279000000002
20000526,167.27175
20000525,109.63988
20000524,258.89864
20000523,482.81539999999995
20000522,340.45437999999996
20000519,502.51667999999995
20000518,124.0536
20000517,374.82048
20000516,326.48832
20000515,233.66769
20000512,381.84074000000004
20000511,158.30990000000003
20000510,115.23738999999999
20000509,195.51
20000508,663.04116
20000505,136.171
20000504,109.01875000000001
20000503,547.68816
20000502,136.99422
20000428,240.68896
20000427,159.64794
20000426,540.49197
20000425,106.0848
20000424,66.83502
20000420,210.26628000000002
20000419,163.2456
20000418,186.61068000000003
20000417,79.28099999999999
20000413,149.95103999999998
20000412,111.8112
20000411,173.31074999999998
20000410,184.62357
20000407,204.13926
20000406,197.57128
20000405,149.48465000000002
20000404,135.3828
20000403,462.3006200000001
20000331,352.16992
20000330,177.99812
20000329,282.69306
20000328,323.08
20000327,262.77468
20000324,459.74595
20000323,363.22602
20000322,276.56825000000003
20000321,365.97715
20000316,652.82614
20000315,1014.29237
20000314,464.5505600000001
20000313,541.4922
20000310,242.91639999999998
20000309,574.34564
20000308,943.3908
20000307,318.79355
20000306,98.14175999999999
20000303,3298.0656000000004
20000302,2855.0415600000006
20000301,3167.03043
20000229,2777.0966399999998
20000228,2477.6339
20000225,1338.1266
20000224,2077.09734
20000223,706.8868799999999
20000222,1853.4089600000002
20000221,2033.05781
20000218,2710.0833900000002
20000217,1387.7510399999999
20000216,273.50005
20000215,645.5362300000002
20000214,710.22479
20000211,957.0563800000001
20000210,904.7103000000001
20000209,683.28824
20000208,1648.9361000000001
20000207,770.79162
20000204,1781.9994
20000203,1571.38316
20000202,4376.680399999999
20000201,3058.3056799999995
20000131,1903.21822
20000128,1108.7701100000002
20000127,1346.048
20000125,959.3692500000001
20000124,2099.75724
20000121,457.93850000000003
20000120,614.67705
20000119,532.7905
20000118,171.12992
20000117,532.31278
20000114,653.97548
20000113,376.47316
20000112,311.16455999999994
20000111,342.63705999999996
20000110,344.56928000000005
20000107,424.86999
20000106,244.41648000000004
20000105,260.27848
20000104,582.7000499999999
20000103,582.2577
