20160408,1721.36912
20160407,3347.37975
20160406,3309.8738399999997
20160405,7888.876399999999
20160404,2559.01702
20160401,4399.420950000001
20160331,5409.76247
20160330,3789.7744
20160329,2932.2421600000002
20160328,3259.5881299999996
20160323,2251.9658000000004
20160322,3001.17548
20160321,6595.36488
20160318,6494.5792
20160317,6421.94516
20160316,3994.8545
20160315,2903.69774
20160314,20457.636300000002
20160311,2511.8990400000002
20160310,3740.7854399999997
20160309,3908.5723000000003
20160308,4031.9002
20160304,4540.20345
20160303,7829.06601
20160302,10605.062399999999
20160301,7073.00688
20160229,9071.16476
20160226,4446.3676399999995
20160225,9344.187510000002
20160224,7976.65512
20160223,6418.90643
20160222,7061.796899999999
20160219,4483.9268
20160218,9601.53948
20160217,11337.702479999998
20160216,14101.235200000003
20160215,9306.5698
20160212,14633.448599999998
20160211,13733.12574
20160210,14435.266440000003
20160209,5781.7825
20160208,9222.55701
20160205,4801.194
20160204,4496.31457
20160203,4067.5675499999998
20160202,6341.77908
20160201,4992.94752
20160129,10862.2224
20160128,3096.4808
20160127,2313.42832
20160125,3008.54856
20160122,3227.33278
20160121,3982.75677
20160120,2142.39588
20160119,2538.57305
20160118,3720.5625600000003
20160115,3759.6286
20160114,4112.69319
20160113,4263.666020000001
20160112,6195.87204
20160111,3881.4900000000002
20160108,2971.36566
20160107,4013.4235200000003
20160106,8350.35925
20160105,5183.085110000001
20160104,5313.75544
20160101,4050.3968999999997
20151231,3823.5415399999997
20151230,5484.73992
20151229,3532.2155999999995
20151228,4917.50976
20151224,2725.9658999999997
20151223,5273.60188
20151222,7096.7502
20151221,7086.467430000001
20151218,5153.33974
20151217,15897.612420000001
20151216,6933.1119
20151215,5537.70884
20151214,5809.29896
20151211,15000.597839999999
20151210,4476.927000000001
20151209,4444.038170000001
20151208,3273.64028
20151207,1882.8227000000002
20151204,2586.21816
20151203,2743.5193500000005
20151202,1516.3154100000002
20151201,2200.82676
20151130,2434.4920199999997
20151127,2474.5968000000003
20151126,1361.77948
20151124,2366.68968
20151123,4318.27088
20151120,2145.70355
20151119,2039.46592
20151118,3044.7309899999996
20151117,5185.38478
20151116,2796.08847
20151113,3120.52024
20151111,1212.3169
20151110,2634.8608999999997
20151109,4038.29832
20151106,2921.9403
20151105,2441.68633
20151104,1930.39632
20151103,1765.8476999999998
20151102,3262.21767
20151030,8541.6877
20151029,1575.4315
20151028,3227.0133699999997
20151027,944.9044000000001
20151026,1364.2426400000002
20151023,1577.1423
20151021,1691.9011699999999
20151020,2103.93775
20151019,1465.4489600000002
20151016,3000.483
20151015,1927.95939
20151014,1662.0627799999997
20151013,1584.37486
20151012,2016.18368
20151009,3317.4320799999996
20151008,2043.7866
20151007,2464.77177
20151006,2993.6292599999997
20151005,3895.6230600000004
20151001,4048.7991
20150930,4105.718150000001
20150929,10948.507710000002
20150928,4620.5082
20150924,3705.72199
20150923,4805.38152
20150922,6264.7992
20150921,2654.0395200000003
20150918,6142.812859999999
20150916,4853.35448
20150915,6451.82921
20150914,5486.9472
20150911,7017.002600000001
20150910,6284.037900000001
20150909,7129.25556
20150908,5813.35396
20150907,10985.220839999998
20150904,7826.2356
20150903,9049.34475
20150902,9999.502
20150901,10205.23628
20150831,2987.62866
20150828,3247.9081499999998
20150827,10422.44214
20150826,7773.2264399999995
20150825,12244.14546
20150824,14185.4841
20150821,3167.17992
20150820,3952.7876
20150819,2210.1343600000005
20150818,3170.0214
20150817,2758.48916
20150814,6402.50929
20150813,5312.686320000001
20150812,4349.96371
20150811,2965.3134299999997
20150810,2030.1600899999999
20150807,1689.4403499999999
20150806,2631.7221
20150805,4499.23176
20150804,5968.8949999999995
20150803,8677.85331
20150731,20521.363250000002
20150730,4855.736559999999
20150729,4984.74576
20150728,6129.25424
20150727,4427.59548
20150724,10360.750890000001
20150723,2543.17164
20150722,7912.998
20150721,2305.2241599999998
20150720,3215.64312
20150717,2725.48198
20150716,3895.7597
20150715,1625.7915
20150714,1521.09112
20150713,2920.69952
20150710,5551.63488
20150709,2128.44796
20150708,3122.06452
20150707,3191.00373
20150706,4526.97181
20150703,2050.4636
20150702,3924.2174499999996
20150701,6438.56082
20150630,3757.2376799999997
20150629,6984.70538
20150626,11955.041449999999
20150625,4220.53344
20150624,3273.54958
20150623,6423.49104
20150622,5325.36444
20150619,4981.748159999999
20150618,2527.5002
20150617,4637.331300000001
20150616,4257.83734
20150615,4166.14968
20150612,3992.8364200000005
20150611,8069.532340000001
20150610,7576.81458
20150609,6487.943209999999
20150608,6460.484159999999
20150605,11360.81628
20150604,8063.023099999999
20150603,5974.009440000001
20150602,4924.498949999999
20150601,10154.758890000001
20150529,3441.57612
20150528,2129.97762
20150527,3017.27536
20150526,2052.9176199999997
20150525,1797.3251100000002
20150522,3252.7791
20150521,3664.9711800000005
20150520,2902.65014
20150519,4496.30795
20150518,2245.37681
20150515,3938.33978
20150514,4253.2245
20150513,6122.51468
20150512,3399.57722
20150511,2788.45077
20150508,3846.5931000000005
20150507,5703.81416
20150506,4495.936110000001
20150505,2167.97352
20150504,2911.5692199999994
20150430,3902.0319
20150429,8977.3667
20150428,15717.3372
20150427,10774.16991
20150424,3798.4040899999995
20150423,3185.3557800000003
20150422,4120.09356
20150421,2957.5315200000005
20150420,3076.9864
20150417,18986.275599999997
20150416,3788.1
20150415,3958.5660799999996
20150413,3641.907
20150410,3432.3399000000004
20150409,3854.22345
20150408,3482.7696
20150407,5686.67472
20150406,4082.8995
20150401,3066.2756400000003
20150331,4059.96336
20150330,3807.26801
20150327,4860.996300000001
20150326,5731.61624
20150325,3985.5992100000003
20150324,4627.2499800000005
20150323,5133.71408
20150320,6328.216830000001
20150319,6073.52212
20150318,3554.8371599999996
20150317,3902.20356
20150316,3917.41952
20150313,6942.42094
20150312,4363.744640000001
20150311,3866.71978
20150310,3778.2110100000004
20150309,5086.01231
20150305,4508.17638
20150304,8504.386320000001
20150303,3152.27055
20150302,6340.82296
20150228,9336.616699999999
20150227,5129.852419999999
20150226,5320.88876
20150225,4089.0209600000003
20150224,6615.516
20150223,3747.1657500000006
20150220,9800.6896
20150219,4821.93551
20150218,2970.7582
20150216,3956.3089499999996
20150213,3765.8418
20150212,4859.57325
20150211,5136.24179
20150210,11521.543950000001
20150209,6226.031459999999
20150206,5573.21352
20150205,8338.07856
20150204,6689.784449999999
20150203,6943.07124
20150202,8345.19645
20150130,12499.059000000001
20150129,3575.6341899999998
20150128,5394.9664999999995
20150127,4154.36592
20150123,3051.7648599999998
20150122,3134.17104
20150121,4773.85121
20150120,4818.79125
20150119,2817.32271
20150116,2514.2485
20150115,5963.637400000001
20150114,3602.26366
20150113,3335.98899
20150112,2849.945
20150109,5144.269899999999
20150108,4140.81976
20150107,5842.83576
20150106,4957.6629
20150105,2687.9592500000003
20150102,2718.60147
20150101,1365.99028
20141231,2254.42308
20141230,1558.6859200000001
20141229,1372.92585
20141226,1859.07904
20141224,1922.58702
20141223,2590.5374399999996
20141222,2205.71776
20141219,4471.23717
20141218,2956.8334900000004
20141217,8839.9948
20141216,3914.4927599999996
20141215,2330.5477800000003
20141212,2531.6334
20141211,2911.1913299999997
20141210,6289.510499999999
20141209,2404.48135
20141208,3273.3675
20141205,3014.03972
20141204,8216.611439999999
20141203,5014.918680000001
20141202,5398.75004
20141201,6542.528699999999
20141128,5149.90122
20141127,4008.70728
20141126,7237.003360000001
20141125,4905.75956
20141124,6440.295950000001
20141121,5821.8444
20141120,1952.1285400000002
20141119,4159.89394
20141118,3125.1065999999996
20141117,3097.1459999999997
20141114,3774.26946
20141113,3972.5114399999998
20141112,3214.9974
20141111,4531.878
20141110,3566.59371
20141107,3168.0447000000004
20141105,4583.86096
20141103,3908.82456
20141031,8600.30055
20141030,7574.458920000001
20141029,2978.75424
20141028,3634.6557599999996
20141027,3399.6791400000006
20141023,439.89288
20141022,2431.88946
20141021,4281.8928
20141020,2975.6547499999997
20141017,4064.69248
20141016,2936.70612
20141014,4060.66311
20141013,5381.96274
20141010,2323.85072
20141009,3848.4570299999996
20141008,2389.46784
20141007,5149.8618
20141001,2474.634
20140930,5699.2419
20140929,2813.0863500000005
20140926,6022.7568
20140925,5023.473559999999
20140924,5609.09904
20140923,4600.936299999999
20140922,2576.5616
20140919,2102.70363
20140918,2555.92404
20140917,2233.0225
20140916,2154.15993
20140915,2957.48652
20140912,2921.4207
20140911,3906.6999599999995
20140910,7236.1684
20140909,2204.54607
20140908,1897.42878
20140905,4298.60864
20140904,3440.67626
20140903,3946.1674599999997
20140902,4240.21062
20140901,4438.578060000001
20140828,3852.0644500000003
20140827,3257.9422799999998
20140826,3422.60094
20140825,3886.8302500000004
20140822,2381.5272600000003
20140821,3579.3396399999997
20140820,2432.1514500000003
20140819,8899.992
20140818,6487.516439999999
20140814,3283.1127
20140813,2192.1982500000004
20140812,2092.33054
20140811,1865.7780000000002
20140808,3433.6698400000005
20140807,3229.97013
20140806,3098.6245799999997
20140805,4078.6974999999998
20140804,2583.4598
20140801,6388.473999999999
20140731,7723.1178
20140730,3178.87752
20140728,2595.5532000000003
20140725,2008.8643999999997
20140724,3701.54664
20140723,7565.268480000001
20140722,2901.6132
20140721,3211.076
20140718,4471.40964
20140717,2440.1667
20140716,22170.46654
20140715,6316.218800000001
20140714,4248.52644
20140711,4011.1617600000004
20140710,8293.06633
20140709,2582.8993600000003
20140708,10704.22892
20140707,10417.07978
20140704,2727.93264
20140703,4165.578479999999
20140702,3618.38904
20140701,3512.2528800000005
20140630,4101.438
20140627,4768.65495
20140626,2922.42177
20140625,1999.5340199999998
20140624,2837.63727
20140623,3272.79726
20140620,3200.0788800000005
20140619,4378.7835000000005
20140618,4586.145520000001
20140617,4015.0903099999996
20140616,4550.32158
20140613,6503.69276
20140612,3493.7963399999994
20140611,4812.83342
20140610,3156.7704000000003
20140609,6231.308120000001
20140606,6271.313270000001
20140605,4623.84468
20140604,4772.50936
20140603,4435.918610000001
20140602,8908.96158
20140530,2488.58342
20140529,2799.6264599999995
20140528,3184.001
20140527,3274.5215999999996
20140526,5531.7369100000005
20140523,3735.1946099999996
20140522,5519.472119999999
20140521,3978.81284
20140520,5698.6071999999995
20140519,7655.64912
20140516,22871.839829999997
20140515,5453.69022
20140514,5967.65625
20140513,6979.0025
20140512,12316.155
20140509,11056.908800000001
20140508,3200.19945
20140507,3320.5126499999997
20140506,2884.4582400000004
20140505,3187.60335
20140502,3454.33945
20140430,4966.248
20140429,2627.4588400000002
20140428,5294.975
20140425,8434.67132
20140423,4061.74653
20140422,5341.307860000001
20140421,4840.21962
20140417,7016.51258
20140416,2845.3656000000005
20140415,1782.4905700000002
20140411,4238.76269
20140410,4154.9295999999995
20140409,3743.5351400000004
20140407,1862.4032
20140404,6519.02385
20140403,8618.55032
20140402,6027.57925
20140401,5364.7528
20140331,2579.2085800000004
20140328,4578.944979999999
20140327,8476.358219999998
20140326,5338.501790000001
20140325,5147.262559999999
20140324,9837.5232
20140322,184.60278
20140321,9784.80018
20140320,4837.1625
20140319,4923.82014
20140318,3721.0281600000003
20140314,6706.6875
20140313,7071.736800000001
20140312,6670.899560000001
20140311,10444.671499999999
20140310,7608.96176
20140307,14141.637569999999
20140306,5315.49919
20140305,3952.0551600000003
20140304,3683.5032199999996
20140303,2376.82896
20140228,2085.02528
20140226,1340.848
20140225,3187.35948
20140224,3116.92129
20140221,3633.8364300000003
20140220,1698.81656
20140219,2323.21187
20140218,4439.02183
20140217,2381.34
20140214,2573.2850000000003
20140213,2713.4392000000003
20140212,4532.0814
20140211,1605.65226
20140210,1932.7071100000003
20140207,3157.56063
20140206,4897.11
20140205,3865.2801299999996
20140204,3864.27076
20140203,3443.8958000000002
20140131,3411.7875700000004
20140130,7423.34253
20140129,10000.838620000002
20140128,6369.94451
20140127,3949.6168000000002
20140124,2433.52816
20140123,3376.4883800000002
20140122,4853.07804
20140121,6564.6777
20140120,2528.9862
20140117,5444.259239999999
20140116,4907.4391000000005
20140115,5175.18048
20140114,2924.5950299999995
20140113,3566.8669500000005
20140110,4442.637900000001
20140109,6062.2348600000005
20140108,3472.0533000000005
20140107,6091.77582
20140106,5750.11323
20140103,6000.844319999999
20140102,5629.8524
20140101,1415.7423000000001
20131231,2208.3501
20131230,2221.56864
20131227,2886.44456
20131226,2979.93906
20131224,3710.5103700000004
20131223,4106.682320000001
20131220,4873.798019999999
20131219,8229.24271
20131218,10371.233
20131217,4326.5642
20131216,3156.2254199999998
20131213,8671.97961
20131212,4346.63658
20131211,6072.87736
20131210,9850.63329
20131209,14200.08896
20131206,8840.81738
20131205,13942.633699999998
20131204,7373.772619999999
20131203,5727.224099999999
20131202,4895.558360000001
20131129,5776.9305
20131128,6175.36969
20131127,4674.07814
20131126,4862.564740000001
20131125,6467.857999999999
20131122,6543.366529999999
20131121,3557.3739700000006
20131120,3332.19366
20131119,7993.16244
20131118,6312.000639999999
20131114,5577.985
20131113,4550.868
20131112,4565.2155999999995
20131111,3230.7502600000003
20131108,4268.97416
20131107,7190.5176
20131106,4134.165120000001
20131105,5701.95852
20131103,935.52351
20131101,5814.29952
20131031,6287.07596
20131030,10647.343330000002
20131029,13333.3119
20131028,4178.416499999999
20131025,11230.522599999998
20131024,7160.85864
20131023,4631.9438
20131022,4180.9012
20131021,4653.6008999999995
20131018,8217.206400000001
20131017,3016.06459
20131015,3445.96647
20131014,4405.976320000001
20131011,8132.267
20131010,5892.87232
20131009,6815.572399999999
20131008,4395.89073
20131007,7503.85762
20131004,6618.651599999999
20131003,6790.488300000001
20131001,6106.16921
20130930,7252.54
20130927,8390.01165
20130926,4912.54976
20130925,6075.65179
20130924,4865.38216
20130923,8870.26272
20130920,10017.556999999999
20130919,10718.01395
20130918,3639.84
20130917,3744.75
20130916,7518.025540000001
20130913,8799.1252
20130912,8921.706909999999
20130911,5647.48992
20130910,7837.677879999999
20130906,9640.99899
20130905,8685.158159999999
20130904,6207.733410000001
20130903,10464.37269
20130902,3887.4507000000003
20130830,9782.12663
20130829,4534.94691
20130828,15212.579799999998
20130827,8284.77363
20130826,9127.709340000001
20130823,10298.78424
20130822,7113.71232
20130821,14010.08499
20130820,8957.00424
20130819,11648.89674
20130816,9115.30464
20130814,4725.07182
20130813,5600.39692
20130812,4695.85323
20130808,4815.161599999999
20130807,3942.06021
20130806,3486.4044000000004
20130805,2720.5499400000003
20130802,3921.2580000000003
20130801,7798.436320000001
20130731,9480.132720000001
20130730,10254.02442
20130729,4443.245019999999
20130726,5983.89505
20130725,6972.506350000001
20130724,4556.97279
20130723,8425.111089999999
20130722,4699.0073600000005
20130719,8824.67776
20130718,12993.89
20130717,10515.336
20130716,12345.6416
20130715,2982.4704
20130712,2693.97348
20130711,4617.562779999999
20130710,3831.0706999999993
20130709,3930.4845
20130708,6563.68
20130705,9709.37377
20130704,5595.62638
20130703,7755.02656
20130702,5905.873330000001
20130701,7682.85728
20130628,4173.85246
20130627,6132.84945
20130626,5108.2241
20130625,9392.550640000001
20130624,10250.517600000001
20130621,8770.7743
20130620,5358.12504
20130619,2553.9024
20130618,3435.3848700000003
20130617,4520.7838
20130614,4779.84767
20130613,2775.6059800000003
20130612,4758.867920000001
20130611,5293.433249999999
20130610,4211.302000000001
20130607,3059.0634099999997
20130606,3633.9741999999997
20130605,6878.432000000001
20130604,3771.63605
20130603,3051.2582
20130531,5112.54432
20130530,5566.74464
20130529,3403.96464
20130528,6085.87012
20130527,4304.868750000001
20130524,4110.07433
20130523,4752.82535
20130522,3816.56618
20130521,4218.89338
20130520,4344.3322
20130517,6576.0006
20130516,4486.11238
20130515,6980.830800000001
20130514,2990.2392000000004
20130513,3266.3803000000003
20130511,248.71810000000002
20130510,3634.848
20130509,3416.50176
20130508,4077.05184
20130507,4622.783820000001
20130506,6363.797490000001
20130503,6802.171579999999
20130502,5397.0169000000005
20130430,6124.7880000000005
20130429,4296.960239999999
20130426,15246.909280000002
20130425,7364.67798
20130423,6628.572
20130422,6691.456359999999
20130418,5952.08432
20130417,5207.845719999999
20130416,5095.95684
20130415,5361.23196
20130412,2809.87707
20130411,6852.86184
20130410,4902.50937
20130409,4826.463659999999
20130408,3273.85422
20130405,5281.05144
20130404,4085.6790199999996
20130403,3399.31215
20130402,2345.3226
20130401,5897.23932
20130328,5508.27012
20130326,4259.3324
20130325,7557.699349999999
20130322,7129.2341799999995
20130321,17886.33132
20130320,5824.460080000001
20130319,10112.70687
20130318,6726.83187
20130315,15137.717999999999
20130314,10596.104930000001
20130313,2921.6300300000003
20130312,2891.56
20130311,2590.38857
20130308,4689.94236
20130307,3496.8682500000004
20130306,2946.7611599999996
20130305,4002.6766500000003
20130304,2404.3649
20130301,3105.57609
20130228,7362.20562
20130227,4195.623750000001
20130226,3131.7861599999997
20130225,3379.23675
20130222,3702.2153999999996
20130221,5752.74962
20130220,4166.42522
20130219,2965.5402499999996
20130218,2384.0319799999997
20130215,2379.2412
20130214,2870.8393400000004
20130213,3305.7183600000003
20130212,4294.70675
20130211,6055.5645
20130208,4106.59198
20130207,5551.88115
20130206,3754.6916799999995
20130205,2377.6951099999997
20130204,6577.7305
20130201,5666.72544
20130131,15948.048200000001
20130130,4277.9024
20130129,11969.34626
20130128,3529.84224
20130125,2202.97144
20130124,3372.1985
20130123,3668.72656
20130122,4296.12282
20130121,1751.02473
20130118,6964.31575
20130117,2912.4700000000003
20130116,3350.6007600000003
20130115,7099.23114
20130114,7644.62552
20130111,2254.5427999999997
20130110,2938.43718
20130109,13582.5884
20130108,1908.2765200000001
20130107,2661.7508000000003
20130104,2965.41941
20130103,1928.6150099999998
20130102,3211.1558999999997
20130101,2783.0756399999996
20121231,1557.6176000000003
20121228,2321.8927999999996
20121227,2921.56125
20121226,2844.5520000000006
20121224,2212.42186
20121221,2023.9283700000003
20121220,2252.45988
20121219,2689.76248
20121218,6732.117119999999
20121217,2868.8451999999997
20121214,9361.864559999998
20121213,3786.56292
20121212,5082.650820000001
20121211,5492.680960000001
20121210,3334.86266
20121207,4083.3408000000004
20121206,5286.09403
20121205,3980.9575
20121204,4629.26016
20121203,6271.1660600000005
20121130,4991.115000000001
20121129,8443.27575
20121127,9949.43455
20121126,13719.10776
20121123,6607.188250000001
20121122,4129.46508
20121121,5039.86851
20121120,2565.61944
20121119,2331.4488
20121116,2928.7656
20121115,1825.2322000000001
20121113,1070.8923000000002
20121112,5095.043909999999
20121109,3205.4932000000003
20121108,2800.0304999999994
20121107,13664.38896
20121106,2867.9481599999995
20121105,3241.88546
20121102,2989.25382
20121101,2622.5000199999995
20121031,3313.51852
20121030,8036.6853599999995
20121029,5108.17478
20121026,13251.645120000001
20121025,6253.91871
20121023,3099.6371999999997
20121022,7645.99825
20121019,4505.68785
20121018,8033.05602
20121017,2430.62103
20121016,3537.8457000000003
20121015,3706.4507400000007
20121012,3607.0062000000003
20121011,9821.55732
20121010,2737.6339000000003
20121009,3054.4819199999997
20121008,3133.80384
20121005,8388.50295
20121004,7028.157509999999
20121003,4774.8213000000005
20121001,5186.922509999999
20120928,9164.33778
20120927,4025.8168
20120926,4677.567840000001
20120925,7807.504640000001
20120924,8901.0592
20120921,12390.83959
20120920,3925.5225800000003
20120918,9710.5456
20120917,14828.929320000001
20120914,14787.367980000003
20120913,4050.02892
20120912,5948.453750000001
20120911,3627.7788
20120910,3763.7454400000006
20120908,356.00285
20120907,11966.634
20120906,4606.50738
20120905,7736.82
20120904,4080.4547700000003
20120903,3718.4919000000004
20120831,7309.2938
20120830,4424.18403
20120829,3454.10448
20120828,4079.42628
20120827,3788.28345
20120824,3426.9586
20120823,6030.33912
20120822,4090.3030999999996
20120821,2769.87725
20120817,3626.6785800000002
20120816,4264.71872
20120814,5598.54048
20120813,3461.3312499999997
20120810,8141.09634
20120809,4658.065200000001
20120808,4538.959360000001
20120807,12512.76057
20120806,6391.4368699999995
20120803,10680.264459999999
20120802,7561.000980000001
20120801,3855.8916
20120731,13939.914300000002
20120730,13572.36592
20120727,11399.314999999999
20120726,5272.71305
20120725,2732.72706
20120724,3066.22648
20120723,4117.05855
20120720,4823.23248
20120719,7678.025600000001
20120718,7906.48544
20120717,5264.01324
20120716,10837.7074
20120713,3657.4309200000002
20120712,6186.64988
20120711,6063.39612
20120710,7234.37076
20120709,6583.333500000001
20120706,8614.31364
20120705,6708.079999999999
20120704,4901.95573
20120703,5943.29418
20120702,7119.833430000001
20120629,10664.682719999999
20120628,3894.8919900000005
20120627,3729.9982200000004
20120626,4569.64046
20120625,5356.38831
20120622,5492.50515
20120621,5916.14046
20120620,3102.98305
20120619,6024.8085
20120618,9078.39163
20120615,5589.5589
20120614,5565.54512
20120613,5663.73324
20120612,5651.70028
20120611,4614.7801500000005
20120608,4320.9667
20120607,8016.916049999999
20120606,6009.3334
20120605,5775.95915
20120604,4481.02308
20120601,4719.27888
20120531,5835.74642
20120530,3916.4460400000003
20120529,3213.35476
20120528,3804.93964
20120525,5214.76515
20120524,5778.67068
20120523,4374.17799
20120522,4838.609649999999
20120521,4753.6046
20120518,6469.81762
20120517,5439.47674
20120516,6283.29715
20120515,5776.073039999999
20120514,6180.48845
20120511,6361.34616
20120510,5928.115049999999
20120509,8389.8315
20120508,7529.246279999999
20120507,8722.292580000001
20120504,7788.504319999999
20120503,5347.98957
20120502,4417.6914
20120430,6710.68796
20120428,866.51598
20120427,26375.05995
20120426,4222.972
20120425,6932.85095
20120424,5313.678719999999
20120423,5834.92656
20120420,5341.40048
20120419,4783.636479999999
20120418,4028.7066600000003
20120417,14261.39219
20120416,4781.67952
20120413,7127.7406200000005
20120412,4743.476000000001
20120411,6785.1725400000005
20120410,6472.3552
20120409,4329.428539999999
20120404,4338.84528
20120403,4420.9014
20120402,3276.2675
20120330,5995.547520000001
20120329,7903.615679999999
20120328,12078.4766
20120327,20271.54928
20120326,6154.9785600000005
20120323,6835.8942
20120322,7459.885080000001
20120321,7897.704960000001
20120320,6138.39438
20120319,5585.89419
20120316,7881.36948
20120315,5992.54698
20120314,6435.22767
20120313,5367.08939
20120312,4903.6545
20120309,9510.15411
20120307,7990.60724
20120306,15968.371939999999
20120305,6608.2401
20120303,359.81724
20120302,8679.48753
20120301,5783.46768
20120229,8750.9034
20120228,9013.740960000001
20120227,5982.098849999999
20120224,5626.568139999999
20120223,13289.7314
20120222,9680.43168
20120221,9723.8784
20120217,9488.31085
20120216,5617.677
20120215,14427.011700000001
20120214,9848.52795
20120213,10664.713500000002
20120210,8637.27156
20120209,10983.13982
20120208,20209.02561
20120207,10400.645550000001
20120206,11083.35063
20120203,12909.718319999998
20120202,18084.543729999998
20120201,15670.704
20120131,22559.19958
20120130,6250.8074400000005
20120127,7945.20549
20120125,7497.503369999999
20120124,16436.801600000003
20120123,9569.95263
20120120,21447.503399999998
20120119,4817.85087
20120118,5431.18892
20120117,6017.62088
20120116,5442.12375
20120113,9873.46005
20120112,5465.37314
20120111,6290.6867999999995
20120110,7904.508
20120109,3945.508
20120107,507.79461999999995
20120106,6381.7275199999995
20120105,6066.370820000001
20120104,8363.59681
20120103,5847.1908
20120102,4925.7672
20111230,4176.14289
20111229,6057.400579999999
20111228,6566.156109999999
20111227,3403.0067999999997
20111226,3851.3112000000006
20111223,9834.005519999999
20111222,13442.203940000001
20111221,12798.635850000002
20111220,6825.954200000001
20111219,8148.714889999999
20111216,12239.837749999999
20111215,6479.999099999999
20111214,10219.98106
20111213,8757.31725
20111212,9482.78695
20111209,10013.92945
20111208,9066.631089999999
20111207,9082.44324
20111205,6956.83328
20111202,10215.157239999999
20111201,13887.801280000001
20111130,11717.68778
20111129,8969.8709
20111128,7198.8207999999995
20111125,8034.8502
20111124,7282.57686
20111123,8601.891640000002
20111122,7202.405989999999
20111121,9069.3974
20111118,7934.2298
20111117,7202.81259
20111116,8822.705119999999
20111115,8216.07414
20111114,7864.30064
20111111,15804.708300000002
20111109,8978.033519999999
20111108,5871.08166
20111104,8182.114080000001
20111103,9330.368320000001
20111102,8163.9704
20111101,11346.244490000001
20111031,12925.38492
20111028,8368.09588
20111026,2160.9861
20111025,11640.02056
20111024,4375.152000000001
20111021,5356.8496000000005
20111020,6261.1731
20111019,4592.665440000001
20111018,4704.95025
20111017,4297.70604
20111014,6367.6759999999995
20111013,7954.4412
20111012,6193.71232
20111011,11246.229000000001
20111010,4764.6204
20111007,8484.24582
20111005,14598.149360000001
20111004,13366.067000000001
20111003,6259.44375
20110930,6037.88392
20110929,5423.24565
20110928,5082.79698
20110927,5285.90367
20110926,6829.19001
20110923,6275.5714800000005
20110922,7644.3152
20110921,7348.047839999999
20110920,4040.7139500000003
20110919,5153.625
20110916,9148.608989999999
20110915,6860.897010000001
20110914,7481.823
20110913,5182.9021
20110912,5812.18568
20110909,5174.782190000001
20110908,6739.76673
20110907,4430.98234
20110906,7952.341539999999
20110905,3531.43784
20110902,5047.31382
20110830,4484.72288
20110829,4121.44668
20110826,8916.553520000001
20110825,6421.73857
20110824,7341.39315
20110823,7365.85824
20110822,5815.7352
20110819,11073.828870000001
20110818,12863.81184
20110817,12788.49726
20110816,4824.6853599999995
20110812,7769.853000000001
20110811,4893.1488899999995
20110810,5464.1054
20110809,13942.754099999998
20110808,7218.16468
20110805,7453.349999999999
20110804,5717.388599999999
20110803,8124.86796
20110802,4487.19775
20110801,3097.7878499999997
20110729,12717.7051
20110728,3452.68184
20110727,6359.210200000001
20110726,8140.627439999999
20110725,3807.7263000000003
20110722,2943.3772
20110721,3142.56012
20110720,3787.2176999999997
20110719,4817.628
20110718,8013.471200000001
20110715,2534.56448
20110714,4860.972000000001
20110713,2254.54272
20110712,4825.842839999999
20110711,3514.0681
20110708,6164.282
20110707,9132.94042
20110706,3610.5588000000002
20110705,22084.5933
20110704,7956.21532
20110701,4365.667530000001
20110630,5240.96703
20110629,9979.68712
20110628,5184.19778
20110627,7220.72722
20110624,6805.042080000001
20110623,3953.0958499999997
20110622,4676.5472
20110621,5524.569960000001
20110620,4930.93591
20110617,4842.6469799999995
20110616,5568.56033
20110615,2411.98899
20110614,4488.34716
20110613,5380.64136
20110610,3989.9848
20110609,4879.68152
20110608,4073.5209600000003
20110607,4228.945479999999
20110606,3175.78
20110603,3207.5977400000006
20110602,5136.2217
20110601,3881.70468
20110531,4288.4691299999995
20110530,4642.56945
20110527,6035.879910000001
20110526,3379.77216
20110525,4008.66288
20110524,6490.3539
20110523,6128.008400000001
20110520,5617.9592
20110519,3752.73075
20110518,5029.229399999999
20110517,5574.165070000001
20110516,3648.18915
20110513,8011.51794
20110512,3907.7230000000004
20110511,4089.86579
20110510,3715.85364
20110509,4037.6241800000003
20110506,14006.665250000002
20110505,6652.58915
20110504,7890.44272
20110503,14290.338150000001
20110502,5330.31562
20110429,8647.752779999999
20110428,30858.085400000004
20110427,8486.82567
20110426,7921.4451
20110425,5335.0231699999995
20110421,3137.4754399999997
20110420,6511.16439
20110419,6198.152399999999
20110418,7117.96606
20110415,8027.477010000001
20110413,10039.85246
20110411,5148.073439999999
20110408,6375.7991999999995
20110407,6729.503369999999
20110406,5070.771769999999
20110405,5698.34662
20110404,5951.555249999999
20110401,5081.690879999999
20110331,8234.81132
20110330,4374.54792
20110329,8178.512819999999
20110328,11962.49568
20110325,11835.305200000003
20110324,5137.488719999999
20110323,15320.22255
20110322,7143.0405
20110321,3342.3779999999997
20110318,3867.30864
20110317,8842.209320000002
20110316,9152.24744
20110315,6103.18496
20110314,4599.1060800000005
20110311,5274.65136
20110310,5057.5054199999995
20110309,8673.488
20110308,5910.75648
20110307,6491.05515
20110304,7714.203119999999
20110303,13237.83
20110301,13564.31905
20110228,15531.471580000001
20110225,8421.22016
20110224,10970.22708
20110223,5319.9891
20110222,7267.78409
20110221,6928.90386
20110218,9572.560429999998
20110217,6428.808050000001
20110216,3731.57136
20110215,7393.52572
20110214,5798.0323499999995
20110211,8525.81598
20110210,8177.29738
20110209,11069.656420000001
20110208,12800.03827
20110207,8355.160319999999
20110204,8330.20368
20110203,8224.69725
20110202,7955.2902
20110201,12246.461589999999
20110131,11089.167199999998
20110128,13251.515229999999
20110127,10937.227410000001
20110125,22047.393020000003
20110124,25881.969689999998
20110121,9834.468
20110120,10039.989959999999
20110119,8480.217840000001
20110118,10874.792249999999
20110117,8218.578899999999
20110114,11973.841199999999
20110113,24748.61406
20110112,18700.8855
20110111,12574.140959999999
20110110,15485.405760000001
20110107,11333.846860000001
20110106,7885.1328
20110105,9263.32776
20110104,10867.7051
20110103,3945.7043999999996
20101231,3846.45861
20101230,3108.95879
20101229,4200.82408
20101228,2363.6946
20101227,2679.98535
20101224,3826.6119000000003
20101223,6737.3046
20101222,6511.858920000001
20101221,6878.04005
20101220,5317.792799999999
20101216,11752.912629999999
20101215,8892.439699999999
20101214,7622.48102
20101213,11239.146420000001
20101210,13289.960219999997
20101209,16576.363439999997
20101208,9063.22605
20101207,13033.03039
20101206,5951.88512
20101203,8324.93776
20101202,10011.26412
20101201,12078.900720000001
20101130,9862.278919999999
20101129,7018.668839999999
20101126,8995.298620000001
20101125,11883.87288
20101124,12295.810239999999
20101123,10297.807519999998
20101122,7785.668339999999
20101119,7734.196390000001
20101118,13563.08532
20101116,8660.131000000001
20101115,6319.077
20101112,4579.7789999999995
20101111,4243.6982499999995
20101110,8704.963960000001
20101109,6002.57918
20101108,6196.00756
20101105,1514.79885
20101104,7153.496000000001
20101103,8491.61844
20101102,15775.951500000003
20101101,13190.419199999998
20101029,31147.486019999997
20101028,6530.2039
20101027,4896.446999999999
20101026,3534.7840000000006
20101025,6744.242
20101022,11813.89368
20101021,8634.541729999999
20101020,6239.64294
20101019,9886.64292
20101018,12225.39846
20101015,3034.1105900000002
20101014,7853.19269
20101013,8828.89569
20101012,4402.76415
20101011,7699.75416
20101008,3422.72052
20101007,7068.6320399999995
20101006,3908.9786399999994
20101005,6804.0868
20101004,9939.186
20101001,8196.67614
20100930,6661.129999999999
20100929,7108.976070000001
20100928,5485.30745
20100927,6606.363939999999
20100924,7706.9646
20100923,5234.9011199999995
20100922,12131.57466
20100921,10516.29768
20100920,8893.64007
20100917,7749.500679999999
20100916,18690.35388
20100915,10259.457499999999
20100914,10709.08428
20100913,15735.16576
20100909,9052.00894
20100908,5690.19036
20100907,4712.1178
20100906,12433.25788
20100903,3445.29834
20100902,5425.47555
20100901,6498.9848
20100831,6211.7985
20100830,5320.64346
20100827,5352.958560000001
20100826,5123.740159999999
20100825,6015.161520000001
20100824,7459.39062
20100823,9169.470099999999
20100820,5318.45039
20100819,18201.95476
20100818,5073.6688
20100817,5168.661
20100816,4641.6947
20100813,5284.97145
20100812,12797.620570000001
20100811,9693.44401
20100810,10787.01263
20100809,8896.411439999998
20100806,4609.93516
20100805,6550.662420000001
20100804,12498.75194
20100803,15023.44514
20100802,13320.135
20100730,5923.79249
20100729,7809.6825
20100728,4405.608
20100727,11573.08802
20100726,7222.29748
20100723,8981.9389
20100722,5844.341549999999
20100721,4638.25536
20100720,3408.5542700000005
20100719,4237.80669
20100716,5632.74192
20100715,5650.957619999999
20100714,4878.9749
20100713,4968.07542
20100712,6375.6628
20100709,4157.01332
20100708,4515.78636
20100707,7250.2262
20100706,6587.886750000001
20100705,3180.00828
20100702,7412.23035
20100701,8907.7837
20100630,8395.33574
20100629,7209.9612
20100628,5846.1118
20100625,8649.34159
20100624,4947.91445
20100623,8065.136640000001
20100622,7121.01264
20100621,14040.85494
20100618,6767.2784
20100617,34238.75076
20100616,10047.32992
20100615,5157.8478000000005
20100614,5285.04359
20100611,9473.47453
20100610,7745.80458
20100609,8764.26
20100608,8931.585
20100607,4133.37246
20100604,7038.508860000001
20100603,4480.99052
20100602,7381.18768
20100601,7793.5107800000005
20100531,7969.342079999999
20100528,8559.22036
20100527,9525.80928
20100526,9305.196670000001
20100525,9748.93859
20100524,7064.83479
20100521,8696.3674
20100520,15305.846339999998
20100519,32614.314840000003
20100518,7889.4505500000005
20100517,7016.0967
20100514,6625.44531
20100513,6502.4968499999995
20100512,5863.80465
20100511,13349.52988
20100510,9770.01375
20100507,9210.57828
20100506,8470.02312
20100505,11440.492649999998
20100504,15095.625
20100503,9384.17367
20100430,7376.75343
20100429,6139.270799999999
20100428,11420.40496
20100427,7808.9391000000005
20100426,12069.341120000001
20100423,15603.89428
20100422,13798.28058
20100421,9703.656159999999
20100420,12276.92008
20100419,10465.214249999999
20100416,8187.4655999999995
20100415,10817.43213
20100413,5494.52982
20100412,5684.68905
20100409,4801.064579999999
20100408,6079.59
20100407,5564.42964
20100406,16393.778599999998
20100405,10763.660100000001
20100401,6255.095
20100331,8401.511680000001
20100330,14287.059229999999
20100329,8820.9425
20100326,6516.59835
20100325,6505.91464
20100323,9053.3592
20100322,10263.613650000001
20100319,5340.253059999999
20100318,9467.8254
20100317,11975.358180000001
20100316,5711.859060000001
20100315,6395.08074
20100312,8299.96496
20100311,9945.648
20100310,11851.268
20100309,13066.640999999998
20100308,15131.6425
20100305,6835.53497
20100304,7901.07324
20100303,12029.89723
20100302,10763.31418
20100226,19663.39672
20100225,8369.488449999999
20100224,5531.30558
20100223,9338.645700000001
20100222,4786.46904
20100219,7574.23245
20100218,9120.57456
20100217,10359.5628
20100216,4830.82397
20100215,4463.4645
20100211,9224.690439999998
20100210,7179.227739999999
20100209,10536.75984
20100208,10806.0624
20100206,1917.85914
20100205,9074.35634
20100204,7742.529579999999
20100203,9652.60296
20100202,10671.25325
20100201,10340.80345
20100129,33086.09657
20100128,19773.51407
20100127,17490.1194
20100125,7556.894319999999
20100122,9685.3948
20100121,12557.44455
20100120,9913.48317
20100119,9044.60852
20100118,13763.331559999999
20100115,9478.906649999999
20100114,15567.42776
20100113,15740.0029
20100112,9939.81468
20100111,7074.13266
20100108,6309.89897
20100107,4593.87855
20100106,10438.68772
20100105,7498.9887499999995
20100104,4842.57448
20091231,7281.42351
20091230,10126.61297
20091229,6714.05604
20091224,9120.15588
20091223,12799.55913
20091222,7718.12325
20091221,12989.6048
20091218,13554.67908
20091217,15048.5376
20091216,18388.0416
20091215,15839.036399999997
20091214,12052.520199999999
20091211,13030.79508
20091210,19401.832589999998
20091209,11629.95988
20091208,15836.7285
20091207,14641.609330000001
20091204,10000.72361
20091203,14155.22016
20091202,13155.3141
20091201,12227.58072
20091130,11519.6352
20091127,22693.324
20091126,13334.01632
20091125,13162.394300000002
20091124,9857.0881
20091123,12712.80681
20091120,14476.5463
20091119,8666.665500000001
20091118,7470.12388
20091117,9132.61478
20091116,11539.94384
20091113,10281.63545
20091112,14114.82591
20091111,13106.37159
20091110,13545.299949999999
20091109,17430.27546
20091106,16916.01088
20091105,17411.12536
20091104,18695.3856
20091103,26720.62644
20091030,32106.259199999997
20091029,20915.42814
20091028,20212.15168
20091027,22941.87718
20091026,10517.2613
20091023,8678.607250000001
20091022,14624.171
20091021,8306.293029999999
20091020,10826.882549999998
20091017,3091.5621
20091016,22158.386000000002
20091015,14898.746100000002
20091014,10350.113599999999
20091012,18473.03025
20091009,13336.16072
20091008,12010.85196
20091007,18108.71875
20091006,25384.520259999998
20091005,10398.099199999999
20091001,20838.675479999998
20090930,25879.762020000002
20090929,9183.3315
20090925,9802.12835
20090924,13474.82058
20090923,9133.38892
20090922,6454.1664
20090918,9922.2057
20090917,15990.82015
20090916,15271.637920000001
20090915,11295.0648
20090914,12232.02352
20090911,20893.660190000002
20090910,22217.40167
20090909,14826.877219999998
20090908,21613.1752
20090907,17820.67525
20090904,11284.43208
20090903,14907.10039
20090902,10949.09028
20090901,14822.949120000001
20090831,11923.43576
20090828,12976.18845
20090827,8447.10448
20090826,10318.46994
20090825,15012.019699999999
20090824,15280.565729999998
20090821,22175.291569999998
20090820,10557.23382
20090819,15633.270050000001
20090818,18198.24105
20090817,15686.81478
20090814,12550.12682
20090813,16074.591679999998
20090812,20245.852
20090811,28377.345289999997
20090810,30237.2735
20090807,19842.71856
20090806,55446.47158
20090805,17350.706520000003
20090804,27971.62656
20090803,15840.845759999998
20090731,16701.337679999997
20090730,19663.853560000003
20090729,24893.39835
20090728,31340.50526
20090727,29982.483500000002
20090724,29710.51022
20090723,43639.0902
20090722,35951.925599999995
20090721,24141.82623
20090720,30506.16956
20090717,29931.033599999995
20090716,16484.42556
20090715,26922.244079999997
20090714,18046.92384
20090713,19776.5542
20090710,16374.88392
20090709,21323.123219999998
20090708,24050.741159999998
20090707,32703.86273
20090706,42604.629949999995
20090703,21491.16487
20090702,17445.59785
20090701,22967.4005
20090630,19551.356099999997
20090629,25259.722390000003
20090626,27983.38692
20090625,20149.55339
20090624,22043.76918
20090623,27270.331000000002
20090622,19989.573119999997
20090619,30128.37232
20090618,24663.36639
20090617,21161.193479999998
20090616,21809.872420000003
20090615,11496.87084
20090612,17667.420869999998
20090611,24963.18512
20090610,25617.50568
20090609,22134.119
20090608,14141.33808
20090605,27975.445750000003
20090604,25689.46236
20090603,19659.939420000002
20090602,26045.760840000003
20090601,32273.216690000005
20090529,18843.156
20090528,34460.42735
20090527,21440.819610000002
20090526,23673.639
20090525,22778.008879999998
20090522,44120.25397
20090521,38525.7573
20090520,34938.80478
20090519,86483.90351999999
20090518,321.28874
20090515,33761.9008
20090514,25000.128090000002
20090513,40451.07980000001
20090512,35676.304379999994
20090511,30839.69661
20090508,29816.604320000002
20090507,27600.38424
20090506,46535.21173
20090505,51506.988229999995
20090504,39940.934669999995
20090429,29509.65906
20090428,32953.640940000005
20090427,59509.50285
20090424,32697.62775
20090423,23471.572409999997
20090422,21277.262499999997
20090421,32172.548400000003
20090420,27995.56361
20090417,27971.588480000002
20090416,33177.840930000006
20090415,44295.7845
20090413,17845.894080000002
20090409,37561.00176
20090408,22540.71808
20090406,24918.33825
20090402,52346.14165
20090401,36674.16725
20090331,56233.54380000001
20090330,37958.608349999995
20090327,22304.94836
20090326,25615.456399999995
20090325,32269.389740000002
20090324,30898.8505
20090323,24566.780079999997
20090320,19065.37725
20090319,26902.71129
20090318,22802.25675
20090317,48416.931639999995
20090316,29876.39247
20090313,39863.6927
20090312,35022.25986
20090309,21080.032460000002
20090306,66592.26248
20090305,35416.0898
20090304,34361.48943
20090303,32423.667640000003
20090302,15606.746100000002
20090227,28807.8846
20090226,20259.163350000003
20090225,16826.7032
20090224,26154.05044
20090220,20383.88688
20090219,19111.22389
20090218,20957.5992
20090217,19894.209160000002
20090216,15510.096000000001
20090213,7972.240500000001
20090212,12750.57692
20090211,15125.15986
20090210,12480.1556
20090209,11212.71486
20090206,9272.9067
20090205,8758.72935
20090204,10221.324260000001
20090203,12161.97222
20090202,11885.06544
20090130,15151.49104
20090129,12217.91364
20090128,22038.68956
20090127,17635.04568
20090123,20215.933159999997
20090122,18595.726889999998
20090121,18922.87425
20090120,11935.32532
20090119,9937.5474
20090116,9788.4409
20090115,19346.8374
20090114,11207.468460000002
20090113,16408.8106
20090112,15846.9813
20090109,21749.90468
20090107,38793.54708
20090106,28105.2913
20090105,17750.9695
20090102,12617.03465
20090101,10129.622979999998
20081231,17038.807739999997
20081230,17228.9546
20081229,15898.7523
20081226,12451.12642
20081224,13076.68978
20081223,14172.718840000001
20081222,12297.613
20081219,21013.5471
20081218,25959.792
20081217,22578.3866
20081216,14176.72844
20081215,16437.562840000002
20081212,19339.2256
20081211,20835.57045
20081210,25426.04391
20081208,21217.21881
20081205,44136.90511
20081204,19110.286210000002
20081203,13818.272
20081202,13864.077360000001
20081201,18776.8944
20081128,16310.084700000001
20081126,19348.4752
20081125,15096.20526
20081124,22814.789139999997
20081121,29407.800919999998
20081120,19920.7882
20081119,20634.287409999997
20081118,19420.6698
20081117,29969.75808
20081114,22594.5929
20081112,26288.09282
20081111,17279.12615
20081110,16099.99416
20081107,19813.3368
20081106,26660.75456
20081105,44927.03
20081104,24583.9104
20081103,23207.7132
20081031,28137.415149999997
20081029,13744.017269999998
20081028,2587.29192
20081027,24025.905
20081024,27952.5444
20081023,30589.262279999995
20081022,24031.709399999996
20081021,27433.7652
20081020,21633.829920000004
20081017,39787.063050000004
20081016,38948.11401
20081015,24140.742599999998
20081014,40845.86331000001
20081013,79849.392
20081010,75715.14956
20081008,41072.91218
20081007,29083.102179999998
20081006,18709.007719999998
20081003,34080.7915
20081001,39051.26973
20080930,55428.6964
20080929,51191.779189999994
20080926,22264.330389999996
20080925,24077.90658
20080924,21187.7886
20080923,18404.750200000002
20080922,39989.66444
20080919,36660.64513
20080918,41001.48045
20080917,66567.85837
20080916,52040.69208
20080915,22042.9407
20080912,33742.29153
20080911,26046.51912
20080910,24780.17715
20080909,17672.6849
20080908,22791.72213
20080905,18696.40154
20080904,24368.414969999998
20080902,33413.43122
20080901,18091.97136
20080829,26750.556
20080828,9638.9033
20080827,10351.328679999999
20080826,17254.67418
20080825,11522.08026
20080822,22103.82942
20080821,13875.179540000001
20080820,15794.9349
20080819,16430.26846
20080818,20641.64112
20080814,19962.55701
20080813,21461.70576
20080812,24976.032
20080811,24683.920199999997
20080808,31176.06786
20080807,20896.85784
20080806,32644.94128
20080805,35576.58732
20080804,17616.877950000002
20080801,23554.4649
20080731,13491.294330000002
20080730,13657.37984
20080729,31022.6672
20080728,24611.70582
20080725,26855.49852
20080724,22749.672
20080723,22596.38248
20080722,23679.468889999996
20080721,16565.693760000002
20080718,29637.955199999997
20080717,22003.87738
20080716,11822.09178
20080715,17303.359089999998
20080714,9097.881780000002
20080711,16094.0064
20080710,17370.2165
20080709,12912.79937
20080708,10875.2456
20080707,10554.994050000001
20080704,12756.37484
20080703,19248.48904
20080702,20270.933640000003
20080701,18037.985160000004
20080630,15154.507169999999
20080627,13501.297300000002
20080626,9065.604060000001
20080625,13114.18624
20080624,6098.650000000001
20080623,11281.0601
20080620,12250.58226
20080619,8753.20614
20080618,9789.813950000002
20080617,14463.552529999999
20080616,6589.37955
20080613,10004.99055
20080612,10640.07832
20080611,7419.091119999999
20080610,16472.12801
20080609,15183.388960000002
20080606,10476.61015
20080605,6757.8956800000005
20080604,7859.36134
20080603,14191.88804
20080602,6794.8712
20080530,9809.81967
20080529,13232.550660000003
20080528,20231.5904
20080527,8383.64803
20080526,10876.58855
20080523,19076.69542
20080522,13714.0646
20080521,8328.67256
20080520,7050.40843
20080516,10758.38309
20080515,9188.104099999999
20080514,5632.95348
20080513,7067.420639999999
20080512,11938.57704
20080509,20219.242410000003
20080508,21961.1335
20080507,9173.74332
20080506,12629.759310000001
20080505,21504.929559999997
20080502,18337.486230000002
20080430,15259.52388
20080429,25112.262
20080428,21590.029980000003
20080425,17370.96624
20080424,10855.417440000001
20080423,12696.3291
20080422,12860.92738
20080421,9783.348960000001
20080417,14711.103499999997
20080416,25735.7889
20080415,15808.751769999999
20080411,13689.9565
20080410,11861.66858
20080409,12477.77026
20080408,19950.03528
20080407,12039.3738
20080404,8208.62574
20080403,6824.7445
20080402,12123.62184
20080401,16759.4184
20080331,19200.388769999998
20080328,23237.632319999997
20080327,15328.93992
20080326,13439.402900000001
20080325,19330.6907
20080324,26276.434319999997
20080319,22167.29808
20080318,22918.50261
20080317,18687.968
20080314,14834.07288
20080313,15846.841080000002
20080312,16044.7936
20080311,21348.3816
20080310,14155.11954
20080307,33027.579900000004
20080305,29307.661949999998
20080304,38472.192
20080303,12013.23942
20080229,17551.15432
20080228,5524.49376
20080227,4454.028319999999
20080226,4662.55275
20080225,34270.27263000001
20080222,4946.994180000001
20080221,10214.819419999998
20080220,11670.897
20080219,12550.5016
20080218,8977.35314
20080215,9951.63832
20080214,9519.03
20080213,9162.12192
20080212,9512.994149999999
20080211,12283.919600000001
20080208,29358.743540000003
20080207,7975.761920000001
20080206,7133.035100000001
20080205,6593.094969999999
20080204,8629.242479999999
20080201,10871.704169999999
20080131,14496.5079
20080130,7536.0038
20080129,19137.2
20080128,7326.4220399999995
20080125,14448.669200000002
20080124,17266.76406
20080123,41408.36624
20080122,29023.709759999998
20080121,47783.94527999999
20080118,35295.02117
20080117,16478.156410000003
20080116,27698.966190000003
20080115,17421.28962
20080114,22010.24238
20080111,27598.45164
20080110,24680.790479999996
20080109,15971.1
20080108,6826.59124
20080107,26556.076250000002
20080104,9708.94134
20080103,4370.8392
20080102,10946.33112
20080101,2928.6180400000003
20071231,3838.6140800000003
20071228,2777.79341
20071227,13368.45178
20071226,4337.99405
20071224,3212.95344
20071220,11601.512250000002
20071219,2805.3501
20071218,6318.49218
20071217,6558.04065
20071214,8863.928609999999
20071213,6493.015099999999
20071212,12550.24694
20071211,11350.4988
20071210,7847.644480000001
20071207,7579.58142
20071206,9311.158819999999
20071205,11722.294559999998
20071204,9025.84581
20071203,2859.6204000000002
20071130,16747.15266
20071129,9647.216699999999
20071128,4309.4898
20071127,2976.81864
20071126,4498.65204
20071123,3375.12816
20071122,7117.554749999999
20071121,9918.7784
20071120,7166.2158
20071119,6886.74426
20071116,8003.5644600000005
20071115,5451.22332
20071114,11129.06665
20071113,9581.29492
20071112,6451.390079999999
20071109,1464.23596
20071108,5772.717390000001
20071107,4560.001920000001
20071106,6587.92327
20071105,11359.078970000002
20071102,9053.072219999998
20071101,17827.503360000002
20071031,7146.5128
20071030,32336.04816
20071029,14030.1735
20071026,9590.16456
20071025,19771.6519
20071024,6281.82864
20071023,5711.8640000000005
20071022,32892.022899999996
20071019,14469.6006
20071018,105012.35856000001
20071017,14235.567560000001
20071016,17589.691349999997
20071015,8146.808
20071012,7369.3032
20071011,17030.82552
20071010,6384.83696
20071009,11159.734320000001
20071008,4727.3184
20071005,5682.79911
20071004,7607.062919999999
20071003,17175.93405
20071001,13439.1565
20070928,22551.34986
20070927,16896.32516
20070926,16787.006390000002
20070925,7944.454650000001
20070924,10862.54769
20070921,4250.7603
20070920,7225.77735
20070919,23184.948160000004
20070918,9791.48106
20070917,4059.21672
20070914,12256.9998
20070913,9590.5156
20070912,7913.458
20070911,4946.05888
20070910,5192.7990500000005
20070907,6727.5923
20070906,4670.7501999999995
20070905,7627.052320000001
20070904,5403.852599999999
20070903,7108.4398
20070831,6590.55609
20070830,8786.106
20070829,20804.780880000002
20070828,15898.992959999998
20070827,16589.23674
20070824,4609.969800000001
20070823,8285.2553
20070822,6620.812199999999
20070821,9409.72017
20070820,10377.3528
20070817,14148.032000000001
20070816,14205.96564
20070814,2632.87984
20070813,7887.848859999999
20070810,10599.5022
20070809,14577.8677
20070808,17363.031899999998
20070807,14520.60624
20070806,7111.9785600000005
20070803,4352.704110000001
20070802,8000.82624
20070801,18242.059080000003
20070731,7666.14405
20070730,10867.3537
20070727,16367.245079999999
20070726,5950.735200000001
20070725,5166.866669999999
20070724,5578.7855
20070723,5190.51159
20070720,11210.728219999999
20070719,11868.08383
20070718,4802.32139
20070717,10263.374399999999
20070716,4708.1216
20070713,13864.98624
20070712,8474.30304
20070711,5475.00354
20070710,7514.715
20070709,22807.94625
20070706,49788.793639999996
20070705,18326.46186
20070704,6479.1063
20070703,5179.47
20070702,897.5138199999999
20070629,3292.50975
20070628,2276.87112
20070627,1615.0958
20070626,2326.13115
20070625,5108.55898
20070622,14441.45664
20070621,5091.3483400000005
20070620,7717.0012
20070619,9340.70767
20070618,2573.9508600000004
20070615,7112.53116
20070614,3527.93848
20070613,4031.5868600000003
20070612,2554.4808
20070611,1366.37062
20070608,3006.0983
20070607,1880.79333
20070606,1823.70389
20070605,4344.0113599999995
20070604,2571.8507200000004
20070601,2822.52904
20070531,3448.2078
20070530,1464.70892
20070529,3027.3520500000004
20070528,2859.9375400000004
20070525,3144.49562
20070524,2435.44536
20070523,2559.8736000000004
20070522,2528.63856
20070521,3531.37892
20070518,3844.7947599999998
20070517,4846.3760999999995
20070516,6756.64591
20070515,5185.41768
20070514,3378.86713
20070511,4563.51756
20070510,3598.2027900000003
20070509,5402.22459
20070508,4364.4579300000005
20070507,5626.818400000001
20070504,5803.69335
20070503,9836.78456
20070430,13571.62257
20070427,3669.29388
20070426,5260.843800000001
20070425,4199.6965199999995
20070424,8603.2296
20070423,2500.0116399999997
20070420,2694.9573199999995
20070419,3917.33033
20070418,2651.5185899999997
20070417,3107.02622
20070416,1719.4925
20070413,2614.53816
20070412,2139.4719200000004
20070411,2098.77228
20070410,3535.7252000000003
20070409,1702.05273
20070405,3154.3087400000004
20070404,3296.192
20070403,5414.6716799999995
20070402,5715.78744
20070330,7832.52795
20070329,3827.6462
20070328,3148.60836
20070326,3354.16906
20070323,9007.24684
20070322,7175.182860000001
20070321,10062.251820000001
20070320,2568.8836
20070319,2346.25764
20070316,4198.46952
20070315,5149.25592
20070314,3750.27328
20070313,2677.49355
20070312,4470.252799999999
20070309,5386.92962
20070308,3608.61276
20070307,6306.1010400000005
20070306,3991.1373000000003
20070305,4702.503
20070302,3201.03819
20070301,3550.70709
20070228,12187.88613
20070227,7604.161649999999
20070226,4834.881450000001
20070223,5102.04
20070222,2347.61166
20070221,1437.76314
20070220,2188.77984
20070219,4845.2283
20070215,2167.1731400000003
20070214,7096.52923
20070213,2342.7657
20070212,3425.386
20070209,3002.55062
20070208,7088.93632
20070207,4862.69868
20070206,3182.64788
20070205,3694.7553499999995
20070202,3890.5167599999995
20070201,3412.96448
20070131,9346.33728
20070129,2197.29302
20070125,2370.1687500000003
20070124,2533.2275400000003
20070123,5572.9737000000005
20070122,4913.42012
20070119,4126.909250000001
20070118,2703.5163500000003
20070117,3384.79401
20070116,2791.4424799999997
20070115,2501.94792
20070112,9227.00992
20070111,7648.36014
20070110,3671.458
20070109,15435.99812
20070108,3989.59886
20070105,10660.74588
20070104,2648.14752
20070103,1162.09728
20070102,1330.8378599999999
20061229,2049.852
20061228,4655.6196
20061227,4030.58704
20061226,4826.96938
20061222,2648.8014
20061221,2671.7985
20061220,1929.1074
20061219,3432.71274
20061218,2444.0335400000004
20061215,2400.7943999999998
20061214,4409.06956
20061213,3968.5169
20061212,5382.51858
20061211,5156.9966699999995
20061208,3064.2946800000004
20061207,3906.74448
20061206,2254.23
20061205,1625.56368
20061204,974.3312
20061201,1819.816
20061130,2726.15476
20061129,2822.38165
20061128,3030.26836
20061127,2317.07274
20061124,2262.23612
20061123,4352.444820000001
20061122,4785.85972
20061121,3295.77522
20061120,8875.7178
20061117,7750.096890000001
20061116,16481.99711
20061115,10521.66964
20061114,7423.16675
20061113,4598.01786
20061110,7514.19972
20061109,3880.6545499999993
20061108,3761.74935
20061107,1460.4334
20061106,1076.4980100000002
20061103,1477.5309
20061102,2179.16232
20061101,1962.97119
20061031,3887.4522600000005
20061030,3233.2122
20061027,1665.9294799999998
20061026,4772.40743
20061023,878.03144
20061021,331.7981
20061020,1804.2509400000001
20061019,2107.61912
20061018,7407.545550000001
20061017,5341.661800000001
20061016,6886.84952
20061013,1725.57624
20061012,1790.9866
20061011,1454.0987499999999
20061010,1144.26531
20061009,1371.77112
20061006,3264.75666
20061005,3296.4204
20061004,3386.26884
20061003,2128.007
20060929,3136.6055999999994
20060928,7636.2499099999995
20060927,2492.9345700000003
20060926,2891.65695
20060925,2543.43044
20060922,1049.4491
20060921,2443.73504
20060920,1643.4995599999997
20060919,1602.74
20060918,1350.4703599999998
20060915,2598.67608
20060914,5026.62384
20060913,5820.22466
20060912,4745.9852
20060911,2155.5116
20060908,1608.14176
20060907,878.41876
20060906,2064.49156
20060905,750.8256
20060904,2721.66118
20060901,4506.18552
20060831,2429.47233
20060830,733.3034800000001
20060829,1076.9805600000002
20060828,599.9854499999999
20060825,966.1538899999999
20060824,1167.1191000000001
20060823,1156.02078
20060822,4214.869750000001
20060821,1235.31061
20060818,1225.6008800000002
20060817,1906.53926
20060816,1579.7841
20060814,993.0643200000001
20060811,1457.27552
20060810,14138.207
20060809,10737.45084
20060808,23583.19047
20060807,4060.76
20060804,1479.37302
20060803,2119.16913
20060802,1124.13543
20060801,1904.4697500000002
20060731,3768.7491800000003
20060728,1583.26692
20060727,3754.8128699999997
20060726,2842.3009500000003
20060725,5853.7903400000005
20060724,5197.67008
20060721,909.0627199999999
20060720,1481.09178
20060719,715.9338
20060718,618.18086
20060717,864.6680700000001
20060714,943.80285
20060713,2619.8655400000002
20060712,893.3618200000001
20060711,961.92594
20060710,1045.5561
20060707,54378.97372
20060706,1741.6158200000002
20060705,31594.598100000003
20060704,1380.40058
20060703,1024.6233
20060630,2071.15566
20060629,3404.3656
20060628,1664.11088
20060627,2192.6374
20060626,1262.0487600000001
20060625,166.48968
20060623,3575.08704
20060622,2639.9749199999997
20060621,1254.50815
20060620,1146.8866
20060619,1274.2542
20060616,1601.8912799999998
20060615,1888.03108
20060614,2075.97186
20060613,1091.81234
20060612,2454.5102500000003
20060609,4666.3288
20060608,2152.1182599999997
20060607,1154.6296499999999
20060606,2095.28114
20060605,1299.0234600000001
20060602,1770.4629499999999
20060601,2292.71889
20060531,3161.9592000000002
20060530,1502.3458999999998
20060529,831.9324
20060526,1841.4002
20060525,3493.67614
20060524,3263.0931299999997
20060523,1267.16784
20060522,4084.7873499999996
20060519,2197.88618
20060518,2299.47782
20060517,2566.19031
20060516,1977.51087
20060515,1922.0599
20060512,2386.58948
20060511,2003.0294400000002
20060510,4816.24479
20060509,2867.9910400000003
20060508,2320.2399
20060505,2475.18556
20060504,6051.09848
20060503,6726.81009
20060502,5232.144839999999
20060429,1384.38001
20060428,1473.07956
20060427,928.95456
20060426,1857.3544499999998
20060425,2160.3509999999997
20060424,1524.8232999999998
20060421,3470.89758
20060420,1039.43376
20060419,1763.9827500000001
20060418,3379.0401
20060417,1272.79826
20060413,2910.55218
20060412,2698.6571200000003
20060410,1511.03431
20060407,2513.9712
20060405,2905.11494
20060404,4915.281760000001
20060403,2566.93508
20060331,5151.521599999999
20060330,977.48483
20060329,614.2934200000001
20060328,2446.58848
20060327,2487.0886
20060324,1334.6993599999998
20060323,1407.98944
20060322,1315.0811700000002
20060321,1504.2035799999999
20060320,683.8864200000002
20060317,1119.02981
20060316,2070.35248
20060314,4458.64938
20060313,1858.09233
20060310,2648.34592
20060309,2376.4136
20060308,1775.8609
20060307,1889.75584
20060306,1207.92616
20060303,2028.3826999999999
20060302,6670.7528
20060301,3199.94715
20060228,6553.3395199999995
20060227,1859.6696
20060224,1507.7736
20060223,2911.70208
20060222,2245.2194799999997
20060221,1924.66578
20060220,1716.89868
20060217,2038.3833000000002
20060216,870.7609899999999
20060215,1417.3203600000002
20060214,2761.45144
20060213,1319.9381999999998
20060210,4759.8816
20060208,6060.94965
20060207,14095.335319999998
20060206,20505.9741
20060203,2426.2113600000002
20060202,4050.6490000000003
20060201,3129.0437399999996
20060131,1575.8846400000002
20060130,3840.46014
20060127,10474.0962
20060125,25016.4644
20060124,4212.20136
20060123,3061.44036
20060120,8088.589860000001
20060119,4926.69996
20060118,4236.60125
20060117,2098.8325400000003
20060116,2060.09282
20060113,2622.6564
20060112,2293.70273
20060110,5621.620980000001
20060109,3598.97387
20060106,2130.0821
20060105,5457.406639999999
20060104,19634.38935
20060103,20206.2744
20060102,42442.089340000006
20051230,6178.38423
20051229,4823.853099999999
20051228,10054.3234
20051227,7960.27936
20051226,10895.544
20051223,10258.2114
20051222,4828.8069
20051221,9956.0916
20051220,7634.1637
20051219,25549.943760000002
20051216,10091.17008
20051215,3087.59482
20051214,4508.854560000001
20051213,2694.66143
20051212,3513.30044
20051209,2947.45296
20051208,2586.6780599999997
20051207,6033.054149999999
20051206,2672.65958
20051205,2191.7779
20051202,6211.292850000001
20051201,3140.34634
20051130,2836.2035
20051129,1392.7596800000001
20051128,3387.01164
20051126,1179.5761799999998
20051125,2221.63377
20051124,3567.58388
20051123,1773.6246
20051122,2563.81989
20051121,2149.4181599999997
20051118,2692.5219
20051117,3627.5385899999997
20051116,1586.58225
20051114,2143.36782
20051111,3095.4842399999998
20051110,1988.90608
20051109,3287.40391
20051108,3166.0663999999997
20051107,1287.92454
20051102,1432.69
20051101,453.26304
20051031,1566.1838500000001
20051028,2569.10272
20051027,2655.6782
20051026,2433.98232
20051025,1876.14944
20051024,3082.3014
20051021,2339.6049599999997
20051020,5222.85258
20051019,3417.4013999999997
20051018,2778.61408
20051017,4025.7945
20051014,9029.86547
20051013,7674.790080000001
20051011,2523.5652
20051010,2307.9521699999996
20051007,5937.26268
20051006,7304.119650000001
20051005,6260.19124
20051004,1216.4417999999998
20051003,1685.5724400000001
20050930,2376.6255399999995
20050929,2487.02049
20050928,3322.8769199999997
20050927,2631.8152299999997
20050926,1512.873
20050923,2956.32115
20050922,2819.68336
20050921,3653.3754599999997
20050920,4272.280320000001
20050919,1982.7723999999998
20050916,1873.0068
20050915,1039.3663999999999
20050914,1794.7548000000002
20050913,926.14824
20050912,901.6965099999999
20050909,1473.84657
20050908,1882.9387000000002
20050906,2312.49843
20050905,379.44275
20050902,1696.96748
20050901,710.12304
20050831,598.34712
20050830,908.8765199999999
20050829,744.21576
20050826,663.51216
20050825,1185.16736
20050824,1323.95214
20050823,891.60858
20050822,512.80975
20050819,702.0726000000001
20050818,1180.05324
20050817,1016.1591000000001
20050816,815.826
20050812,1672.9662
20050811,2924.0665
20050810,926.62404
20050809,2064.5248
20050808,2216.77478
20050805,2758.5190999999995
20050804,1227.736
20050803,1428.7113
20050802,1767.72993
20050801,3509.8728
20050729,7502.3956800000005
20050727,4030.56984
20050726,6755.3927
20050725,6488.90856
20050722,1555.8776999999998
20050721,325.95491999999996
20050720,477.0177
20050719,332.59984000000003
20050718,440.26165000000003
20050715,608.10905
20050714,1000.2411599999999
20050713,1428.76974
20050712,2841.76382
20050711,3663.282
20050708,549.81822
20050707,559.7263800000001
20050706,1472.958
20050705,1188.98976
20050704,985.94067
20050701,587.5716
20050630,1003.5083700000001
20050629,786.19492
20050628,1197.00028
20050627,1109.9916
20050624,663.42078
20050623,1063.39092
20050622,1172.87289
20050621,1033.48372
20050620,2306.9064
20050617,965.8979400000001
20050616,1007.4484000000001
20050615,1794.12576
20050614,2153.81205
20050613,1249.20666
20050610,496.89754
20050609,889.7357999999999
20050608,1695.6864
20050607,839.17053
20050606,292.58592
20050604,171.06941999999998
20050603,219.14865
20050602,341.63349999999997
20050601,360.74670000000003
20050531,523.8029499999999
20050530,228.47796
20050527,401.0202
20050526,852.07986
20050525,654.0525
20050524,932.8272
20050523,384.25915999999995
20050520,569.6999
20050519,1153.80392
20050518,338.94792
20050517,506.8004
20050516,476.75412
20050513,512.7993
20050512,632.28352
20050511,870.7593600000001
20050510,1578.15651
20050509,604.6402800000001
20050506,1707.17995
20050505,677.6152
20050504,410.91959999999995
20050503,526.5184600000001
20050502,931.6421799999999
20050429,1514.8451599999999
20050428,1026.53745
20050427,825.9142499999999
20050426,577.6972
20050425,1060.6302
20050422,1352.56218
20050421,785.9831000000001
20050420,604.2663
20050419,660.4674
20050418,746.9948800000001
20050415,815.9617900000002
20050413,815.95827
20050412,2739.35976
20050411,494.17691999999994
20050408,901.9584000000001
20050407,838.8306
20050406,3577.4442
20050405,4420.855369999999
20050404,10520.61024
20050401,1960.6633
20050331,2756.15406
20050330,2010.5238400000003
20050329,2603.06528
20050328,1209.9246600000001
20050324,932.6537599999999
20050323,1158.6671199999998
20050322,981.22278
20050321,1509.70884
20050318,3660.89478
20050317,1597.6149700000003
20050316,3526.8812699999994
20050315,1090.08996
20050314,861.7982999999999
20050311,520.53508
20050310,1078.54668
20050309,2299.6267199999998
20050308,1341.5896500000001
20050307,1778.58747
20050304,2481.41302
20050303,3158.3140500000004
20050302,3074.74636
20050301,585.91435
20050228,1300.00332
20050225,689.92525
20050224,1714.4042999999997
20050223,1083.91762
20050222,428.24299999999994
20050221,986.28384
20050218,1434.24432
20050217,670.93484
20050216,832.4534
20050215,1867.22032
20050214,2206.6267199999998
20050211,923.6213999999999
20050210,1381.5341400000002
20050209,681.53752
20050208,495.93128
20050207,597.78571
20050204,494.19525
20050203,947.7058300000001
20050202,1316.66944
20050201,620.61334
20050131,869.2803
20050128,677.2613
20050127,1255.34005
20050125,407.7248
20050124,312.38432
20050120,593.9019199999999
20050119,669.9347999999999
20050118,431.29989000000006
20050117,966.1729899999999
20050114,324.20288999999997
20050113,323.81320000000005
20050112,527.77452
20050111,459.08160000000004
20050110,247.29039999999998
20050107,420.88424999999995
20050106,903.3796799999999
20050105,2168.1246
20050104,754.4749600000001
20050103,552.29286
20041231,612.3719
20041230,1524.35899
20041229,1125.09936
20041228,1032.023
20041227,1435.00518
20041224,2634.27724
20041223,1593.1576000000002
20041222,982.1911200000001
20041221,880.4056000000002
20041220,485.99024000000003
20041217,966.91877
20041216,772.99752
20041215,1499.68665
20041214,702.0103999999999
20041213,534.51936
20041210,1030.01812
20041209,1373.18515
20041208,1044.4099999999999
20041207,1807.41579
20041206,2457.6031000000003
20041203,4419.63216
20041202,2723.1857099999997
20041201,1491.8895699999998
20041130,2754.96732
20041129,4123.06896
20041125,1576.65545
20041124,800.05226
20041123,1069.37285
20041122,605.1341500000001
20041119,577.70844
20041118,1181.76867
20041117,3612.62022
20041116,1221.19812
20041112,421.22949
20041111,637.1612
20041110,590.06544
20041109,691.3623699999999
20041108,1086.72976
20041105,1942.97688
20041104,1812.53306
20041103,3122.4418200000005
20041102,363.11814
20041101,267.81772
20041029,10348.998660000001
20041028,1073.44208
20041027,405.53231000000005
20041026,740.50764
20041025,232.01366000000002
20041021,578.8763999999999
20041020,165.66549999999998
20041019,647.4562800000001
20041018,928.88705
20041015,197.57696
20041014,327.0176000000001
20041012,1427.98777
20041011,865.55588
20041009,136.9823
20041008,1172.8722200000002
20041007,644.66706
20041006,1907.7946800000002
20041005,2619.0099999999998
20041004,1134.71436
20041001,954.43777
20040930,865.28137
20040929,948.93456
20040928,384.08369999999996
20040927,996.6858599999999
20040924,807.9771199999999
20040923,950.3269300000001
20040922,1603.2108400000002
20040921,1538.82934
20040920,1078.9891
20040917,3174.4631799999997
20040916,194.42355
20040915,309.25386
20040914,709.7164
20040913,607.85504
20040910,705.34645
20040909,940.72806
20040908,626.99291
20040907,242.34384000000003
20040906,285.81329
20040903,489.6543500000001
20040902,587.13952
20040901,246.59491999999997
20040831,390.37038
20040830,162.5526
20040827,246.4915
20040826,985.46504
20040825,224.03195999999997
20040824,396.98874
20040823,381.44725000000005
20040820,242.32760000000002
20040819,301.37904000000003
20040818,205.09650000000002
20040817,977.0384
20040816,548.3046
20040813,670.06775
20040812,695.1724
20040811,2109.8761499999996
20040810,556.68676
20040809,751.2684
20040806,705.0642799999999
20040805,795.8053
20040804,422.81023999999996
20040803,852.6902400000001
20040802,1185.0851400000001
20040730,1181.34742
20040729,635.2437600000001
20040728,453.91823999999997
20040727,515.29968
20040726,894.28269
20040723,2150.38848
20040722,809.5014900000001
20040721,890.0821599999999
20040720,1449.76612
20040719,1133.735
20040716,992.87388
20040715,714.87312
20040714,498.49704
20040713,550.4734000000001
20040712,598.1571799999999
20040709,910.24668
20040708,3760.74211
20040707,1801.6319999999998
20040706,3323.0735999999997
20040705,1997.04848
20040702,1248.53262
20040701,2293.10909
20040630,1430.94788
20040629,980.4664799999999
20040628,1316.8416799999998
20040625,3481.26576
20040624,4434.16248
20040623,5165.78
20040622,2320.3722000000002
20040621,690.5934100000001
20040618,701.0889199999999
20040617,937.76056
20040616,1051.68089
20040615,2157.8513199999998
20040614,1271.5116
20040611,721.14343
20040610,1050.71075
20040609,1376.5858200000002
20040608,643.7408999999999
20040607,1799.0238000000002
20040604,2759.9575
20040603,5600.5488
20040602,3640.788
20040601,481.86288
20040531,1013.1846999999999
20040528,832.5419999999999
20040527,1004.0819799999999
20040526,759.4312
20040525,947.63296
20040524,1483.59486
20040521,1043.00676
20040520,2584.56531
20040519,6592.62003
20040518,2528.87305
20040517,5249.18482
20040514,5437.20366
20040513,1798.31229
20040512,918.56936
20040511,2397.20721
20040510,921.34897
20040507,1388.3775
20040506,1027.04898
20040505,1652.71403
20040504,2331.12816
20040503,3357.45228
20040430,3656.0864399999996
20040429,4091.5264500000003
20040428,8300.1051
20040427,16027.97625
20040423,24496.50021
20040422,6420.026080000001
20040421,3065.764
20040420,3065.2889999999998
20040419,3964.46528
20040417,922.85034
20040416,533.56466
20040415,963.5148399999999
20040413,663.71866
20040412,1096.0963199999999
20040408,3582.1603999999998
20040407,1932.8281499999998
20040406,986.056
20040405,1385.6803199999997
20040402,2525.40296
20040401,1907.99972
20040331,1325.87458
20040330,2116.30168
20040329,2783.1902299999997
20040326,3461.82356
20040325,1199.8505
20040324,789.00393
20040323,1384.4730000000002
20040322,892.8348
20040319,1475.50812
20040318,2611.76806
20040317,2201.89965
20040316,1981.4977199999998
20040315,1484.0733000000002
20040312,1063.48058
20040311,866.9118
20040310,1107.51424
20040309,2618.88792
20040308,2012.91952
20040305,1383.55074
20040304,2505.9356399999997
20040303,1457.5106999999998
20040301,1866.5067
20040227,1674.3888
20040226,2225.30775
20040225,2099.05521
20040224,2924.1864
20040223,2602.87025
20040220,3977.1069800000005
20040219,3218.6130200000002
20040218,3425.0106800000003
20040217,6676.46729
20040216,3492.60984
20040213,5457.53865
20040212,23686.12125
20040211,22028.083680000003
20040210,32958.261000000006
20040209,5594.405299999999
20040206,4200.19278
20040205,2208.5147699999998
20040204,1343.0049500000002
20040203,3756.9965999999995
20040130,2338.9373
20040129,2998.57285
20040128,2079.62972
20040127,11096.155139999999
20040123,1402.3464000000001
20040122,4960.2399
20040121,5171.51712
20040120,8024.420079999999
20040119,8073.50126
20040116,8614.80576
20040115,4726.1019
20040114,4412.49679
20040113,1369.0233899999998
20040112,1702.2384
20040109,10172.682079999999
20040108,4412.62716
20040107,3665.57144
20040106,7678.24568
20040105,2862.5114000000003
20040102,4377.56732
20040101,1578.5091
20031231,2185.2489000000005
20031230,2932.76772
20031229,2293.41469
20031226,1021.8045500000001
20031224,1652.86746
20031223,17063.30438
20031222,25062.842549999998
20031219,1301.1458999999998
20031218,1296.6932
20031217,3688.54385
20031216,1291.10339
20031215,1215.70812
20031212,1910.57635
20031211,4433.25204
20031210,2826.09684
20031209,1251.13688
20031208,1298.23144
20031205,3312.2670000000003
20031204,2409.8174000000004
20031203,6952.906199999999
20031202,1591.51416
20031201,111746.4672
20031128,2469.34088
20031127,1770.38179
20031125,602.20104
20031124,558.98952
20031121,1477.86737
20031120,855.44697
20031119,3068.8469999999998
20031118,1424.9175
20031117,440.06004
20031115,211.717
20031114,908.7078
20031113,10081.66376
20031112,829.18073
20031111,2485.3188999999998
20031110,1547.7578600000002
20031107,1771.03748
20031106,1821.91185
20031105,1713.07224
20031104,4261.77744
20031103,5016.43125
20031031,4755.0503
20031030,667.56144
20031029,469.48895999999996
20031028,938.70534
20031027,5089.96166
20031025,566.0225999999999
20031024,1862.5352999999998
20031023,2489.3903999999998
20031022,2252.49024
20031021,693.69092
20031020,714.18898
20031017,2223.07605
20031016,2383.9855
20031015,989.4584699999999
20031014,2616.71933
20031013,1891.2539799999997
20031010,2342.4016
20031009,1298.2135799999999
20031008,1575.4270000000001
20031007,4937.49928
20031006,1849.7367000000002
20031003,4612.94065
20031001,1358.96664
20030930,1653.5799
20030929,1462.7936
20030926,3960.5958
20030925,1147.8875799999998
20030924,1568.5457199999998
20030923,1086.6421
20030922,1315.3387500000001
20030919,3467.2313599999998
20030918,1314.4615900000001
20030917,2125.23448
20030916,1549.55086
20030915,1035.86688
20030912,1060.86528
20030911,1618.45088
20030910,1070.80974
20030909,1342.1868399999998
20030908,1104.45195
20030905,1043.4366599999998
20030904,1638.4425199999998
20030903,6054.9464
20030902,2549.2392
20030901,1675.9578399999998
20030829,3157.5401
20030828,2765.70144
20030827,2580.9612399999996
20030826,1921.4098199999999
20030825,1779.0477600000002
20030822,5133.477
20030821,13266.931620000001
20030820,2594.6349999999998
20030819,2321.9570400000002
20030818,1463.08227
20030814,1421.66
20030813,1693.94451
20030812,2613.9883
20030811,851.9735999999999
20030808,1946.0216500000001
20030807,650.27193
20030806,764.5388399999999
20030805,1180.7856000000002
20030804,835.0848
20030801,948.5340199999999
20030731,1239.42545
20030730,1623.09924
20030729,476.60132
20030728,1624.7623500000002
20030725,2626.4068
20030724,2402.22994
20030723,499.44550000000004
20030722,538.42928
20030721,786.83346
20030718,1123.85154
20030717,1497.39072
20030716,1169.6076
20030715,2307.86178
20030714,1910.6462700000002
20030711,2503.08954
20030710,931.05324
20030709,749.86856
20030708,524.99538
20030707,1333.1845799999999
20030704,3745.99119
20030703,1962.24833
20030702,938.27064
20030701,542.21778
20030630,2481.2357500000003
20030627,1202.0370300000002
20030626,809.94732
20030625,540.64872
20030624,162.0721
20030623,577.42951
20030620,274.42157
20030619,1091.21624
20030618,303.19303
20030617,624.32172
20030616,431.15111
20030613,985.03236
20030612,526.8962
20030611,232.29354
20030610,1391.7456000000002
20030609,290.98872
20030606,281.1446
20030605,524.55398
20030604,811.71311
20030603,569.2168
20030602,841.82763
20030530,683.96628
20030529,334.52502
20030528,489.92732
20030527,324.01954
20030526,552.51348
20030523,270.15925
20030522,645.62565
20030521,652.611
20030520,3595.62812
20030519,1155.47235
20030516,1598.7664
20030515,1977.2910499999998
20030514,157.46346
20030513,326.24381999999997
20030512,393.63554999999997
20030509,414.49845999999997
20030508,1063.96584
20030507,2018.9827599999996
20030506,1287.13824
20030505,1399.72224
20030502,1246.7667
20030430,3037.796
20030429,1055.62842
20030428,1010.29945
20030425,2011.2720299999999
20030424,955.0872
20030423,136.72885
20030422,821.10276
20030421,194.51962000000003
20030417,636.4869
20030416,558.34064
20030415,1728.81639
20030411,608.8172
20030410,474.72672000000006
20030409,767.06032
20030408,567.02091
20030407,744.07845
20030404,672.88588
20030403,229.21866
20030402,410.02000000000004
20030401,937.27504
20030331,1018.7360099999999
20030328,1585.08896
20030327,5180.3577000000005
20030326,565.68753
20030325,129.22560000000001
20030324,429.08400000000006
20030322,80.41802000000001
20030321,1278.43056
20030320,116.96215000000001
20030319,921.0881
20030317,576.74223
20030313,860.66618
20030312,639.1286
20030311,1795.2572
20030310,593.4588000000001
20030307,248.77434000000002
20030306,264.25978
20030305,234.1837
20030304,764.3355999999999
20030303,712.26324
20030228,1091.22156
20030227,267.86298
20030226,458.79603000000003
20030225,179.60929999999996
20030224,201.31419
20030221,320.81511
20030220,1570.3710500000002
20030219,540.63888
20030218,344.64936
20030217,169.96551999999997
20030214,1755.77048
20030212,715.578
20030211,605.9779699999999
20030210,759.03179
20030207,1166.25432
20030206,1086.5778
20030205,194.77824
20030204,466.95401999999996
20030203,386.28974999999997
20030131,3433.4554399999997
20030130,1690.0383100000001
20030129,532.16035
20030128,588.37779
20030127,362.85949999999997
20030124,1664.20023
20030123,1878.8385
20030122,1407.7871100000002
20030121,1429.67448
20030120,331.84902999999997
20030117,1188.69458
20030116,1439.3736599999997
20030115,562.7644
20030114,655.91404
20030113,628.43118
20030110,1031.54639
20030109,1180.88553
20030108,2468.7187200000003
20030107,686.46656
20030106,522.60968
20030103,137.3827
20030102,134.34300000000002
20030101,97.84494000000001
20021231,331.51038000000005
20021230,676.49868
20021227,300.81
20021226,268.59677
20021224,1791.20025
20021223,439.04740000000004
20021220,256.76694000000003
20021219,655.5327
20021218,1279.5776
20021217,1702.07244
20021216,1083.61288
20021213,1200.74493
20021212,1116.8398200000001
20021211,477.51728
20021210,124.73967999999999
20021209,297.53954
20021206,480.98136
20021205,546.3113699999999
20021204,253.5973
20021203,480.16176
20021202,360.20277
20021129,383.1984
20021128,412.72796999999997
20021127,515.21525
20021126,1041.7201499999999
20021125,3054.0169499999997
20021122,850.7948099999999
20021121,183.76303000000001
20021120,629.424
20021118,667.75296
20021115,1006.65618
20021114,2766.1732
20021113,2341.8071999999997
20021112,782.33568
20021111,720.1702999999999
20021108,198.77456
20021107,675.228
20021105,1065.93473
20021104,34.10784
20021101,717.6299899999999
20021031,764.8725000000001
20021030,1170.67184
20021029,452.4597
20021028,260.70072
20021025,390.39621
20021024,815.9767699999999
20021023,276.16026
20021022,521.26488
20021021,539.60448
20021018,585.18529
20021017,88.12662
20021016,222.2514
20021014,128.80034999999998
20021011,95.872
20021010,270.83848
20021009,153.78984
20021008,109.29380000000002
20021007,86.30049999999999
20021004,314.27874
20021003,379.2185600000001
20021001,795.8630400000001
20020930,890.55715
20020927,1671.2599400000001
20020926,229174.06600000002
20020925,515.7752399999999
20020924,1492.4217600000002
20020923,71.7402
20020920,319.17483
20020919,248.39021
20020918,158.19396999999998
20020917,135.5199
20020916,116.9385
20020913,81.06719
20020912,178.08075000000002
20020911,129.43812
20020909,2459.1512000000002
20020906,2992.1515200000003
20020905,233.95421
20020904,40.5791
20020903,310.66744000000006
20020902,160.56
20020830,469.88964000000004
20020829,109.19205
20020828,276.1371
20020827,363.42292
20020826,156.893
20020823,311.79427999999996
20020822,124.30143
20020821,32.86734
20020820,109.13280000000002
20020819,41.1558
20020816,64.24704000000001
20020814,86.55498
20020813,122.69344999999998
20020812,67.74810000000001
20020809,429.5263499999999
20020808,338.41866
20020807,299.90816
20020806,405.83372
20020805,198.93258
20020802,146.96178
20020801,405.63040000000007
20020731,406.63322
20020730,385.52909
20020729,329.11560000000003
20020726,122.16402
20020725,430.05816
20020724,286.95417
20020723,533.59425
20020722,129.39575
20020719,364.8674
20020718,143.54592000000002
20020717,523.1811200000001
20020716,371.1662400000001
20020715,35.87625
20020712,123.48798
20020711,117.23987999999999
20020710,150.84993
20020709,382.3794
20020708,428.94785
20020705,505.34916
20020704,910.1377999999999
20020703,992.49769
20020702,1300.6281599999998
20020701,284.02767
20020628,594.85149
20020627,510.43958999999995
20020626,189.58720000000002
20020625,82.39764
20020624,162.35345999999998
20020621,641.5711200000001
20020620,140.07035
20020619,427.55445000000003
20020618,550.84456
20020617,964.76919
20020614,336.39304
20020613,832.1229000000001
20020612,657.13208
20020611,609.2221799999999
20020610,317.61359999999996
20020607,279.59391999999997
20020606,2576.7516
20020605,306.79068
20020604,48.89315
20020603,227.12999999999997
20020531,177.50664
20020530,8.44966
20020529,11.726099999999999
20020528,31.670440000000003
20020527,13.729209999999998
20020524,50.23408
20020523,300.1544
20020522,87.23710000000001
20020521,221.41345
20020520,293.86618
20020517,580.5361800000001
20020516,491.12838000000005
20020515,1067.81454
20020514,1337.2352
20020513,803.14688
20020510,1648.59892
20020509,551.9802199999999
20020508,569.55718
20020507,320.89531
20020506,303.21544
20020503,82.81793
20020502,233.02300000000002
20020430,48.32154
20020429,173.83943000000002
20020426,85.2984
20020425,30.20088
20020424,16.58426
20020423,214.7509
20020422,46.67266
20020419,148.98579
20020418,40.8969
20020417,19.422719999999998
20020416,25.1955
20020415,23.93378
20020412,159.2097
20020411,129.21285
20020410,209.70047999999997
20020409,18.83833
20020408,186.21866
20020405,93.38189999999999
20020404,54.41634
20020403,91.43328000000001
20020402,204.536
20020401,499.9302
20020328,263.95057999999995
20020327,166.35060000000001
20020326,966.3456
20020322,185.14683
20020321,76.58496
20020320,127.4949
20020319,225.33648
20020318,304.83924
20020315,269.72
20020314,120.75364
20020313,229.958
20020312,104.41748999999999
20020311,100.70214999999999
20020308,261.88687
20020307,236.15752999999998
20020306,1161.4085
20020305,278.35456
20020304,1117.79149
20020301,2821.6034
20020228,2328.1199699999997
20020227,1007.6558799999999
20020226,1355.5719600000002
20020225,3624.4994500000003
20020222,3917.48184
20020221,1149.3695699999998
20020220,301.96973
20020219,633.98
20020218,1515.5070499999997
20020215,1124.14575
20020214,1032.97672
20020213,336.09947999999997
20020212,1726.63733
20020211,224.5919
20020208,28.077659999999998
20020207,151.98612
20020206,314.27252999999996
20020205,174.63302
20020204,49.00324
20020201,39.78272
20020131,73.96014
20020130,172.65449999999998
20020129,113.303
20020128,37.31007
20020125,190.77674000000002
20020124,797.1954999999999
20020123,1002.1034099999999
20020122,63.4896
20020121,51.52119999999999
20020118,82.28913
20020117,938.06314
20020116,428.53734
20020115,348.89320000000004
20020114,253.52112
20020111,615.63931
20020110,10.31602
20020109,27.905019999999997
20020108,25.46628
20020107,187.43006
20020104,99.85833
20020103,204.04406
20020102,153.78798
20020101,44.67887999999999
20011231,31.386719999999997
20011228,57.44241000000001
20011227,32.95512
20011226,18.7265
20011224,243.58793999999997
20011221,29.714919999999996
20011220,145.32375
20011219,52.6701
20011218,11.0722
20011214,25.688200000000002
20011213,19.99133
20011212,24.11176
20011211,39.38624
20011210,37.10322
20011207,78.27128
20011206,194.46120000000002
20011205,183.501
20011204,245.49602000000002
20011203,221.2758
20011129,41.0202
20011128,120.58401
20011127,76.57154999999999
20011126,114.9052
20011123,53.2737
20011122,107.3408
20011121,120.80993000000001
20011120,372.36697999999996
20011119,261.95022
20011115,21.942000000000004
20011114,4.466340000000001
20011113,29.147199999999998
20011112,13.6045
20011109,127.73862000000001
20011108,427.40556
20011107,34.34756
20011106,130.81445
20011105,125.40165
20011102,365.75081
20011101,215.53245
20011031,48.78775
20011030,179.65092
20011029,311.50002
20011025,286.35936
20011024,108.14800000000001
20011023,100.1738
20011022,533.1676
20011019,53.2805
20011018,163.08696
20011017,44.9189
20011016,25.68777
20011015,125.65376
20011012,64.0536
20011011,26.68239
20011010,14.9724
20011009,135.66696
20011008,62.035639999999994
20011005,107.37719999999999
20011004,200.76848999999999
20011003,174.75744999999998
20011001,102.91349999999998
20010928,42.033739999999995
20010927,45.316860000000005
20010926,42.49806
20010925,132.6564
20010924,300.93129999999996
20010921,35.39655
20010920,90.80955
20010919,304.28538000000003
20010918,94.8689
20010917,102.20628
20010914,143.50392
20010913,40.52858
20010912,49.14468
20010911,29.36119
20010910,51.833999999999996
20010907,33.9306
20010906,40.652809999999995
20010905,73.46808
20010904,173.02051
20010903,27.52672
20010831,259.90943999999996
20010830,69.30942
20010829,53.09984
20010828,116.83207999999999
20010827,30.377230000000004
20010824,132.18280000000001
20010823,54.33246
20010821,35.854240000000004
20010820,541.45674
20010817,91.76139
20010816,56.511950000000006
20010814,46.83702
20010813,44.9694
20010810,246.51616
20010809,87.9084
20010808,128.51856
20010807,97.28447999999999
20010806,122.17537999999999
20010803,23.82732
20010802,43.6488
20010801,199.4751
20010731,63.0432
20010730,147.48559
20010727,80.17992
20010726,67.92815999999999
20010725,115.11149999999999
20010724,164.698
20010720,45.22384
20010719,351.7486
20010718,167.98878
20010717,130.6899
20010716,261.44067
20010713,373.89997999999997
20010712,691.49124
20010711,474.80435000000006
20010710,64.79820000000001
20010709,45.339800000000004
20010706,85.2298
20010705,280.37496
20010704,133.89568
20010703,114.24075
20010702,34.60541
20010629,248.71538999999999
20010628,105.53894
20010627,92.1475
20010626,304.2815
20010625,77.19438
20010622,265.70592
20010621,188.04149999999998
20010620,258.62987999999996
20010619,271.25097999999997
20010619,1784.0
20010618,132.39820999999998
20010615,307.7415
20010614,147.74856
20010613,386.56345000000005
20010612,490.10580000000004
20010611,281.19597000000005
20010608,342.92608000000007
20010607,300.696
20010606,510.67912
20010605,814.1210000000001
20010605,149.13899999999998
20010604,640.74616
20010601,427.65749999999997
20010531,403.57498
20010530,771.2120799999999
20010529,1334.4223200000001
20010528,457.3358599999999
20010528,333.00000000000006
20010525,593.2331999999999
20010524,723.83036
20010523,430.19822
20010522,530.76453
20010521,153.04945999999998
20010518,191.48976000000002
20010517,149.73744
20010516,389.98272
20010515,606.76956
20010515,0.0024900000000000005
20010514,450.25023000000004
20010511,228.61261000000002
20010510,631.18415
20010509,162.88255999999998
20010508,552.4974
20010507,874.4286599999999
20010504,601.0330799999999
20010503,334.93705000000006
20010502,765.7231899999999
20010430,659.2514999999999
20010427,456.01758
20010426,720.2084699999999
20010425,950.33536
20010424,390.8402
20010423,459.61484
20010420,377.4031
20010419,455.77112000000005
20010418,310.4049
20010418,106.92
20010417,397.5257
20010416,179.30732999999998
20010412,285.38125
20010411,280.1034
20010410,159.86249999999998
20010409,65.0
20010409,144.1971
20010406,378.20232
20010406,415.5
20010404,123.58398
20010403,864.32296
20010402,155.0198
20010330,477.27653999999995
20010329,932.085
20010329,123.92772
20010328,208.37490000000003
20010328,2690.0
20010327,208.747
20010326,432.68984
20010323,458.34929999999997
20010322,443.73106
20010322,21442.93419
20010321,159.32928
20010320,247.06951999999998
20010319,212.03118
20010316,470.20733
20010315,620.25422
20010314,1122.15771
20010313,436.14868
20010312,307.05983999999995
20010309,459.31931999999995
20010308,681.252
20010307,1103.4470299999998
20010305,1512.3908800000002
20010302,1616.52176
20010301,3223.3606099999997
20010228,1366.1615
20010227,812.69244
20010226,178.93914999999998
20010223,587.64344
20010222,338.53423999999995
20010222,123.0
20010221,456.62476999999996
20010220,925.3866200000001
20010219,1363.0985999999998
20010216,1278.93227
20010215,689.4762400000001
20010214,842.07544
20010213,1179.4985
20010213,49.431999999999995
20010212,1918.6273499999998
20010209,2092.5649399999998
20010208,1068.0520000000001
20010207,1079.61267
20010206,1486.2952000000002
20010205,582.16187
20010202,629.0389200000001
20010201,325.5364
20010131,513.37638
20010130,565.06248
20010129,329.56027000000006
20010125,653.4082199999999
20010124,1297.06164
20010123,2113.42502
20010122,1426.06522
20010119,504.46236
20010118,274.83158000000003
20010117,364.22520000000003
20010116,1019.62326
20010115,191.94552
20010115,35.185
20010112,399.38955000000004
20010111,305.5584
20010110,326.71013999999997
20010109,338.74321000000003
20010108,503.34700000000004
20010105,776.6961000000001
20010104,959.79485
20010103,804.1109600000001
20010102,452.88782
20010101,116.17099999999999
20001229,366.97934000000004
20001228,505.32556
20001227,265.53864
20001226,456.01752
20001222,450.10365
20001221,342.87311
20001220,349.40727
20001219,198.55988
20001218,348.39882
20001215,964.3538799999999
20001214,340.51074
20001213,394.66805000000005
20001212,1639.5674399999998
20001211,2222.73528
20001208,696.4504800000001
20001207,191.47724000000002
20001206,362.73103999999995
20001205,91.98425999999999
20001204,156.61121999999997
20001201,299.06987999999996
20001130,162.47298
20001129,148.64051999999998
20001128,673.4404800000001
20001127,381.79275
20001124,144.42595
20001123,167.02075
20001122,412.8433
20001121,253.41287999999997
20001120,378.73999999999995
20001117,628.92648
20001116,860.8851300000001
20001115,671.6556
20001114,51.30069
20001113,49.022819999999996
20001110,81.39464000000001
20001109,75.0243
20001108,69.9432
20001107,119.84676999999999
20001106,192.38626
20001103,167.00478
20001102,296.61048
20001101,106.84608
20001031,114.04115999999999
20001030,111.83568
20001027,76.98078000000001
20001026,39.24124
20001025,184.9464
20001024,190.48669999999998
20001023,255.38496
20001020,396.99762000000004
20001019,177.20912
20001018,107.96513999999999
20001017,183.162
20001016,197.14656
20001013,608.09665
20001012,490.02786
20001011,223.0434
20001010,545.9832
20001009,700.26816
20001006,672.18084
20001005,491.2164
20001004,210.93793
20001003,1227.56283
20000929,96.18945000000001
20000928,64.38891000000001
20000927,123.82524000000001
20000926,239.74599999999998
20000925,59.202
20000922,241.82046
20000921,113.68664999999999
20000920,368.38743
20000919,1042.7929199999999
20000919,0.00204
20000918,485.62959000000006
20000915,622.968
20000914,256.07725
20000913,315.38871
20000912,255.90513
20000911,239.9252
20000908,189.15078
20000907,139.02509999999998
20000906,334.87626
20000905,934.76484
20000904,208.40820000000002
20000831,71.79264
20000830,182.73024
20000829,57.242399999999996
20000828,316.81496
20000825,133.07448000000002
20000824,75.65712
20000823,431.86104
20000822,501.37905
20000821,154.18004
20000818,135.81826999999998
20000817,88.19850000000001
20000816,134.01207999999997
20000814,87.13215
20000811,146.3136
20000810,41.74625
20000809,65.56063999999999
20000808,203.48887
20000807,211.98489999999998
20000804,173.0874
20000803,194.44480000000001
20000802,82.67913
20000801,91.698
20000731,46.43852
20000728,332.202
20000727,174.10091
20000726,449.1151
20000725,454.36560000000003
20000724,526.88688
20000721,579.4425
20000720,331.24280999999996
20000719,489.59657999999996
20000718,742.73232
20000717,421.1277
20000714,734.20807
20000713,177.88248000000002
20000712,96.28632
20000711,208.77528
20000710,255.34967999999998
20000707,204.96002000000001
20000706,120.00648000000002
20000705,502.94159999999994
20000704,729.21681
20000703,754.79534
20000630,157.41453
20000629,110.02431999999999
20000628,163.4425
20000627,172.86855
20000626,106.92330000000001
20000623,286.18715000000003
20000622,244.66725
20000621,353.6193
20000620,511.9578000000001
20000619,227.84742999999997
20000616,235.87524000000002
20000615,280.08941999999996
20000614,581.6218200000001
20000613,177.13536
20000612,711.54572
20000609,354.23541
20000608,721.7574999999999
20000607,367.13694
20000606,586.24506
20000605,2025.6481399999998
20000602,321.776
20000601,81.44784
20000531,400.668
20000530,155.26075999999998
20000529,259.714
20000526,343.8468
20000525,217.08339999999998
20000524,245.96460000000005
20000523,501.60175
20000522,213.37731
20000519,230.75402000000003
20000518,125.3005
20000517,392.19723000000005
20000516,203.49875
20000515,583.2905
20000512,508.41004
20000511,1212.3711799999999
20000510,134.70350000000002
20000509,437.4058
20000508,452.3228399999999
20000505,465.69302
20000504,682.20711
20000503,842.03714
20000503,0.646
20000502,1055.5388400000002
20000428,849.3457500000001
20000427,1045.7897600000001
20000426,1103.7928
20000425,903.088
20000424,498.4672
20000420,335.74681999999996
20000419,377.96164
20000418,516.5568
20000417,803.1172999999999
20000413,980.1552
20000412,457.68931000000003
20000411,1076.0596
20000410,57.1779
20000407,414.49967999999996
20000406,1252.13114
20000405,681.79995
20000404,3020.28426
20000403,2588.7153
20000331,4758.079
20000330,4338.77982
20000329,6369.44042
20000328,2754.6125399999996
20000327,1269.3064
20000324,530.9522400000001
20000323,1166.0892
20000322,454.68686999999994
20000321,455.18524999999994
20000316,727.30863
20000315,448.92155999999994
20000314,515.2076999999999
20000313,1260.28026
20000310,1004.8610799999999
20000309,356.9991
20000308,720.71328
20000307,3184.7306
20000306,620.08713
20000303,222.59249999999997
20000302,205.21878999999998
20000301,363.98897999999997
20000229,1386.94621
20000228,423.71164000000005
20000225,730.18098
20000224,454.47270000000003
20000223,291.44571
20000222,593.94868
20000221,619.3766400000001
20000218,748.1319
20000217,1490.6388800000002
20000216,1428.5217599999999
20000215,717.5619600000001
20000214,1680.33366
20000211,1374.48088
20000210,2841.1149
20000209,1157.18464
20000208,1703.1999600000001
20000207,1888.56927
20000207,1438.3899
20000204,1232.6805399999998
20000203,2342.75184
20000202,859.6162400000001
20000201,1736.67144
20000131,819.9449999999999
20000128,1282.24067
20000127,1480.15084
20000125,909.33857
20000124,640.7856
20000121,732.7315000000001
20000120,895.05808
20000119,384.9958
20000118,522.38552
20000117,804.49306
20000114,938.75691
20000113,449.57192
20000112,262.42885
20000111,152.20651
20000110,276.06866
20000107,424.92276000000004
20000106,291.1047
20000105,497.89385999999996
20000104,348.24780000000004
20000103,550.8607999999999
