20160408,4376.29219
20160407,5312.19546
20160406,5086.16108
20160405,12943.18675
20160404,4979.0548499999995
20160401,6279.35988
20160331,7698.6295199999995
20160330,6557.2438
20160329,4820.38578
20160328,6604.433399999999
20160323,3500.5904
20160322,6049.06805
20160321,5728.70889
20160318,6376.658050000001
20160317,5833.490760000001
20160316,5302.15686
20160315,6023.51178
20160314,4589.4654
20160311,7466.155949999999
20160310,6432.3728
20160309,7803.085419999999
20160308,8825.008319999999
20160304,12901.158599999999
20160303,11032.78088
20160302,19885.62198
20160301,7381.930079999999
20160229,22883.29848
20160226,6501.61424
20160225,6759.35361
20160224,6452.561310000001
20160223,8533.01316
20160222,4452.856529999999
20160219,6796.58026
20160218,8179.184160000001
20160217,10665.178420000002
20160216,13307.642199999998
20160215,11775.73275
20160212,12502.34436
20160211,25373.0745
20160210,9406.73792
20160209,7108.381840000001
20160208,7913.23616
20160205,6436.3207999999995
20160204,6773.704290000001
20160203,8803.612019999999
20160202,10819.98099
20160201,7883.41004
20160129,7967.6281500000005
20160128,3559.5131
20160127,6808.681879999999
20160125,4930.3045
20160122,7162.3435500000005
20160121,9087.900249999999
20160120,9898.276179999999
20160119,6762.94272
20160118,11485.0944
20160115,10033.28305
20160114,6512.7156
20160113,8830.79213
20160112,7251.85872
20160111,7066.267889999999
20160108,4901.37684
20160107,7649.1716799999995
20160106,5055.026599999999
20160105,6747.489140000001
20160104,5992.504
20160101,3931.7977600000004
20151231,4110.64764
20151230,4774.1838
20151229,1769.3840400000001
20151228,2528.16888
20151224,2172.89584
20151223,2913.4506
20151222,4046.6449799999996
20151221,3543.752
20151218,5756.32496
20151217,3746.49506
20151216,4180.30366
20151215,3965.808
20151214,4267.93185
20151211,6644.4084
20151210,5311.407
20151209,3196.96242
20151208,2932.09614
20151207,2523.1162
20151204,3424.353
20151203,2827.14562
20151202,2817.95054
20151201,8683.65306
20151130,3508.69053
20151127,6023.829350000001
20151126,2590.98905
20151124,2436.8625
20151123,3044.73494
20151120,3880.92672
20151119,3025.1611
20151118,4170.6938199999995
20151117,4482.3114000000005
20151116,5563.51545
20151113,3461.79435
20151111,1252.87336
20151110,4349.0468
20151109,6898.1942
20151106,12625.01592
20151105,4518.2451200000005
20151104,2464.9141
20151103,3221.1855
20151102,4038.93042
20151030,3616.5021
20151029,3904.6608000000006
20151028,4714.65216
20151027,2324.6593199999998
20151026,3579.5688
20151023,2221.0288800000003
20151021,3011.08984
20151020,2416.60605
20151019,3000.8436
20151016,4824.4115
20151015,4989.18144
20151014,2516.6374
20151013,4043.6218000000003
20151012,3354.4853999999996
20151009,4915.00668
20151008,3720.3491000000004
20151007,4165.938749999999
20151006,4493.9466
20151005,3886.2839
20151001,4740.13932
20150930,6610.24512
20150929,11950.745939999999
20150928,3915.0412499999998
20150924,3259.1068800000003
20150923,5169.95928
20150922,5375.13728
20150921,4979.748
20150918,6999.531180000001
20150916,3451.84848
20150915,5153.10572
20150914,4130.92185
20150911,5219.152770000001
20150910,5699.02476
20150909,5764.1508
20150908,6736.05714
20150907,6820.8735
20150904,9037.4415
20150903,7156.03048
20150902,11885.74992
20150901,8783.14619
20150831,7043.93793
20150828,6128.0001999999995
20150827,5095.603999999999
20150826,7686.763499999999
20150825,10664.857839999999
20150824,16198.675870000001
20150821,7992.14059
20150820,7477.48566
20150819,6442.818800000001
20150818,10674.11601
20150817,12921.44294
20150814,8586.5077
20150813,6137.66092
20150812,13251.394960000001
20150811,22846.567000000003
20150810,4728.02
20150807,4328.1564
20150806,5407.7166
20150805,5140.34507
20150804,13201.20752
20150803,9916.973399999999
20150731,13722.941400000002
20150730,4182.10653
20150729,5080.561729999999
20150728,3194.7896399999995
20150727,3143.17892
20150724,2819.39424
20150723,3150.2611799999995
20150722,3006.2351000000003
20150721,2425.55465
20150720,3292.8581500000005
20150717,2354.45934
20150716,3294.8232600000006
20150715,2659.17388
20150714,3443.8702599999997
20150713,4200.23352
20150710,3018.2668499999995
20150709,3121.97475
20150708,4254.99294
20150707,3264.30926
20150706,4435.0427
20150703,2882.5443500000006
20150702,3748.05021
20150701,5188.36735
20150630,9094.445099999999
20150629,11504.910549999999
20150626,5268.709099999999
20150625,5932.65543
20150624,3501.4346499999997
20150623,6904.09803
20150622,6058.045470000001
20150619,4708.632119999999
20150618,6338.01753
20150617,6843.868750000001
20150616,6336.91278
20150615,6117.1353899999995
20150612,4506.193020000001
20150611,6799.7312999999995
20150610,4343.33532
20150609,6112.382710000001
20150608,5260.8
20150605,5750.80194
20150604,8635.478579999999
20150603,11149.004280000001
20150602,14544.879
20150601,5778.83152
20150529,7291.13112
20150528,7255.096269999999
20150527,7617.01558
20150526,6050.0174400000005
20150525,10969.81872
20150522,44748.692310000006
20150521,6622.25298
20150520,8151.9388500000005
20150519,8130.035200000001
20150518,6790.10024
20150515,10005.21259
20150514,6856.14538
20150513,7146.982620000001
20150512,6145.8910000000005
20150511,14301.41214
20150508,6441.91252
20150507,5459.08284
20150506,7847.3558
20150505,4306.529849999999
20150504,3733.5082000000007
20150430,5309.90039
20150429,3631.7017699999997
20150428,5001.41264
20150427,4649.1723
20150424,4150.5492
20150423,7543.51676
20150422,7286.11697
20150421,5512.071040000001
20150420,4869.93859
20150417,5087.479920000001
20150416,5679.389039999999
20150415,6847.79262
20150413,7329.76068
20150410,6271.0739
20150409,12734.99331
20150408,4042.46736
20150407,7167.27225
20150406,5302.16664
20150401,4992.1376199999995
20150331,6125.112840000001
20150330,5214.74814
20150327,9453.4297
20150326,10436.51026
20150325,6745.82612
20150324,9760.81775
20150323,5853.74256
20150320,6081.36858
20150319,6721.051769999999
20150318,7133.14613
20150317,6180.02778
20150316,9304.45105
20150313,9767.349760000001
20150312,5439.773450000001
20150311,9696.69568
20150310,8640.23094
20150309,7395.849999999999
20150305,9967.5672
20150304,23758.80498
20150303,7854.9173
20150302,9182.47941
20150228,18249.87939
20150227,9220.00143
20150226,6897.2876400000005
20150225,5669.479200000001
20150224,8808.857399999999
20150223,7751.63669
20150220,9778.67888
20150219,10514.39268
20150218,6881.887500000001
20150216,12551.40532
20150213,40619.70018000001
20150212,14139.697
20150211,10207.705839999999
20150210,14999.41578
20150209,13531.886999999999
20150206,10578.0865
20150205,11786.32314
20150204,13952.59169
20150203,18202.1952
20150202,9018.897599999998
20150130,16562.278280000002
20150129,6355.21842
20150128,8074.2474999999995
20150127,8064.5764500000005
20150123,9127.88992
20150122,7872.27336
20150121,16654.93704
20150120,8095.31388
20150119,7707.789149999999
20150116,8051.0646799999995
20150115,22880.809200000003
20150114,5807.37
20150113,6274.098940000001
20150112,8665.13296
20150109,5086.3992
20150108,5361.78864
20150107,8979.32604
20150106,10445.96344
20150105,9065.84928
20150102,9348.281459999998
20150101,4192.8541
20141231,3518.70259
20141230,5270.0695000000005
20141229,4887.05103
20141226,5880.2898
20141224,5887.472669999999
20141223,8606.533
20141222,6743.974
20141219,8964.8208
20141218,10189.326029999998
20141217,17419.61001
20141216,14892.55068
20141215,7553.32938
20141212,8842.52231
20141211,8621.746000000001
20141210,8416.61421
20141209,8411.11172
20141208,6186.634319999999
20141205,6704.92368
20141204,9673.453660000001
20141203,9636.48707
20141202,15264.66914
20141201,10310.90646
20141128,19375.5208
20141127,6982.64725
20141126,8011.0935
20141125,10699.29126
20141124,11200.0077
20141121,13452.22184
20141120,13440.8504
20141119,13992.91794
20141118,19470.212010000003
20141117,32857.66128
20141114,31736.95456
20141113,10678.37435
20141112,9206.051479999998
20141111,10583.45169
20141110,9402.6113
20141107,9276.92856
20141105,14345.869600000002
20141103,11920.2762
20141031,15835.843850000001
20141030,9523.6176
20141029,9174.622000000001
20141028,17195.974
20141027,7078.9529999999995
20141023,1442.6782999999998
20141022,7535.05612
20141021,7943.77584
20141020,7747.726880000001
20141017,10388.003950000002
20141016,12345.032179999998
20141014,13241.4727
20141013,10203.658
20141010,7356.36282
20141009,11731.37238
20141008,7627.938370000001
20141007,6988.5088000000005
20141001,6330.222
20140930,11380.39672
20140929,8279.08704
20140926,17687.426610000002
20140925,13935.6422
20140924,11996.22304
20140923,8387.7966
20140922,7226.23
20140919,6345.60793
20140918,11719.06164
20140917,4662.55526
20140916,6943.059
20140915,8152.3635699999995
20140912,6485.52947
20140911,11826.006660000001
20140910,6575.4367999999995
20140909,9799.41473
20140908,18175.58904
20140905,12646.31452
20140904,6424.57308
20140903,6499.68592
20140902,8009.520750000001
20140901,7907.77788
20140828,7362.083160000001
20140827,7095.865040000001
20140826,7093.11132
20140825,9592.56288
20140822,12911.10801
20140821,13022.0466
20140820,8964.93262
20140819,5966.5545600000005
20140818,7419.353400000001
20140814,6881.3386199999995
20140813,8960.91898
20140812,6212.97891
20140811,6085.68448
20140808,16565.0184
20140807,8640.551519999999
20140806,5830.8089
20140805,11199.628800000002
20140804,6831.48646
20140801,10865.181599999998
20140731,6861.67368
20140730,7808.071199999999
20140728,6374.277
20140725,8495.148479999998
20140724,6174.21054
20140723,7322.54721
20140722,5229.241819999999
20140721,7141.5247500000005
20140718,8480.20677
20140717,8032.89618
20140716,9365.45775
20140715,11384.036399999999
20140714,8822.06451
20140711,18797.0482
20140710,21398.664510000002
20140709,11444.268329999999
20140708,17351.96358
20140707,12976.966
20140704,10176.3955
20140703,2425.30908
20140702,10546.17362
20140701,9079.824949999998
20140630,7771.6896
20140627,7853.62832
20140626,8794.73178
20140625,14123.05815
20140624,11147.00986
20140623,10371.01263
20140620,8435.98148
20140619,10241.28576
20140618,11931.315
20140617,12179.6038
20140616,8146.234980000001
20140613,10011.02508
20140612,10655.04682
20140611,10609.04152
20140610,8143.6735499999995
20140609,8826.75464
20140606,10472.43505
20140605,9298.06878
20140604,10550.989640000002
20140603,18400.83819
20140602,16411.066560000003
20140530,11288.00901
20140529,11948.16
20140528,10722.444060000002
20140527,13147.67916
20140526,27636.296000000002
20140523,59051.54015999999
20140522,10844.573999999999
20140521,26496.9306
20140520,10058.844000000001
20140519,21859.883729999998
20140516,45033.33482
20140515,8612.1959
20140514,11305.004359999999
20140513,20286.480499999998
20140512,12571.9351
20140509,12467.731319999999
20140508,9471.462
20140507,7634.98305
20140506,5448.36144
20140505,7414.40204
20140502,7803.3664100000005
20140430,9276.26976
20140429,9769.75136
20140428,8260.21008
20140425,9783.090900000001
20140423,8232.15172
20140422,6262.81406
20140421,9089.1957
20140417,9855.43023
20140416,6834.79836
20140415,6429.5965
20140411,6843.79122
20140410,10075.670549999999
20140409,7586.4724400000005
20140407,3356.3357400000004
20140404,5875.31691
20140403,7060.335479999999
20140402,7873.02705
20140401,11719.595730000001
20140331,9642.69665
20140328,10587.195080000001
20140327,15225.730019999999
20140326,7634.7868499999995
20140325,5499.19104
20140324,6509.47875
20140322,384.416
20140321,4979.85156
20140320,3717.00084
20140319,5510.3907
20140318,8003.3267000000005
20140314,5985.975520000001
20140313,9118.78695
20140312,5421.58525
20140311,7988.3243999999995
20140310,12104.54694
20140307,12995.379200000001
20140306,5834.24436
20140305,8661.88416
20140304,5018.8327
20140303,9540.895960000002
20140228,4564.9604
20140226,13851.595200000002
20140225,5443.928940000001
20140224,8873.63045
20140221,5820.4193
20140220,3942.06334
20140219,8450.53836
20140218,18475.957270000003
20140217,5688.39336
20140214,21984.38589
20140213,5355.21648
20140212,25112.205460000005
20140211,10130.811650000001
20140210,3434.7827999999995
20140207,4778.79354
20140206,6005.066099999999
20140205,4139.374070000001
20140204,6600.89429
20140203,6059.878659999999
20140131,5317.62323
20140130,7379.15607
20140129,7017.96095
20140128,7625.545650000001
20140127,6037.66584
20140124,5691.9552
20140123,4018.12094
20140122,3684.2991099999995
20140121,4438.93434
20140120,3843.2721600000004
20140117,4391.23438
20140116,3166.3107299999997
20140115,6258.342790000001
20140114,4350.0008
20140113,6022.45644
20140110,8688.29199
20140109,6639.928499999999
20140108,6823.1926
20140107,7987.23002
20140106,5847.07528
20140103,6336.57356
20140102,11224.25898
20140101,2690.82129
20131231,4622.48688
20131230,5475.60688
20131227,4926.01556
20131226,4975.98297
20131224,4871.30748
20131223,5042.708
20131220,7335.17555
20131219,8197.18816
20131218,12411.39179
20131217,8191.262900000001
20131216,6163.92315
20131213,6808.15352
20131212,6632.41599
20131211,10162.837039999999
20131210,6791.195519999999
20131209,8615.6571
20131206,5539.749959999999
20131205,8838.993120000001
20131204,7644.62754
20131203,6348.665400000001
20131202,8680.097580000001
20131129,11840.790799999999
20131128,5857.758
20131127,7618.20018
20131126,8210.89888
20131125,9771.171839999999
20131122,8952.95571
20131121,11463.49953
20131120,11786.2241
20131119,13501.55635
20131118,8417.827739999999
20131114,8946.6624
20131113,25661.9012
20131112,12859.3552
20131111,11540.06624
20131108,10419.4496
20131107,15127.396499999999
20131106,12774.180999999999
20131105,11038.62305
20131103,2830.84773
20131101,18612.68379
20131031,17704.97198
20131030,8180.22405
20131029,15657.069200000002
20131028,6579.21656
20131025,6528.79225
20131024,8983.117619999999
20131023,15949.11724
20131022,6324.61322
20131021,8426.44968
20131018,9053.157079999999
20131017,12165.834649999999
20131015,11603.89256
20131014,5506.38264
20131011,9154.713960000001
20131010,11728.813199999999
20131009,11788.530600000002
20131008,11145.92545
20131007,5824.714080000001
20131004,13364.727719999999
20131003,9851.680409999999
20131001,7923.712139999999
20130930,10865.9772
20130927,8285.446
20130926,7932.72236
20130925,11276.600799999998
20130924,18612.73668
20130923,13503.04774
20130920,27635.67774
20130919,18582.736569999997
20130918,7248.853709999999
20130917,5618.49352
20130916,10873.98749
20130913,9073.995840000001
20130912,9260.221360000001
20130911,16158.617369999998
20130910,10088.17755
20130906,11804.126100000001
20130905,22200.11838
20130904,9364.348839999999
20130903,9056.20575
20130902,6476.1019799999995
20130830,10612.27552
20130829,11940.693099999999
20130828,13334.991
20130827,12615.738749999999
20130826,9912.20098
20130823,11459.40246
20130822,18368.7016
20130821,18192.05406
20130820,11457.46794
20130819,16934.293739999997
20130816,22199.185830000002
20130814,12918.506000000001
20130813,17070.1722
20130812,26205.623990000004
20130808,9563.431199999999
20130807,11189.84922
20130806,11405.008539999999
20130805,7343.2152
20130802,10940.6685
20130801,14300.036
20130731,12283.55226
20130730,18633.19512
20130729,8384.79775
20130726,18262.45816
20130725,11169.65388
20130724,17417.08416
20130723,8091.96528
20130722,6959.7455199999995
20130719,9961.91532
20130718,15547.4702
20130717,18021.55041
20130716,20244.0708
20130715,10604.2692
20130712,6709.29795
20130711,7879.230840000001
20130710,9519.4192
20130709,8282.9068
20130708,8953.141
20130705,11741.2221
20130704,15996.0176
20130703,15153.12332
20130702,10099.2439
20130701,9379.78584
20130628,7490.15124
20130627,8769.2904
20130626,15059.37078
20130625,16007.401410000002
20130624,16371.581400000001
20130621,18550.9386
20130620,22858.43868
20130619,11079.55464
20130618,10789.08768
20130617,17086.883
20130614,9451.76433
20130613,16226.06309
20130612,18604.488
20130611,14672.74025
20130610,9813.827009999999
20130607,13363.563360000002
20130606,18422.26218
20130605,13827.626400000001
20130604,11996.71353
20130603,12657.344
20130531,12763.244709999999
20130530,10763.27117
20130529,10601.16825
20130528,12878.105699999998
20130527,11349.446310000001
20130524,25758.77094
20130523,42359.608779999995
20130522,11408.31351
20130521,16012.970259999998
20130520,12875.79874
20130517,12245.503079999999
20130516,12813.605280000002
20130515,19839.596
20130514,12456.57345
20130513,9167.89104
20130511,798.91035
20130510,12391.30818
20130509,19077.101759999998
20130508,8615.67192
20130507,10269.38169
20130506,13633.701140000001
20130503,24742.428480000002
20130502,11538.763760000002
20130430,11225.373599999999
20130429,7504.128839999999
20130426,6905.715960000001
20130425,10985.665459999998
20130423,13212.63336
20130422,9938.952700000002
20130418,13000.495079999999
20130417,12227.32352
20130416,10107.30321
20130415,11932.110449999998
20130412,10100.8502
20130411,10030.22464
20130410,12794.973300000001
20130409,13039.51995
20130408,7179.66292
20130405,9257.93512
20130404,9636.580680000001
20130403,10824.012780000001
20130402,9806.642820000001
20130401,6926.255040000001
20130328,9629.344
20130326,10709.23533
20130325,12314.421069999999
20130322,13648.01683
20130321,21803.0292
20130320,17018.088
20130319,24112.888560000003
20130318,10726.07922
20130315,15979.06232
20130314,23302.03148
20130313,12845.61652
20130312,13577.786159999998
20130311,9800.844420000001
20130308,11920.77504
20130307,8433.392240000001
20130306,11365.73198
20130305,12542.467
20130304,8889.090699999999
20130301,16533.7942
20130228,31728.496
20130227,8139.9195
20130226,11510.4885
20130225,11877.49875
20130222,11591.47605
20130221,12272.473230000001
20130220,10893.168
20130219,9447.31579
20130218,8130.807040000001
20130215,13423.85226
20130214,36419.578219999996
20130213,15385.01643
20130212,10550.908749999999
20130211,9958.29352
20130208,13518.894
20130207,10713.10964
20130206,8420.477340000001
20130205,14549.0202
20130204,12957.72829
20130201,10230.4184
20130131,14566.646770000001
20130130,16393.60575
20130129,34433.04640000001
20130128,12719.044870000002
20130125,11136.4148
20130124,8817.850859999999
20130123,10412.658000000001
20130122,9486.6834
20130121,7089.5506399999995
20130118,13142.064439999998
20130117,11058.00648
20130116,10499.808500000001
20130115,10357.796279999999
20130114,17937.522050000003
20130111,10736.74954
20130110,15671.12964
20130109,15237.34501
20130108,14905.01916
20130107,8746.091550000001
20130104,10928.151310000001
20130103,15819.74922
20130102,8864.563960000001
20130101,14469.256900000002
20121231,6808.07886
20121228,7603.053989999999
20121227,11441.159699999998
20121226,13739.749800000001
20121224,8862.09058
20121221,10928.3769
20121220,13697.501400000001
20121219,11760.53336
20121218,35512.431
20121217,13071.36431
20121214,16160.40792
20121213,11659.68375
20121212,12892.691289999999
20121211,13821.716999999999
20121210,8818.625039999999
20121207,17632.52997
20121206,17350.265219999997
20121205,13462.543290000001
20121204,14196.4732
20121203,11230.20627
20121130,13466.66388
20121129,9933.73305
20121127,7524.766019999999
20121126,8983.55535
20121123,10179.524319999999
20121122,13276.257480000002
20121121,12576.25656
20121120,12268.863990000002
20121119,11117.70624
20121116,11836.881800000001
20121115,10484.815200000001
20121113,3793.87092
20121112,23910.00425
20121109,45427.23097
20121108,23504.65536
20121107,19319.6808
20121106,11987.17617
20121105,8867.80771
20121102,10571.00868
20121101,9822.56224
20121031,17205.88294
20121030,39428.47296000001
20121029,16153.1466
20121026,13450.67072
20121025,12733.2498
20121023,10155.835200000001
20121022,10428.07932
20121019,14234.73765
20121018,18952.16162
20121017,17654.4348
20121016,12739.625399999999
20121015,12447.687960000001
20121012,15570.08712
20121011,22966.061850000002
20121010,12878.640840000002
20121009,15105.14876
20121008,15617.8386
20121005,29047.24044
20121004,17362.992359999997
20121003,16928.65778
20121001,13625.93285
20120928,16273.154199999999
20120927,18069.173720000003
20120926,20172.644519999998
20120925,20199.7957
20120924,23666.325119999998
20120921,30855.25552
20120920,18359.46486
20120918,29132.176089999997
20120917,38446.69374
20120914,22914.874499999998
20120913,9011.315
20120912,11120.95375
20120911,10218.3264
20120910,9808.02011
20120908,1023.2847199999999
20120907,10602.91943
20120906,11534.493719999999
20120905,12141.8726
20120904,9967.5522
20120903,9498.08271
20120831,14634.13782
20120830,12215.88769
20120829,12397.15154
20120828,15596.666799999999
20120827,13111.8906
20120824,10076.50704
20120823,12573.62593
20120822,14182.42893
20120821,11681.9115
20120817,17394.94191
20120816,15733.820800000001
20120814,21868.88206
20120813,28059.63342
20120810,70084.85022000001
20120809,30626.906099999997
20120808,15122.384240000001
20120807,20268.58699
20120806,9898.01818
20120803,14574.91276
20120802,11139.26478
20120801,16355.29896
20120731,38792.18112
20120730,25299.21486
20120727,30366.07602
20120726,13078.79208
20120725,11279.436409999998
20120724,13713.423840000001
20120723,12818.435879999999
20120720,15368.923679999998
20120719,14783.2025
20120718,14785.237229999999
20120717,11142.9072
20120716,13229.10624
20120713,13989.003150000002
20120712,15348.504060000001
20120711,16065.82416
20120710,9783.288439999998
20120709,11066.10548
20120706,13512.1824
20120705,12863.733350000002
20120704,18180.869
20120703,14271.68902
20120702,14849.513250000002
20120629,20855.6948
20120628,17667.363559999998
20120627,14736.9299
20120626,20067.678730000003
20120625,35621.472050000004
20120622,28687.17691
20120621,26492.443909999998
20120620,17949.07952
20120619,28218.10228
20120618,41812.45268000001
20120615,22868.49319
20120614,25533.676900000002
20120613,24750.92074
20120612,36279.59372
20120611,20626.18056
20120608,22029.554540000005
20120607,21447.053519999998
20120606,22611.345149999997
20120605,22546.975300000002
20120604,22439.95
20120601,19749.807920000003
20120531,21218.32485
20120530,19881.1265
20120529,30583.742899999997
20120528,24557.63128
20120525,20976.894
20120524,23622.07868
20120523,26025.6106
20120522,32026.36524
20120521,23726.982239999998
20120518,63601.17234
20120517,21084.02205
20120516,21295.709850000003
20120515,18031.0176
20120514,27318.419
20120511,29120.657929999998
20120510,29446.93675
20120509,27590.36766
20120508,25485.856649999998
20120507,30497.624850000004
20120504,18823.776159999998
20120503,16507.54908
20120502,9898.045880000001
20120430,13233.067060000001
20120428,927.38932
20120427,19813.4375
20120426,15439.80834
20120425,25238.769500000002
20120424,15845.184549999998
20120423,22798.76151
20120420,17596.19646
20120419,15845.547779999999
20120418,16635.1731
20120417,52730.458029999994
20120416,16781.98864
20120413,23532.612559999998
20120412,22017.060359999996
20120411,20692.97244
20120410,14705.0768
20120409,11624.099760000001
20120404,10975.9776
20120403,14241.438199999999
20120402,14474.7169
20120330,17463.648950000003
20120329,13856.896
20120328,19946.92986
20120327,30591.2502
20120326,18220.627800000002
20120323,30994.671360000004
20120322,26858.98768
20120321,19958.094820000002
20120320,22448.44756
20120319,19096.77336
20120316,43443.32053999999
20120315,27804.095989999998
20120314,18234.9838
20120313,14316.88215
20120312,24593.015369999997
20120309,16813.91718
20120307,30337.7319
20120306,40822.8708
20120305,17863.06466
20120303,1444.6629
20120302,31643.212399999997
20120301,19901.775999999998
20120229,30428.099240000003
20120228,37080.558899999996
20120227,23298.393549999997
20120224,29826.10565
20120223,33362.4246
20120222,48245.636000000006
20120221,24515.06229
20120217,38181.8675
20120216,37850.14688
20120215,25704.8231
20120214,30222.58563
20120213,43841.63025
20120210,20827.29444
20120209,19194.1369
20120208,26374.4712
20120207,20494.08837
20120206,24580.579800000003
20120203,24356.677679999997
20120202,38223.3074
20120201,26165.37937
20120131,22163.19916
20120130,14958.31106
20120127,13629.17422
20120125,20095.97744
20120124,48820.64656
20120123,12688.55882
20120120,19673.320679999997
20120119,10337.187
20120118,16246.540240000002
20120117,14445.267339999999
20120116,14126.48961
20120113,15559.730940000001
20120112,15843.896499999999
20120111,14060.157300000003
20120110,15621.93576
20120109,14488.409679999999
20120107,1732.7703399999998
20120106,13083.657599999999
20120105,13363.598
20120104,15584.934679999998
20120103,15620.45748
20120102,9311.565990000001
20111230,14994.986219999999
20111229,16667.518320000003
20111228,10920.20545
20111227,10826.22576
20111226,12423.84585
20111223,23129.07392
20111222,27196.3992
20111221,19992.455360000004
20111220,24943.936220000003
20111219,25145.52216
20111216,39216.4953
20111215,27632.835020000002
20111214,40854.06993
20111213,24256.688199999997
20111212,30500.502040000003
20111209,27556.525
20111208,21469.966869999997
20111207,20084.15409
20111205,19227.963900000002
20111202,23147.365599999997
20111201,15753.82056
20111130,25207.853160000002
20111129,18595.07118
20111128,17021.46544
20111125,28007.74464
20111124,18276.79084
20111123,19889.58464
20111122,17109.7543
20111121,19484.66667
20111118,23943.942880000002
20111117,23301.079620000004
20111116,25955.365700000002
20111115,23262.67104
20111114,22200.12136
20111111,43828.7745
20111109,83311.40385
20111108,14998.139640000001
20111104,15707.350359999999
20111103,15260.044679999999
20111102,12299.07609
20111101,13747.14796
20111031,16410.30366
20111028,15192.0761
20111026,6530.87272
20111025,46636.231049999995
20111024,22315.27159
20111021,15882.92932
20111020,17574.954319999997
20111019,11454.095519999999
20111018,19098.98194
20111017,17200.990729999998
20111014,15224.209749999998
20111013,30923.094630000003
20111012,36264.16414
20111011,28194.880999999998
20111010,25496.28704
20111007,18493.184
20111005,45352.8171
20111004,37643.90586
20111003,13766.181199999999
20110930,16064.99968
20110929,16133.498010000003
20110928,14776.66554
20110927,13573.89444
20110926,19023.40468
20110923,31676.000670000005
20110922,19823.95676
20110921,22221.44435
20110920,19450.393939999998
20110919,12514.438159999998
20110916,41295.875400000004
20110915,26561.6513
20110914,24705.314250000003
20110913,26067.54003
20110912,24003.19929
20110909,23104.69584
20110908,15415.43765
20110907,17569.93574
20110906,20209.185009999997
20110905,13613.7289
20110902,17576.60712
20110830,20085.12044
20110829,13704.96
20110826,23727.67584
20110825,23907.27768
20110824,25374.87066
20110823,13760.248150000001
20110822,17776.071789999998
20110819,24837.19098
20110818,24024.36399
20110817,17465.41818
20110816,24207.428079999998
20110812,23385.29237
20110811,12447.8804
20110810,10664.38808
20110809,27718.416000000005
20110808,15267.863520000003
20110805,16468.60292
20110804,10435.57466
20110803,10641.55351
20110802,12177.610899999998
20110801,8468.313110000001
20110729,11458.73409
20110728,11275.1419
20110727,14582.60052
20110726,19701.42076
20110725,9168.927899999999
20110722,10073.795250000001
20110721,10271.165299999999
20110720,10514.358799999998
20110719,12959.159400000002
20110718,7214.413800000001
20110715,9226.692700000001
20110714,14843.88524
20110713,9231.4422
20110712,13035.778210000002
20110711,10335.43
20110708,17228.695689999997
20110707,11690.41056
20110706,10115.152320000001
20110705,18525.42344
20110704,8468.67917
20110701,18791.18766
20110630,16960.01622
20110629,12310.669079999998
20110628,12505.24334
20110627,19062.38409
20110624,23892.859439999997
20110623,7912.627659999999
20110622,11875.71448
20110621,14367.530520000002
20110620,13134.7836
20110617,12433.820400000002
20110616,24925.738319999997
20110615,20282.36362
20110614,10053.05472
20110613,14529.5715
20110610,16425.15156
20110609,19662.75378
20110608,13294.707440000002
20110607,10666.668539999999
20110606,14974.9794
20110603,12935.64622
20110602,17136.762899999998
20110601,17318.484
20110531,15572.294460000001
20110530,14253.3066
20110527,14799.298719999999
20110526,25472.009420000002
20110525,32530.34007
20110524,25001.634339999997
20110523,17490.33
20110520,20285.883540000003
20110519,22643.7612
20110518,51711.99621
20110517,100950.79904
20110516,20610.495779999997
20110513,20849.516239999997
20110512,19474.631999999998
20110511,20744.69691
20110510,13595.0318
20110509,11123.095000000001
20110506,13268.053929999998
20110505,20533.55094
20110504,25297.83645
20110503,60988.35648
20110502,24046.228080000004
20110429,14041.812960000001
20110428,13683.04608
20110427,15303.927160000001
20110426,14818.88438
20110425,10567.875779999998
20110421,17374.83947
20110420,18738.88236
20110419,11997.08532
20110418,12394.681250000001
20110415,13038.19776
20110413,14338.882560000002
20110411,9548.235999999999
20110408,13175.5173
20110407,14458.867200000002
20110406,16095.63573
20110405,16827.718820000002
20110404,13651.57976
20110401,20920.92508
20110331,22671.2961
20110330,24018.20464
20110329,14321.46275
20110328,17815.118850000003
20110325,13925.566460000002
20110324,7957.469800000001
20110323,14327.832919999999
20110322,13346.961640000001
20110321,11550.5807
20110318,15406.861599999998
20110317,21839.814
20110316,15821.339189999999
20110315,17114.502490000003
20110314,11794.22136
20110311,18567.201950000002
20110310,16505.61616
20110309,17682.0504
20110308,11752.66755
20110307,19045.291439999997
20110304,27266.649899999997
20110303,30034.9686
20110301,22421.386560000003
20110228,33092.822400000005
20110225,33453.537370000005
20110224,35837.06609
20110223,26066.9421
20110222,21123.92928
20110221,18487.46652
20110218,27185.985760000003
20110217,17362.49792
20110216,15803.048250000002
20110215,29544.812849999995
20110214,18605.734800000002
20110211,22011.32732
20110210,30823.977120000003
20110209,25423.76912
20110208,23853.599699999995
20110207,17132.959
20110204,27154.672049999997
20110203,26033.323959999998
20110202,28555.49752
20110201,35781.471
20110131,27833.09824
20110128,32552.942
20110127,18304.73344
20110125,51420.47508
20110124,30341.77078
20110121,27054.71643
20110120,30924.478130000003
20110119,26648.34921
20110118,13752.671239999998
20110117,19762.35326
20110114,33364.442520000004
20110113,37558.47502
20110112,45322.11684
20110111,40463.83991
20110110,39701.51118
20110107,51699.3933
20110106,41213.62959999999
20110105,30529.988650000003
20110104,32054.6328
20110103,13880.735920000001
20101231,23708.337939999998
20101230,11092.185650000001
20101229,9288.26496
20101228,12190.563220000002
20101227,11585.37328
20101224,13917.022539999998
20101223,13815.2421
20101222,22153.173899999998
20101221,17674.418999999998
20101220,21468.13631
20101216,46518.44834
20101215,38044.38995
20101214,28441.8047
20101213,45237.529610000005
20101210,46750.5476
20101209,54920.20788000001
20101208,44843.10201
20101207,48403.215599999996
20101206,34316.568
20101203,22117.27364
20101202,34288.2464
20101201,36595.11043
20101130,35297.4583
20101129,21343.307699999998
20101126,38182.29529
20101125,39862.560990000005
20101124,41965.797719999995
20101123,45782.86167
20101122,27522.826080000003
20101119,31160.96844
20101118,49642.44998
20101116,45166.52656
20101115,51438.38568000001
20101112,38576.387220000004
20101111,28835.21286
20101110,28071.141699999996
20101109,43006.1748
20101108,21980.11296
20101105,7243.2554
20101104,29349.259
20101103,17359.274
20101102,18785.29408
20101101,4537.52618
20101029,12170.326
20101028,12511.17975
20101027,9599.9387
20101026,15443.452700000002
20101025,11512.00296
20101022,15051.85305
20101021,18227.34312
20101020,15972.6903
20101019,18517.15712
20101018,13747.4295
20101015,16600.31076
20101014,9068.19175
20101013,22701.94949
20101012,8558.3984
20101011,8474.4434
20101008,12319.555320000001
20101007,8456.09856
20101006,6587.85576
20101005,13271.286119999999
20101004,13104.71575
20101001,20078.26002
20100930,23409.312120000002
20100929,17264.222400000002
20100928,16297.640099999999
20100927,16765.02108
20100924,18673.41648
20100923,18413.82765
20100922,30051.311530000003
20100921,14474.59078
20100920,15937.67018
20100917,14576.9916
20100916,48926.09025
20100915,25312.96272
20100914,35559.52379
20100913,45181.90235
20100909,31506.466549999997
20100908,29720.072030000003
20100907,8847.208639999999
20100906,15023.32064
20100903,7741.564739999999
20100902,9941.3285
20100901,13083.31502
20100831,13672.538
20100830,11473.92204
20100827,13715.508600000001
20100826,22972.07943
20100825,13498.8122
20100824,20269.075549999998
20100823,16982.827279999998
20100820,12668.694999999998
20100819,13829.958519999998
20100818,19165.7228
20100817,11902.25792
20100816,15723.46953
20100813,48058.13859
20100812,100621.53743999999
20100811,9305.939610000001
20100810,12805.15412
20100809,8921.9668
20100806,8649.63554
20100805,19884.74853
20100804,11070.42075
20100803,19979.2145
20100802,15905.4
20100730,21865.310750000004
20100729,15394.48634
20100728,11418.951
20100727,19304.566300000002
20100726,13432.3092
20100723,14441.225040000001
20100722,15013.689
20100721,5005.32513
20100720,4928.5198199999995
20100719,7773.9792
20100716,6196.877399999999
20100715,9053.652
20100714,15844.044319999999
20100713,16092.70362
20100712,12567.53851
20100709,10337.936730000001
20100708,16505.68799
20100707,7882.250739999999
20100706,11415.37512
20100705,5265.76206
20100702,8423.797419999999
20100701,13487.93096
20100630,12171.9169
20100629,14943.133199999998
20100628,9968.2492
20100625,10180.26875
20100624,8077.669599999999
20100623,7511.19352
20100622,7028.92344
20100621,11045.05248
20100618,19804.37564
20100617,9546.189480000001
20100616,15425.586889999999
20100615,17167.34656
20100614,10010.02976
20100611,12746.325079999999
20100610,27814.43962
20100609,22861.915200000003
20100608,14959.472640000002
20100607,14398.31512
20100604,21603.624639999998
20100603,12974.69032
20100602,13935.466880000002
20100601,12918.955
20100531,12484.57
20100528,14244.93792
20100527,17557.47338
20100526,11685.759460000001
20100525,18576.77244
20100524,11834.296880000002
20100521,16629.06654
20100520,16034.93694
20100519,19816.230600000003
20100518,23998.369140000003
20100517,29606.642190000002
20100514,38723.33304
20100513,13415.38484
20100512,16306.092
20100511,17328.79929
20100510,10928.49828
20100507,16403.507670000003
20100506,16429.5877
20100505,14528.814650000002
20100504,13225.77724
20100503,12227.475840000001
20100430,18364.30713
20100429,17497.283349999998
20100428,16481.15776
20100427,9033.0471
20100426,12568.36
20100423,30348.03518
20100422,56203.4096
20100421,13224.385600000001
20100420,23409.5832
20100419,7847.9270400000005
20100416,8383.31574
20100415,12094.62846
20100413,12026.911050000002
20100412,7677.9757
20100409,7136.1682
20100408,8948.63772
20100407,7506.78345
20100406,6426.09626
20100405,7142.51196
20100401,5912.41708
20100331,6406.38564
20100330,8470.1092
20100329,8913.4045
20100326,11627.878960000002
20100325,7371.15704
20100323,11151.538480000001
20100322,9855.77673
20100319,9872.20276
20100318,8620.765119999998
20100317,11121.40152
20100316,8659.5131
20100315,7096.180520000001
20100312,8439.8247
20100311,9823.40112
20100310,11733.44608
20100309,14269.0447
20100308,40832.632320000004
20100305,8912.5767
20100304,9672.30138
20100303,10676.711280000001
20100302,8997.352
20100226,33223.01976
20100225,8542.257959999999
20100224,4880.35313
20100223,7652.159040000001
20100222,16495.34304
20100219,14256.58335
20100218,8393.91075
20100217,9195.1112
20100216,7618.293620000001
20100215,9854.3115
20100211,8110.8068299999995
20100210,14235.74075
20100209,11629.56596
20100208,17981.6646
20100206,2394.0365
20100205,24192.73728
20100204,24141.250559999997
20100203,25203.99816
20100202,23766.227269999996
20100201,16537.99692
20100129,39455.527200000004
20100128,22055.143320000003
20100127,31221.856
20100125,12413.74844
20100122,15630.645800000002
20100121,9399.03904
20100120,11061.66355
20100119,12955.62015
20100118,18178.04248
20100115,25899.07726
20100114,21421.11655
20100113,17246.0013
20100112,22490.10372
20100111,13147.38328
20100108,9396.8946
20100107,9039.35458
20100106,15505.697909999999
20100105,11272.376439999998
20100104,11644.36992
20091231,23692.47734
20091230,11953.0334
20091229,8181.958680000001
20091224,11752.44447
20091223,13347.19438
20091222,8483.68262
20091221,13324.731080000001
20091218,19631.50602
20091217,30795.159200000006
20091216,23068.084380000004
20091215,30432.74
20091214,17562.09995
20091211,22251.157740000002
20091210,16448.08386
20091209,18105.20944
20091208,22822.446080000005
20091207,31483.1796
20091204,23077.53526
20091203,23837.56665
20091202,17725.4702
20091201,19542.667769999996
20091130,26728.155479999998
20091127,29849.662530000005
20091126,19049.608619999995
20091125,16559.881279999998
20091124,22744.640099999997
20091123,25171.94157
20091120,28432.864800000003
20091119,16786.65296
20091118,16907.511
20091117,17186.03134
20091116,18254.010720000002
20091113,18619.567200000005
20091112,24630.61495
20091111,22229.924049999998
20091110,37100.78398
20091109,26314.195860000003
20091106,29108.541629999996
20091105,31124.042950000003
20091104,31925.624780000002
20091103,29185.67922
20091030,32814.729719999996
20091029,22607.68254
20091028,42632.781480000005
20091027,60513.801940000005
20091026,18972.760840000003
20091023,20262.13399
20091022,19043.10063
20091021,24680.80468
20091020,21435.875
20091017,11678.129599999998
20091016,59836.56798000001
20091015,34238.0068
20091014,23048.10888
20091012,36699.19475
20091009,24479.156519999997
20091008,14492.45868
20091007,23509.187459999997
20091006,23698.37688
20091005,16936.88801
20091001,23217.9948
20090930,21466.39068
20090929,14609.699380000002
20090925,10585.423939999999
20090924,11611.204
20090923,15029.582400000001
20090922,16512.922140000002
20090918,28358.99003
20090917,21107.901800000003
20090916,19503.47916
20090915,18453.4392
20090914,17801.484180000003
20090911,14011.76958
20090910,12242.96514
20090909,13108.208950000002
20090908,23552.88969
20090907,11925.312
20090904,5933.370599999999
20090903,6129.917460000001
20090902,7023.5274
20090901,8963.88344
20090831,7852.34273
20090828,11415.553200000002
20090827,8786.435519999999
20090826,8086.43864
20090825,11796.57171
20090824,8169.73147
20090821,10695.69746
20090820,10220.57118
20090819,14544.133450000001
20090818,9217.96194
20090817,10558.57678
20090814,11930.128
20090813,12236.474180000001
20090812,15015.17292
20090811,8806.86556
20090810,12439.994490000001
20090807,14635.965049999999
20090806,12712.487050000002
20090805,11319.13209
20090804,16838.79344
20090803,13698.22764
20090731,29973.888420000003
20090730,22320.92707
20090729,12330.6568
20090728,12021.701640000001
20090727,9282.101180000001
20090724,11358.97476
20090723,17453.62398
20090722,13743.76317
20090721,18175.686749999997
20090720,17350.60072
20090717,13161.351639999999
20090716,10073.9862
20090715,12034.559529999999
20090714,12372.74451
20090713,13349.5428
20090710,15125.883240000001
20090709,13753.975
20090708,16843.55244
20090707,22056.36708
20090706,32753.990560000002
20090703,16483.628
20090702,11394.01197
20090701,14781.51765
20090630,13352.06884
20090629,14165.08465
20090626,14457.010040000001
20090625,13461.88344
20090624,10655.11571
20090623,15716.09676
20090622,17035.36756
20090619,16774.51688
20090618,22430.529800000004
20090617,17002.39982
20090616,19505.832029999998
20090615,14008.0
20090612,19679.704380000003
20090611,16816.924300000002
20090610,18649.233920000002
20090609,16305.583970000002
20090608,22445.362470000004
20090605,19944.1224
20090604,12117.22792
20090603,17344.21039
20090602,32230.10875
20090601,17685.623880000003
20090529,22689.6182
20090528,23253.78498
20090527,18979.95879
20090526,18455.109419999997
20090525,12882.2541
20090522,21234.103020000002
20090521,21149.966600000003
20090520,24908.379
20090519,77108.29386
20090518,622.7161500000001
20090515,19204.986900000004
20090514,18632.87856
20090513,21551.43134
20090512,18363.116970000003
20090511,29860.96347
20090508,13783.391549999998
20090507,12016.118699999999
20090506,19565.75857
20090505,17708.72158
20090504,17087.99614
20090429,12123.19938
20090428,14947.28
20090427,18001.8896
20090424,17221.82992
20090423,15676.06248
20090422,16090.569550000002
20090421,21644.86818
20090420,19770.06422
20090417,29971.68735
20090416,30319.45168
20090415,28505.958450000006
20090413,21757.990560000002
20090409,19816.19841
20090408,15900.245820000002
20090406,21410.5977
20090402,25250.474100000003
20090401,21145.79236
20090331,27167.215690000005
20090330,17688.57465
20090327,20269.842320000003
20090326,21110.948640000002
20090325,17166.825539999998
20090324,24464.673
20090323,18430.64945
20090320,12780.2556
20090319,14633.07
20090318,11480.025000000001
20090317,18044.79499
20090316,12245.20388
20090313,13434.903299999998
20090312,14172.582880000002
20090309,15751.494900000002
20090306,17675.3344
20090305,25933.28712
20090304,20540.3032
20090303,18435.95016
20090302,13836.925439999999
20090227,16396.94198
20090226,12886.79424
20090225,11228.32233
20090224,12430.86945
20090220,14288.796479999999
20090219,13309.63236
20090218,15247.724999999999
20090217,12849.69068
20090216,15727.13055
20090213,10575.169500000002
20090212,12173.26752
20090211,11846.464000000002
20090210,12284.2174
20090209,10020.527699999999
20090206,8297.73035
20090205,11642.54247
20090204,12002.59
20090203,17219.823239999998
20090202,17129.93379
20090130,20739.53506
20090129,23933.75562
20090128,23120.875399999997
20090127,18496.16775
20090123,28926.165999999997
20090122,17044.141929999998
20090121,14460.884479999997
20090120,13507.573849999999
20090119,18632.354330000002
20090116,7187.64543
20090115,13898.489549999998
20090114,12111.81012
20090113,18887.900219999996
20090112,34172.7914
20090109,20096.95094
20090107,28768.129950000002
20090106,22237.607949999998
20090105,18518.0976
20090102,18312.5805
20090101,16109.32332
20081231,21142.914719999997
20081230,22098.29276
20081229,20879.44155
20081226,22104.6709
20081224,17631.770099999998
20081223,19794.73111
20081222,19510.270379999998
20081219,30741.355039999995
20081218,37390.523590000004
20081217,25166.73432
20081216,25657.9356
20081215,37356.162599999996
20081212,25477.08371
20081211,33447.628039999996
20081210,28573.693440000003
20081208,24570.11232
20081205,36401.6694
20081204,32299.449919999995
20081203,35455.70658
20081202,27936.33076
20081201,32788.82108
20081128,18120.6214
20081126,30870.977549999996
20081125,32187.647520000002
20081124,37088.2828
20081121,26409.720329999996
20081120,21550.47024
20081119,20932.285499999998
20081118,21143.7772
20081117,17703.85712
20081114,26058.818720000003
20081112,36368.9066
20081111,18857.98
20081110,14317.843190000001
20081107,25256.24856
20081106,27392.1879
20081105,38868.3702
20081104,29702.869140000003
20081103,21441.48016
20081031,24055.032779999998
20081029,16490.53136
20081028,3859.8579
20081027,30509.81668
20081024,39482.03896
20081023,32009.84838
20081022,21602.22684
20081021,25630.93124
20081020,29673.461649999997
20081017,25905.86514
20081016,34231.248
20081015,22518.18744
20081014,29105.4351
20081013,19181.10714
20081010,29929.250959999998
20081008,24379.68282
20081007,28590.0764
20081006,16910.075
20081003,22262.70288
20081001,28201.647689999994
20080930,24733.023419999998
20080929,17434.35029
20080926,21592.6928
20080925,17396.13062
20080924,18704.55474
20080923,21552.76368
20080922,19146.13838
20080919,31147.769129999997
20080918,30152.28776
20080917,28351.776500000004
20080916,34510.4142
20080915,19406.650560000002
20080912,24962.827439999997
20080911,16231.848880000003
20080910,17883.468800000002
20080909,16930.04784
20080908,16939.955299999998
20080905,24503.23713
20080904,24490.641279999996
20080902,29569.225
20080901,16773.68448
20080829,25182.316940000004
20080828,13900.89855
20080827,10231.651380000001
20080826,12729.45723
20080825,11299.598520000001
20080822,18696.488999999998
20080821,20268.335349999998
20080820,10692.736319999998
20080819,12406.4088
20080818,17545.44611
20080814,18137.925
20080813,17027.85457
20080812,19361.490459999997
20080811,16317.327600000002
20080808,20331.45565
20080807,21397.34129
20080806,31266.097460000005
20080805,23368.050799999997
20080804,17907.100960000003
20080801,23188.02339
20080731,14799.343519999999
20080730,11995.02408
20080729,23757.63375
20080728,17604.75468
20080725,16642.288
20080724,24789.33
20080723,17349.965360000002
20080722,16569.06975
20080721,14546.637359999999
20080718,13126.475699999999
20080717,12065.3829
20080716,10625.382599999999
20080715,9133.843920000001
20080714,11437.03976
20080711,8957.542109999999
20080710,9791.91936
20080709,8649.55115
20080708,11443.768399999999
20080707,7086.41416
20080704,9170.8767
20080703,14674.65858
20080702,10736.37201
20080701,8433.83667
20080630,5895.40826
20080627,8333.44861
20080626,8389.44569
20080625,9328.02624
20080624,10682.45982
20080623,9729.48429
20080620,11524.214249999999
20080619,8144.547509999999
20080618,8705.398140000001
20080617,10694.4123
20080616,6121.563
20080613,9700.58811
20080612,12150.88617
20080611,7606.2236
20080610,9782.284529999999
20080609,7327.5732499999995
20080606,8394.33492
20080605,10519.80065
20080604,9108.189
20080603,9743.231160000001
20080602,12087.9864
20080530,8579.82696
20080529,10250.906239999998
20080528,11176.88952
20080527,12541.92576
20080526,8373.6122
20080523,12980.2325
20080522,8096.408740000001
20080521,7449.07572
20080520,6137.6231099999995
20080516,6939.604529999999
20080515,5085.7414
20080514,4640.026800000001
20080513,8652.69468
20080512,6328.686
20080509,8889.4796
20080508,6088.9104
20080507,11604.930859999999
20080506,8037.45631
20080505,14952.860729999999
20080502,13219.977319999998
20080430,7633.696
20080429,18619.189000000002
20080428,6008.5899899999995
20080425,13179.4092
20080424,8113.279339999999
20080423,9663.87898
20080422,7438.4608499999995
20080421,12094.37658
20080417,11701.61748
20080416,8142.839759999999
20080415,6766.526
20080411,10219.456
20080410,9639.99891
20080409,7344.462849999999
20080408,10284.810080000001
20080407,12351.29788
20080404,8541.74052
20080403,5312.28096
20080402,7273.137199999999
20080401,8570.47616
20080331,11570.971440000001
20080328,17872.30212
20080327,18044.05456
20080326,10242.01555
20080325,9623.205
20080324,9847.16082
20080319,12021.09486
20080318,15472.70802
20080317,12415.04496
20080314,14362.14552
20080313,17177.3906
20080312,22656.46383
20080311,12533.40725
20080310,14293.871489999998
20080307,14697.686520000001
20080305,18057.12448
20080304,17834.5989
20080303,19886.221749999997
20080229,39817.8135
20080228,11180.458079999999
20080227,6468.698060000001
20080226,6050.861279999999
20080225,31190.514880000002
20080222,7326.450709999999
20080221,9416.8842
20080220,6879.308129999999
20080219,5370.637349999999
20080218,7847.95857
20080215,17593.934839999998
20080214,5147.820540000001
20080213,8581.052129999998
20080212,7286.77854
20080211,9693.69108
20080208,11991.430999999999
20080207,18052.3785
20080206,9525.0864
20080205,7659.8550000000005
20080204,12296.74788
20080201,10176.61056
20080131,10617.953580000001
20080130,8721.13104
20080129,16644.4722
20080128,10856.6052
20080125,18092.28213
20080124,13497.0495
20080123,10247.62606
20080122,25701.9
20080121,24194.57766
20080118,13435.3866
20080117,14231.32128
20080116,15398.4949
20080115,13838.3889
20080114,20809.123
20080111,8938.15719
20080110,11807.57688
20080109,15811.486400000002
20080108,18620.6786
20080107,7646.3731800000005
20080104,5088.097760000001
20080103,7525.0807
20080102,12431.9955
20080101,4055.1404
20071231,5053.84872
20071228,4802.70762
20071227,5900.613810000001
20071226,8035.87362
20071224,6415.956
20071220,9756.28506
20071219,9740.84608
20071218,6895.56084
20071217,7920.86295
20071214,6990.00696
20071213,6046.6845299999995
20071212,5315.70176
20071211,9419.506879999999
20071210,6018.0743
20071207,11859.553380000001
20071206,14106.0192
20071205,13464.797840000001
20071204,16193.173919999997
20071203,8836.97472
20071130,18745.47322
20071129,14795.555760000001
20071128,10815.064540000001
20071127,13003.936000000002
20071126,16908.46272
20071123,13590.535
20071122,32332.569199999994
20071121,15172.652399999999
20071120,14171.980409999998
20071119,10766.6104
20071116,19782.313420000002
20071115,13037.41192
20071114,16285.442360000001
20071113,22452.966249999998
20071112,24011.096259999995
20071109,3979.3401899999994
20071108,27501.624320000003
20071107,22071.8871
20071106,19087.23246
20071105,32334.711839999996
20071102,36860.22582
20071101,16529.724560000002
20071031,15679.4442
20071030,36968.650420000005
20071029,32528.49243
20071026,34972.278040000005
20071025,16553.34525
20071024,28481.257439999998
20071023,14111.81604
20071022,13396.674719999999
20071019,16860.23262
20071018,21651.514639999998
20071017,20931.98548
20071016,25230.4057
20071015,25560.836799999997
20071012,15490.16995
20071011,17431.72431
20071010,31205.88624
20071009,20934.81852
20071008,16367.99628
20071005,18258.24424
20071004,21827.35808
20071003,17204.44805
20071001,16498.623679999997
20070928,22686.4281
20070927,16702.3143
20070926,20950.44728
20070925,9249.694739999999
20070924,8823.746340000002
20070921,11294.75898
20070920,10661.06052
20070919,17597.71739
20070918,17344.27618
20070917,8515.143629999999
20070914,11183.8482
20070913,16425.18196
20070912,6959.825540000001
20070911,9717.01269
20070910,11327.9967
20070907,12665.84381
20070906,16346.73201
20070905,13680.84734
20070904,12520.50576
20070903,9102.1093
20070831,17429.02338
20070830,14278.37088
20070829,19160.90026
20070828,12957.8692
20070827,17461.371199999998
20070824,20766.876170000003
20070823,19539.85112
20070822,23809.6824
20070821,19516.67144
20070820,9361.13552
20070817,30039.38
20070816,17384.963539999997
20070814,15176.40751
20070813,13004.96176
20070810,18395.336750000002
20070809,15671.85211
20070808,12707.6754
20070807,20015.514
20070806,34809.0795
20070803,17979.0576
20070802,28153.724
20070801,26823.309149999997
20070731,43917.8745
20070730,28066.70825
20070727,22634.77633
20070726,7589.571
20070725,11471.8207
20070724,9461.97003
20070723,5130.39316
20070720,7695.02283
20070719,7793.28428
20070718,7559.457839999999
20070717,16204.276200000002
20070716,17078.049800000004
20070713,7313.9313600000005
20070712,5114.50128
20070711,8242.2488
20070710,8516.71678
20070709,11044.81516
20070706,17160.97512
20070705,16017.102
20070704,16206.134550000002
20070703,24539.07024
20070702,11672.94608
20070629,24171.625799999998
20070628,16853.383230000003
20070627,14644.497000000001
20070626,9951.1797
20070625,11355.07436
20070622,21138.9815
20070621,18356.700109999998
20070620,16744.926
20070619,11822.8796
20070618,9374.34934
20070615,11911.80725
20070614,8756.434799999999
20070613,12802.931600000002
20070612,14802.48754
20070611,8427.267839999999
20070608,17625.154140000002
20070607,18966.78141
20070606,17057.85696
20070605,14621.272280000001
20070604,15115.637749999998
20070601,15438.40896
20070531,12908.316420000001
20070530,14302.34612
20070529,9125.1036
20070528,7742.513150000001
20070525,11117.010540000001
20070524,9876.042
20070523,14962.18785
20070522,12565.314110000001
20070521,9395.5722
20070518,13099.128
20070517,18896.30138
20070516,24098.09864
20070515,19292.22684
20070514,12988.447290000002
20070511,12328.36864
20070510,10239.128190000001
20070509,14747.08642
20070508,10200.7152
20070507,5015.3180999999995
20070504,10306.43315
20070503,4306.40776
20070430,10022.9578
20070427,11900.00367
20070426,7105.280000000001
20070425,8594.515539999999
20070424,27836.470859999998
20070423,6066.11148
20070420,13733.683610000002
20070419,14803.19032
20070418,6072.9452200000005
20070417,6459.4642
20070416,5643.43284
20070413,9064.9416
20070412,4788.58628
20070411,6555.62796
20070410,7287.27552
20070409,6554.60906
20070405,7389.1272
20070404,6043.032029999999
20070403,9056.177459999999
20070402,7627.20422
20070330,6001.93875
20070329,7127.13243
20070328,6760.44992
20070326,6490.174999999999
20070323,7764.723399999999
20070322,17436.32585
20070321,8520.28366
20070320,8171.42865
20070319,6406.8819
20070316,12216.79251
20070315,11443.92975
20070314,5431.5468200000005
20070313,5685.52653
20070312,6614.661160000001
20070309,11387.17125
20070308,13124.446859999998
20070307,7694.486249999999
20070306,6913.10275
20070305,11570.73581
20070302,9749.40376
20070301,8474.158099999999
20070228,14922.024
20070227,8783.490950000001
20070226,6483.46534
20070223,9113.87492
20070222,6233.27216
20070221,5951.371999999999
20070220,4947.16644
20070219,4048.99464
20070215,4326.81552
20070214,14835.114360000001
20070213,6311.75384
20070212,7724.697760000001
20070209,9656.325
20070208,7368.4875
20070207,4146.03536
20070206,5941.064780000001
20070205,9059.923859999999
20070202,11510.945310000001
20070201,23037.44788
20070131,13013.454600000001
20070129,4451.01567
20070125,6337.447220000001
20070124,8835.10599
20070123,18443.6939
20070122,3006.46045
20070119,5211.02232
20070118,6688.5694
20070117,6563.16472
20070116,6237.539220000001
20070115,5674.198
20070112,11070.673
20070111,10623.75405
20070110,7667.993849999999
20070109,10870.625350000002
20070108,4973.64384
20070105,7351.935750000001
20070104,4587.73062
20070103,3737.53344
20070102,2449.632
20061229,3830.6984899999998
20061228,5228.142599999999
20061227,4861.5262
20061226,6674.77926
20061222,5879.71085
20061221,11474.3076
20061220,10503.954000000002
20061219,16519.56912
20061218,16660.05489
20061215,7668.55548
20061214,7356.0841199999995
20061213,13094.94732
20061212,18061.66826
20061211,21925.98832
20061208,10912.93045
20061207,7136.63716
20061206,6631.279950000001
20061205,7264.7609999999995
20061204,8028.727350000001
20061201,12020.005719999997
20061130,5684.8132
20061129,11129.1104
20061128,8560.91933
20061127,6345.146639999999
20061124,6430.68054
20061123,9971.94232
20061122,8271.480969999999
20061121,6261.536160000001
20061120,12614.920380000001
20061117,19514.73341
20061116,27123.16872
20061115,16146.32714
20061114,8445.25584
20061113,3532.32551
20061110,8055.371749999999
20061109,6264.95436
20061108,16559.40957
20061107,5419.1684399999995
20061106,5369.7595599999995
20061103,6307.5817
20061102,5363.76438
20061101,6685.833600000001
20061031,10493.519360000002
20061030,8473.0677
20061027,6500.561500000001
20061026,8700.50064
20061023,2213.6802000000002
20061021,693.6465000000001
20061020,3251.75405
20061019,5477.29728
20061018,4851.636
20061017,4810.5466799999995
20061016,5709.11258
20061013,3391.73902
20061012,5768.182159999999
20061011,3681.59552
20061010,3363.5409000000004
20061009,4380.83231
20061006,3587.4639
20061005,7800.5607199999995
20061004,7346.713839999999
20061003,7864.745900000001
20060929,8835.17302
20060928,16285.6175
20060927,10742.3321
20060926,11880.052800000001
20060925,5000.011100000001
20060922,6398.1230000000005
20060921,4170.79642
20060920,6495.06156
20060919,6588.96118
20060918,7001.6498
20060915,5847.101589999999
20060914,8679.66345
20060913,13624.3467
20060912,8005.922210000001
20060911,4790.1219
20060908,6012.6129
20060907,3879.68503
20060906,4985.83668
20060905,6311.556339999999
20060904,4045.19946
20060901,5444.222400000001
20060831,7972.8453
20060830,7337.58194
20060829,5360.66486
20060828,8564.6022
20060825,16685.69094
20060824,6404.7822
20060823,11645.03706
20060822,4673.1025
20060821,7554.45168
20060818,7314.13628
20060817,9059.39316
20060816,8531.487379999999
20060814,5624.208
20060811,6072.39666
20060810,9757.60097
20060809,13585.53219
20060808,11932.86225
20060807,11367.660479999999
20060804,15958.21944
20060803,14992.59456
20060802,8435.7636
20060801,13943.28304
20060731,14542.749760000002
20060728,28805.547720000002
20060727,32168.5836
20060726,7420.662130000001
20060725,13418.3928
20060724,14915.63108
20060721,4826.93972
20060720,9768.06196
20060719,6752.854049999999
20060718,6680.0349
20060717,5175.73661
20060714,9524.973600000001
20060713,6513.112319999999
20060712,7337.6533
20060711,7278.386219999999
20060710,8524.810879999999
20060707,8060.38572
20060706,7449.637859999999
20060705,7566.6648
20060704,12441.5577
20060703,7879.300080000001
20060630,9715.83835
20060629,12118.639260000002
20060628,11137.1998
20060627,9622.7742
20060626,8377.05704
20060625,1880.81621
20060623,10200.83526
20060622,15177.912
20060621,15907.033889999999
20060620,12175.87284
20060619,10805.02842
20060616,11050.412760000001
20060615,9675.3475
20060614,14706.049
20060613,16595.14775
20060612,11613.080999999998
20060609,14868.226890000002
20060608,9374.977840000001
20060607,13292.7548
20060606,17743.75848
20060605,7611.266
20060602,7974.6605
20060601,9352.25298
20060531,8501.70752
20060530,5666.032
20060529,6172.83106
20060526,6765.3396
20060525,8418.42101
20060524,9387.764850000001
20060523,7296.1849
20060522,9539.024779999998
20060519,23545.683419999998
20060518,21444.017079999998
20060517,9458.366399999999
20060516,7937.485049999999
20060515,8205.03859
20060512,6938.4714
20060511,7607.09696
20060510,16002.649500000001
20060509,10927.72417
20060508,5274.77886
20060505,7588.21202
20060504,10094.31558
20060503,18486.8112
20060502,9927.31056
20060429,2412.50425
20060428,10812.299799999999
20060427,12074.06962
20060426,10917.29408
20060425,14888.79945
20060424,12606.726980000001
20060421,10129.479360000001
20060420,7651.102950000001
20060419,9197.74687
20060418,18477.447210000002
20060417,18248.679900000003
20060413,21918.42462
20060412,13493.84196
20060410,18212.4816
20060407,14599.029939999999
20060405,8326.43118
20060404,15507.29817
20060403,7208.55699
20060331,10645.945310000001
20060330,12892.103620000002
20060329,6759.080640000001
20060328,9903.13608
20060327,12737.07695
20060324,18832.94588
20060323,31678.96628
20060322,21678.02054
20060321,17829.67263
20060320,8448.64881
20060317,14966.57472
20060316,15674.5966
20060314,78002.70903
20060313,19985.40192
20060310,21400.775449999997
20060309,17518.08292
20060308,21416.06745
20060307,19398.953700000002
20060306,6747.96368
20060303,13056.50916
20060302,19575.98812
20060301,13410.47505
20060228,21801.12784
20060227,10989.880000000001
20060224,14789.44005
20060223,12136.52462
20060222,8699.31867
20060221,6466.655999999999
20060220,10308.925220000001
20060217,7385.045299999999
20060216,7768.03384
20060215,8244.8398
20060214,10045.33344
20060213,7181.247600000001
20060210,10355.70528
20060208,11373.195679999999
20060207,14788.036399999999
20060206,13405.3998
20060203,14018.316299999999
20060202,19650.5055
20060201,15708.127499999999
20060131,16832.5025
20060130,19787.41248
20060127,14811.338920000002
20060125,23145.262
20060124,12194.6106
20060123,7760.37482
20060120,11132.506840000002
20060119,12338.559449999999
20060118,18600.75
20060117,11596.0894
20060116,14705.1333
20060113,15750.345940000001
20060112,22750.74829
20060110,21865.0057
20060109,15638.078099999999
20060106,17548.085170000002
20060105,31054.284819999997
20060104,12642.600799999998
20060103,11622.49536
20060102,15397.90436
20051230,14868.95191
20051229,15263.1414
20051228,21666.18476
20051227,17350.327500000003
20051226,17970.652
20051223,16105.210439999999
20051222,18849.7824
20051221,26011.80944
20051220,20128.98762
20051219,17405.322
20051216,42853.40309000001
20051215,17262.55728
20051214,19728.469399999998
20051213,20095.976609999998
20051212,12787.7809
20051209,9037.59318
20051208,13170.35498
20051207,13790.2693
20051206,22131.933620000003
20051205,16838.297679999996
20051202,20705.20208
20051201,20026.102909999998
20051130,20850.16746
20051129,23323.65784
20051128,17363.721
20051126,5803.910529999999
20051125,16343.376
20051124,18983.88936
20051123,28476.97115
20051122,33186.92732
20051121,18181.309380000002
20051118,16146.028639999999
20051117,25078.18274
20051116,14592.696839999999
20051114,19897.11812
20051111,22588.749659999998
20051110,25219.642799999998
20051109,32366.64312
20051108,23940.757899999997
20051107,16913.606320000003
20051102,21826.7056
20051101,4269.442800000001
20051031,17437.11584
20051028,28741.105260000004
20051027,46654.6824
20051026,18826.1427
20051025,40857.3275
20051024,22793.608750000003
20051021,25741.63556
20051020,43851.39876
20051019,34818.672
20051018,19412.11536
20051017,32259.203429999998
20051014,24435.159
20051013,25215.17711
20051011,32697.73284
20051010,22101.9305
20051007,27179.608860000004
20051006,16622.829999999998
20051005,12585.6388
20051004,11225.45232
20051003,13984.73108
20050930,17643.415999999997
20050929,15055.54116
20050928,14474.906159999999
20050927,19972.201979999998
20050926,10593.80211
20050923,23497.41616
20050922,24246.232500000002
20050921,25928.639530000004
20050920,13750.99828
20050919,10903.98329
20050916,11739.94335
20050915,14753.367750000001
20050914,32271.48846
20050913,13657.335579999999
20050912,7532.29776
20050909,12628.9416
20050908,5325.8711
20050906,15905.175
20050905,4889.8377
20050902,7780.727099999999
20050901,6078.236640000001
20050831,4993.04601
20050830,7023.962399999999
20050829,5085.00352
20050826,5910.043299999999
20050825,9198.97092
20050824,10976.144180000001
20050823,8309.95479
20050822,6700.47283
20050819,7960.7411
20050818,10585.00352
20050817,9357.51978
20050816,6901.53365
20050812,12115.6134
20050811,15870.829199999998
20050810,12352.9148
20050809,14259.907199999998
20050808,9418.04703
20050805,8975.530079999999
20050804,10816.585560000001
20050803,18474.3712
20050802,14207.377530000002
20050801,9889.30096
20050729,30493.50024
20050727,12869.92548
20050726,22127.115999999998
20050725,13144.1898
20050722,6011.004959999999
20050721,6991.41618
20050720,7831.105279999999
20050719,6390.372799999999
20050718,4168.75085
20050715,6866.382299999999
20050714,8430.55342
20050713,13187.7554
20050712,10520.20112
20050711,7805.272069999999
20050708,10505.560449999999
20050707,15632.187199999998
20050706,10106.43805
20050705,12123.28896
20050704,8965.583250000001
20050701,21866.3483
20050630,9580.4339
20050629,9495.60324
20050628,12146.6461
20050627,8877.96848
20050624,13000.94058
20050623,19942.876
20050622,9174.52585
20050621,8040.140090000001
20050620,10603.064989999999
20050617,7867.417200000001
20050616,8393.12655
20050615,7718.38366
20050614,8737.259440000002
20050613,5694.21333
20050610,10289.3661
20050609,7160.103499999999
20050608,10133.08307
20050607,9418.9578
20050606,15300.455520000001
20050604,5415.91622
20050603,7817.6134999999995
20050602,10448.2273
20050601,7397.223960000001
20050531,9018.87615
20050530,10202.833349999999
20050527,14510.786899999997
20050526,18242.361539999998
20050525,21597.201320000004
20050524,11218.94433
20050523,8563.608199999999
20050520,28818.091139999997
20050519,9984.4638
20050518,22771.410799999998
20050517,9341.552880000001
20050516,6671.505749999999
20050513,6582.55712
20050512,5069.29532
20050511,6529.29972
20050510,10166.199400000001
20050509,6044.6784
20050506,10085.0784
20050505,9379.32117
20050504,11966.764319999998
20050503,21784.2426
20050502,13525.66255
20050429,14049.02252
20050428,20115.738
20050427,6612.843599999999
20050426,8722.4364
20050425,9140.635189999999
20050422,14293.998239999999
20050421,11666.584420000001
20050420,16364.59162
20050419,11415.61547
20050418,11896.86348
20050415,12207.481000000002
20050413,6373.352040000001
20050412,10277.17446
20050411,8292.971
20050408,11675.54076
20050407,7580.8870400000005
20050406,10746.36459
20050405,12993.347639999998
20050404,8516.7349
20050401,13910.309839999998
20050331,12868.5728
20050330,25051.918080000003
20050329,19313.33166
20050328,13970.494789999999
20050324,33786.30195
20050323,25415.32114
20050322,20379.03967
20050321,10207.76625
20050318,20009.74876
20050317,14629.38414
20050316,13670.019449999998
20050315,16294.037299999998
20050314,15313.29678
20050311,20805.2229
20050310,27659.924760000005
20050309,17437.54002
20050308,12774.52928
20050307,20488.43823
20050304,17633.803050000002
20050303,18887.765760000002
20050302,17461.76796
20050301,31890.766979999997
20050228,49043.15532
20050225,16416.82542
20050224,26335.71588
20050223,17980.713150000003
20050222,24032.9
20050221,22549.33428
20050218,13640.0943
20050217,20267.94247
20050216,19051.51101
20050215,11161.37918
20050214,12757.860779999999
20050211,8029.01826
20050210,13686.12805
20050209,11669.0467
20050208,12757.900539999999
20050207,11132.25664
20050204,22328.45812
20050203,20860.1434
20050202,21587.58
20050201,12212.373459999999
20050131,16195.75888
20050128,31906.14672
20050127,6219.9926000000005
20050125,8470.0497
20050124,7032.51908
20050120,10154.51785
20050119,9818.51272
20050118,13370.3369
20050117,14973.89265
20050114,16612.01025
20050113,10944.101560000001
20050112,15374.2692
20050111,16916.13166
20050110,13475.53235
20050107,12571.25172
20050106,27439.6164
20050105,30453.82971
20050104,11883.3155
20050103,12082.75174
20041231,19350.43488
20041230,15922.73853
20041229,8609.2743
20041228,11922.6135
20041227,8064.955499999999
20041224,11611.66981
20041223,11149.45548
20041222,10325.66888
20041221,10471.3629
20041220,7056.47085
20041217,10792.822760000001
20041216,10275.588580000001
20041215,9195.5306
20041214,16626.89658
20041213,14048.73216
20041210,21427.83414
20041209,24871.9001
20041208,23627.02972
20041207,11364.124600000001
20041206,13341.837599999999
20041203,15139.409039999999
20041202,30614.36708
20041201,15816.613120000002
20041130,8342.137439999999
20041129,5343.99534
20041125,8481.182079999999
20041124,5726.1442799999995
20041123,6801.309359999999
20041122,7956.4259600000005
20041119,11215.702560000002
20041118,9036.05794
20041117,8389.07784
20041116,9866.4245
20041112,1579.99756
20041111,3874.8379800000002
20041110,4716.6686
20041109,5150.94402
20041108,7515.5212
20041105,12710.730239999999
20041104,5884.10005
20041103,12744.223800000002
20041102,6088.41417
20041101,10056.59556
20041029,5785.2584
20041028,4136.02
20041027,6766.816
20041026,14332.92744
20041025,7939.22008
20041021,7689.4301399999995
20041020,4967.67516
20041019,5327.8834799999995
20041018,6415.50228
20041015,7779.588099999999
20041014,5396.64944
20041012,6926.50556
20041011,6087.30195
20041009,2642.64158
20041008,13544.13045
20041007,11303.210159999999
20041006,13963.54947
20041005,14912.644319999998
20041004,6274.02952
20041001,6481.35657
20040930,8351.01333
20040929,9349.63641
20040928,7521.166399999999
20040927,5536.8836
20040924,11030.890640000001
20040923,11621.0844
20040922,11295.835009999999
20040921,6012.82968
20040920,9181.88256
20040917,13588.2069
20040916,7705.01823
20040915,10501.31355
20040914,5604.693010000001
20040913,9702.1216
20040910,10516.29691
20040909,8323.46526
20040908,8971.9691
20040907,15002.740280000002
20040906,6598.378919999999
20040903,18142.32778
20040902,14656.711290000001
20040901,10530.556600000002
20040831,7031.04654
20040830,6481.0976
20040827,9426.832339999999
20040826,7178.507390000001
20040825,9717.546059999999
20040824,8335.60278
20040823,11610.686999999998
20040820,10195.57712
20040819,12691.36512
20040818,12768.80256
20040817,11155.96417
20040816,10343.473160000001
20040813,16464.221100000002
20040812,13217.9965
20040811,13802.69147
20040810,19872.99268
20040809,26982.57607
20040806,24061.68645
20040805,8710.28704
20040804,10060.92336
20040803,13555.16043
20040802,9268.78416
20040730,14510.96739
20040729,16177.364639999998
20040728,18720.7349
20040727,32801.80176
20040726,16891.50804
20040723,12614.74715
20040722,20573.347049999997
20040721,6934.2552
20040720,8342.96211
20040719,8747.24576
20040716,12727.23711
20040715,12079.15206
20040714,13463.05904
20040713,7973.34975
20040712,8900.69043
20040709,12905.291519999999
20040708,29535.310500000003
20040707,18103.72212
20040706,16194.530539999998
20040705,18067.07365
20040702,25664.27094
20040701,22267.339559999997
20040630,25789.3479
20040629,26223.243639999997
20040628,24813.734399999998
20040625,24399.260110000003
20040624,28923.006120000002
20040623,29551.189860000002
20040622,26835.57891
20040621,28222.375040000003
20040618,24237.831990000002
20040617,22801.8671
20040616,19394.88231
20040615,20142.4386
20040614,19707.9048
20040611,10118.99844
20040610,13498.980029999999
20040609,17357.7008
20040608,13325.38922
20040607,15914.048320000002
20040604,19765.1675
20040603,27317.51814
20040602,20616.0374
20040601,23828.72156
20040531,25032.39912
20040528,42942.24725
20040527,15904.90275
20040526,15474.74895
20040525,15395.7216
20040524,16743.42436
20040521,20138.184
20040520,23900.75946
20040519,32089.59194
20040518,20286.31492
20040517,18270.29868
20040514,53669.07088000001
20040513,38074.39101
20040512,32742.054569999997
20040511,27616.790399999998
20040510,16873.838
20040507,16888.57302
20040506,12046.321759999999
20040505,12489.24597
20040504,20227.8285
20040503,26621.68612
20040430,17642.31003
20040429,18328.830410000002
20040428,21941.661119999997
20040427,22998.339999999997
20040423,19565.2615
20040422,17608.89078
20040421,15368.060880000003
20040420,13587.8535
20040419,18343.98
20040417,6896.83185
20040416,15264.30495
20040415,24812.91584
20040413,21402.867989999995
20040412,16239.3908
20040408,36579.009600000005
20040407,23794.79284
20040406,34001.526
20040405,20650.305279999997
20040402,26076.5568
20040401,22009.4622
20040331,18864.63037
20040330,22452.64536
20040329,29044.049370000004
20040326,24409.18854
20040325,19960.09218
20040324,17343.311700000002
20040323,19736.929539999997
20040322,15896.24608
20040319,20430.73921
20040318,20398.90514
20040317,19989.405
20040316,30274.99
20040315,24176.44056
20040312,23632.36266
20040311,25014.888800000004
20040310,32410.53881
20040309,38646.367470000005
20040308,18557.3513
20040305,29517.08094
20040304,40128.007079999996
20040303,25679.349299999998
20040301,19389.00222
20040227,27363.00399
20040226,23016.267079999998
20040225,23926.996079999997
20040224,26985.628109999998
20040223,21919.005780000003
20040220,34868.8365
20040219,26788.063199999997
20040218,22180.89824
20040217,24075.0916
20040216,28821.73392
20040213,22852.7406
20040212,24865.21264
20040211,31015.24812
20040210,38081.28355
20040209,29824.29865
20040206,28858.264020000002
20040205,45379.444390000004
20040204,49365.24978
20040203,41170.76359999999
20040130,45247.76494
20040129,37438.17336
20040128,46517.52575
20040127,26250.75453
20040123,41322.707579999995
20040122,41975.403119999995
20040121,37446.77675
20040120,32819.92398
20040119,22225.10696
20040116,40401.724440000005
20040115,40060.092399999994
20040114,27921.372839999996
20040113,20672.600959999996
20040112,33310.96769
20040109,46282.61638
20040108,22803.61266
20040107,31967.67252
20040106,41678.902259999995
20040105,28542.094339999996
20040102,11500.47811
20040101,26253.304
20031231,16477.3556
20031230,21820.681500000002
20031229,11564.107800000002
20031226,12223.003840000001
20031224,11095.21782
20031223,14577.95598
20031222,14788.34112
20031219,12159.69198
20031218,4869.8512
20031217,6564.907200000001
20031216,10559.7225
20031215,9977.047199999999
20031212,9873.90651
20031211,8922.578689999998
20031210,6647.840400000001
20031209,4832.451959999999
20031208,5196.435930000001
20031205,7493.22048
20031204,7698.02318
20031203,10737.739409999998
20031202,13087.529639999999
20031201,6302.81778
20031128,7454.963339999999
20031127,9992.35342
20031125,4932.0109999999995
20031124,5548.92155
20031121,10456.1082
20031120,6296.9764000000005
20031119,6939.32954
20031118,7894.722479999999
20031117,7085.59031
20031115,3944.9432999999995
20031114,12060.1872
20031113,9830.26828
20031112,10830.81745
20031111,9300.02125
20031110,10882.55571
20031107,13510.57815
20031106,9984.67288
20031105,12438.85456
20031104,20463.712890000003
20031103,22632.604799999997
20031031,22085.33139
20031030,26409.25122
20031029,13966.815
20031028,21475.59
20031027,18654.627839999997
20031025,6248.107260000001
20031024,29988.080149999998
20031023,19811.71755
20031022,21739.4247
20031021,33805.52252
20031020,16066.401140000002
20031017,16951.61394
20031016,24430.796919999997
20031015,17591.25085
20031014,17633.097859999998
20031013,15426.908290000001
20031010,11259.57582
20031009,12946.2305
20031008,23701.10956
20031007,13045.370359999999
20031006,13406.94639
20031003,9017.60596
20031001,11934.124860000002
20030930,13125.464220000002
20030929,11144.801879999999
20030926,11852.134689999999
20030925,14531.84446
20030924,12229.18776
20030923,17726.07424
20030922,11636.72444
20030919,20344.206199999997
20030918,21169.44666
20030917,12967.97084
20030916,13831.20336
20030915,10831.47516
20030912,10618.572750000001
20030911,15167.80672
20030910,9558.83128
20030909,14383.856160000001
20030908,7816.31984
20030905,7024.2144
20030904,9523.36388
20030903,13423.893479999999
20030902,10901.532000000001
20030901,9780.00147
20030829,14538.82956
20030828,16766.331149999998
20030827,26250.01984
20030826,16467.8805
20030825,19883.010280000002
20030822,14351.163540000001
20030821,17923.47444
20030820,13027.878
20030819,8088.790929999999
20030818,9434.73975
20030814,17255.801959999997
20030813,18567.54966
20030812,21998.59818
20030811,19084.8602
20030808,13868.2336
20030807,20748.46056
20030806,19970.4771
20030805,18458.301059999998
20030804,16742.31697
20030801,16002.63349
20030731,19682.2808
20030730,14922.48825
20030729,14884.6432
20030728,16261.61164
20030725,19637.467200000003
20030724,16410.55688
20030723,13171.97511
20030722,13654.335749999998
20030721,9627.05376
20030718,14314.33296
20030717,24842.0664
20030716,13051.48684
20030715,15272.69484
20030714,10015.36669
20030711,10745.86496
20030710,5643.20042
20030709,6586.121999999999
20030708,3486.7751400000006
20030707,4470.77466
20030704,9203.189729999998
20030703,13066.30602
20030702,8163.0522
20030701,5795.5986
20030630,12302.271539999998
20030627,6984.6107999999995
20030626,15677.811249999999
20030625,19777.306119999997
20030624,8068.27318
20030623,6635.0113
20030620,10436.396200000001
20030619,26126.389959999997
20030618,5521.19796
20030617,7885.097
20030616,8018.946000000001
20030613,9242.44567
20030612,7048.6730099999995
20030611,4731.06028
20030610,9466.02302
20030609,4496.40022
20030606,8659.21702
20030605,13091.117129999999
20030604,8799.61803
20030603,7401.931200000001
20030602,5765.7582600000005
20030530,6609.240000000001
20030529,18307.53727
20030528,8574.43965
20030527,7073.52925
20030526,7457.043
20030523,11114.226519999998
20030522,4606.44491
20030521,8673.21608
20030520,5267.5398399999995
20030519,12468.865000000002
20030516,8043.98643
20030515,4183.4212
20030514,5836.24548
20030513,2185.9155499999997
20030512,3216.04328
20030509,1410.1126
20030508,785.2900000000001
20030507,1356.93716
20030506,1911.98255
20030505,913.19463
20030502,859.8885399999999
20030430,1923.2812800000002
20030429,5937.4929600000005
20030428,2169.6505199999997
20030425,2730.63871
20030424,1856.3995200000002
20030423,1325.23644
20030422,1892.88073
20030421,1278.7488999999998
20030417,2193.4739999999997
20030416,2590.4659200000006
20030415,1452.28956
20030411,2320.47
20030410,2617.9647999999997
20030409,2600.6705399999996
20030408,1429.77276
20030407,1182.4896
20030404,2392.95606
20030403,1252.6531200000002
20030402,1410.3718199999998
20030401,1589.3167500000002
20030331,4345.6927000000005
20030328,2668.0339
20030327,1879.9482
20030326,2381.47275
20030325,2469.84499
20030324,2833.0852000000004
20030322,1140.51679
20030321,3299.08572
20030320,2924.00556
20030319,1729.21749
20030317,2098.56532
20030313,2060.1127399999996
20030312,5493.00769
20030311,4853.05142
20030310,3469.5049599999998
20030307,3497.3020899999997
20030306,5450.2976
20030305,4792.94676
20030304,4452.36736
20030303,7646.0511
20030228,24333.51158
20030227,8134.3652
20030226,9386.320139999998
20030225,3936.79776
20030224,8037.725590000001
20030221,5376.348639999999
20030220,7992.242249999999
20030219,8286.225199999999
20030218,7666.84556
20030217,6183.704360000001
20030214,4029.27615
20030212,20337.30504
20030211,3808.823
20030210,3970.41782
20030207,13063.77281
20030206,15045.7554
20030205,3730.6920800000003
20030204,8981.8174
20030203,4945.6736
20030131,5162.547570000001
20030130,5570.84904
20030129,10871.76444
20030128,3959.43744
20030127,3170.7961600000003
20030124,5786.520799999999
20030123,4715.671950000001
20030122,5015.680650000001
20030121,7158.37355
20030120,3410.16585
20030117,6326.1993600000005
20030116,2425.3189200000006
20030115,2387.52549
20030114,1640.42826
20030113,2664.48428
20030110,5951.778560000001
20030109,4341.20908
20030108,2156.17755
20030107,2356.5124499999997
20030106,3069.10422
20030103,3711.7785600000007
20030102,7394.82795
20030101,2586.53115
20021231,3003.1287599999996
20021230,3762.91629
20021227,5017.27905
20021226,5399.233560000001
20021224,6278.829110000001
20021223,4086.6508800000006
20021220,6639.500760000001
20021219,21638.559839999998
20021218,16173.81501
20021217,6033.87812
20021216,3548.4356300000004
20021213,2109.9518799999996
20021212,3687.7752000000005
20021211,7202.80722
20021210,2391.0852000000004
20021209,3763.2481999999995
20021206,6693.285510000001
20021205,1816.5495599999997
20021204,1823.7650800000001
20021203,3479.0861
20021202,2085.5736
20021129,4325.60854
20021128,4221.007199999999
20021127,7077.87396
20021126,2327.58885
20021125,1529.7282
20021122,4565.24768
20021121,341.63624999999996
20021120,854.5039800000001
20021118,504.01998000000003
20021115,405.23154
20021114,126.59295
20021113,142.00331
20021112,373.73358
20021111,198.8112
20021108,400.65795
20021107,675.64098
20021105,1473.79077
20021104,566.70595
20021101,1868.67967
20021031,228.8124
20021030,294.66524999999996
20021029,776.42484
20021028,195.63345999999999
20021025,486.36806
20021024,90.98137
20021023,134.8696
20021022,139.01162000000002
20021021,125.97480000000002
20021018,97.47982
20021017,86.87595
20021016,166.61594
20021014,68.63682
20021011,131.44944
20021010,102.14483999999999
20021009,95.61246999999999
20021008,132.2136
20021007,47.912969999999994
20021004,128.55927
20021003,255.47277000000003
20021001,278.0857
20020930,102.33432
20020927,100.8844
20020926,37.08164
20020925,195.23616
20020924,254.37865
20020923,141.8935
20020920,322.03026
20020919,178.62535
20020918,158.63338000000002
20020917,167.49863
20020916,117.45590999999999
20020913,124.24776
20020912,299.03664
20020911,80.94703
20020909,144.6718
20020906,644.35644
20020905,330.69564
20020904,348.50816000000003
20020903,255.90720000000002
20020902,1140.07369
20020830,1304.09752
20020829,380.37845
20020828,283.68898
20020827,207.40731
20020826,204.19920000000002
20020823,428.2596
20020822,258.57153
20020821,493.21302000000003
20020820,184.77812
20020819,249.21779999999998
20020816,114.15025
20020814,119.75840000000001
20020813,329.88268
20020812,201.24306
20020809,448.69538
20020808,231.07539
20020807,215.82746
20020806,394.32984
20020805,233.67960000000002
20020802,317.90042000000005
20020801,505.68573999999995
20020731,687.03422
20020730,578.9595899999999
20020729,559.7569
20020726,250.49586
20020725,407.30886
20020724,178.42503
20020723,384.3443
20020722,528.95355
20020719,311.10581
20020718,371.80472999999995
20020717,433.0206
20020716,331.27765
20020715,259.55762
20020712,260.70124999999996
20020711,1260.30474
20020710,818.60088
20020709,249.81
20020708,420.91875000000005
20020705,150.29916
20020704,305.97
20020703,316.56482
20020702,474.09463999999997
20020701,366.40125
20020628,756.26112
20020627,671.55985
20020626,343.19410000000005
20020625,492.29928000000007
20020624,824.96302
20020621,1391.47684
20020620,4200.11969
20020619,3223.11988
20020618,1373.8378500000001
20020617,2710.52694
20020614,658.11654
20020613,911.32416
20020612,4029.35499
20020611,1097.86204
20020610,505.80087999999995
20020607,623.09835
20020606,1531.34756
20020605,697.72131
20020604,137.22058
20020603,135.72864
20020531,341.31258
20020530,643.37662
20020529,288.76827
20020528,539.14932
20020527,354.0276
20020524,323.86984
20020523,601.4463999999999
20020522,542.19
20020521,946.24902
20020520,586.6155
20020517,659.23034
20020516,308.71493
20020515,434.98778
20020514,323.07128
20020513,185.84138000000002
20020510,238.99722
20020509,239.03946000000002
20020508,626.76318
20020507,335.99412
20020506,389.88706
20020503,512.1807600000001
20020502,369.7176
20020430,708.8734199999999
20020429,1828.7028000000003
20020426,1086.5599200000001
20020425,2225.4496
20020424,355.09424
20020423,316.25491
20020422,434.13822000000005
20020419,620.3806800000001
20020418,876.495
20020417,1281.80754
20020416,570.79463
20020415,1062.75011
20020412,2108.12253
20020411,2759.16121
20020410,999.8091900000001
20020409,894.5818800000001
20020408,3658.0837500000002
20020405,651.1475
20020404,1268.9955
20020403,804.5269000000001
20020402,1348.6002
20020401,3887.4198
20020328,1036.07127
20020327,623.3028
20020326,641.48054
20020322,665.1568
20020321,386.37375
20020320,485.24898
20020319,623.56672
20020318,1529.4741
20020315,1026.8496
20020314,616.41156
20020313,1091.2735
20020312,1477.5152699999999
20020311,1214.68684
20020308,1554.8832
20020307,1295.9635799999999
20020306,3169.9826000000003
20020305,2876.4112299999997
20020304,3007.44963
20020301,5658.879720000001
20020228,25441.667459999997
20020227,8218.15065
20020226,11700.045280000002
20020225,1532.04307
20020222,2204.36424
20020221,3381.8436300000003
20020220,4599.2172
20020219,2628.41027
20020218,3642.60996
20020215,3910.99184
20020214,10325.5815
20020213,7798.4159
20020212,3247.69206
20020211,3718.00425
20020208,9009.08688
20020207,13848.235320000002
20020206,8504.656149999999
20020205,3798.1316100000004
20020204,2488.3376
20020201,618.66548
20020131,1055.27184
20020130,2144.40128
20020129,1522.63592
20020128,2019.7117700000001
20020125,535.9961599999999
20020124,1423.3926800000002
20020123,910.0208000000001
20020122,1037.002
20020121,1206.53337
20020118,2830.2004199999997
20020117,826.14
20020116,1657.65556
20020115,929.2263499999999
20020114,3190.5138199999997
20020111,757.7717399999999
20020110,370.49985
20020109,1464.45441
20020108,247.73624999999996
20020107,478.3608
20020104,629.61255
20020103,1284.7296000000001
20020102,324.80328
20020101,188.01935999999998
20011231,307.12612
20011228,234.65077
20011227,331.54836
20011226,228.96143999999995
20011224,144.61384
20011221,314.10236
20011220,486.0226799999999
20011219,291.21549000000005
20011218,439.63574000000006
20011214,1621.9882400000001
20011213,890.0555400000001
20011212,647.9029800000001
20011211,764.8429799999999
20011210,293.3892
20011207,630.49923
20011206,457.78467000000006
20011205,419.88024
20011204,731.74608
20011203,565.5153
20011129,420.28556
20011128,1695.5265599999998
20011127,1772.4019199999998
20011126,494.86469999999997
20011123,464.672
20011122,462.27793
20011121,744.3520000000001
20011120,1384.02225
20011119,505.55544000000003
20011115,502.81762000000003
20011114,108.41984999999998
20011113,325.184
20011112,147.64103
20011109,642.99364
20011108,868.1306400000001
20011107,636.9965
20011106,1166.9634
20011105,1172.89864
20011102,528.147
20011101,428.80315
20011031,312.25005000000004
20011030,332.95592
20011029,497.90137999999996
20011025,222.02718000000002
20011024,403.71045000000004
20011023,624.05948
20011022,4025.4607499999997
20011019,377.88720000000006
20011018,396.51325999999995
20011017,323.80443
20011016,503.2863
20011015,227.87460000000002
20011012,459.30467999999996
20011011,364.25376
20011010,310.87925
20011009,334.02500999999995
20011008,390.19728000000003
20011005,701.35472
20011004,428.44725
20011003,580.14825
20011001,1509.0507199999997
20010928,589.0604400000001
20010927,342.28932
20010926,224.14770000000001
20010925,327.05890000000005
20010924,367.66408
20010921,932.61402
20010920,1187.37108
20010919,317.118
20010918,735.53256
20010917,509.56488
20010914,700.9858399999999
20010913,376.35396
20010912,767.71305
20010911,240.7141
20010910,251.05410000000003
20010907,253.66624
20010906,517.93
20010905,321.41634
20010904,467.91684
20010903,189.43236
20010831,290.98381
20010830,273.5688
20010829,434.01072
20010828,260.834
20010827,325.72896
20010824,364.83660000000003
20010823,283.9662
20010821,264.90422
20010820,166.71981
20010817,273.22236
20010816,232.65642
20010814,338.0585
20010813,285.28098
20010810,348.48034
20010809,447.24287999999996
20010808,745.9485
20010807,403.09248
20010806,581.3068099999999
20010803,317.78824
20010802,381.83270999999996
20010801,724.5774
20010731,945.93389
20010730,528.42873
20010727,583.98336
20010726,502.1115
20010725,749.1060799999999
20010724,248.98479999999998
20010723,0.00993
20010720,347.68397999999996
20010719,396.1308
20010718,457.47339999999997
20010717,210.69804
20010716,574.7646100000001
20010713,962.8944900000001
20010712,355.30341000000004
20010711,358.60479999999995
20010710,1397.319
20010709,258.02106
20010706,1188.60342
20010705,947.92672
20010704,1716.2112
20010703,914.0565599999999
20010702,212.1689
20010629,1084.71759
20010628,1218.1458599999999
20010627,555.3171
20010626,1337.2834
20010625,1641.9855900000002
20010622,1538.48214
20010621,3748.2015600000004
20010620,4192.36992
20010619,3210.2992799999997
20010618,584.22376
20010615,32.5
20010615,1021.6755300000001
20010614,750.9188399999999
20010614,49.8
20010613,1296.1704
20010612,1859.7156
20010612,99.3
20010611,929.05212
20010608,1572.70917
20010607,4254.69672
20010606,2118.95278
20010605,1265.18532
20010604,987.4493500000001
20010601,1812.6692500000001
20010601,17.68
20010531,1394.82576
20010530,1854.3791399999998
20010529,7015.25451
20010528,3345.2848
20010528,35.0
20010525,1493.3206099999998
20010524,896.33595
20010524,88.0
20010523,718.4214400000001
20010522,1771.8494
20010521,1335.29045
20010518,1763.5875
20010517,2192.44914
20010516,1560.0175800000002
20010515,1640.58055
20010514,4074.6373999999996
20010511,2610.0539400000002
20010510,6542.6696999999995
20010509,993.5226999999999
20010508,3343.59844
20010507,4131.034909999999
20010504,4935.38848
20010503,1546.012
20010502,2843.44876
20010430,902.34768
20010427,1444.5434500000001
20010427,49.35
20010426,1245.1785499999999
20010425,2060.1884800000003
20010424,1261.8512
20010423,2401.8077200000002
20010420,83.25
20010420,2637.6137999999996
20010419,5142.40644
20010419,43.550000000000004
20010418,2493.79104
20010417,1782.4170000000001
20010416,617.26455
20010412,1849.69598
20010411,1371.4398600000002
20010410,927.0371399999999
20010409,843.7772099999999
20010406,1429.12731
20010404,516.2978999999999
20010403,1337.2656
20010402,670.41282
20010330,2102.1116
20010329,1923.23878
20010328,684.93194
20010327,1021.66096
20010326,837.5717000000001
20010323,1985.54752
20010322,1143.77074
20010321,1370.1688100000001
20010320,598.7916
20010319,457.58592
20010316,2362.97783
20010315,911.6832
20010314,2367.10917
20010313,6028.537499999999
20010312,3205.624
20010309,3615.93736
20010308,4617.03837
20010307,12351.41963
20010305,14052.468239999998
20010302,20356.301499999998
20010302,41.2
20010301,21944.77255
20010228,19394.994599999998
20010227,7826.39745
20010226,3428.19222
20010223,5837.21116
20010222,4669.8957199999995
20010221,11327.277919999999
20010220,4562.06457
20010219,7568.72625
20010216,8193.081769999999
20010215,7795.134719999999
20010214,11313.82766
20010213,11476.79231
20010212,6941.844
20010209,16866.30361
20010208,11471.73122
20010207,7386.1324
20010206,6556.15268
20010205,8917.14736
20010202,9690.25876
20010201,9430.08914
20010131,12263.04005
20010130,6597.4276
20010129,5915.95716
20010125,13292.28
20010124,4230.0698999999995
20010123,15230.43
20010122,4689.16154
20010119,3290.3001000000004
20010118,4104.8493
20010117,4366.9319399999995
20010116,7795.46312
20010115,9413.37912
20010112,11141.5197
20010111,6148.358579999999
20010110,6664.1601
20010109,2296.88844
20010108,3256.7561
20010105,5763.30997
20010104,6410.3024
20010103,15670.010579999998
20010102,6940.52002
20010101,2637.6796499999996
20001229,2262.5311500000003
20001228,1590.3400399999998
20001227,1057.68345
20001226,1854.74604
20001222,2949.6886299999996
20001221,1598.99929
20001220,5140.9512
20001219,7215.098300000001
20001218,2446.4409
20001215,2641.79952
20001214,5594.91975
20001213,4040.25468
20001212,3403.29675
20001211,3449.74784
20001208,6622.94841
20001207,1993.5872200000001
20001206,2554.46336
20001205,2557.19577
20001204,6079.05108
20001201,5421.798059999999
20001130,2542.5696399999997
20001129,5454.73228
20001128,12976.607500000002
20001127,5849.07383
20001124,1604.75499
20001123,736.8426000000001
20001122,1882.5408499999999
20001121,1743.963
20001120,1139.15766
20001117,3402.65601
20001116,2894.41279
20001115,3926.2046400000004
20001114,2317.83016
20001113,1872.28794
20001113,59.63175
20001110,1747.5977699999999
20001109,1272.1536
20001108,2124.83986
20001108,886.72
20001107,1974.99109
20001106,4246.980979999999
20001103,2730.31344
20001102,2337.7383
20001101,6530.74448
20001031,2615.81025
20001030,125.904
20001030,543.5482000000001
20001027,987.2053200000001
20001027,467.95000000000005
20001026,191.52084
20001025,852.7666
20001024,499.35732
20001023,709.0964799999999
20001020,1352.4331599999998
20001019,713.84816
20001018,649.03095
20001017,1091.10675
20001016,718.7411
20001013,1058.88102
20001012,458.61876
20001011,741.13663
20001010,855.48816
20001009,1174.1868000000002
20001006,1127.74725
20001005,781.16524
20001004,506.70991999999995
20001004,38.304
20001003,1876.7112000000002
20000929,1734.8210000000001
20000928,677.12463
20000927,919.8083999999999
20000926,1438.3043
20000925,751.96716
20000922,1751.4622000000002
20000921,419.54526000000004
20000920,605.21786
20000919,1876.31392
20000918,693.58525
20000915,1625.43465
20000914,1750.9812600000002
20000913,1459.9397999999999
20000912,1479.19597
20000911,2654.3988
20000908,2913.96945
20000907,1663.77946
20000906,3626.65836
20000905,4227.86088
20000904,2376.29385
20000831,1688.7807899999998
20000830,1883.92365
20000829,1586.9303699999998
20000828,767.2991999999999
20000825,876.92094
20000824,776.93718
20000823,1268.78181
20000822,1029.82264
20000821,586.25336
20000818,1297.67872
20000817,2577.15744
20000816,1746.6564
20000814,1847.3070599999996
20000811,1922.4558599999998
20000810,1533.44412
20000809,715.14135
20000808,1237.9909499999999
20000807,1461.96516
20000804,3480.17985
20000804,156.0
20000803,3731.16276
20000802,2168.16665
20000801,2831.30328
20000801,2165.28
20000731,1985.08905
20000728,5848.05793
20000727,2007.51
20000726,3425.1966
20000725,6675.67447
20000724,4708.314
20000721,3883.2148
20000720,4332.7446
20000719,5684.46004
20000718,15387.462549999998
20000717,2519.00766
20000714,2641.05594
20000713,4007.69204
20000712,1476.27386
20000711,2223.29247
20000710,2394.73136
20000707,3213.63
20000706,1996.51946
20000705,4017.4289400000002
20000704,7458.593700000001
20000703,5086.65016
20000630,3114.84285
20000629,3233.232
20000628,3156.30312
20000627,4625.7228000000005
20000626,5937.10825
20000623,13903.305980000001
20000622,4477.69392
20000621,7958.632960000001
20000620,6074.26044
20000619,5368.17324
20000616,7778.33056
20000615,5736.31058
20000614,4253.68785
20000613,3193.4918700000003
20000612,5251.30608
20000609,10312.0045
20000608,10305.070240000001
20000607,4374.20736
20000606,4328.58492
20000605,13992.260400000001
20000602,3882.4844000000003
20000601,2616.18206
20000601,142.912
20000531,5467.46622
20000530,3727.9347699999994
20000529,3073.28186
20000526,2828.9094
20000525,2721.43014
20000524,1375.57602
20000524,213.29
20000523,2129.52972
20000522,2013.4338
20000519,2629.7236
20000518,1645.0026000000003
20000517,1972.1334600000002
20000516,2303.64056
20000515,1904.5991999999999
20000512,3041.32158
20000511,3257.217
20000510,3627.7932299999998
20000509,3051.1285
20000508,2558.02872
20000505,6484.7168
20000504,4178.61675
20000503,4271.446239999999
20000502,5146.2176
20000428,3521.48166
20000427,7832.27996
20000426,10505.01476
20000425,3991.61036
20000424,2890.27504
20000420,3680.2142999999996
20000419,4127.4656
20000418,3975.75496
20000417,6725.245400000001
20000413,8502.41376
20000412,8890.9824
20000411,12803.0328
20000410,30864.9709
20000407,17197.04454
20000406,8681.93577
20000406,54.74
20000405,4002.2496699999997
20000404,8640.24525
20000403,8524.9993
20000403,102.92
20000331,9888.29478
20000330,5954.40871
20000329,6676.16899
20000328,6046.04572
20000327,4064.892
20000324,1934.25336
20000323,2944.8684000000003
20000322,4528.68745
20000321,6725.80293
20000316,5067.46787
20000315,4501.94207
20000314,3484.4342500000002
20000314,89.92500000000001
20000313,2615.74424
20000310,3784.3360000000002
20000310,83.1
20000309,4807.334070000001
20000308,3353.11802
20000307,3956.44872
20000306,5819.04184
20000303,4752.53856
20000302,4772.18475
20000301,5689.1054699999995
20000229,20032.14645
20000228,5246.3569800000005
20000225,4741.7552
20000224,4264.43927
20000223,4204.71776
20000222,3517.0101999999997
20000221,5183.9155200000005
20000218,8097.894
20000217,5953.244699999999
20000216,7469.10136
20000215,23544.03738
20000214,22861.10232
20000211,12587.44023
20000211,2723.0
20000210,5569.0099199999995
20000209,4817.27538
20000208,6473.94825
20000207,8772.33852
20000204,13168.92049
20000203,1620.0
20000203,21190.04944
20000202,8419.76016
20000202,119.196
20000201,6900.22795
20000131,13334.559070000001
20000128,13240.3362
20000127,5253.1308
20000125,6649.55808
20000124,6761.715
20000121,4298.74807
20000120,258.75
20000120,2321.6662499999998
20000119,5723.99531
20000119,415.79999999999995
20000118,4128.8665
20000117,8142.67104
20000114,5676.07068
20000113,8397.938400000001
20000112,6464.36945
20000111,9952.6434
20000110,17119.77509
20000107,26420.26959
20000106,22273.1175
20000105,11297.213039999999
20000104,23500.473779999997
20000103,7025.24985
