20160408,3949.82138
20160407,6543.0228
20160406,2772.2760200000002
20160405,4231.92888
20160404,2313.42669
20160401,4873.914
20160331,3644.3264000000004
20160330,2532.19656
20160329,3936.7753000000002
20160328,3208.16336
20160323,2463.0912000000003
20160322,3805.1395100000004
20160321,2098.6202999999996
20160318,4256.0794399999995
20160317,3005.6404
20160316,6159.45474
20160315,3014.14284
20160314,2404.16935
20160311,3940.3795
20160310,2635.5096000000003
20160309,4691.49912
20160308,4078.2385800000006
20160304,3756.3461899999993
20160303,4735.684
20160302,22694.98548
20160301,12057.802660000001
20160229,8993.80218
20160226,3514.8095
20160225,5294.87834
20160224,3749.2092
20160223,7259.197120000001
20160222,3958.0870200000004
20160219,3189.39478
20160218,5670.5232
20160217,2610.04896
20160216,30438.37048
20160215,4476.65603
20160212,5455.55454
20160211,7024.7311199999995
20160210,5045.50002
20160209,3816.2380900000003
20160208,3227.83704
20160205,6223.251370000001
20160204,4361.78706
20160203,5495.41212
20160202,3375.97384
20160201,18125.00515
20160129,7489.2128999999995
20160128,6073.928639999999
20160127,3063.8077599999997
20160125,2767.0284
20160122,4954.79488
20160121,8705.59594
20160120,3435.14844
20160119,2260.71894
20160118,1979.7359999999999
20160115,2046.8490599999998
20160114,2254.0684800000004
20160113,2522.16716
20160112,1718.5005399999998
20160111,3982.8704400000006
20160108,5392.87925
20160107,5683.06396
20160106,2081.62878
20160105,1546.67835
20160104,1376.9207999999999
20160101,3297.6879599999997
20151231,5199.43351
20151230,1298.48702
20151229,1074.73652
20151228,970.62524
20151224,1420.7832500000002
20151223,1431.38526
20151222,1317.9667000000002
20151221,1617.76355
20151218,3638.9254399999995
20151217,3496.0866899999996
20151216,2458.1711999999998
20151215,2345.21556
20151214,4942.55762
20151211,3352.50714
20151210,2622.41362
20151209,2023.2750999999998
20151208,25768.426050000002
20151207,1864.0886999999998
20151204,1494.68644
20151203,2432.24996
20151202,2831.63598
20151201,5904.47344
20151130,30901.12188
20151127,3642.6737200000002
20151126,2588.43086
20151124,3659.5258000000003
20151123,4552.83456
20151120,5687.82088
20151119,3727.7167200000004
20151118,2861.1834799999997
20151117,2137.8842999999997
20151116,3898.15693
20151113,4894.2247800000005
20151111,832.55187
20151110,3855.4382199999995
20151109,4585.46608
20151106,1953.2111499999999
20151105,2087.92812
20151104,3766.221
20151103,1842.76664
20151102,4788.39398
20151030,2858.88944
20151029,3404.92515
20151028,8771.80164
20151027,9123.24864
20151026,2779.07
20151023,4226.29788
20151021,2337.2702099999997
20151020,4586.2919999999995
20151019,3302.5204799999997
20151016,3781.3737200000005
20151015,6550.157750000001
20151014,1861.52538
20151013,1618.6951199999999
20151012,3409.10307
20151009,5066.05104
20151008,2396.30871
20151007,3383.6302499999997
20151006,4420.00752
20151005,8332.335720000001
20151001,4857.842280000001
20150930,13902.315200000001
20150929,6176.996840000001
20150928,4864.23704
20150924,3194.92881
20150923,12041.635199999999
20150922,22373.73006
20150921,2329.1032200000004
20150918,3789.9144600000004
20150916,1415.94875
20150915,3160.7149700000004
20150914,1144.1377499999999
20150911,1665.522
20150910,1949.1388799999997
20150909,3179.1003299999998
20150908,1983.118
20150907,2229.30344
20150904,1624.66751
20150903,2722.752
20150902,2271.76869
20150901,3901.6275000000005
20150831,2061.2612999999997
20150828,2362.56391
20150827,2418.66239
20150826,3286.3492499999998
20150825,3810.96016
20150824,6327.58295
20150821,2695.3855200000003
20150820,2413.51584
20150819,2235.1
20150818,1930.3638200000003
20150817,1430.54235
20150814,3088.0219599999996
20150813,1380.99648
20150812,1522.6715000000002
20150811,1976.7568499999998
20150810,2000.29792
20150807,1610.48136
20150806,2942.786
20150805,4232.61834
20150804,4075.6556800000003
20150803,2715.97356
20150731,2732.00874
20150730,2025.34644
20150729,11246.37606
20150728,12560.42491
20150727,2255.3553399999996
20150724,1654.0524
20150723,2734.21462
20150722,1871.5266
20150721,1747.7684399999998
20150720,1539.73011
20150717,2231.9700000000003
20150716,2320.24832
20150715,5050.17528
20150714,1380.61584
20150713,1514.33172
20150710,846.36156
20150709,970.2660000000001
20150708,1560.3607800000002
20150707,1884.52214
20150706,1247.54089
20150703,1079.2535599999999
20150702,1652.0250300000002
20150701,3299.5022400000003
20150630,2147.6238000000003
20150629,2572.80273
20150626,5001.7886100000005
20150625,1365.0874800000001
20150624,1605.8025
20150623,2571.5193900000004
20150622,1591.0851
20150619,2154.1312
20150618,1166.3426
20150617,1873.93632
20150616,1387.03166
20150615,1536.5589200000002
20150612,1545.615
20150611,1480.58806
20150610,1227.0086099999999
20150609,1189.5447800000002
20150608,1411.795
20150605,2515.6549
20150604,1609.08342
20150603,2239.9081
20150602,2526.93309
20150601,3664.5
20150529,4342.2873899999995
20150528,3476.4449200000004
20150527,1625.99265
20150526,1557.549
20150525,794.1564000000001
20150522,882.75219
20150521,1159.74404
20150520,1548.07352
20150519,1929.1155999999999
20150518,1022.4135
20150515,1136.8110000000001
20150514,1795.677
20150513,2379.3217
20150512,1720.22421
20150511,2978.5292799999997
20150508,1992.9447500000003
20150507,2763.4610399999997
20150506,2972.58549
20150505,3298.08506
20150504,3624.1387000000004
20150430,2161.6308
20150429,4722.4151
20150428,8051.86252
20150427,10575.25749
20150424,2263.8014999999996
20150423,1653.04324
20150422,1879.7995199999998
20150421,1586.25376
20150420,536.4843000000001
20150417,463.88766
20150416,1581.8846999999998
20150415,2056.9004800000002
20150413,550.7180000000001
20150410,1477.9083
20150409,917.52169
20150408,1272.60936
20150407,834.8996500000001
20150406,1239.18408
20150401,3479.2227000000003
20150331,1778.8588200000002
20150330,1660.33989
20150327,1275.8387500000001
20150326,2160.33158
20150325,1378.45932
20150324,1102.51872
20150323,601.13124
20150320,961.7961
20150319,1695.66495
20150318,677.14944
20150317,866.36697
20150316,645.12336
20150313,2529.85905
20150312,1363.44752
20150311,1087.98703
20150310,687.43862
20150309,1016.6459000000001
20150305,1104.0285000000001
20150304,2072.58039
20150303,1262.5703999999998
20150302,3229.9916000000003
20150228,2472.8530499999997
20150227,1999.0288999999998
20150226,1510.81665
20150225,1237.32252
20150224,1413.90678
20150223,3704.1125599999996
20150220,909.41481
20150219,1312.16
20150218,1272.4704000000002
20150216,1492.8908000000001
20150213,2622.91887
20150212,2299.86524
20150211,1485.3326399999999
20150210,2296.5881400000003
20150209,1526.1628500000002
20150206,1113.98693
20150205,2169.98232
20150204,1289.57112
20150203,1538.23104
20150202,2170.5589400000003
20150130,1734.9598499999997
20150129,2794.8074
20150128,4047.4
20150127,9021.75736
20150123,2361.744
20150122,1795.3775600000004
20150121,2646.53625
20150120,2246.47416
20150119,2029.664
20150116,5233.624110000001
20150115,4087.54507
20150114,2776.1642699999998
20150113,2679.11443
20150112,1379.35301
20150109,1006.6864000000002
20150108,1410.95435
20150107,2028.9679099999998
20150106,2011.5046
20150105,4094.1117
20150102,1233.9434800000001
20150101,2230.0099800000003
20141231,2485.72491
20141230,977.65818
20141229,941.6964
20141226,1174.50564
20141224,1388.01036
20141223,908.4666000000001
20141222,1283.22116
20141219,2876.33628
20141218,2306.6137400000002
20141217,1464.74328
20141216,1055.49094
20141215,2823.18974
20141212,1535.66646
20141211,998.2809100000002
20141210,1054.56883
20141209,691.52496
20141208,1195.49007
20141205,423.78388000000007
20141204,1001.0367900000001
20141203,2428.76479
20141202,732.66293
20141201,2518.296
20141128,1546.9731
20141127,7835.00324
20141126,1063.2283
20141125,1786.9258000000002
20141124,763.49815
20141121,1609.21608
20141120,879.86064
20141119,909.26946
20141118,1034.62752
20141117,820.04868
20141114,579.51576
20141113,1236.6036600000002
20141112,1315.12275
20141111,1171.10457
20141110,1071.47691
20141107,1294.1175
20141105,1213.6825199999998
20141103,1827.68148
20141031,5836.546240000001
20141030,8003.058079999999
20141029,1143.45
20141028,1375.45468
20141027,1177.1019
20141023,427.1135
20141022,2161.4373
20141021,1482.40248
20141020,718.8885
20141017,1275.5396
20141016,866.90844
20141014,642.2158
20141013,744.3289000000001
20141010,1055.78619
20141009,1149.2964000000002
20141008,1269.28069
20141007,1544.0895199999998
20141001,3446.42033
20140930,1465.4160200000001
20140929,1552.504
20140926,2086.94805
20140925,1223.13504
20140924,1191.7196900000001
20140923,1692.8373000000001
20140922,2115.5868
20140919,1936.368
20140918,2104.85624
20140917,1435.8768
20140916,2574.48834
20140915,1479.1033200000002
20140912,2172.83022
20140911,1313.7312
20140910,720.88254
20140909,935.9331300000001
20140908,1835.4089
20140905,1670.27916
20140904,1003.9518500000001
20140903,2190.31498
20140902,2745.6672000000003
20140901,4116.671910000001
20140828,1283.1260399999999
20140827,945.5412200000001
20140826,1196.1162
20140825,2934.2654
20140822,859.4992000000001
20140821,999.2897200000001
20140820,731.64516
20140819,2556.57384
20140818,1207.10724
20140814,1220.25482
20140813,718.81872
20140812,846.6101600000001
20140811,862.39692
20140808,918.6285300000001
20140807,917.06153
20140806,1207.25904
20140805,1654.8884
20140804,2004.736
20140801,4920.6664200000005
20140731,4375.3255
20140730,1058.50182
20140728,713.16945
20140725,954.16641
20140724,703.5405399999999
20140723,697.6173899999999
20140722,1102.95504
20140721,960.7596000000001
20140718,1526.71391
20140717,1018.78848
20140716,1302.9723999999999
20140715,922.14064
20140714,669.7351500000001
20140711,1501.4946
20140710,2017.7376
20140709,2325.62273
20140708,1721.9954400000001
20140707,1764.74025
20140704,1796.5924400000001
20140703,586.02045
20140702,4000.0240099999996
20140701,7302.837149999999
20140630,1007.1542499999999
20140627,939.99924
20140626,1926.4959000000001
20140625,1893.48544
20140624,695.4507000000001
20140623,879.92412
20140620,726.98978
20140619,1492.5807000000002
20140618,1880.9936
20140617,1548.3335000000002
20140616,1154.42568
20140613,1851.18254
20140612,1151.70704
20140611,1431.9340499999998
20140610,2975.29104
20140609,1895.71848
20140606,1288.4963099999998
20140605,3728.6412
20140604,2113.792
20140603,1369.66401
20140602,1012.4771999999999
20140530,1199.27577
20140529,1287.0473399999998
20140528,2306.33858
20140527,1372.35453
20140526,3810.0258599999997
20140523,2038.35135
20140522,3386.3456000000006
20140521,1562.708
20140520,908.7792
20140519,1437.9018999999998
20140516,3447.51732
20140515,1147.49284
20140514,1049.7311
20140513,2083.23036
20140512,2694.45488
20140509,1506.14502
20140508,390.04512
20140507,525.9488399999999
20140506,549.73338
20140505,676.7955
20140502,1517.2189
20140430,593.39824
20140429,735.26805
20140428,883.8042800000001
20140425,4146.965209999999
20140423,787.6476399999999
20140422,1176.909
20140421,981.6438800000001
20140417,532.12212
20140416,912.5835999999999
20140415,751.2280199999999
20140411,1273.136
20140410,3954.45037
20140409,2336.74755
20140407,612.78568
20140404,621.68117
20140403,830.5906
20140402,873.49728
20140401,2603.62725
20140331,5730.552
20140328,1494.2694
20140327,1650.6231
20140326,5137.8524800000005
20140325,1362.85765
20140324,1379.93415
20140322,137.34108
20140321,991.0136699999999
20140320,1486.4962500000001
20140319,2783.3964
20140318,7689.653020000001
20140314,1591.191
20140313,2127.35484
20140312,5841.86742
20140311,2876.54688
20140310,3122.4609600000003
20140307,2865.55974
20140306,1593.8897
20140305,2168.8857
20140304,2234.8233600000003
20140303,2487.6963600000004
20140228,7025.798220000001
20140226,3961.7104000000004
20140225,644.0602
20140224,1025.5131199999998
20140221,1284.88822
20140220,5022.86139
20140219,790.7265
20140218,2183.57124
20140217,1458.3511799999999
20140214,834.9916800000001
20140213,4927.37608
20140212,1048.93578
20140211,533.94334
20140210,1026.70144
20140207,1403.8174199999999
20140206,1882.3047
20140205,898.81266
20140204,995.37504
20140203,2331.1244
20140131,1121.36871
20140130,2662.47632
20140129,13720.073919999999
20140128,22138.17348
20140127,1432.13535
20140124,1333.95972
20140123,1011.33926
20140122,871.60114
20140121,1024.05002
20140120,1216.40876
20140117,1075.4377399999998
20140116,1277.61875
20140115,1856.20404
20140114,745.18656
20140113,1392.59736
20140110,1769.5519600000002
20140109,2744.50392
20140108,5249.24836
20140107,5380.38711
20140106,1904.2628400000003
20140103,3411.37435
20140102,3017.93621
20140101,652.21545
20131231,855.47925
20131230,1367.3868
20131227,1609.23204
20131226,869.2965
20131224,1102.0912500000002
20131223,1871.2119999999998
20131220,3531.38935
20131219,7222.636039999999
20131218,3002.42
20131217,1069.5160799999999
20131216,1169.3379599999998
20131213,1039.2076
20131212,736.786
20131211,3283.94557
20131210,1828.1560500000003
20131209,5310.2016
20131206,2109.76545
20131205,4435.77492
20131204,653.02134
20131203,1334.1460800000002
20131202,1193.1973999999998
20131129,1291.86698
20131128,2790.94144
20131127,1210.10947
20131126,575.9862
20131125,1815.95004
20131122,2745.28478
20131121,1075.84682
20131120,1652.91535
20131119,6792.03393
20131118,2196.89572
20131114,2041.8652
20131113,1502.65916
20131112,1962.6917500000002
20131111,1047.55105
20131108,1403.5842
20131107,1818.2545200000002
20131106,869.7634
20131105,584.35728
20131103,332.8005
20131101,1404.9672
20131031,1572.6368499999999
20131030,2830.62736
20131029,13413.9824
20131028,1895.1767900000002
20131025,952.3149000000001
20131024,1126.32495
20131023,2573.25552
20131022,1152.1334
20131021,1905.2667000000001
20131018,1534.57764
20131017,661.69229
20131015,1157.59821
20131014,835.39938
20131011,1659.066
20131010,1273.8808000000001
20131009,899.1109400000001
20131008,938.9145599999999
20131007,1326.8428199999998
20131004,1793.65725
20131003,2095.33072
20131001,2733.6340800000003
20130930,588.15805
20130927,1493.5928
20130926,1439.35554
20130925,866.36242
20130924,1035.35952
20130923,1118.5488
20130920,1768.56867
20130919,1638.2832
20130918,1417.07352
20130917,945.7623000000001
20130916,1680.71541
20130913,822.6576
20130912,1196.2228499999999
20130911,2229.3029500000002
20130910,1409.1472800000001
20130906,856.5392200000001
20130905,762.68292
20130904,1219.79898
20130903,3107.88017
20130902,1451.8390800000002
20130830,1806.24132
20130829,1235.3084
20130828,1852.9622400000003
20130827,1699.89856
20130826,764.18694
20130823,1142.6144100000001
20130822,1886.40425
20130821,1665.037
20130820,2863.7475
20130819,766.5527999999999
20130816,1612.4614800000002
20130814,833.06202
20130813,723.64524
20130812,890.3559600000001
20130808,1589.5388599999999
20130807,1143.82467
20130806,535.0917599999999
20130805,588.87468
20130802,797.6568599999999
20130801,1826.36304
20130731,743.5572000000001
20130730,916.53579
20130729,1144.32174
20130726,2938.74496
20130725,6406.79924
20130724,715.05056
20130723,1004.2868000000001
20130722,1682.02881
20130719,947.8242399999999
20130718,1447.7556
20130717,1754.0775
20130716,1512.02545
20130715,1113.07028
20130712,2564.5251100000005
20130711,1575.6923000000002
20130710,1333.6204500000001
20130709,1359.74088
20130708,997.70895
20130705,758.4993
20130704,973.783
20130703,588.81251
20130702,1628.27891
20130701,2801.83174
20130628,1229.508
20130627,1927.9759
20130626,1851.06416
20130625,1230.64839
20130624,1877.9199999999998
20130621,1352.4
20130620,1419.2608
20130619,723.50263
20130618,1759.9340200000001
20130617,2057.14047
20130614,1325.0187999999998
20130613,1343.385
20130612,1293.99952
20130611,1459.7622
20130610,1234.63641
20130607,1901.98008
20130606,1718.1174199999998
20130605,1823.6242499999998
20130604,1117.9476000000002
20130603,1312.44633
20130531,1050.53234
20130530,1435.69464
20130529,1012.7765599999999
20130528,2101.9593600000003
20130527,2068.63521
20130524,2667.1928
20130523,3894.3320000000003
20130522,1952.4905400000002
20130521,2288.6042399999997
20130520,2495.1652000000004
20130517,1033.4558499999998
20130516,1371.8462
20130515,2492.78414
20130514,2044.7327999999998
20130513,1091.1888000000001
20130511,322.51113999999995
20130510,3790.40285
20130509,1033.99037
20130508,1350.20295
20130507,2453.71875
20130506,1708.1181000000001
20130503,1757.04016
20130502,3037.8604
20130430,2661.12496
20130429,3694.32571
20130426,15648.68241
20130425,2163.11374
20130423,1094.01444
20130422,1352.77812
20130418,1957.2622999999999
20130417,1338.04685
20130416,2530.11167
20130415,1095.8278500000001
20130412,762.5032499999999
20130411,1208.2959
20130410,1228.79432
20130409,1849.99782
20130408,2239.59735
20130405,5339.295520000001
20130404,1033.2624400000002
20130403,763.75512
20130402,1901.718
20130401,709.0604999999999
20130328,1047.80766
20130326,648.22
20130325,747.46518
20130322,754.3745
20130321,1580.4370399999998
20130320,964.87188
20130319,1183.7
20130318,740.81632
20130315,1400.6094699999999
20130314,2467.64095
20130313,901.7751999999998
20130312,1279.41184
20130311,911.2131000000002
20130308,1914.14664
20130307,1181.8561499999998
20130306,910.94388
20130305,1614.7613999999999
20130304,881.39708
20130301,1824.18555
20130228,2127.4034
20130227,1035.2923099999998
20130226,1085.95928
20130225,677.87775
20130222,978.51744
20130221,1933.7199999999998
20130220,3725.60325
20130219,12943.614880000001
20130218,624.97035
20130215,1101.9696000000001
20130214,2104.57248
20130213,2564.8507499999996
20130212,1278.0828000000001
20130211,1240.78155
20130208,1431.8546000000001
20130207,816.49692
20130206,1666.4444500000002
20130205,1682.8345800000002
20130204,1488.7411
20130201,2639.82418
20130131,1578.08794
20130130,4876.71591
20130129,1255.4559000000002
20130128,2454.24222
20130125,7372.90328
20130124,1489.28664
20130123,6784.388820000001
20130122,2231.1483599999997
20130121,2881.6369400000003
20130118,4873.98087
20130117,1251.28791
20130116,1644.46891
20130115,2370.9408799999997
20130114,2030.8650599999999
20130111,1181.32413
20130110,1688.50388
20130109,1733.4319799999998
20130108,1130.69935
20130107,3093.18168
20130104,629.78778
20130103,953.8977600000001
20130102,1859.5311900000002
20130101,1068.07998
20121231,446.88851999999997
20121228,745.26732
20121227,1483.6978
20121226,823.7960799999998
20121224,701.5816599999999
20121221,547.0686
20121220,1826.4456
20121219,1325.5088
20121218,3553.22405
20121217,1330.49825
20121214,869.2935299999999
20121213,746.0091399999999
20121212,1401.252
20121211,762.1791199999999
20121210,739.2038400000001
20121207,2307.08115
20121206,774.1580000000001
20121205,399.87114
20121204,549.47273
20121203,1215.3822200000002
20121130,628.8692599999999
20121129,941.7285800000001
20121127,769.23216
20121126,374.77304
20121123,528.4279799999999
20121122,909.5795099999999
20121121,857.73038
20121120,2510.83459
20121119,4254.174190000001
20121116,1134.72768
20121115,2465.82432
20121113,185.61568
20121112,2054.7864
20121109,850.30775
20121108,1124.04348
20121107,1159.24256
20121106,1259.79418
20121105,1628.46327
20121102,3255.3195299999998
20121101,6053.63542
20121031,5721.5181
20121030,5438.4875999999995
20121029,762.8821200000001
20121026,364.35687
20121025,640.10475
20121023,565.9161799999999
20121022,573.74044
20121019,537.58606
20121018,826.85012
20121017,1340.97498
20121016,1274.08512
20121015,1394.61609
20121012,934.8204
20121011,1491.1182900000001
20121010,512.7341799999999
20121009,1067.77171
20121008,1481.29686
20121005,2604.80994
20121004,2314.31832
20121003,779.03014
20121001,1819.6221400000002
20120928,1284.4494
20120927,1474.98311
20120926,1093.19252
20120925,1171.38096
20120924,1772.4521
20120921,950.9922999999999
20120920,1100.5794799999999
20120918,703.3456
20120917,1821.8928
20120914,2067.10401
20120913,583.54956
20120912,653.8762
20120911,2043.9213
20120910,536.2065600000001
20120908,203.57148
20120907,3638.0383199999997
20120906,826.7119999999999
20120905,7828.388959999999
20120904,527.8636799999999
20120903,777.23256
20120831,502.88820000000004
20120830,828.4143399999999
20120829,592.9567599999999
20120828,647.1737999999999
20120827,473.11859000000004
20120824,853.1282
20120823,484.09135000000003
20120822,1445.3789000000002
20120821,1309.62546
20120817,1306.71321
20120816,951.1352
20120814,748.45787
20120813,1425.44252
20120810,1543.4617799999999
20120809,1359.9667200000001
20120808,847.76024
20120807,846.1834600000001
20120806,601.4017100000001
20120803,572.10881
20120802,535.65216
20120801,1469.3278799999998
20120731,1762.50228
20120730,2371.2969
20120727,1669.5224
20120726,2637.4196
20120725,2218.2506399999997
20120724,4721.33664
20120723,6708.082940000001
20120720,11196.95214
20120719,16465.11248
20120718,755.82304
20120717,593.6689
20120716,929.8278
20120713,1032.80646
20120712,692.36355
20120711,624.06074
20120710,1299.77885
20120709,842.6433599999999
20120706,761.72918
20120705,1656.49143
20120704,1685.64277
20120703,1462.65964
20120702,2765.1021900000005
20120629,2445.5509199999997
20120628,759.4938400000001
20120627,767.81952
20120626,555.174
20120625,1708.8235200000001
20120622,1934.4744000000003
20120621,1531.4458499999998
20120620,943.7422499999999
20120619,897.80052
20120618,1424.67174
20120615,2216.7585
20120614,2362.5918
20120613,2449.26924
20120612,1631.7930000000001
20120611,1210.68452
20120608,834.74614
20120607,1620.86904
20120606,1856.6246999999998
20120605,1038.0976400000002
20120604,774.0178400000001
20120601,1918.14055
20120531,1633.51488
20120530,1832.1578800000002
20120529,1861.60266
20120528,1516.26596
20120525,2089.01576
20120524,1565.5826900000002
20120523,1506.17544
20120522,1351.1843099999999
20120521,743.5442700000001
20120518,3201.12646
20120517,609.4810200000001
20120516,1040.5414600000001
20120515,837.33375
20120514,614.40405
20120511,853.5986399999999
20120510,955.4736000000001
20120509,884.2270599999999
20120508,895.0851599999999
20120507,1187.82576
20120504,829.09562
20120503,1147.3994
20120502,1476.5465
20120430,2411.1875999999997
20120428,208.45315
20120427,1441.7359199999999
20120426,1182.4164
20120425,935.40764
20120424,584.4168
20120423,782.71304
20120420,1170.18104
20120419,1520.4008999999999
20120418,510.57579999999996
20120417,956.0738299999999
20120416,623.8172400000001
20120413,1168.49943
20120412,1650.52524
20120411,529.65807
20120410,634.1532000000001
20120409,803.3512
20120404,1292.22797
20120403,831.7195
20120402,1110.8999999999999
20120330,1043.3110199999999
20120329,805.2021800000001
20120328,944.5901299999999
20120327,1348.76898
20120326,1319.9795199999999
20120323,1358.32554
20120322,948.13992
20120321,1768.2297600000002
20120320,1113.68105
20120319,812.57293
20120316,5321.4635499999995
20120315,1070.4092
20120314,1175.2975
20120313,1393.8268600000004
20120312,594.37904
20120309,1266.1411600000001
20120307,954.5037499999999
20120306,2322.69275
20120305,1320.55686
20120303,133.93735999999998
20120302,3387.0921000000003
20120301,3350.2539
20120229,1651.3918399999998
20120228,1467.81312
20120227,784.95128
20120224,764.6990000000001
20120223,1359.5519
20120222,1863.1751399999998
20120221,930.1344
20120217,2096.26522
20120216,3426.4692
20120215,2831.1040800000005
20120214,1971.0611999999999
20120213,1071.5256
20120210,1255.02091
20120209,987.90375
20120208,1570.73037
20120207,1257.605
20120206,1358.5047
20120203,1975.63324
20120202,1164.5179
20120201,2115.0077
20120131,1605.08124
20120130,1831.56828
20120127,2823.0829000000003
20120125,4862.628
20120124,4689.93096
20120123,10279.2223
20120120,1262.7701999999997
20120119,2086.44415
20120118,5345.049600000001
20120117,5994.38592
20120116,1796.09694
20120113,1033.2129599999998
20120112,1208.229
20120111,784.4912400000001
20120110,987.9384599999998
20120109,1131.3965199999998
20120107,167.77470000000002
20120106,914.57002
20120105,1125.41562
20120104,620.2274
20120103,726.9666000000001
20120102,1441.77792
20111230,979.4225700000001
20111229,912.0179599999999
20111228,526.0792
20111227,599.35788
20111226,815.265
20111223,617.3783999999999
20111222,1823.99876
20111221,1057.94102
20111220,594.61348
20111219,693.96996
20111216,1142.6261
20111215,833.808
20111214,708.09572
20111213,1119.51168
20111212,1034.499
20111209,1638.88957
20111208,1255.9459499999998
20111207,1031.02934
20111205,2057.6641600000003
20111202,1365.3971099999999
20111201,2335.43376
20111130,996.87414
20111129,1194.2980499999999
20111128,2010.7927999999997
20111125,1720.8681600000002
20111124,1391.16684
20111123,1228.09788
20111122,1199.0781
20111121,1828.7966400000003
20111118,2071.3896
20111117,1986.0326400000001
20111116,1281.63042
20111115,1233.2514399999998
20111114,750.52586
20111111,1368.1584
20111109,1231.31344
20111108,677.60514
20111104,1296.97996
20111103,969.6116800000001
20111102,1185.3594
20111101,2546.0778
20111031,6923.2351499999995
20111028,2372.01672
20111026,373.3959
20111025,1793.12064
20111024,1119.43296
20111021,3407.2127100000002
20111020,1263.3596
20111019,1376.5707800000002
20111018,1877.2954199999997
20111017,4276.85625
20111014,2416.3434
20111013,1880.64589
20111012,723.1224
20111011,1456.57952
20111010,1463.78622
20111007,654.3206000000001
20111005,1430.3739999999998
20111004,1920.6284999999998
20111003,1470.6864000000003
20110930,668.34288
20110929,1495.32565
20110928,734.8212000000001
20110927,816.61147
20110926,1305.6529799999998
20110923,1728.74331
20110922,1400.11518
20110921,1243.72316
20110920,3283.18594
20110919,3977.15562
20110916,4405.711050000001
20110915,2530.11175
20110914,932.1058800000001
20110913,1044.51465
20110912,667.4094000000001
20110909,1030.9208
20110908,1095.80576
20110907,1319.53632
20110906,1148.3091900000002
20110905,687.2562200000001
20110902,913.4515799999999
20110830,2555.3091600000002
20110829,1665.3466700000001
20110826,845.2573000000001
20110825,610.7332
20110824,1500.99567
20110823,564.7288
20110822,469.82345000000004
20110819,814.4248099999999
20110818,669.64616
20110817,823.8900000000001
20110816,486.47835
20110812,784.6922000000001
20110811,1195.1355600000002
20110810,8332.929
20110809,733.7636000000001
20110808,765.4682
20110805,5403.131240000001
20110804,714.61215
20110803,4094.546
20110802,1863.90891
20110801,1373.35967
20110729,922.2375
20110728,1936.03608
20110727,1238.8292700000002
20110726,4293.78478
20110725,437.58825
20110722,334.82134999999994
20110721,227.45804
20110720,408.36366000000004
20110719,444.99182
20110718,315.74214
20110715,343.65373
20110714,825.60024
20110713,449.11104000000006
20110712,320.00216
20110711,425.76591999999994
20110708,710.0939999999999
20110707,540.81701
20110706,373.13504
20110705,492.57
20110704,823.43835
20110701,1424.46097
20110630,848.8161
20110629,803.42289
20110628,869.80048
20110627,1503.86558
20110624,1995.8949299999997
20110623,1266.9743000000003
20110622,849.7094399999999
20110621,654.0120000000001
20110620,1240.91226
20110617,4650.8749
20110616,910.64473
20110615,733.0765
20110614,1001.4316999999999
20110613,1889.0319800000002
20110610,3180.6693600000003
20110609,555.64831
20110608,710.486
20110607,798.6552
20110606,625.77606
20110603,387.01572
20110602,556.93945
20110601,4309.844370000001
20110531,1886.9932199999998
20110530,177.58585
20110527,397.59132000000005
20110526,444.0576
20110525,233.7648
20110524,401.10915000000006
20110523,277.63309999999996
20110520,300.042
20110519,300.6496
20110518,1143.0518000000002
20110517,423.71637
20110516,928.64475
20110513,506.8062
20110512,569.2136399999999
20110511,994.7888100000001
20110510,649.28211
20110509,439.34202000000005
20110506,744.17952
20110505,654.0128000000001
20110504,609.99972
20110503,1101.61545
20110502,2004.51672
20110429,1036.6213
20110428,646.70676
20110427,1086.20175
20110426,1404.05972
20110425,5712.461559999999
20110421,2064.34068
20110420,572.1704100000001
20110419,1059.33447
20110418,959.7132399999999
20110415,601.19
20110413,1016.07702
20110411,504.51066
20110408,763.52346
20110407,1183.02202
20110406,1554.8953000000001
20110405,1334.45125
20110404,1300.42096
20110401,1658.7057
20110331,2184.3162
20110330,2288.83284
20110329,1866.0095999999999
20110328,1123.8287200000002
20110325,1246.4848599999998
20110324,823.41264
20110323,1095.3204
20110322,2389.36452
20110321,1528.5956400000002
20110318,2538.76945
20110317,2788.99656
20110316,769.1063500000001
20110315,1190.58003
20110314,1543.2732
20110311,2552.4578
20110310,884.63544
20110309,623.547
20110308,1222.48296
20110307,736.89155
20110304,1111.0512
20110303,2157.47044
20110301,3911.2048
20110228,1277.232
20110225,622.35654
20110224,1430.31322
20110223,624.3467999999999
20110222,566.41554
20110221,639.4280399999999
20110218,652.6296
20110217,455.42051999999995
20110216,297.4848
20110215,533.57031
20110214,648.15725
20110211,382.27929
20110210,483.12924
20110209,467.05400000000003
20110208,346.30717000000004
20110207,382.00680000000006
20110204,1088.5716599999998
20110203,887.4117
20110202,999.8566
20110201,1338.4314399999998
20110131,2276.82683
20110128,611.5396000000001
20110127,482.49702
20110125,696.36064
20110124,529.58988
20110121,502.78374
20110120,330.46047999999996
20110119,278.8136
20110118,348.54338
20110117,525.1743
20110114,795.89376
20110113,1571.71674
20110112,924.52864
20110111,657.38752
20110110,800.29438
20110107,1512.1435399999998
20110106,971.9985600000001
20110105,692.25216
20110104,3430.1953
20110103,1136.51602
20101231,420.112
20101230,743.74076
20101229,687.0319999999999
20101228,570.0625200000001
20101227,375.34583999999995
20101224,645.207
20101223,416.51898
20101222,1528.0961999999997
20101221,1760.83602
20101220,1125.43424
20101216,536.3738
20101215,554.32951
20101214,294.76140000000004
20101213,616.1431500000001
20101210,599.0204000000001
20101209,868.27239
20101208,1233.2322199999999
20101207,1185.48
20101206,645.1492000000001
20101203,656.4281
20101202,867.2343199999999
20101201,1800.48496
20101130,770.0638700000001
20101129,482.18373
20101126,728.23426
20101125,982.9339400000001
20101124,1026.3061599999999
20101123,797.3809500000001
20101122,852.434
20101119,590.12575
20101118,868.7018999999999
20101116,1434.62224
20101115,713.4927200000001
20101112,614.10636
20101111,651.49518
20101110,623.23767
20101109,1268.92822
20101108,466.59185999999994
20101105,202.9536
20101104,1163.3224
20101103,701.70861
20101102,1236.97542
20101101,1192.64982
20101029,596.1394499999999
20101028,952.36595
20101027,1843.11778
20101026,5242.068
20101025,642.82746
20101022,567.6923599999999
20101021,805.2072
20101020,517.58622
20101019,987.5514599999999
20101018,2303.7482999999997
20101015,1742.3760000000002
20101014,1555.78956
20101013,3324.7978399999997
20101012,1289.33542
20101011,1488.91008
20101008,862.0828499999999
20101007,1563.43495
20101006,1766.07375
20101005,2768.96034
20101004,884.2818199999999
20101001,2436.53265
20100930,1436.76072
20100929,955.32
20100928,1041.18498
20100927,963.06472
20100924,2392.0103599999998
20100923,1491.72114
20100922,6239.953020000001
20100921,2026.6588
20100920,1010.51136
20100917,1258.73916
20100916,7235.7624
20100915,1937.55576
20100914,6786.20592
20100913,769.68474
20100909,801.0629899999999
20100908,1255.6956500000001
20100907,1711.6254
20100906,1520.66103
20100903,437.12674999999996
20100902,2086.7042
20100901,2605.83367
20100831,1863.12708
20100830,1173.60283
20100827,812.2059
20100826,1332.79458
20100825,1130.2038
20100824,856.93608
20100823,973.1580000000001
20100820,866.83814
20100819,717.54384
20100818,934.31352
20100817,672.9584300000001
20100816,2148.8615999999997
20100813,2704.32297
20100812,1369.706
20100811,2698.5004799999997
20100810,1060.94153
20100809,1617.7930000000001
20100806,1871.063
20100805,3497.3258399999995
20100804,2084.2419600000003
20100803,1609.7277000000001
20100802,3181.7708999999995
20100730,2030.1758
20100729,2716.23639
20100728,3075.84284
20100727,18844.34292
20100726,29022.92
20100723,3289.6799600000004
20100722,2364.48036
20100721,4408.9855
20100720,518.4046
20100719,1047.8724
20100716,941.6691800000001
20100715,759.74838
20100714,635.2858
20100713,969.81958
20100712,1357.88514
20100709,2001.3693000000003
20100708,1236.2932
20100707,1356.79626
20100706,941.96574
20100705,1059.41194
20100702,2307.5343500000004
20100701,3050.6096000000007
20100630,2594.23394
20100629,1626.71544
20100628,1057.3825499999998
20100625,3567.5656200000003
20100624,2493.8764
20100623,4464.1875
20100622,1036.83074
20100621,1481.31176
20100618,1276.6181699999997
20100617,1969.9040400000001
20100616,2117.98785
20100615,963.11088
20100614,1043.4244800000001
20100611,2598.498
20100610,2089.46275
20100609,1319.16912
20100608,2084.42472
20100607,1456.72055
20100604,3430.13892
20100603,3080.8141
20100602,3004.3846
20100601,4846.3595399999995
20100531,858.2776
20100528,1229.87045
20100527,1304.27064
20100526,1258.3129000000001
20100525,1498.6580499999998
20100524,903.7224000000001
20100521,2302.48482
20100520,1437.4681199999998
20100519,1280.2076
20100518,1025.08175
20100517,885.15936
20100514,984.6509399999999
20100513,1295.64672
20100512,1422.3270899999998
20100511,1528.4092799999999
20100510,1705.8724200000001
20100507,1546.3799999999999
20100506,1234.6035200000001
20100505,2268.32704
20100504,2169.55288
20100503,2252.70162
20100430,1894.104
20100429,2568.76829
20100428,5051.2261
20100427,12375.555
20100426,10293.7224
20100423,1126.31184
20100422,1740.6107100000002
20100421,1220.00146
20100420,1046.7659999999998
20100419,1109.4347
20100416,951.73755
20100415,1552.9636
20100413,1255.06326
20100412,2185.76184
20100409,1453.2734
20100408,2070.67923
20100407,2840.60856
20100406,1594.6953
20100405,1524.9096499999998
20100401,2805.4998
20100331,1338.5735
20100330,1189.12716
20100329,2217.1190399999996
20100326,2239.56018
20100325,1483.61032
20100323,1255.3521300000002
20100322,1843.6077
20100319,1012.6201799999999
20100318,3564.53824
20100317,2865.4138799999996
20100316,1569.9818
20100315,1989.73695
20100312,1641.73947
20100311,1871.78368
20100310,4407.0131
20100309,5083.531379999999
20100308,2633.09704
20100305,1693.1754
20100304,1578.97509
20100303,3263.2955199999997
20100302,6304.9554
20100226,8058.867880000001
20100225,2945.0112
20100224,5444.7163199999995
20100223,2296.8757
20100222,2331.7601400000003
20100219,2470.9597
20100218,1262.08104
20100217,1652.04416
20100216,1776.05217
20100215,1323.2917200000002
20100211,1315.5739199999998
20100210,1855.875
20100209,1945.6308
20100208,2440.52776
20100206,383.36753000000004
20100205,1923.8364
20100204,1648.3924299999999
20100203,2608.59316
20100202,2910.5065799999998
20100201,2970.30552
20100129,2662.8089400000003
20100128,4199.7356
20100127,6186.35094
20100125,5293.65585
20100122,5349.044919999999
20100121,5150.4744
20100120,5120.8425
20100119,3912.42654
20100118,4102.05054
20100115,3409.0146199999995
20100114,1814.5169999999998
20100113,2918.2062
20100112,2640.71234
20100111,2624.666
20100108,5972.45411
20100107,5274.93999
20100106,8520.55598
20100105,6372.32279
20100104,2464.96068
20091231,1338.3384299999998
20091230,1018.96976
20091229,1750.0097
20091224,2297.69036
20091223,1657.80618
20091222,2341.6858399999996
20091221,3572.3478600000003
20091218,2868.89865
20091217,1434.99656
20091216,1419.48732
20091215,2292.62839
20091214,2366.78006
20091211,2350.31112
20091210,2558.36064
20091209,8233.838899999999
20091208,1397.4816999999998
20091207,1840.2367499999998
20091204,2212.70968
20091203,3624.2388
20091202,3397.0607999999997
20091201,4344.93675
20091130,1253.24172
20091127,1937.3179599999999
20091126,2909.7504400000003
20091125,2528.041
20091124,6023.47956
20091123,1014.5076400000002
20091120,2842.70535
20091119,2535.86334
20091118,3581.92056
20091117,5065.48665
20091116,8078.57922
20091113,6233.53338
20091112,5167.58319
20091111,3651.5926999999997
20091110,2912.45494
20091109,1938.0948499999997
20091106,2126.7850799999997
20091105,2726.14655
20091104,2489.6250600000003
20091103,3672.6133599999994
20091030,2818.25148
20091029,5648.63994
20091028,3105.14919
20091027,2971.5319799999997
20091026,3883.7802999999994
20091023,3106.7984
20091022,4074.56523
20091021,2551.49598
20091020,3643.05843
20091017,650.64585
20091016,3017.0774400000005
20091015,3047.21359
20091014,3395.02156
20091012,6559.37392
20091009,6055.83552
20091008,10065.78972
20091007,7226.01502
20091006,3748.1991399999997
20091005,2806.49935
20091001,3858.8264500000005
20090930,4026.4221599999996
20090929,1927.0548299999998
20090925,2809.28934
20090924,3021.3221999999996
20090923,2271.99975
20090922,2957.1081200000003
20090918,12893.14768
20090917,5249.931
20090916,3783.48804
20090915,2957.62085
20090914,2312.37503
20090911,3486.7744
20090910,2529.50832
20090909,5364.9184399999995
20090908,2760.2277999999997
20090907,3703.6633199999997
20090904,4098.6477
20090903,4040.2695599999997
20090902,5575.7871
20090901,14310.70766
20090831,3690.05916
20090828,2828.2684799999997
20090827,2024.7031
20090826,2264.65754
20090825,2657.15736
20090824,2589.3858
20090821,6162.122219999999
20090820,5693.255099999999
20090819,2718.7691999999997
20090818,2099.1219600000004
20090817,1996.97784
20090814,3032.102
20090813,5331.31406
20090812,3151.10574
20090811,4218.494809999999
20090810,7580.023290000001
20090807,4835.04552
20090806,3010.02562
20090805,3126.39372
20090804,3691.2550499999998
20090803,4017.8396399999997
20090731,1582.03248
20090730,3839.90145
20090729,3047.9485200000004
20090728,2259.2430000000004
20090727,2555.15424
20090724,10369.3855
20090723,10528.907839999998
20090722,1416.05272
20090721,3554.25666
20090720,1489.29722
20090717,3479.0399199999997
20090716,2201.74272
20090715,1291.4893200000001
20090714,626.83794
20090713,823.91445
20090710,1687.19985
20090709,1721.9641799999997
20090708,2601.87746
20090707,2247.92594
20090706,786.75439
20090703,920.14396
20090702,1092.3108800000002
20090701,1292.24964
20090630,943.0792
20090629,638.76108
20090626,1023.63936
20090625,868.92448
20090624,1645.09254
20090623,1393.28304
20090622,341.9565
20090619,698.68797
20090618,712.11091
20090617,704.07948
20090616,1087.98712
20090615,403.56321
20090612,2434.40947
20090611,2295.4948799999997
20090610,3210.7900000000004
20090609,2126.73087
20090608,1091.919
20090605,1856.1504000000002
20090604,2594.99691
20090603,1539.33912
20090602,1095.3899
20090601,1479.4045999999998
20090529,2396.97965
20090528,1742.82795
20090527,1143.2334899999998
20090526,888.1005
20090525,1054.9400600000001
20090522,1396.5149999999999
20090521,2226.4395200000004
20090520,4166.2962
20090519,6101.522069999999
20090518,10.396880000000001
20090515,1535.17422
20090514,1185.03506
20090513,3246.19589
20090512,5233.185600000001
20090511,1802.96094
20090508,1142.0301599999998
20090507,2880.423
20090506,2377.2358400000003
20090505,3636.2271
20090504,2804.82498
20090429,2822.21888
20090428,3137.1241
20090427,7556.37744
20090424,7490.24522
20090423,6478.05006
20090422,4643.528960000001
20090421,1846.3995200000004
20090420,1534.72335
20090417,2496.8206800000003
20090416,2545.24017
20090415,3533.72768
20090413,1044.9794100000001
20090409,1394.97363
20090408,2502.7758
20090406,2989.33455
20090402,3829.7480699999996
20090401,2389.9590000000003
20090331,2393.08424
20090330,1701.2249800000002
20090327,3054.75597
20090326,3788.51508
20090325,2906.7421200000003
20090324,5738.40918
20090323,1612.7264400000001
20090320,1829.8462499999998
20090319,2508.00381
20090318,3815.3471999999997
20090317,6612.683
20090316,4769.2021
20090313,4280.34592
20090312,4365.48204
20090309,2046.22992
20090306,4222.08234
20090305,2627.4008
20090304,2498.39825
20090303,4108.87764
20090302,4610.64571
20090227,4131.5517
20090226,5962.930560000001
20090225,4790.26254
20090224,2617.1493600000003
20090220,2198.3458
20090219,5899.0022
20090218,1994.2356199999997
20090217,2549.76326
20090216,2078.71445
20090213,1448.32544
20090212,1449.44958
20090211,3272.65575
20090210,2184.87105
20090209,1021.9267799999999
20090206,1297.64426
20090205,2357.35608
20090204,2649.17272
20090203,2254.9751
20090202,2456.90949
20090130,3830.63156
20090129,6100.88232
20090128,3038.37468
20090127,3026.6110999999996
20090123,2246.4378300000003
20090122,1664.91929
20090121,1685.7470299999998
20090120,985.1688
20090119,2745.1019399999996
20090116,2520.27479
20090115,1690.41912
20090114,4545.04948
20090113,2726.59935
20090112,3325.4028000000003
20090109,2997.0964799999997
20090107,2166.44868
20090106,1918.5757199999998
20090105,1520.96511
20090102,2440.50288
20090101,4142.9367
20081231,2332.7837999999997
20081230,2349.14864
20081229,5333.88459
20081226,3216.0198
20081224,1471.1562
20081223,1475.27016
20081222,1936.7802
20081219,2734.0485599999997
20081218,2473.83582
20081217,2232.11772
20081216,2536.344
20081215,1540.4640100000001
20081212,2227.8572400000003
20081211,2358.0106400000004
20081210,2777.06485
20081208,5337.995250000001
20081205,2751.66794
20081204,6460.98132
20081203,3822.6328
20081202,2189.0160499999997
20081201,2817.22482
20081128,1505.03768
20081126,2017.66284
20081125,2848.7583299999997
20081124,1237.42165
20081121,1876.8224
20081120,2012.8179599999999
20081119,2009.52745
20081118,1774.64772
20081117,1168.6625999999999
20081114,2836.07996
20081112,2155.53744
20081111,3152.7848400000003
20081110,1304.7955200000001
20081107,1685.6510999999998
20081106,2116.4013
20081105,1925.15896
20081104,1182.01272
20081103,2279.3545599999998
20081031,1372.3203
20081029,1633.71131
20081028,140.60944
20081027,1243.78848
20081024,2865.46536
20081023,2718.99679
20081022,1920.3447999999999
20081021,2410.5036
20081020,1980.7736999999997
20081017,2065.6643999999997
20081016,1606.4989199999998
20081015,2480.12025
20081014,1977.2179999999998
20081013,2421.84514
20081010,1988.3585
20081008,8098.340499999999
20081007,4583.29792
20081006,1488.0444
20081003,1367.64688
20081001,1468.17829
20080930,1386.94248
20080929,1114.0904
20080926,958.7886099999998
20080925,1375.4076
20080924,1886.225
20080923,2252.64702
20080922,2437.0172
20080919,2513.85984
20080918,2666.3705899999995
20080917,2350.4337
20080916,2422.39824
20080915,3523.2024800000004
20080912,3687.5468
20080911,2623.5792
20080910,2464.1094299999995
20080909,1964.14572
20080908,2960.9057800000005
20080905,2057.5962799999998
20080904,2331.81275
20080902,2149.5215900000003
20080901,1985.3087100000002
20080829,2353.2088
20080828,794.6820000000001
20080827,1628.2428599999998
20080826,2050.5926
20080825,1916.12386
20080822,1509.30868
20080821,1464.1517399999998
20080820,1132.45092
20080819,2214.52452
20080818,1413.26679
20080814,2217.57732
20080813,3964.20962
20080812,5773.4969599999995
20080811,3149.17976
20080808,2447.40436
20080807,4331.6415799999995
20080806,5360.2112400000005
20080805,2864.7890700000003
20080804,1404.42258
20080801,2083.55418
20080731,1067.43104
20080730,1652.2704
20080729,1920.35732
20080728,1311.7553899999998
20080725,1520.81542
20080724,3134.80926
20080723,5499.58046
20080722,6563.6875199999995
20080721,1233.84654
20080718,1676.9804699999997
20080717,2141.81948
20080716,781.9146000000001
20080715,444.7232
20080714,891.27759
20080711,1111.42668
20080710,1191.183
20080709,891.66304
20080708,844.0084800000001
20080707,1268.1534000000001
20080704,1357.95687
20080703,892.035
20080702,2415.7493400000003
20080701,1228.7997
20080630,743.52
20080627,2474.6267700000003
20080626,1358.5502
20080625,1325.30235
20080624,1295.33448
20080623,1808.8792799999999
20080620,1796.58405
20080619,1402.3215
20080618,1898.20389
20080617,1885.9662199999998
20080616,782.4009
20080613,1401.6072
20080612,1014.2902200000001
20080611,476.32011
20080610,617.81916
20080609,710.06774
20080606,489.36999
20080605,1690.70916
20080604,1313.16744
20080603,737.22555
20080602,1883.2087999999999
20080530,789.3948
20080529,1709.6461599999998
20080528,649.539
20080527,1409.0036400000001
20080526,857.2320000000001
20080523,3430.32768
20080522,1146.78184
20080521,1363.3301499999998
20080520,3224.2559800000004
20080516,932.54352
20080515,3363.6768
20080514,2665.2873400000003
20080513,832.1791199999999
20080512,1462.8224
20080509,1314.62104
20080508,1821.6464099999998
20080507,1467.8543499999998
20080506,2198.5947199999996
20080505,2537.1675
20080502,6641.400779999999
20080430,2357.9025
20080429,2578.25452
20080428,3609.80073
20080425,3143.8668000000002
20080424,8331.186
20080423,817.3034000000001
20080422,717.75264
20080421,1110.8948400000002
20080417,685.4502
20080416,1100.9185
20080415,703.53927
20080411,1433.19366
20080410,2455.70454
20080409,1460.55055
20080408,954.1027300000001
20080407,1262.1396
20080404,1184.92801
20080403,1636.2105499999998
20080402,310.91868
20080401,664.90896
20080331,1489.0170799999999
20080328,1889.09208
20080327,2487.9006400000003
20080326,1529.00619
20080325,1621.67392
20080324,1232.22782
20080319,1059.8952000000002
20080318,1228.27356
20080317,1958.0517600000003
20080314,2812.3720799999996
20080313,5191.87464
20080312,3349.81784
20080311,3505.05375
20080310,4445.43012
20080307,5081.62248
20080305,6632.166450000001
20080304,4727.0502400000005
20080303,16057.23228
20080229,7691.8742999999995
20080228,770.3553600000001
20080227,1852.9533
20080226,1159.8770399999999
20080225,1298.7479799999999
20080222,2324.2245900000003
20080221,1999.5650999999998
20080220,4430.70423
20080219,639.064
20080218,764.37389
20080215,697.6296600000001
20080214,546.49548
20080213,512.63793
20080212,381.32564
20080211,1816.7597800000003
20080208,1231.61744
20080207,2006.48934
20080206,996.9031499999999
20080205,855.74592
20080204,2071.27611
20080201,1185.97248
20080131,796.71384
20080130,823.3879499999999
20080129,1967.0495999999998
20080128,954.8840000000001
20080125,3047.0573
20080124,1248.98304
20080123,2035.319
20080122,2073.0139999999997
20080121,1470.1824000000001
20080118,1824.0290200000002
20080117,1141.40125
20080116,1187.98344
20080115,3058.49868
20080114,1824.00666
20080111,2893.40013
20080110,3073.3944800000004
20080109,2131.454
20080108,2472.12504
20080107,1030.4717799999999
20080104,1562.0089400000002
20080103,1203.5017400000002
20080102,1066.7672
20080101,622.40414
20071231,1617.8117
20071228,3954.06094
20071227,900.1693799999999
20071226,2903.2132500000002
20071224,1663.3213
20071220,897.5022399999999
20071219,1086.0624
20071218,344.21445
20071217,633.27864
20071214,1804.6363
20071213,1223.2085399999999
20071212,1501.45581
20071211,2273.36724
20071210,1109.5695999999998
20071207,1820.3892600000001
20071206,1825.30872
20071205,1211.9335199999998
20071204,911.61106
20071203,2697.3083999999994
20071130,847.08072
20071129,1381.5438399999998
20071128,1047.0300000000002
20071127,1634.43275
20071126,1483.42446
20071123,1843.33545
20071122,6631.53664
20071121,4021.99875
20071120,670.9553999999999
20071119,743.19777
20071116,1384.6374499999997
20071115,1617.2367999999997
20071114,2275.6247900000003
20071113,1399.42248
20071112,784.29696
20071109,348.37286
20071108,1973.9218799999999
20071107,3427.4247
20071106,4215.015
20071105,4458.51588
20071102,6429.48556
20071101,5706.693
20071031,6586.7169300000005
20071030,9678.31788
20071029,5054.76774
20071026,2014.48442
20071025,2342.02452
20071024,2619.5122799999995
20071023,2069.7709800000002
20071022,3311.3698199999994
20071019,3846.6843500000004
20071018,6226.46271
20071017,11191.67855
20071016,6033.126399999999
20071015,4966.973180000001
20071012,4635.80042
20071011,10282.840020000001
20071010,11032.70681
20071009,9603.314
20071008,5474.493780000001
20071005,6097.38378
20071004,8580.38584
20071003,8029.173020000001
20071001,2290.56165
20070928,6932.013000000001
20070927,3769.91085
20070926,2585.38368
20070925,3504.5944600000003
20070924,10422.73378
20070921,3019.95818
20070920,1989.6849
20070919,10646.84796
20070918,1488.74346
20070917,4473.54348
20070914,3629.26581
20070913,2680.3580399999996
20070912,793.4131600000001
20070911,1416.58412
20070910,1231.0704
20070907,1153.5205500000002
20070906,1921.8136599999998
20070905,1899.4859499999998
20070904,3825.19821
20070903,2604.7208
20070831,2756.37406
20070830,1296.60986
20070829,1665.71025
20070828,738.4322000000001
20070827,1538.45652
20070824,3761.07158
20070823,2535.90631
20070822,2032.56036
20070821,637.6355100000001
20070820,1221.6625000000001
20070817,3732.0002200000004
20070816,963.0756900000001
20070814,927.0958
20070813,1000.72392
20070810,2328.9156799999996
20070809,2723.4689999999996
20070808,1543.60408
20070807,1351.155
20070806,1148.745
20070803,2094.5128799999998
20070802,1080.6376799999998
20070801,2478.6364999999996
20070731,1782.00738
20070730,2271.00192
20070727,4316.58986
20070726,9303.280799999999
20070725,997.36254
20070724,938.3052
20070723,1204.7770799999998
20070720,861.7996200000001
20070719,1078.98838
20070718,840.11276
20070717,1412.6537700000001
20070716,1924.03838
20070713,1372.70766
20070712,2048.7033
20070711,829.22004
20070710,1442.7882
20070709,636.1979
20070706,744.28354
20070705,3331.35544
20070704,1086.79449
20070703,1723.81638
20070702,3050.5615700000003
20070629,1252.9497399999998
20070628,2978.4222
20070627,585.7387
20070626,344.56275
20070625,491.56910999999997
20070622,664.07517
20070621,3231.9927000000002
20070620,1342.86768
20070619,843.50861
20070618,689.8381199999999
20070615,2615.29324
20070614,950.6244999999999
20070613,2805.9369
20070612,2435.9143
20070611,1701.0998599999998
20070608,8619.18897
20070607,1753.7531400000003
20070606,6140.38096
20070605,1600.3125600000003
20070604,602.7036
20070601,10049.73192
20070531,1230.84117
20070530,1229.4261600000002
20070529,1141.0432
20070528,1128.11457
20070525,975.21957
20070524,621.88305
20070523,923.7303
20070522,2792.82872
20070521,1700.9459200000001
20070518,1722.4390799999999
20070517,1684.842
20070516,764.13442
20070515,902.19122
20070514,919.42796
20070511,1916.0108
20070510,2030.7270099999998
20070509,3255.6698999999994
20070508,1731.98431
20070507,1136.64012
20070504,939.5113000000001
20070503,1629.59247
20070430,1562.59122
20070427,4157.78986
20070426,3769.42412
20070425,6192.139139999999
20070424,10732.45056
20070423,1676.7962400000001
20070420,2170.4150999999997
20070419,2284.98998
20070418,2158.10408
20070417,1951.9845400000002
20070416,1386.91644
20070413,1789.0345
20070412,1993.27432
20070411,1781.39494
20070410,2273.06612
20070409,3064.8869200000004
20070405,2301.87174
20070404,3172.59306
20070403,3624.5175200000003
20070402,5496.47655
20070330,2336.16934
20070329,2787.6570399999996
20070328,2152.12692
20070326,2875.0440399999998
20070323,6368.611040000001
20070322,4473.319820000001
20070321,2728.94105
20070320,3314.1538
20070319,5412.7512400000005
20070316,3359.4074899999996
20070315,3093.18
20070314,4668.487880000001
20070313,2245.28062
20070312,2016.73669
20070309,4228.41276
20070308,4138.433400000001
20070307,2753.3337
20070306,3217.83791
20070305,3880.80495
20070302,3365.9139999999998
20070301,5056.74354
20070228,3719.7050999999997
20070227,2671.11625
20070226,4207.12824
20070223,2522.9256299999997
20070222,9501.52287
20070221,6675.424
20070220,3295.3086
20070219,2678.7271
20070215,8225.557599999998
20070214,5316.7744
20070213,4098.260880000001
20070212,1832.86878
20070209,2312.16013
20070208,3220.15376
20070207,1391.692
20070206,1698.38319
20070205,2637.8055
20070202,1334.5358399999998
20070201,2082.41766
20070131,1734.40932
20070129,2547.4613999999997
20070125,2514.95738
20070124,2480.9814
20070123,2888.68293
20070122,12767.711879999999
20070119,2567.43352
20070118,2059.91779
20070117,2339.0666
20070116,1875.1259600000003
20070115,3662.5268
20070112,1440.20407
20070111,2117.4807
20070110,2219.80559
20070109,3968.7822
20070108,5706.475
20070105,4954.0368
20070104,1389.4657200000001
20070103,3092.115
20070102,3033.0859
20061229,1185.76929
20061228,1358.3923200000002
20061227,2855.97025
20061226,1393.9253
20061222,3579.6407
20061221,5978.357550000001
20061220,4459.86567
20061219,3761.9374199999997
20061218,2356.6858700000003
20061215,1846.0706999999998
20061214,2873.78724
20061213,1901.1297200000001
20061212,3351.11364
20061211,1960.0991499999998
20061208,1133.10425
20061207,1693.2646
20061206,1757.3346
20061205,1786.09145
20061204,2931.23079
20061201,5407.14176
20061130,1699.5600000000002
20061129,3549.7021
20061128,3365.7806000000005
20061127,1434.2954799999998
20061124,3715.64274
20061123,3405.92907
20061122,2154.1406399999996
20061121,2604.28581
20061120,4380.307159999999
20061117,3639.20634
20061116,3971.996
20061115,4376.79052
20061114,2347.10196
20061113,2580.13028
20061110,5651.85476
20061109,12483.6381
20061108,5043.666079999999
20061107,4816.3391
20061106,4666.9147
20061103,3333.2383999999997
20061102,5673.11802
20061101,4334.324750000001
20061031,2925.69886
20061030,3131.49344
20061027,2572.51176
20061026,4486.9104
20061023,4648.47012
20061021,515.3412199999999
20061020,2548.11324
20061019,2101.13372
20061018,4364.7504
20061017,3920.22666
20061016,2099.21276
20061013,3315.58608
20061012,3056.3561999999997
20061011,2432.1424399999996
20061010,4253.37598
20061009,3174.94408
20061006,3160.4034
20061005,5015.47315
20061004,5546.36096
20061003,5306.86275
20060929,10067.9073
20060928,2878.28112
20060927,5372.64996
20060926,5335.9204
20060925,4550.42306
20060922,3409.41216
20060921,4656.52981
20060920,5210.23824
20060919,4679.20725
20060918,3364.38848
20060915,4542.3
20060914,5886.84992
20060913,13151.9856
20060912,9816.10224
20060911,12525.66873
20060908,12433.620240000002
20060907,6501.18236
20060906,3863.496
20060905,2771.08224
20060904,6960.63232
20060901,8489.29221
20060831,3492.15341
20060830,6122.8706999999995
20060829,7227.11756
20060828,2639.0059
20060825,3362.67548
20060824,4142.02437
20060823,3399.61612
20060822,3944.06125
20060821,3997.3208
20060818,6751.771
20060817,5928.73736
20060816,2747.70639
20060814,2230.98293
20060811,8254.24812
20060810,3225.07666
20060809,5373.05979
20060808,2628.34642
20060807,3310.617
20060804,2490.54544
20060803,5128.80368
20060802,6162.21544
20060801,3755.1638399999997
20060731,2818.0535999999997
20060728,5460.0747599999995
20060727,10723.32515
20060726,4618.86971
20060725,2925.84114
20060724,4087.9111
20060721,3881.3197000000005
20060720,4527.7352
20060719,6162.412499999999
20060718,5680.94351
20060717,4987.418700000001
20060714,5527.89705
20060713,6940.320640000001
20060712,7678.9062
20060711,5716.19944
20060710,5824.60144
20060707,5467.00382
20060706,5918.65248
20060705,5365.1808
20060704,5041.9809
20060703,6442.09088
20060630,9953.79125
20060629,4666.7404799999995
20060628,5008.18755
20060627,5221.7977900000005
20060626,3597.0222399999993
20060625,455.69628
20060623,5696.7801
20060622,5404.70796
20060621,4440.513
20060620,7210.113919999999
20060619,5902.36718
20060616,10148.424099999998
20060615,8609.45534
20060614,9661.6243
20060613,6604.81514
20060612,8562.782799999999
20060609,6008.76
20060608,7314.405919999999
20060607,9108.9315
20060606,9223.50436
20060605,9550.33833
20060602,16424.4602
20060601,13486.33468
20060531,6956.2316599999995
20060530,3220.0537399999994
20060529,2991.3808599999998
20060526,6488.89223
20060525,4638.30088
20060524,3447.9773700000005
20060523,2864.64395
20060522,3349.25103
20060519,7462.15344
20060518,6336.25552
20060517,4899.72736
20060516,5210.8824
20060515,4666.67588
20060512,4417.4484
20060511,2971.57128
20060510,2603.23938
20060509,5775.17005
20060508,2520.04905
20060505,3800.7197899999996
20060504,4801.77124
20060503,8264.59027
20060502,4666.30335
20060429,2674.92648
20060428,8451.571680000001
20060427,13795.3686
20060426,17970.8088
20060425,3682.0445400000003
20060424,5258.22904
20060421,16897.736100000002
20060420,5944.80036
20060419,6378.17125
20060418,12271.842779999999
20060417,4932.22056
20060413,25297.926779999998
20060412,7625.463300000001
20060410,5904.8451000000005
20060407,8082.2498399999995
20060405,4204.45508
20060404,12931.0856
20060403,15327.051519999999
20060331,9740.907360000001
20060330,14012.280359999999
20060329,5873.25264
20060328,17783.19488
20060327,6582.73628
20060324,7397.157880000001
20060323,7305.423579999999
20060322,12093.84995
20060321,5417.3511
20060320,3674.5027199999995
20060317,24840.938400000003
20060316,6464.4472
20060314,10397.904470000001
20060313,10203.79724
20060310,12693.6912
20060309,27485.93898
20060308,18949.09368
20060307,9033.6387
20060306,12923.8093
20060303,37564.722910000004
20060302,41854.64324
20060301,35004.58136
20060228,30679.9941
20060227,6098.02078
20060224,3686.43444
20060223,3999.1506999999997
20060222,4925.74599
20060221,9142.48928
20060220,10280.7711
20060217,13074.395999999999
20060216,9499.11774
20060215,5685.24078
20060214,5443.46772
20060213,4528.572
20060210,3456.65696
20060208,8631.97354
20060207,10054.15985
20060206,4036.2758999999996
20060203,5152.27678
20060202,5014.9638
20060201,4678.53088
20060131,5409.32665
20060130,4671.71316
20060127,11787.77873
20060125,6451.26057
20060124,16518.273520000002
20060123,8731.24873
20060120,17393.5713
20060119,1191.45702
20060118,1870.6451499999998
20060117,2791.69539
20060116,2047.6359200000002
20060113,3222.1636800000006
20060112,10136.36565
20060110,3920.7303199999997
20060109,2374.39386
20060106,3874.9474200000004
20060105,6566.2993
20060104,2267.8803900000003
20060103,5312.67316
20060102,4703.69376
20051230,3328.8370499999996
20051229,3206.60193
20051228,3912.5174399999996
20051227,3234.62478
20051226,2306.40411
20051223,3228.34038
20051222,3630.67946
20051221,4322.69386
20051220,3400.34868
20051219,5190.6747000000005
20051216,3851.7423000000003
20051215,4495.0965
20051214,12450.287100000001
20051213,5655.14246
20051212,3239.6700499999997
20051209,4656.677930000001
20051208,5122.776890000001
20051207,3003.8240000000005
20051206,4538.230670000001
20051205,4680.9945
20051202,5230.5509
20051201,7165.2644
20051130,5827.71816
20051129,3703.20984
20051128,6061.962589999999
20051126,1622.1024
20051125,11097.783510000001
20051124,8291.17898
20051123,8727.99776
20051122,7061.298940000001
20051121,7508.1184
20051118,12444.195769999998
20051117,3887.2825499999994
20051116,2202.65788
20051114,2891.0835899999997
20051111,2530.13414
20051110,2454.8286
20051109,4451.97246
20051108,4031.9107200000003
20051107,3523.2211300000004
20051102,2071.61488
20051101,937.56657
20051031,4057.4391
20051028,8855.8442
20051027,3143.6705899999997
20051026,3181.7542900000003
20051025,7026.9683
20051024,6412.943499999999
20051021,3273.02102
20051020,2331.3222
20051019,2666.72346
20051018,4646.6963399999995
20051017,6820.67152
20051014,7214.11
20051013,3302.2270499999995
20051011,3477.17385
20051010,3586.6571999999996
20051007,5667.6446
20051006,3143.21358
20051005,4913.440200000001
20051004,9252.06744
20051003,13286.35371
20050930,2888.54055
20050929,5068.10904
20050928,4630.54563
20050927,6107.17342
20050926,4427.64615
20050923,3403.69504
20050922,10271.171690000001
20050921,7622.75706
20050920,5230.0764500000005
20050919,10703.1696
20050916,5550.56808
20050915,4180.9824
20050914,4944.4770100000005
20050913,1457.2386
20050912,1457.3393600000002
20050909,4145.32008
20050908,1549.13418
20050906,1991.3991999999998
20050905,2062.34908
20050902,10480.28472
20050901,2018.29748
20050831,570.75749
20050830,589.2998
20050829,758.97396
20050826,2359.29952
20050825,1454.33619
20050824,1259.46184
20050823,1045.79766
20050822,941.7504
20050819,1507.7757
20050818,1398.5038200000001
20050817,1985.63148
20050816,1269.57153
20050812,1695.63562
20050811,4256.1666
20050810,2880.82098
20050809,5923.8912
20050808,3728.1470099999997
20050805,6029.090400000001
20050804,2693.03144
20050803,5837.23368
20050802,5124.69624
20050801,4165.13307
20050729,3001.05138
20050727,2935.5899999999997
20050726,3446.81675
20050725,6044.904399999999
20050722,1683.32134
20050721,1458.83958
20050720,1085.54875
20050719,1404.85142
20050718,1288.9653799999999
20050715,1009.862
20050714,1746.4089999999999
20050713,1704.54224
20050712,2768.53156
20050711,2234.6400200000003
20050708,2214.065
20050707,2027.53737
20050706,2427.8480400000003
20050705,3124.32372
20050704,3131.50888
20050701,2265.34672
20050630,3317.339
20050629,2890.1933999999997
20050628,4615.42986
20050627,5444.83752
20050624,4916.8566
20050623,2954.98698
20050622,5608.44648
20050621,3952.816
20050620,1825.96713
20050617,3282.46864
20050616,3705.7211999999995
20050615,3208.24105
20050614,2955.7281900000003
20050613,3106.3509400000003
20050610,2451.594
20050609,2578.4887799999997
20050608,2582.1321
20050607,1617.87759
20050606,2093.66037
20050604,499.36436000000003
20050603,2872.07154
20050602,4427.8568
20050601,4631.66692
20050531,2545.12942
20050530,3806.2944
20050527,5612.14864
20050526,4231.58526
20050525,5621.65175
20050524,4340.18109
20050523,7020.3805999999995
20050520,3493.53707
20050519,3454.458
20050518,5855.738600000001
20050517,5081.4621
20050516,8413.43004
20050513,4473.59569
20050512,4832.652
20050511,4399.07
20050510,4973.0093099999995
20050509,8671.907570000001
20050506,18994.46432
20050505,3403.90765
20050504,3896.27238
20050503,5219.91854
20050502,7350.849840000001
20050429,3527.27295
20050428,4855.92192
20050427,4051.7918999999997
20050426,8126.57664
20050425,9147.0948
20050422,8511.39504
20050421,7157.99226
20050420,4487.71221
20050419,5323.545499999999
20050418,5339.464
20050415,2979.5246700000002
20050413,6318.20332
20050412,5227.32888
20050411,5527.008000000001
20050408,3890.23052
20050407,5931.51425
20050406,7534.30149
20050405,5175.7299299999995
20050404,3839.9427499999997
20050401,3978.3891300000005
20050331,2703.92376
20050330,4796.0978
20050329,4470.195180000001
20050328,6615.77865
20050324,7913.06021
20050323,11378.27355
20050322,8083.341079999999
20050321,8471.390510000001
20050318,10314.588880000001
20050317,4090.74764
20050316,3315.3213599999995
20050315,4170.54047
20050314,5204.83284
20050311,3297.6792
20050310,4031.3702
20050309,5912.42351
20050308,4650.573200000001
20050307,4330.08261
20050304,6385.65556
20050303,4213.4358999999995
20050302,5936.757259999999
20050301,5660.30712
20050228,11261.33894
20050225,6311.17674
20050224,3647.2705200000005
20050223,5449.7034
20050222,4589.03244
20050221,7255.496349999999
20050218,8591.8707
20050217,6393.6979200000005
20050216,7813.054680000001
20050215,6579.38994
20050214,9197.932499999999
20050211,10010.9189
20050210,6894.537899999999
20050209,15286.486319999998
20050208,7977.415720000001
20050207,3628.332
20050204,5244.72148
20050203,4572.272199999999
20050202,4722.36088
20050201,7602.203699999999
20050131,4254.313
20050128,9080.32735
20050127,12602.485700000001
20050125,8584.8514
20050124,13676.49584
20050120,9445.00036
20050119,5153.25741
20050118,5909.30766
20050117,4337.162679999999
20050114,8239.448250000001
20050113,8710.49024
20050112,5899.088130000001
20050111,5377.51356
20050110,4839.929279999999
20050107,3383.1769400000003
20050106,8006.39504
20050105,8625.6274
20050104,5765.46152
20050103,4928.03718
20041231,4410.756350000001
20041230,4148.1267
20041229,3305.9536500000004
20041228,3751.4255
20041227,3524.109
20041224,5916.82188
20041223,5528.29702
20041222,12183.3715
20041221,6455.827950000001
20041220,4244.9589000000005
20041217,5727.28104
20041216,6921.56996
20041215,10206.9103
20041214,6859.247759999999
20041213,4395.79944
20041210,11615.08119
20041209,12418.79782
20041208,4153.03827
20041207,9826.7895
20041206,8747.529840000001
20041203,12854.9509
20041202,17602.5857
20041201,20070.40516
20041130,12513.374399999999
20041129,13548.649860000001
20041125,9716.75033
20041124,7662.03804
20041123,4126.080400000001
20041122,3460.18725
20041119,5746.71663
20041118,5208.545160000001
20041117,7464.537000000001
20041116,9194.442
20041112,2114.48556
20041111,8652.99057
20041110,6350.88634
20041109,6035.5774599999995
20041108,4284.91476
20041105,5967.66554
20041104,10148.66723
20041103,6383.5996700000005
20041102,9203.80257
20041101,14648.16582
20041029,18040.10714
20041028,10616.36217
20041027,16804.0458
20041026,9751.302599999999
20041025,5365.72704
20041021,6193.050749999999
20041020,6432.600479999999
20041019,7379.7287799999995
20041018,4667.946360000001
20041015,7809.995
20041014,6250.32434
20041012,11332.8712
20041011,6185.75832
20041009,2262.4435000000003
20041008,7451.524079999999
20041007,8905.28856
20041006,27875.549989999996
20041005,14614.0839
20041004,25689.684800000003
20041001,10290.00312
20040930,17791.73461
20040929,15021.962399999999
20040928,12913.74252
20040927,12154.335200000001
20040924,19045.459469999998
20040923,39065.70794
20040922,44698.31562
20040921,34075.91952
20040920,26856.5192
20040917,15363.487799999999
20040916,16463.50335
20040915,49594.9221
20040914,38759.094800000006
20040913,17663.22285
20040910,15704.326350000001
20040909,10889.85152
20040908,11022.77211
20040907,8524.835399999998
20040906,18426.380699999998
20040903,9157.59927
20040902,14680.647060000001
20040901,19075.19309
20040831,12520.311360000002
20040830,15850.371780000001
20040827,13859.33556
20040826,11885.6514
20040825,11449.86751
20040824,10881.390519999999
20040823,13698.59802
20040820,12403.744850000001
20040819,8146.65075
20040818,9522.62163
20040817,8990.47124
20040816,10757.502
20040813,16219.027699999999
20040812,15912.688199999999
20040811,16434.988800000003
20040810,17125.088
20040809,19531.6125
20040806,36309.04486
20040805,21712.40711
20040804,16194.610719999997
20040803,12070.28354
20040802,10588.80136
20040730,9471.725999999999
20040729,12461.858639999999
20040728,14413.195679999999
20040727,15435.87975
20040726,18174.57275
20040723,14115.49663
20040722,17077.649970000002
20040721,9450.3296
20040720,11380.222399999999
20040719,14558.16878
20040716,12950.60869
20040715,20193.649999999998
20040714,20764.8755
20040713,11161.3531
20040712,10754.82139
20040709,19098.5739
20040708,21179.5938
20040707,23066.2055
20040706,15615.879440000002
20040705,22040.74205
20040702,23098.2638
20040701,23895.6471
20040630,27346.454680000003
20040629,22556.059800000003
20040628,16968.90352
20040625,21178.698660000002
20040624,28486.010879999998
20040623,24595.889310000002
20040622,19645.26856
20040621,16813.430790000002
20040618,16418.294759999997
20040617,19035.612
20040616,22210.53876
20040615,15537.569100000002
20040614,24097.8393
20040611,22796.764900000002
20040610,19595.4368
20040609,33498.90494
20040608,20941.28233
20040607,21631.209820000004
20040604,23831.921520000004
20040603,34179.00048
20040602,23179.81655
20040601,26572.905400000003
20040531,23970.793500000003
20040528,26896.823880000004
20040527,25658.62982
20040526,34427.0808
20040525,30339.581009999998
20040524,16199.060280000002
20040521,23184.29223
20040520,25789.926600000003
20040519,22258.09278
20040518,32140.35229
20040517,26249.834460000002
20040514,35509.55821
20040513,40202.009
20040512,19988.58524
20040511,22836.63926
20040510,25627.578400000002
20040507,21075.3165
20040506,14588.5396
20040505,18478.21332
20040504,23029.59288
20040503,35277.403320000005
20040430,22160.50796
20040429,17695.4068
20040428,30148.1178
20040427,17801.3791
20040423,19222.28724
20040422,28452.81308
20040421,16178.91625
20040420,8218.05246
20040419,17920.779359999997
20040417,2697.7315000000003
20040416,8192.74014
20040415,18182.61624
20040413,9722.67254
20040412,5907.22998
20040408,15133.810720000001
20040407,13932.91223
20040406,18021.99468
20040405,22251.712979999997
20040402,18130.55563
20040401,17369.197330000003
20040331,20206.079999999998
20040330,16709.67794
20040329,16234.129080000002
20040326,23464.73488
20040325,21697.4089
20040324,17781.778
20040323,26971.13565
20040322,16487.02884
20040319,24472.2815
20040318,20762.46142
20040317,19577.04547
20040316,30134.565119999996
20040315,22952.15208
20040312,28923.725349999997
20040311,23325.697560000004
20040310,23046.02445
20040309,22180.3758
20040308,17344.560940000003
20040305,21225.341299999996
20040304,29902.559820000002
20040303,33622.83478
20040301,24171.448859999997
20040227,34277.33209
20040226,35169.7168
20040225,36262.715000000004
20040224,55845.83382
20040223,42077.597279999994
20040220,51257.22378000001
20040219,38324.963460000006
20040218,26685.283100000004
20040217,37724.78766
20040216,38776.582319999994
20040213,24186.6738
20040212,22897.70112
20040211,20623.86382
20040210,24236.7408
20040209,24038.8817
20040206,24686.318040000002
20040205,30289.71719
20040204,37634.982879999996
20040203,22227.42996
20040130,27969.724439999998
20040129,34226.3856
20040128,31899.469660000002
20040127,22703.741759999997
20040123,30239.72512
20040122,18259.9609
20040121,20204.378040000003
20040120,24531.015199999998
20040119,27006.05193
20040116,23649.478519999997
20040115,20746.06768
20040114,11713.77626
20040113,14688.32344
20040112,8651.779559999999
20040109,23180.970900000004
20040108,10848.171
20040107,7593.88
20040106,3656.65376
20040105,6935.684239999999
20040102,6531.43392
20040101,5501.12808
20031231,5573.80696
20031230,5806.03532
20031229,9254.94771
20031226,9280.17948
20031224,6296.744479999999
20031223,8149.12884
20031222,5910.25776
20031219,7350.3449
20031218,6788.060799999999
20031217,8017.3632
20031216,5495.976299999999
20031215,6134.121220000001
20031212,7712.27638
20031211,6769.114190000001
20031210,11241.560940000001
20031209,7328.256300000001
20031208,5972.615849999999
20031205,9305.87592
20031204,12766.5325
20031203,10087.4704
20031202,12957.9735
20031201,10434.336
20031128,7490.78646
20031127,12064.149360000001
20031125,11036.999459999999
20031124,12363.74528
20031121,18602.68038
20031120,13845.87774
20031119,12461.7681
20031118,12218.077050000002
20031117,10801.7456
20031115,4861.53396
20031114,13800.55859
20031113,26017.882
20031112,7174.6335
20031111,8288.88554
20031110,12764.597489999998
20031107,10062.48144
20031106,16664.856209999998
20031105,23632.87126
20031104,17999.443600000002
20031103,25827.89512
20031031,23272.032660000004
20031030,12046.990980000002
20031029,17182.585320000002
20031028,11567.10208
20031027,12657.292580000001
20031025,4622.20771
20031024,9703.189919999999
20031023,5010.0036
20031022,4276.998300000001
20031021,6122.531440000001
20031020,4039.17906
20031017,8405.65845
20031016,6984.94383
20031015,5392.9218
20031014,7871.643320000001
20031013,6608.3462899999995
20031010,7900.362320000001
20031009,12434.68
20031008,3169.4475
20031007,3424.12098
20031006,5316.49976
20031003,5276.45046
20031001,5274.6037400000005
20030930,5370.77642
20030929,5224.66828
20030926,2685.47725
20030925,2141.1488799999997
20030924,2630.79255
20030923,2207.9111999999996
20030922,2628.88064
20030919,3309.04133
20030918,3372.33061
20030917,5916.42298
20030916,5379.1644799999995
20030915,4535.7613200000005
20030912,3856.3036199999997
20030911,1521.39996
20030910,1929.16548
20030909,3754.09305
20030908,2755.7208
20030905,4671.2494799999995
20030904,6772.02272
20030903,6535.72924
20030902,8037.80735
20030901,3485.75
20030829,4843.1155
20030828,4347.69093
20030827,3471.6391
20030826,6027.33982
20030825,6546.28464
20030822,7018.46112
20030821,7816.65632
20030820,9127.070549999999
20030819,3894.1317999999997
20030818,4566.142199999999
20030814,10140.598800000002
20030813,10327.5055
20030812,10917.202099999999
20030811,8124.1691
20030808,2590.2185999999997
20030807,3545.1509099999994
20030806,8652.3872
20030805,11941.817009999999
20030804,12949.528320000001
20030801,9049.011660000002
20030731,3723.1811399999997
20030730,5280.22172
20030729,7676.85818
20030728,6305.034439999999
20030725,2380.8221599999997
20030724,3813.7745600000003
20030723,12655.6764
20030722,3722.2042
20030721,2841.9246
20030718,4618.1762
20030717,3678.0609200000004
20030716,3283.3098
20030715,6632.528
20030714,6448.9497599999995
20030711,12283.244779999999
20030710,9234.27204
20030709,42253.89542
