20160408,2171.03752
20160407,3398.7608
20160406,3042.51192
20160405,2397.8024
20160404,2542.68075
20160401,2958.9578200000005
20160331,3962.7923499999997
20160330,4873.98267
20160329,3539.82294
20160328,4573.7176
20160323,3206.52792
20160322,3592.1699799999997
20160321,3788.2531099999997
20160318,2789.1225
20160317,3113.0887199999997
20160316,3833.2418799999996
20160315,4993.314
20160314,4018.1238
20160311,4689.55932
20160310,3698.792
20160309,3421.8767700000003
20160308,3857.32992
20160304,5021.03896
20160303,6080.4503
20160302,3731.72856
20160301,2743.3163999999997
20160229,6837.6916
20160226,2223.9131
20160225,2448.72943
20160224,2464.41852
20160223,3440.71
20160222,3244.4980000000005
20160219,9059.40264
20160218,3822.0716600000005
20160217,4948.771119999999
20160216,6878.784360000001
20160215,7882.044559999999
20160212,11971.599119999999
20160211,8371.774599999999
20160210,11512.25238
20160209,4317.27002
20160208,2852.5432
20160205,2696.55012
20160204,3201.20394
20160203,4809.54425
20160202,4020.3044
20160201,2341.32594
20160129,3520.0881100000006
20160128,3952.48875
20160127,2726.51925
20160125,6080.908960000001
20160122,3307.80576
20160121,10219.1162
20160120,4586.18638
20160119,3856.22541
20160118,3523.39152
20160115,5708.9676500000005
20160114,6480.502079999999
20160113,6693.602200000001
20160112,4113.43152
20160111,6655.34496
20160108,6014.63428
20160107,6329.65498
20160106,3941.6473800000003
20160105,2785.27368
20160104,4743.36585
20160101,2444.4244
20151231,1336.42005
20151230,1075.53376
20151229,2708.24076
20151228,2781.4925200000002
20151224,1524.2342399999998
20151223,1434.9382
20151222,2073.5745
20151221,1781.38716
20151218,2475.10464
20151217,3438.90808
20151216,7546.54368
20151215,3990.9119800000003
20151214,5405.20876
20151211,4853.33328
20151210,4151.08345
20151209,2931.76324
20151208,3283.2573199999997
20151207,3607.18407
20151204,5771.6243699999995
20151203,2820.5075
20151202,3555.5819600000004
20151201,2649.65472
20151130,3471.6975900000007
20151127,5244.590719999999
20151126,4776.36474
20151124,2493.18125
20151123,2673.4057599999996
20151120,2463.0809600000002
20151119,2385.70373
20151118,3034.4768400000003
20151117,3185.88114
20151116,4157.96426
20151113,4473.50094
20151111,1021.0281900000001
20151110,5968.2053399999995
20151109,11115.65595
20151106,4663.20864
20151105,8431.542699999998
20151104,7972.86746
20151103,2460.7893799999997
20151102,1731.99087
20151030,2405.25609
20151029,4787.64325
20151028,3341.8605
20151027,1748.2647000000002
20151026,2979.474
20151023,2675.76296
20151021,4523.79708
20151020,6952.19424
20151019,3921.2495400000003
20151016,6744.01938
20151015,10441.8259
20151014,3228.2134
20151013,4706.041880000001
20151012,7249.854000000001
20151009,8994.93174
20151008,4306.16532
20151007,8638.24959
20151006,7233.9166000000005
20151005,5888.4111
20151001,3201.2097799999997
20150930,4119.79565
20150929,7062.45573
20150928,6526.477370000001
20150924,3710.7072
20150923,4971.086899999999
20150922,4714.090380000001
20150921,2726.9559
20150918,241219.84355999998
20150916,2245.0821
20150915,4520.16048
20150914,2477.1852000000003
20150911,9690.68016
20150910,5516.984520000001
20150909,4925.90483
20150908,3908.28537
20150907,4184.704000000001
20150904,3666.24556
20150903,4180.88292
20150902,6451.52256
20150901,5752.335599999999
20150831,4458.716
20150828,5589.55056
20150827,6167.433569999999
20150826,8652.294979999999
20150825,5607.19278
20150824,12524.3363
20150821,7012.467680000001
20150820,6926.89526
20150819,6168.718919999999
20150818,3299.63595
20150817,3654.9560200000005
20150814,5860.129940000001
20150813,11412.603749999998
20150812,8900.7727
20150811,15095.359919999999
20150810,9595.994729999999
20150807,6243.4912
20150806,7428.522559999999
20150805,9075.164159999998
20150804,6325.950000000001
20150803,6267.80309
20150731,3398.4146
20150730,6333.363859999999
20150729,4673.65856
20150728,5583.450129999999
20150727,7451.01
20150724,5015.0913
20150723,6301.246
20150722,2405.57496
20150721,5775.09408
20150720,3562.7391
20150717,3691.1370599999996
20150716,2624.22235
20150715,4449.42304
20150714,6785.6024
20150713,3122.88238
20150710,6605.474999999999
20150709,5194.6029
20150708,10316.00765
20150707,4182.48004
20150706,2719.4123600000003
20150703,1834.1635199999998
20150702,2826.07304
20150701,4508.904320000001
20150630,4158.28294
20150629,3921.6114000000002
20150626,3280.37112
20150625,3504.4697400000005
20150624,5290.3395
20150623,3449.46
20150622,2295.66545
20150619,2953.13775
20150618,3149.24432
20150617,4632.03018
20150616,2741.5261
20150615,3238.3141
20150612,5611.254089999999
20150611,8891.884740000001
20150610,3670.21195
20150609,7768.9474199999995
20150608,4648.88256
20150605,9487.8726
20150604,6450.78016
20150603,6706.2320199999995
20150602,7440.63616
20150601,3538.5300700000003
20150529,4092.3425399999996
20150528,4258.25225
20150527,9973.376799999998
20150526,7158.96928
20150525,3216.9931199999996
20150522,3800.7996000000003
20150521,2866.81572
20150520,3323.52097
20150519,6378.350160000001
20150518,2174.81658
20150515,12045.064110000001
20150514,3028.08504
20150513,3591.67312
20150512,5371.39595
20150511,2652.1372300000003
20150508,3416.77531
20150507,2641.46468
20150506,3004.8073
20150505,2280.9931300000003
20150504,3048.1183600000004
20150430,3293.72001
20150429,3096.3898899999995
20150428,2304.1399800000004
20150427,1750.81452
20150424,4248.13119
20150423,2948.8754399999993
20150422,3180.1714500000003
20150421,1844.27064
20150420,2736.03582
20150417,1842.6698200000003
20150416,3021.68944
20150415,7154.59528
20150413,2077.32616
20150410,1722.70875
20150409,13196.67745
20150408,2567.8537499999998
20150407,2683.2253499999997
20150406,3291.72984
20150401,4058.0612800000004
20150331,2780.4961799999996
20150330,4971.347849999999
20150327,2660.54616
20150326,3059.3167299999996
20150325,3767.5462800000005
20150324,2641.6895
20150323,1587.6432
20150320,1993.82742
20150319,1742.08125
20150318,2667.4384
20150317,3208.2542000000003
20150316,1098.9492
20150313,1606.8643500000003
20150312,2002.4869600000002
20150311,2328.11183
20150310,2437.53318
20150309,2450.2136400000004
20150305,2232.4479100000003
20150304,4757.11446
20150303,2286.81088
20150302,4616.57196
20150228,6060.582600000001
20150227,1991.6979
20150226,2013.9152000000004
20150225,1372.55535
20150224,2104.98309
20150223,4551.025680000001
20150220,2872.47581
20150219,4457.45472
20150218,5293.94263
20150216,2478.3161099999998
20150213,2024.7489
20150212,2035.0082999999997
20150211,2137.8158599999997
20150210,3816.74926
20150209,2837.9907099999996
20150206,7974.158880000001
20150205,6293.681099999999
20150204,2573.08338
20150203,6207.5445
20150202,2504.03256
20150130,3602.3740099999995
20150129,2933.1565
20150128,4043.63936
20150127,4545.571679999999
20150123,5814.01854
20150122,3645.775
20150121,3511.4249099999997
20150120,4934.62368
20150119,3059.0480000000002
20150116,2273.99092
20150115,3915.59025
20150114,4221.8982
20150113,2819.94748
20150112,2212.0434900000005
20150109,2788.39992
20150108,2766.97872
20150107,4324.551
20150106,3924.09072
20150105,4721.8903
20150102,2380.9455000000003
20150101,826.55965
20141231,2249.06643
20141230,1491.3063200000001
20141229,2147.0214
20141226,3223.1775000000002
20141224,2158.3671
20141223,1565.4461099999999
20141222,1459.74424
20141219,2767.47374
20141218,1886.4326
20141217,4956.24052
20141216,2504.18952
20141215,1848.2760799999999
20141212,2665.14688
20141211,3413.9784799999998
20141210,3370.0867200000002
20141209,3826.0566
20141208,2281.06272
20141205,1592.0715599999999
20141204,3020.78938
20141203,3059.5571399999994
20141202,2960.43356
20141201,2693.7696000000005
20141128,25465.54572
20141127,4789.291319999999
20141126,2890.80312
20141125,4033.7037400000004
20141124,5166.570959999999
20141121,4303.3555799999995
20141120,3880.0131600000004
20141119,3308.2815400000004
20141118,4256.20041
20141117,7458.0992
20141114,3186.546
20141113,2540.5156
20141112,2549.118
20141111,2944.7667199999996
20141110,3343.78316
20141107,2141.44776
20141105,4981.455
20141103,2262.2985000000003
20141031,3696.99428
20141030,2290.5086
20141029,2660.20976
20141028,1490.09793
20141027,1592.5366800000002
20141023,631.4226199999999
20141022,3165.13548
20141021,2864.33025
20141020,2921.94045
20141017,3636.66048
20141016,2661.2432
20141014,2754.9834600000004
20141013,3368.08108
20141010,5075.38152
20141009,1606.6664899999998
20141008,1800.32442
20141007,3104.32395
20141001,1580.6268499999999
20140930,2228.46848
20140929,1847.58691
20140926,3522.7350899999997
20140925,1640.65968
20140924,2998.6525800000004
20140923,6469.988500000001
20140922,5188.5808799999995
20140919,2658.65424
20140918,4166.388239999999
20140917,2423.61207
20140916,7232.0951
20140915,1240.9022599999998
20140912,1978.01239
20140911,2731.384
20140910,2606.7423599999997
20140909,3540.0109899999998
20140908,4683.80896
20140905,4727.4993
20140904,2679.41844
20140903,3748.48368
20140902,2067.94971
20140901,3074.6853
20140828,3243.22039
20140827,3876.00486
20140826,3643.3829899999996
20140825,2045.93088
20140822,2335.29147
20140821,2832.47424
20140820,3949.44308
20140819,6965.77635
20140818,6344.8623
20140814,4426.54272
20140813,4022.3583
20140812,10734.630500000001
20140811,3602.5976
20140808,2040.4676000000002
20140807,1774.62016
20140806,1901.8999999999999
20140805,1880.4394499999999
20140804,1416.7907
20140801,11919.824
20140731,1809.3529999999998
20140730,2244.2124
20140728,2471.42367
20140725,3935.8002600000004
20140724,1533.32284
20140723,2705.28975
20140722,2631.75
20140721,2261.78688
20140718,2817.9017999999996
20140717,2910.06778
20140716,2419.19172
20140715,3577.0878
20140714,1876.1659000000002
20140711,2067.6620000000003
20140710,3242.0395
20140709,2060.26803
20140708,3424.5340499999998
20140707,2943.27684
20140704,2415.7452
20140703,2549.3127
20140702,4572.84855
20140701,4243.74723
20140630,1250.62993
20140627,1740.2700600000003
20140626,1798.9956
20140625,2220.8064
20140624,2366.0721999999996
20140623,1596.9041399999999
20140620,1884.008
20140619,10400.9433
20140618,2041.0696799999998
20140617,2375.3007599999996
20140616,1773.6849200000001
20140613,2073.12336
20140612,2228.35766
20140611,3466.6379400000005
20140610,3384.465
20140609,4355.092979999999
20140606,4437.44389
20140605,5418.31829
20140604,2729.1132
20140603,2787.60644
20140602,1888.7569999999998
20140530,3806.7224800000004
20140529,2217.0141
20140528,2761.35552
20140527,2222.45172
20140526,6046.06204
20140523,3594.40964
20140522,2957.34108
20140521,2408.0904
20140520,3424.46655
20140519,2938.5523200000002
20140516,7689.3159
20140515,2466.2255999999998
20140514,1846.65026
20140513,3430.93935
20140512,6227.151280000001
20140509,2065.9188
20140508,1055.5293199999999
20140507,1154.66472
20140506,1393.2732
20140505,1528.1088
20140502,1556.6145199999999
20140430,2077.66803
20140429,1422.3282
20140428,1545.05744
20140425,1568.30448
20140423,1708.80064
20140422,2401.64979
20140421,2301.08632
20140417,4987.19686
20140416,2275.62552
20140415,1972.9841999999999
20140411,3828.55567
20140410,3986.6646600000004
20140409,2521.21884
20140407,2693.88144
20140404,2441.06976
20140403,2347.2715
20140402,6291.85284
20140401,3335.09904
20140331,1816.2462199999998
20140328,2235.7696
20140327,2195.8507200000004
20140326,3072.3108
20140325,2068.3749599999996
20140324,1877.3296
20140322,173.53799999999998
20140321,2144.25
20140320,1661.5072000000002
20140319,3421.76116
20140318,3287.7299000000003
20140314,1968.22785
20140313,2736.094
20140312,2332.18512
20140311,4037.48908
20140310,4278.359439999999
20140307,3650.72
20140306,2926.77858
20140305,1947.0528
20140304,2920.96561
20140303,3259.7901699999998
20140228,8139.7755799999995
20140226,2519.46618
20140225,1915.6020000000003
20140224,2764.146
20140221,3951.90432
20140220,3505.7219200000004
20140219,1707.39928
20140218,3075.7479100000005
20140217,4830.09792
20140214,4743.712740000001
20140213,4493.558
20140212,7687.28638
20140211,9224.46168
20140210,4149.1227
20140207,2332.7629
20140206,7271.382959999999
20140205,5710.771199999999
20140204,5488.820459999999
20140203,2955.35236
20140131,3539.06295
20140130,3041.12184
20140129,1939.78656
20140128,2132.19104
20140127,4297.86881
20140124,1822.6236000000001
20140123,2409.8323600000003
20140122,2570.51224
20140121,5121.65448
20140120,1940.47218
20140117,4224.36975
20140116,2427.73472
20140115,2443.4884599999996
20140114,1266.6015499999999
20140113,7606.76246
20140110,5508.7080000000005
20140109,1225.2604000000001
20140108,2271.34908
20140107,1532.72099
20140106,3304.7747600000002
20140103,3371.59974
20140102,2140.1606
20140101,1038.00235
20131231,2556.79002
20131230,1853.6979299999998
20131227,1720.3910399999997
20131226,2101.39365
20131224,1446.7975800000002
20131223,1256.64858
20131220,5361.418180000001
20131219,2658.14127
20131218,2760.5337600000003
20131217,2150.68608
20131216,1858.8048500000002
20131213,6309.35448
20131212,9398.059
20131211,5862.263220000001
20131210,4165.836399999999
20131209,10084.116119999999
20131206,6167.25961
20131205,3272.1060599999996
20131204,3159.5256
20131203,8882.33067
20131202,8746.9092
20131129,4293.771299999999
20131128,4124.010800000001
20131127,5060.39835
20131126,4007.3032999999996
20131125,3260.3650200000006
20131122,3955.7251800000004
20131121,2299.23738
20131120,2149.08032
20131119,3197.4570599999997
20131118,7026.95178
20131114,15361.9
20131113,2649.7654399999997
20131112,5081.48047
20131111,9954.42426
20131108,19335.894869999996
20131107,4954.3886299999995
20131106,4589.14456
20131105,7766.30008
20131103,1661.73084
20131101,4186.704
20131031,9250.878780000001
20131030,3800.01771
20131029,5267.6421
20131028,2608.26406
20131025,2500.20328
20131024,4107.4854399999995
20131023,4463.5138799999995
20131022,3996.49136
20131021,7098.09772
20131018,4424.42445
20131017,4877.68505
20131015,5027.2838
20131014,5961.7486499999995
20131011,11894.588590000001
20131010,9397.28825
20131009,8611.17884
20131008,6123.9773000000005
20131007,4054.7493299999996
20131004,12676.075500000003
20131003,5076.03312
20131001,3890.4871700000003
20130930,1330.7867999999999
20130927,6004.880840000001
20130926,4497.46548
20130925,8345.8326
20130924,6082.0065
20130923,10749.4905
20130920,4763.09652
20130919,7559.06299
20130918,4042.7045000000003
20130917,3763.5052
20130916,3481.0125
20130913,2967.74104
20130912,2956.5307199999997
20130911,6430.32929
20130910,10644.09952
20130906,2259.9774
20130905,3929.61342
20130904,6736.768080000001
20130903,4919.722780000001
20130902,3942.0604799999996
20130830,2466.21252
20130829,4854.3195
20130828,3820.40842
20130827,4359.24125
20130826,2405.83032
20130823,3982.3728000000006
20130822,3127.1429200000002
20130821,3795.8940000000002
20130820,4267.58904
20130819,3106.28625
20130816,8148.449189999999
20130814,11874.79781
20130813,3669.8889000000004
20130812,1980.6319099999998
20130808,7826.52321
20130807,8415.35604
20130806,3242.1324000000004
20130805,5811.216839999999
20130802,3079.5922200000005
20130801,3146.5979999999995
20130731,3263.733
20130730,5265.488600000001
20130729,3347.1137
20130726,2905.0112
20130725,3872.57184
20130724,1951.8228
20130723,3317.66032
20130722,3328.8635099999997
20130719,3046.62974
20130718,2093.5932000000003
20130717,3027.7811200000006
20130716,3647.187
20130715,2510.0985800000003
20130712,2695.89976
20130711,3721.9635
20130710,5881.7124
20130709,3320.92392
20130708,4784.991279999999
20130705,5927.17716
20130704,5565.42569
20130703,8565.2621
20130702,3504.3898800000006
20130701,2958.5472000000004
20130628,4676.04186
20130627,8323.64625
20130626,6175.19475
20130625,7106.0244
20130624,3236.4610199999997
20130621,4990.8174
20130620,10731.15
20130619,2362.1347199999996
20130618,7472.9022
20130617,3376.527
20130614,3376.75284
20130613,3852.8270999999995
20130612,3587.58456
20130611,3936.77106
20130610,2665.9432799999995
20130607,2883.32667
20130606,3022.6238
20130605,3007.27512
20130604,3479.8548
20130603,3475.5099999999998
20130531,4425.49572
20130530,9395.04932
20130529,6222.532540000001
20130528,3167.1504899999995
20130527,2616.0179499999995
20130524,3268.4939999999997
20130523,3167.53085
20130522,3105.4873199999997
20130521,3681.9359
20130520,4855.05738
20130517,3163.2153000000003
20130516,2858.6846399999995
20130515,5402.568
20130514,3923.6418
20130513,2262.63042
20130511,209.65494
20130510,4164.1432
20130509,2440.52332
20130508,3433.4721999999997
20130507,3386.92834
20130506,3945.95234
20130503,3192.57186
20130502,3009.69438
20130430,2648.84152
20130429,1549.9194
20130426,2778.22143
20130425,3122.4667200000004
20130423,1764.22896
20130422,3295.1586199999997
20130418,5509.33766
20130417,2979.7092900000002
20130416,3428.9451600000007
20130415,2793.6406
20130412,2124.60624
20130411,5078.31493
20130410,3907.15759
20130409,6605.7852
20130408,3216.48115
20130405,3445.9359599999993
20130404,4566.6909
20130403,3756.0191399999994
20130402,4374.471219999999
20130401,2345.60394
20130328,1836.2823599999997
20130326,4390.94348
20130325,2137.76275
20130322,6419.490680000001
20130321,7637.2964999999995
20130320,3651.01695
20130319,3997.07876
20130318,3625.12368
20130315,4636.826550000001
20130314,6658.6460400000005
20130313,6452.455080000001
20130312,4860.55716
20130311,2903.40416
20130308,3312.0228600000005
20130307,5732.712700000001
20130306,4416.28502
20130305,4995.350850000001
20130304,2875.473
20130301,3080.61413
20130228,5124.8167300000005
20130227,2963.49429
20130226,3762.8590999999997
20130225,2913.0848800000003
20130222,3237.4130399999995
20130221,3189.3411199999996
20130220,3401.9434399999996
20130219,2217.7512
20130218,4783.43954
20130215,7624.462200000001
20130214,3031.58208
20130213,5964.969599999999
20130212,4829.712600000001
20130211,3211.371
20130208,5861.7529
20130207,2988.6732899999997
20130206,3305.62311
20130205,3440.4563200000002
20130204,5766.0604
20130201,7449.66684
20130131,2603.91701
20130130,3689.0099999999998
20130129,4658.15934
20130128,4778.9628299999995
20130125,4572.453039999999
20130124,14874.501119999999
20130123,5800.218200000001
20130122,3479.205
20130121,2514.61779
20130118,5451.066949999999
20130117,6730.41029
20130116,5686.33356
20130115,7602.044400000001
20130114,7878.30784
20130111,5465.749849999999
20130110,10536.613440000001
20130109,12370.79568
20130108,5906.19477
20130107,2974.9566000000004
20130104,5141.86434
20130103,3888.6210000000005
20130102,4902.722760000001
20130101,4007.63373
20121231,3314.9787300000003
20121228,4938.917619999999
20121227,7177.53939
20121226,4196.23075
20121224,7148.590380000001
20121221,2695.52574
20121220,4413.0769199999995
20121219,7340.650000000001
20121218,9180.00468
20121217,4864.2503
20121214,13039.77261
20121213,13042.93254
20121212,3354.1430400000004
20121211,3554.4154499999995
20121210,5778.454000000001
20121207,7431.125
20121206,7275.97612
20121205,7361.35257
20121204,4050.3024
20121203,5532.66648
20121130,7832.14561
20121129,6547.016599999999
20121127,2362.81588
20121126,2732.0156400000005
20121123,3538.5455300000003
20121122,3209.7533999999996
20121121,2100.40896
20121120,3284.5571200000004
20121119,4055.0698500000003
20121116,3081.2920799999997
20121115,3688.50366
20121113,1146.85802
20121112,5848.52832
20121109,4613.235
20121108,17542.1327
20121107,5428.59292
20121106,3923.2394600000002
20121105,3826.7118
20121102,5444.5127
20121101,5275.196279999999
20121031,3336.4560300000003
20121030,4870.13001
20121029,2518.80904
20121026,2290.70884
20121025,3241.0908
20121023,2152.1727300000002
20121022,3498.1719500000004
20121019,2439.60238
20121018,3524.3126599999996
20121017,3129.99696
20121016,3920.89486
20121015,1935.9558599999998
20121012,3529.77258
20121011,3513.1922
20121010,3457.7046000000005
20121009,4342.81756
20121008,3624.2979600000003
20121005,8888.507249999999
20121004,3334.28238
20121003,4525.2725
20121001,5331.5315
20120928,5753.573539999999
20120927,3708.9544200000005
20120926,2713.87696
20120925,3736.3109999999997
20120924,7246.501899999999
20120921,6128.89608
20120920,7877.997270000001
20120918,3980.2459200000003
20120917,13795.418300000001
20120914,6902.279339999999
20120913,4409.69664
20120912,8004.48082
20120911,4344.87004
20120910,3521.15328
20120908,478.24494000000004
20120907,4723.90802
20120906,4951.515710000001
20120905,4814.83168
20120904,3642.32092
20120903,4621.22256
20120831,5258.45674
20120830,2993.92361
20120829,4003.14115
20120828,5465.7658
20120827,4066.3268
20120824,4102.0497
20120823,5120.07422
20120822,4783.06176
20120821,4180.490199999999
20120817,8132.41308
20120816,6101.74341
20120814,4539.65985
20120813,4205.4173200000005
20120810,4515.88228
20120809,14890.59164
20120808,6748.07868
20120807,6293.6464000000005
20120806,2650.8228000000004
20120803,3502.4791999999998
20120802,2646.65895
20120801,4427.820199999999
20120731,4638.39846
20120730,4356.967140000001
20120727,5688.94334
20120726,6075.0639599999995
20120725,3224.31072
20120724,3840.03465
20120723,2928.2534
20120720,2024.8595100000002
20120719,4736.930759999999
20120718,6768.21376
20120717,7402.76985
20120716,5092.0116
20120713,4952.89621
20120712,4775.8978400000005
20120711,3990.3848800000005
20120710,8639.90028
20120709,7697.432380000001
20120706,6934.1362500000005
20120705,5748.0388
20120704,5029.72491
20120703,4166.455800000001
20120702,4327.54973
20120629,5688.9908700000005
20120628,6607.69464
20120627,5218.41414
20120626,2742.82769
20120625,4732.64235
20120622,9989.934759999998
20120621,6497.3568
20120620,6826.3769999999995
20120619,5669.7865
20120618,11698.071600000001
20120615,12404.11046
20120614,7887.410240000001
20120613,6988.30875
20120612,7485.7725
20120611,5572.6425
20120608,5912.25822
20120607,8191.03997
20120606,15599.402000000002
20120605,10304.408879999999
20120604,11552.0289
20120601,15808.74801
20120531,18062.194929999998
20120530,28784.228
20120529,9304.584440000002
20120528,3758.21664
20120525,3792.27574
20120524,4494.149560000001
20120523,3640.36776
20120522,4434.28776
20120521,5231.037979999999
20120518,8092.981799999999
20120517,9360.33
20120516,9554.58786
20120515,5713.0425000000005
20120514,3588.50002
20120511,5607.25904
20120510,2971.94869
20120509,3663.50078
20120508,5147.587759999999
20120507,5443.123199999999
20120504,4335.2824200000005
20120503,3474.6287100000004
20120502,9742.85398
20120430,4366.64352
20120428,228.08709
20120427,2864.4846300000004
20120426,3336.72048
20120425,6596.1649
20120424,4403.11977
20120423,5022.29172
20120420,7776.37001
20120419,11072.57316
20120418,6831.64292
20120417,8713.818330000002
20120416,9670.924640000001
20120413,5806.0466400000005
20120412,4880.7629
20120411,6601.4872000000005
20120410,6208.22952
20120409,2124.3822600000003
20120404,3148.64177
20120403,8895.76992
20120402,7538.23152
20120330,8448.1245
20120329,3826.8048000000003
20120328,4657.4364000000005
20120327,5843.17792
20120326,4069.4996699999997
20120323,4398.94912
20120322,7939.28352
20120321,9967.98194
20120320,7601.250800000001
20120319,4194.400500000001
20120316,12198.577610000002
20120315,9988.36461
20120314,7583.250800000001
20120313,4727.88394
20120312,5210.8728599999995
20120309,6609.35376
20120307,4432.66895
20120306,5409.95169
20120305,9063.993240000002
20120303,6932.88232
20120302,4851.500279999999
20120301,6323.74838
20120229,6919.15653
20120228,10134.288990000001
20120227,6857.0614
20120224,4135.70872
20120223,7273.852760000001
20120222,11906.3665
20120221,10376.528
20120217,11435.22488
20120216,10188.209260000001
20120215,25399.24303
20120214,16760.48185
20120213,8844.19134
20120210,5763.89944
20120209,9081.31545
20120208,7668.0591
20120207,11225.12776
20120206,10157.357940000002
20120203,7716.8399
20120202,10845.001020000002
20120201,19164.4561
20120131,6698.2645600000005
20120130,7345.78392
20120127,12945.72223
20120125,10598.886239999998
20120124,7626.92535
20120123,5261.29415
20120120,5214.58
20120119,5499.28028
20120118,5925.70446
20120117,12046.35014
20120116,8410.49485
20120113,9325.02032
20120112,5189.69332
20120111,6635.05964
20120110,6569.84719
20120109,6370.6219200000005
20120107,586.01506
20120106,6785.48745
20120105,9336.56444
20120104,11239.642629999998
20120103,7307.856010000001
20120102,5362.5657
20111230,4178.350670000001
20111229,4047.3610200000003
20111228,3252.02682
20111227,2716.91994
20111226,4810.5084
20111223,6247.578239999999
20111222,6532.419450000001
20111221,7631.96967
20111220,6337.43812
20111219,9648.040410000001
20111216,6597.586
20111215,6596.49772
20111214,5892.71157
20111213,6927.166399999999
20111212,6849.759510000001
20111209,6949.350979999999
20111208,5731.7733
20111207,5147.334779999999
20111205,6303.17714
20111202,9035.4901
20111201,8104.787249999999
20111130,7339.235549999999
20111129,4851.1125
20111128,8475.2696
20111125,8326.862039999998
20111124,6751.11452
20111123,5022.321639999999
20111122,10450.82216
20111121,6532.70994
20111118,5671.69695
20111117,6259.097159999999
20111116,8912.493530000002
20111115,11605.18572
20111114,6950.86215
20111111,8858.0877
20111109,6909.988550000001
20111108,6642.24261
20111104,10742.51558
20111103,12537.15104
20111102,12505.37661
20111101,12624.46654
20111031,7861.593360000001
20111028,9559.7184
20111026,3050.679
20111025,8357.42788
20111024,6517.50336
20111021,5614.4943
20111020,4542.54308
20111019,5708.737
20111018,6764.510799999999
20111017,13133.000579999998
20111014,7215.679349999999
20111013,9903.36204
20111012,10663.9699
20111011,8815.60202
20111010,8584.873749999999
20111007,6562.63056
20111005,3373.02108
20111004,6302.631850000001
20111003,3706.3945599999997
20110930,6286.0675
20110929,8199.7875
20110928,6062.979960000001
20110927,5125.54548
20110926,3832.5705599999997
20110923,7294.40984
20110922,5374.51809
20110921,3427.67839
20110920,5140.28784
20110919,5926.638849999999
20110916,10779.167389999999
20110915,5583.94668
20110914,3982.01336
20110913,6773.984879999999
20110912,5110.038799999999
20110909,3967.1766000000002
20110908,6167.9937199999995
20110907,7104.215249999999
20110906,5371.017400000001
20110905,7336.176399999999
20110902,4615.94494
20110830,4189.00695
20110829,4822.93128
20110826,6678.8577399999995
20110825,5131.4301
20110824,7556.602999999999
20110823,8289.93159
20110822,6693.99598
20110819,6978.83524
20110818,5983.7453000000005
20110817,4443.2018100000005
20110816,4128.060039999999
20110812,10725.3384
20110811,9767.131500000001
20110810,6859.660519999999
20110809,12179.65209
20110808,9214.44705
20110805,4354.604520000001
20110804,4107.21994
20110803,2546.76824
20110802,2010.19092
20110801,2120.00103
20110729,3257.85984
20110728,2897.0568
20110727,3816.2586
20110726,3779.3061
20110725,2411.7894499999998
20110722,4781.551839999999
20110721,3412.79505
20110720,3782.84504
20110719,6621.50676
20110718,3544.72352
20110715,2647.7461999999996
20110714,4771.0498099999995
20110713,2985.16608
20110712,5758.20042
20110711,2362.4769
20110708,3759.60508
20110707,3601.90767
20110706,4954.453549999999
20110705,3225.3183200000003
20110704,3296.67975
20110701,3917.01948
20110630,4827.33705
20110629,7151.01746
20110628,4858.40532
20110627,5133.73896
20110624,3886.3421999999996
20110623,4639.026699999999
20110622,5626.8576
20110621,7685.194960000001
20110620,7773.214190000001
20110617,3308.13861
20110616,6295.84403
20110615,10111.22294
20110614,8686.4166
20110613,4985.76423
20110610,6051.65865
20110609,6573.893579999999
20110608,5773.827
20110607,5318.680960000001
20110606,6872.04327
20110603,10255.39064
20110602,8629.53885
20110601,6832.80456
20110531,8559.6472
20110530,7888.6232899999995
20110527,29183.531960000004
20110526,7678.907999999999
20110525,5583.420499999999
20110524,6816.43963
20110523,5003.83818
20110520,4333.3848
20110519,3587.4976800000004
20110518,5088.914360000001
20110517,4123.304639999999
20110516,5571.8020799999995
20110513,7085.004999999999
20110512,4949.49884
20110511,5686.1239
20110510,6038.94303
20110509,3338.473
20110506,9610.73256
20110505,3951.63636
20110504,4732.241119999999
20110503,6017.32221
20110502,2770.515
20110429,3073.4592
20110428,3338.76816
20110427,3996.3954799999997
20110426,3836.3141499999997
20110425,2355.10921
20110421,3298.0884
20110420,6146.8763
20110419,4876.66001
20110418,5736.687420000001
20110415,5021.676159999999
20110413,5529.727459999999
20110411,5661.477
20110408,5202.2321999999995
20110407,5213.28822
20110406,8649.2406
20110405,6867.59867
20110404,3946.7924600000006
20110401,4669.5668000000005
20110331,6183.22776
20110330,4206.9996
20110329,10399.149900000002
20110328,9776.3263
20110325,6176.5611
20110324,3548.30058
20110323,6312.99558
20110322,6073.038400000001
20110321,4915.436240000001
20110318,7117.54893
20110317,4929.90412
20110316,5610.0779999999995
20110315,6332.3423299999995
20110314,6411.318059999999
20110311,6862.085999999999
20110310,5488.63601
20110309,5845.1416
20110308,6921.40164
20110307,7696.801980000001
20110304,11081.739239999999
20110303,18103.74465
20110301,13127.400000000001
20110228,28922.049989999996
20110225,10242.70104
20110224,14976.467439999999
20110223,7448.21526
20110222,9085.2665
20110221,12826.2252
20110218,11851.0623
20110217,6715.7865600000005
20110216,8331.6672
20110215,15355.872
20110214,14826.700459999998
20110211,15751.553220000002
20110210,10968.63972
20110209,12060.73358
20110208,12411.139000000001
20110207,14494.06049
20110204,12954.23168
20110203,13657.40556
20110202,11536.97324
20110201,21263.777640000004
20110131,6499.43514
20110128,9917.791180000002
20110127,7206.7914
20110125,5557.03203
20110124,4075.27846
20110121,5913.038010000001
20110120,7187.00874
20110119,4365.2499
20110118,7773.8534199999995
20110117,8573.1082
20110114,10841.46354
20110113,12474.82705
20110112,17296.45736
20110111,11930.67405
20110110,14399.71653
20110107,15483.969949999999
20110106,7119.13202
20110105,5380.0097
20110104,11036.86896
20110103,6675.1242
20101231,7354.29774
20101230,8895.53556
20101229,9291.966970000001
20101228,8705.4179
20101227,6206.289179999999
20101224,10761.4897
20101223,5244.61392
20101222,9241.59913
20101221,8219.79616
20101220,11439.579000000002
20101216,16276.557959999998
20101215,13046.309640000001
20101214,9913.54608
20101213,9964.730880000001
20101210,13603.445730000001
20101209,13378.812740000001
20101208,14682.60302
20101207,12581.861579999999
20101206,22547.185
20101203,15550.06208
20101202,20571.756240000002
20101201,19896.6576
20101130,15889.5976
20101129,7239.6417599999995
20101126,17063.21976
20101125,6300.69027
20101124,10324.48182
20101123,10602.87482
20101122,9816.047040000001
20101119,10284.56495
20101118,14039.182079999999
20101116,9467.951640000001
20101115,7372.001700000001
20101112,10732.741199999999
20101111,12538.66528
20101110,29729.07719
20101109,12760.572720000002
20101108,7245.319460000001
20101105,2321.77647
20101104,12640.00392
20101103,4381.2426
20101102,11475.01934
20101101,1369.5317999999997
20101029,5497.053639999999
20101028,4048.9196799999995
20101027,3568.89456
20101026,6562.6039200000005
20101025,5138.7090800000005
20101022,2764.58351
20101021,4207.7901600000005
20101020,4488.05264
20101019,6263.0076500000005
20101018,6675.4184399999995
20101015,5404.85961
20101014,9230.325719999999
20101013,9331.516
20101012,11703.247360000001
20101011,10104.38737
20101008,5265.27574
20101007,3956.58172
20101006,8412.44596
20101005,5162.184260000001
20101004,9094.780249999998
20101001,19569.717020000004
20100930,6412.91996
20100929,11826.52275
20100928,4520.54025
20100927,9327.696000000002
20100924,4431.42288
20100923,5419.2834
20100922,9113.618720000002
20100921,15684.050249999998
20100920,8881.7233
20100917,5811.96928
20100916,7036.2349
20100915,16826.93442
20100914,20615.080120000002
20100913,7636.0045
20100909,6006.75544
20100908,81243.9765
20100907,6669.85344
20100906,6865.95082
20100903,3910.2136
20100902,9305.664120000001
20100901,8171.744250000001
20100831,14822.43759
20100830,6720.21084
20100827,7105.634190000001
20100826,15133.54212
20100825,10851.952800000001
20100824,5520.60495
20100823,6533.70024
20100820,11246.78856
20100819,9893.72262
20100818,23171.78199
20100817,10493.2962
20100816,7557.49423
20100813,16374.417000000001
20100812,26989.7916
20100811,59258.792250000006
20100810,77481.73728
20100809,14808.86862
20100806,21479.14692
20100805,7469.1900000000005
20100804,3807.84222
20100803,4587.80472
20100802,5823.2136
20100730,6114.186
20100729,8698.548739999998
20100728,7225.40442
20100727,10421.1819
20100726,4368.21948
20100723,7567.289769999999
20100722,7335.11036
20100721,5499.0491999999995
20100720,4541.06814
20100719,4817.83179
20100716,10260.49982
20100715,8364.2125
20100714,5760.20389
20100713,7388.817300000001
20100712,9110.03803
20100709,7301.4112000000005
20100708,4473.82018
20100707,7204.48183
20100706,5268.01283
20100705,5432.328
20100702,6441.30762
20100701,7790.90268
20100630,7757.143059999999
20100629,5922.141189999999
20100628,5862.01476
20100625,9203.0912
20100624,6794.97876
20100623,10391.1412
20100622,8114.20456
20100621,7772.3371
20100618,12101.62373
20100617,12327.84304
20100616,12437.689439999998
20100615,7272.94204
20100614,7731.460610000001
20100611,13720.061239999999
20100610,14727.83
20100609,20339.242380000003
20100608,12921.325420000003
20100607,9456.29818
20100604,9627.19992
20100603,12009.650549999998
20100602,15207.012
20100601,12160.19835
20100531,11231.4468
20100528,19408.357350000002
20100527,17050.14228
20100526,13473.14076
20100525,12166.27665
20100524,10839.01756
20100521,16807.428
20100520,15879.797840000001
20100519,17316.377099999998
20100518,10120.422840000001
20100517,8759.8161
20100514,6368.013099999999
20100513,12614.18965
20100512,8518.18656
20100511,11053.23291
20100510,9691.77168
20100507,12131.936049999998
20100506,12276.87612
20100505,9844.1568
20100504,11111.24546
20100503,11857.77811
20100430,18027.12254
20100429,10128.9886
20100428,9294.3939
20100427,8929.70475
20100426,7877.82648
20100423,13513.62194
20100422,28573.86294
20100421,9194.87571
20100420,9356.04517
20100419,6298.370980000001
20100416,11047.95844
20100415,8195.43975
20100413,20608.87864
20100412,8654.43072
20100409,14443.61919
20100408,5165.6752
20100407,8347.03975
20100406,5220.58944
20100405,6505.668900000001
20100401,7370.412
20100331,7275.773800000001
20100330,9795.76409
20100329,9836.49205
20100326,14253.4022
20100325,10933.33015
20100323,12486.540079999999
20100322,5076.10012
20100319,4592.9664
20100318,5147.82528
20100317,8330.56848
20100316,8482.77586
20100315,8139.77385
20100312,5628.50167
20100311,5994.631719999999
20100310,14117.677839999998
20100309,532237.4082000001
20100308,9760.37106
20100305,60150.16656
20100304,21977.481
20100303,22196.68296
20100302,37405.90975
20100226,16705.377920000003
20100225,4938.80315
20100224,5051.13475
20100223,6523.470540000001
20100222,5029.95815
20100219,4574.715740000001
20100218,3872.12812
20100217,5474.08587
20100216,5249.12157
20100215,5718.5676
20100211,4952.03688
20100210,5195.905470000001
20100209,5649.14707
20100208,7960.24586
20100206,668.5985999999999
20100205,8170.95764
20100204,5842.455450000001
20100203,6099.6514799999995
20100202,10235.68062
20100201,14740.394
20100129,10429.615080000001
20100128,6466.77525
20100127,9266.174200000001
20100125,4545.922750000001
20100122,5215.8381
20100121,3590.8242499999997
20100120,5227.3660500000005
20100119,4837.48804
20100118,9867.48768
20100115,9836.268649999998
20100114,4679.6138200000005
20100113,9294.814
20100112,5648.083
20100111,5596.97661
20100108,9065.98542
20100107,13016.4804
20100106,8854.82178
20100105,15029.80885
20100104,16970.9469
20091231,10151.5221
20091230,10551.814199999999
20091229,10629.067
20091224,19490.29654
20091223,7674.29882
20091222,4241.1033
20091221,7939.264209999999
20091218,13298.765759999998
20091217,6646.2722
20091216,11269.57973
20091215,7401.8056400000005
20091214,4785.642040000001
20091211,6588.20004
20091210,5350.83654
20091209,7434.1132800000005
20091208,9983.5539
20091207,7795.37096
20091204,9033.66804
20091203,14058.624060000002
20091202,18990.591220000002
20091201,13969.681110000001
20091130,11538.18624
20091127,8060.245200000001
20091126,12839.29647
20091125,4966.83069
20091124,8514.6336
20091123,4895.52264
20091120,6430.774549999999
20091119,7627.0352
20091118,8684.816490000001
20091117,9829.62188
20091116,5820.89136
20091113,6012.355680000001
20091112,12943.393699999999
20091111,16337.92948
20091110,16031.77632
20091109,6746.178849999999
20091106,10305.18975
20091105,7643.9875
20091104,14813.741890000001
20091103,7580.8225600000005
20091030,10749.882599999999
20091029,13177.854689999998
20091028,16130.528199999999
20091027,22032.113839999998
20091026,19720.65701
20091023,9841.56276
20091022,7527.0108199999995
20091021,5899.38472
20091020,7559.48943
20091017,1190.04628
20091016,6447.347299999999
20091015,8308.78152
20091014,14189.260989999999
20091012,9353.56336
20091009,15524.83962
20091008,14985.744929999999
20091007,5790.502079999999
20091006,10986.59928
20091005,4323.53295
20091001,4577.4948
20090930,5982.642719999999
20090929,4070.8315499999994
20090925,6070.5471
20090924,8224.487180000002
20090923,6872.520599999999
20090922,13485.88092
20090918,8910.15
20090917,13035.513239999998
20090916,23213.2263
20090915,7413.02068
20090914,12544.17684
20090911,10874.998749999999
20090910,16972.85912
20090909,9452.113
20090908,23959.1404
20090907,28782.539760000003
20090904,11331.34965
20090903,8747.91984
20090902,15929.167289999998
20090901,24081.32948
20090831,11082.98702
20090828,9738.12378
20090827,7848.538460000001
20090826,14035.07532
20090825,21000.90762
20090824,8536.603799999999
20090821,8833.044
20090820,5617.922
20090819,8157.11334
20090818,15592.6771
20090817,8701.9801
20090814,13649.721749999999
20090813,20544.68921
20090812,19928.2506
20090811,20773.65104
20090810,13488.593040000002
20090807,17813.07032
20090806,11496.24749
20090805,17024.560019999997
20090804,28085.4504
20090803,9592.18703
20090731,12966.69283
20090730,5811.5266
20090729,13501.08706
20090728,27697.040709999997
20090727,12429.86238
20090724,12866.024000000001
20090723,6510.2734199999995
20090722,4444.44224
20090721,5592.78902
20090720,5517.062460000001
20090717,6362.91201
20090716,4353.345370000001
20090715,3569.83587
20090714,2827.29125
20090713,2557.24245
20090710,4447.78926
20090709,4626.6938
20090708,8088.048000000001
20090707,4420.20725
20090706,5325.691470000001
20090703,5750.21772
20090702,4218.60946
20090701,6760.43784
20090630,15524.63931
20090629,11780.92608
20090626,4722.59718
20090625,8303.12288
20090624,5365.10646
20090623,7072.5096
20090622,3255.9566
20090619,3473.4019
20090618,6399.70032
20090617,5375.5203
20090616,3717.5431000000003
20090615,3776.2068999999997
20090612,4823.1776199999995
20090611,6455.6528
20090610,5052.7134
20090609,8503.49759
20090608,6612.4302
20090605,13843.873099999999
20090604,5204.894249999999
20090603,10413.3711
20090602,7098.8681400000005
20090601,4893.63392
20090529,10068.57264
20090528,5493.37896
20090527,3890.3341800000003
20090526,3665.3471999999997
20090525,3651.21953
20090522,6917.99726
20090521,11498.23935
20090520,15319.151999999998
20090519,5704.08072
20090518,64.23498
20090515,3152.8685700000005
20090514,2194.8107999999997
20090513,3238.49289
20090512,4193.2716
20090511,3075.6921399999997
20090508,3061.45832
20090507,3663.12625
20090506,4162.44174
20090505,7598.44664
20090504,5548.248
20090429,6384.258159999999
20090428,3626.48981
20090427,5878.248
20090424,9752.44256
20090423,5804.95222
20090422,3779.2275
20090421,6758.30625
20090420,6825.6460799999995
20090417,7046.26566
20090416,14383.4502
20090415,12971.125359999998
20090413,6625.66632
20090409,7997.622560000001
20090408,7604.72708
20090406,5206.1723999999995
20090402,12318.60608
20090401,6982.00652
20090331,5444.4633
20090330,4804.91382
20090327,8742.04624
20090326,6092.99876
20090325,3625.7928899999997
20090324,5353.41605
20090323,7264.99524
20090320,5372.06
20090319,3309.52606
20090318,3629.7788400000004
20090317,3875.2967399999998
20090316,2989.3136000000004
20090313,4659.12468
20090312,2415.82474
20090309,1172.0440800000001
20090306,1646.73445
20090305,2412.7625700000003
20090304,2084.89512
20090303,2001.9039
20090302,3001.0053900000003
20090227,4678.959570000001
20090226,5072.09778
20090225,1887.82839
20090224,918.81562
20090220,736.50096
20090219,600.3018000000001
20090218,729.2320199999999
20090217,745.40336
20090216,1518.0000000000002
20090213,1489.7139200000001
20090212,1099.2056699999998
20090211,940.00308
20090210,1154.32896
20090209,855.0219000000001
20090206,1437.31585
20090205,1245.71988
20090204,960.8009600000001
20090203,3194.89425
20090202,798.8071199999999
20090130,1261.4853
20090129,1134.7139599999998
20090128,1207.67268
20090127,721.03718
20090123,1652.01485
20090122,2055.03643
20090121,1519.41867
20090120,731.27792
20090119,1030.3368
20090116,970.85868
20090115,1308.4763999999998
20090114,994.6222799999999
20090113,1035.43911
20090112,805.3598999999999
20090109,923.5786
20090107,1559.9607899999999
20090106,2877.5491199999997
20090105,2125.3305
20090102,3440.95459
20090101,1606.0131200000003
20081231,1415.0375999999999
20081230,1653.41418
20081229,2329.78395
20081226,1273.0977
20081224,1481.4528000000003
20081223,1968.65837
20081222,2808.6891
20081219,4003.2568100000003
20081218,3707.5844200000006
20081217,2099.5622999999996
20081216,2952.2682
20081215,1409.4183600000001
20081212,1699.00903
20081211,2968.15036
20081210,3021.2994599999997
20081208,1898.38848
20081205,1876.4305000000002
20081204,2338.4403500000003
20081203,1441.0011200000001
20081202,759.70824
20081201,661.6376399999999
20081128,699.65175
20081126,927.1021199999999
20081125,887.3886200000002
20081124,1061.63664
20081121,1165.008
20081120,1313.20806
20081119,1486.7647200000001
20081118,2299.85728
20081117,2117.56794
20081114,2666.9842500000004
20081112,2418.7248
20081111,1996.44375
20081110,2131.62552
20081107,2458.8650000000002
20081106,3052.13587
20081105,2870.5603499999997
20081104,3054.39756
20081103,4819.28895
20081031,1591.3837800000001
20081029,1656.6007000000002
20081028,648.19278
20081027,3226.2414499999995
20081024,3116.1216000000004
20081023,2858.40367
20081022,1189.2594000000001
20081021,6829.9728
20081020,1593.21788
20081017,1980.64258
20081016,3486.2120999999997
20081015,1743.5771900000002
20081014,4029.31158
20081013,2726.10198
20081010,1918.7795999999998
20081008,4172.54152
20081007,1109.9153999999999
20081006,1777.74057
20081003,1333.79398
20081001,1477.0521
20080930,2163.26838
20080929,953.9483299999999
20080926,962.6385300000001
20080925,1034.136
20080924,1062.70662
20080923,1930.227
20080922,2336.06405
20080919,2080.98471
20080918,809.33088
20080917,1863.37294
20080916,1144.44434
20080915,1620.18003
20080912,1813.17828
20080911,1337.66976
20080910,736.0956
20080909,1834.1441
20080908,3347.0173099999997
20080905,2429.40072
20080904,1576.28275
20080902,2536.6584
20080901,713.08524
20080829,6409.25834
20080828,1510.41482
20080827,906.8152499999999
20080826,3966.0496
20080825,1287.78284
20080822,758.5095
20080821,1819.28661
20080820,291.05492000000004
20080819,330.80111999999997
20080818,490.3103
20080814,982.1427
20080813,559.9324
20080812,813.68724
20080811,1120.04184
20080808,1820.64508
20080807,1963.14703
20080806,1522.86228
20080805,1234.65408
20080804,993.6247599999999
20080801,1325.99316
20080731,3021.3453600000003
20080730,1622.40237
20080729,926.4544399999999
20080728,262.57215999999994
20080725,510.51456
20080724,732.3834800000001
20080723,1038.4328
20080722,1062.8674
20080721,420.3996
20080718,574.58152
20080717,1150.6294799999998
20080716,1007.02116
20080715,610.1424
20080714,951.9438599999999
20080711,860.08725
20080710,1197.80034
20080709,1725.65521
20080708,1103.6106000000002
20080707,1100.26228
20080704,361.65773
20080703,553.46339
20080702,1093.63416
20080701,686.3076
20080630,1293.50024
20080627,1054.2774399999998
20080626,1501.2161999999998
20080625,1139.2030100000002
20080624,335.03786
20080623,636.8313599999999
20080620,638.1998100000001
20080619,516.7110399999999
20080618,1070.57631
20080617,447.81360000000006
20080616,924.89748
20080613,1820.73023
20080612,1302.80469
20080611,1218.6369000000002
20080610,748.38346
20080609,1214.48855
20080606,1794.35074
20080605,2037.9527099999998
20080604,2384.3370600000003
20080603,1669.32513
20080602,1583.6550699999998
20080530,1835.9107199999999
20080529,6603.193749999999
20080528,1919.25979
20080527,1027.14941
20080526,1558.1804
20080523,1349.4054599999997
20080522,1654.2302
20080521,1200.78632
20080520,1210.1893400000001
20080516,570.37074
20080515,948.0525600000001
20080514,1307.56276
20080513,1995.3889200000003
20080512,775.964
20080509,1183.38292
20080508,1108.237
20080507,709.60367
20080506,1882.5388599999999
20080505,2191.28026
20080502,1637.72763
20080430,1835.7164000000002
20080429,1548.43073
20080428,1212.64257
20080425,1355.49129
20080424,1156.05696
20080423,623.74676
20080422,964.8052799999999
20080421,845.31376
20080417,535.3248
20080416,1101.0583000000001
20080415,580.59312
20080411,421.0635
20080410,625.5932
20080409,3169.56976
20080408,325.90871999999996
20080407,1195.848
20080404,1156.2752
20080403,1716.9053099999999
20080402,5812.465279999999
20080401,2153.1049199999998
20080331,1949.40896
20080328,13964.522250000002
20080327,10481.6934
20080326,7179.82092
20080325,1091.51312
20080324,1737.8791299999998
20080319,2521.8748800000003
20080318,1822.17348
20080317,1587.9778199999998
20080314,1127.4210600000001
20080313,1332.75495
20080312,2873.46426
20080311,1376.2231199999999
20080310,1204.50855
20080307,1790.90478
20080305,1691.0413499999997
20080304,1704.73644
20080303,1667.211
20080229,4541.67936
20080228,1033.68643
20080227,838.1472600000001
20080226,583.9822800000001
20080225,1109.2851600000001
20080222,919.66056
20080221,695.8269
20080220,858.37245
20080219,615.1974
20080218,1519.6649300000001
20080215,6444.5949
20080214,881.59104
20080213,874.72905
20080212,948.47844
20080211,713.3636399999999
20080208,1125.37722
20080207,2097.7354299999997
20080206,1447.55712
20080205,1228.26078
20080204,2662.57726
20080201,3630.86724
20080131,1647.4041900000002
20080130,1164.0648
20080129,1409.9815800000001
20080128,3922.1173499999995
20080125,2909.53044
20080124,1056.7888500000001
20080123,1478.71542
20080122,3040.2528
20080121,3110.62302
20080118,1325.97484
20080117,1824.1347999999998
20080116,2409.08068
20080115,3252.9294
20080114,2124.40142
20080111,3529.46835
20080110,12721.20728
20080109,3067.59624
20080108,2468.74588
20080107,3681.0827200000003
20080104,5646.45422
20080103,4322.8224
20080102,9363.525959999999
20080101,2031.7790599999998
20071231,1477.9962
20071228,1075.64436
20071227,1803.67348
20071226,1667.7604999999999
20071224,1475.4825
20071220,4430.5398000000005
20071219,4800.2088
20071218,1996.3288799999998
20071217,2951.33184
20071214,1972.3251099999998
20071213,1441.9982499999999
20071212,770.4098400000001
20071211,825.4940499999999
20071210,722.6266400000001
20071207,1610.6365499999997
20071206,2010.5261999999998
20071205,3912.8157499999998
20071204,2247.8873200000003
20071203,766.1606400000001
20071130,4194.85278
20071129,2319.0792
20071128,1270.1630400000001
20071127,1118.3044
20071126,1298.5698200000002
20071123,1782.33584
20071122,1533.06972
20071121,1345.5579
20071120,1088.9996
20071119,1179.63027
20071116,1710.6696800000002
20071115,1530.1145
20071114,1584.234
20071113,1824.6639100000002
20071112,1089.7872
20071109,360.425
20071108,1465.94625
20071107,1498.8577500000001
20071106,852.0227500000001
20071105,4107.61632
20071102,1809.24368
20071101,5467.69577
20071031,10630.83063
20071030,6865.6406
20071029,3154.7330099999995
20071026,2849.70966
20071025,1209.49686
20071024,2853.2777
20071023,1567.0975700000001
20071022,1558.3973999999998
20071019,1053.77596
20071018,2959.91628
20071017,3631.7219399999994
20071016,2658.26313
20071015,1829.62736
20071012,3653.75016
20071011,6393.15192
20071010,3180.1518
20071009,2809.62716
20071008,19855.1927
20071005,2579.677
20071004,3879.4242600000002
20071003,4184.65362
20071001,8676.354819999999
20070928,7670.176350000001
20070927,3623.0466300000003
20070926,1504.4000400000002
20070925,1725.1145999999999
20070924,1334.3711999999998
20070921,1511.4520499999999
20070920,2667.93204
20070919,3866.05728
20070918,844.398
20070917,1354.7527
20070914,1211.65407
20070913,1368.303
20070912,4633.53402
20070911,2057.20812
20070910,2424.09615
20070907,1845.39818
20070906,2998.3532999999998
20070905,4324.406849999999
20070904,4252.3188900000005
20070903,3403.3724
20070831,4543.53516
20070830,6533.34475
20070829,14672.27696
20070828,12325.818959999999
20070827,1875.39274
20070824,4155.29276
20070823,3085.03
20070822,5741.9164200000005
20070821,4770.3782
20070820,3288.8692199999996
20070817,5057.41152
20070816,1552.2771
20070814,2443.54896
20070813,5046.225189999999
20070810,1966.668
20070809,4191.41322
20070808,10151.305339999999
20070807,13794.485279999999
20070806,2605.0323999999996
20070803,2641.8781799999997
20070802,9580.43876
20070801,4826.49224
20070731,15187.76996
20070730,2203.41576
20070727,4736.596079999999
20070726,5812.320570000001
20070725,4010.3926200000005
20070724,2051.66424
20070723,1853.172
20070720,5397.80878
20070719,4425.9777
20070718,2087.3436599999995
20070717,2917.41249
20070716,8665.628620000001
20070713,5645.673000000001
20070712,2146.52676
20070711,1447.0704
20070710,6068.1024
20070709,2674.54363
20070706,2055.2005500000005
20070705,1820.3902400000002
20070704,2212.5971
20070703,1840.03584
20070702,2859.22384
20070629,539.9468400000001
20070628,1438.42926
20070627,1626.2414
20070626,1992.20189
20070625,994.6492599999999
20070622,2116.8199999999997
20070621,4899.95107
20070620,5526.509939999999
20070619,1912.49408
20070618,2851.21209
20070615,4376.67736
20070614,5804.69708
20070613,2616.93306
20070612,2726.3279999999995
20070611,3482.9364900000005
20070608,3320.01772
20070607,3478.4511699999994
20070606,6189.6198
20070605,1742.6715100000001
20070604,8054.718480000001
20070601,4448.6295
20070531,5328.4608
20070530,10656.951960000002
20070529,3536.1836499999995
20070528,3215.4726000000005
20070525,3669.6693
20070524,3203.6965899999996
20070523,6957.5613
20070522,3428.1168
20070521,4717.70358
20070518,4495.7583
20070517,5725.890600000001
20070516,1830.58475
20070515,1308.40396
20070514,3171.79935
20070511,2193.39708
20070510,2053.6367999999998
20070509,2466.1875999999997
20070508,1431.20133
20070507,5296.4265
20070504,2197.67865
20070503,5231.30664
20070430,2694.1007799999998
20070427,5232.08136
20070426,5602.49865
20070425,3557.95146
20070424,5247.2555999999995
20070423,2113.97352
20070420,2894.7187200000003
20070419,3257.3916999999997
20070418,1818.78937
20070417,3745.65428
20070416,2332.70771
20070413,2463.7925
20070412,2194.7299199999998
20070411,3065.50768
20070410,14510.911049999999
20070409,2741.92302
20070405,6124.3009999999995
20070404,6707.1685800000005
20070403,10139.243219999998
20070402,10870.27686
20070330,3093.7317599999997
20070329,10044.704539999999
20070328,5303.93402
20070326,3252.78543
20070323,10663.26552
20070322,3813.8256000000006
20070321,1669.40102
20070320,2457.3781099999997
20070319,2254.75807
20070316,2823.962
20070315,2266.4572799999996
20070314,3897.04854
20070313,1617.56595
20070312,3155.2120800000002
20070309,4559.22564
20070308,4871.615519999999
20070307,3792.6922799999998
20070306,9787.645139999999
20070305,5966.03152
20070302,2679.5073899999998
20070301,3126.11139
20070228,5380.9641599999995
20070227,1877.28442
20070226,2698.6531
20070223,6256.92846
20070222,3193.2435600000003
20070221,1373.2015000000001
20070220,2009.4372
20070219,1727.00934
20070215,3194.0748000000003
20070214,5444.55
20070213,3859.66334
20070212,5565.73158
20070209,3522.4980699999996
20070208,1683.4795399999998
20070207,2013.70153
20070206,2646.1569
20070205,2682.4208399999998
20070202,3327.42208
20070201,2682.31669
20070131,3758.60688
20070129,2175.0207600000003
20070125,2277.5505
20070124,8356.83251
20070123,3737.57936
20070122,2852.0388000000003
20070119,4038.8733
20070118,3009.6228800000004
20070117,4004.13
20070116,3876.81411
20070115,4593.6806400000005
20070112,6687.396739999999
20070111,4344.19898
20070110,4902.47812
20070109,3762.03808
20070108,5199.562620000001
20070105,3281.4644399999997
20070104,5287.34118
20070103,7981.2486
20070102,3761.3190799999998
20061229,3225.47648
20061228,5545.27447
20061227,5530.48694
20061226,4636.7426
20061222,1931.81175
20061221,3709.16346
20061220,7405.350959999999
20061219,5182.89464
20061218,4737.94472
20061215,2266.50602
20061214,3230.46732
20061213,3522.58255
20061212,6847.907099999999
20061211,4758.703879999999
20061208,4157.8296
20061207,2642.5354799999996
20061206,3314.2165200000004
20061205,4145.6489200000005
20061204,9627.4815
20061201,7842.5819999999985
20061130,2113.71118
20061129,5159.506560000001
20061128,3997.56432
20061127,1597.8352799999998
20061124,2029.7404199999999
20061123,4331.750400000001
20061122,3345.3689999999997
20061121,1663.56355
20061120,4912.54356
20061117,9679.8051
20061116,3175.4752000000003
20061115,4309.05814
20061114,4074.67084
20061113,4855.2054499999995
20061110,9448.147200000001
20061109,6628.675
20061108,8573.526399999999
20061107,4843.328
20061106,6981.093570000001
20061103,10788.88048
20061102,12150.020999999999
20061101,6206.19222
20061031,15474.63636
20061030,10765.69956
20061027,1982.6031000000003
20061026,1867.8143100000002
20061023,1369.73703
20061021,468.94783
20061020,1569.9776399999998
20061019,1931.07992
20061018,1925.9407200000003
20061017,1932.37996
20061016,2414.65505
20061013,3711.8540799999996
20061012,3181.37424
20061011,2929.68192
20061010,2881.59872
20061009,4462.206
20061006,2917.45233
20061005,5422.86048
20061004,8970.4482
20061003,6340.7181900000005
20060929,4722.28632
20060928,6996.82662
20060927,2852.3667299999997
20060926,3504.3624
20060925,6465.8039499999995
20060922,4939.97641
20060921,4016.5174399999996
20060920,5304.103999999999
20060919,3833.83275
20060918,2225.437
20060915,3553.10592
20060914,4058.1902399999994
20060913,6815.7024
20060912,6245.280339999999
20060911,5830.5554999999995
20060908,10750.15152
20060907,6313.73025
20060906,3815.4309899999994
20060905,4555.86504
20060904,7070.75912
20060901,5014.85076
20060831,6609.08619
20060830,3382.76547
20060829,2956.88677
20060828,2020.3392000000001
20060825,3983.87227
20060824,4151.0624
20060823,5902.589
20060822,3902.2671600000003
20060821,5438.63903
20060818,11314.5687
20060817,11376.7186
20060816,3659.59296
20060814,2653.81032
20060811,4748.31552
20060810,4907.47239
20060809,7395.42946
20060808,3068.9871999999996
20060807,5924.852279999999
20060804,3671.7975
20060803,8262.92106
20060802,5458.88583
20060801,2561.57776
20060731,2683.3755
20060728,8476.88155
20060727,8959.22328
20060726,14773.269359999998
20060725,8082.677790000001
20060724,4017.0673
20060721,3420.4577000000004
20060720,11964.285300000001
20060719,10663.861649999999
20060718,10812.332520000002
20060717,5966.704700000001
20060714,6309.05403
20060713,5489.3752
20060712,6974.4710000000005
20060711,7148.21844
20060710,4729.66032
20060707,5872.06564
20060706,5848.60284
20060705,8086.40784
20060704,5821.473980000001
20060703,5780.4603
20060630,14506.818
20060629,5991.26988
20060628,7379.486970000001
20060627,10787.53885
20060626,7447.25196
20060625,762.27138
20060623,10811.862360000001
20060622,6538.095649999999
20060621,6182.03104
20060620,8708.693280000001
20060619,8221.174040000002
20060616,8201.2464
20060615,8113.47471
20060614,10021.85886
20060613,8697.7221
20060612,7367.65513
20060609,6165.2045
20060608,7352.74318
20060607,5783.043479999999
20060606,6806.75326
20060605,8953.34409
20060602,9635.37224
20060601,8065.06242
20060531,9193.44624
20060530,6142.2972
20060529,6180.60602
20060526,5658.4596
20060525,8282.78286
20060524,8126.974800000001
20060523,7971.10764
20060522,10301.87559
20060519,13516.1
20060518,12092.808
20060517,12727.22166
20060516,12000.6852
20060515,12836.23418
20060512,11216.11192
20060511,4681.314560000001
20060510,9615.10808
20060509,20965.07062
20060508,5139.03188
20060505,9540.8444
20060504,7329.931619999999
20060503,5194.035
20060502,2749.6907
20060429,1976.64154
20060428,5590.8721000000005
20060427,5646.1756000000005
20060426,6322.4099
20060425,7598.571600000001
20060424,5468.1289400000005
20060421,12175.77399
20060420,12524.98304
20060419,5072.11188
20060418,6434.7642399999995
20060417,11044.336529999999
20060413,11266.22882
20060412,5447.85155
20060410,6284.89206
20060407,11963.08089
20060405,4675.36632
20060404,6282.15
20060403,14647.41404
20060331,8675.806620000001
20060330,7063.348239999999
20060329,3812.214
20060328,10741.491950000001
20060327,9155.957400000001
20060324,6734.64158
20060323,6457.72608
20060322,15440.6682
20060321,8147.18895
20060320,7132.9645199999995
20060317,23737.09272
20060316,16572.77061
20060314,15086.691480000001
20060313,9323.49418
20060310,18931.36146
20060309,23268.63524
20060308,28244.14614
20060307,11311.06218
20060306,16690.400960000003
20060303,24659.71133
20060302,19415.24486
20060301,20737.85245
20060228,20213.74896
20060227,5017.22297
20060224,7655.1205500000015
20060223,6615.898109999999
20060222,6137.10192
20060221,8667.0105
20060220,10543.22958
20060217,15979.891200000002
20060216,18833.962840000004
20060215,8146.10247
20060214,8857.81364
20060213,12102.63996
20060210,6441.608200000001
20060208,9952.542449999999
20060207,11159.86674
20060206,6721.83696
20060203,14938.28448
20060202,6824.541599999999
20060201,11105.91152
20060131,9075.6009
20060130,4694.86948
20060127,5020.76742
20060125,5360.26491
20060124,4534.764
20060123,4285.96966
20060120,3421.35962
20060119,3377.8160499999994
20060118,5250.0364
20060117,2464.42128
20060116,3099.289
20060113,7434.705510000001
20060112,3764.82155
20060110,5018.82224
20060109,2227.80572
20060106,5707.4465
20060105,4709.2992
20060104,4332.5367400000005
20060103,2258.56917
20060102,3186.58032
20051230,3601.0606799999996
20051229,8807.654559999999
20051228,6353.14458
20051227,15018.78294
20051226,7231.92404
20051223,9024.7212
20051222,5282.756960000001
20051221,9341.07264
20051220,7817.44185
20051219,8163.65328
20051216,7058.47185
20051215,4571.7388599999995
20051214,10671.310720000001
20051213,17670.617270000002
20051212,7974.19532
20051209,6760.22716
20051208,4171.59353
20051207,3867.2410800000002
20051206,4623.662399999999
20051205,3418.24782
20051202,9126.052
20051201,7755.5972
20051130,5462.18283
20051129,3976.3347000000003
20051128,6227.41818
20051126,2754.1481200000003
20051125,8581.40616
20051124,6589.6105
20051123,4002.1438500000004
20051122,3470.99344
20051121,5782.80261
20051118,6680.901449999999
20051117,8989.760680000001
20051116,8197.46656
20051114,4877.542449999999
20051111,4861.979600000001
20051110,3352.88864
20051109,5141.345020000001
20051108,10373.76642
20051107,6810.55785
20051102,6132.92435
20051101,1858.8682000000001
20051031,3499.96284
20051028,6977.51472
20051027,11960.133119999999
20051026,6982.8591
20051025,8046.9168500000005
20051024,6611.58928
20051021,4618.89421
20051020,7414.88
20051019,5781.155900000001
20051018,8524.659
20051017,7281.9515
20051014,4933.00432
20051013,6831.71724
20051011,8167.64775
20051010,2766.6738
20051007,7003.935400000001
20051006,5771.34944
20051005,5489.642999999999
20051004,8302.0344
20051003,7245.43848
20050930,3945.02256
20050929,4848.6649
20050928,8018.68596
20050927,11162.491769999999
20050926,2691.20355
20050923,3664.63146
20050922,3334.87384
20050921,3655.93336
20050920,2742.47467
20050919,5125.39608
20050916,3126.26665
20050915,3882.3188
20050914,14435.148330000002
20050913,2840.3651
20050912,2219.09507
20050909,3042.2652
20050908,4506.170120000001
20050906,2257.50716
20050905,2498.4883
20050902,6704.707490000001
20050901,918.3064800000001
20050831,1981.70872
20050830,2076.8464200000003
20050829,3622.7313
20050826,1938.0793600000002
20050825,1849.8811200000002
20050824,2626.4165399999997
20050823,2852.71675
20050822,2750.37576
20050819,3237.83604
20050818,5075.19748
20050817,4392.64912
20050816,2106.27072
20050812,9106.29237
20050811,10320.72925
20050810,3874.48495
20050809,4057.2926699999994
20050808,5723.3181
20050805,4029.81278
20050804,5441.5524
20050803,8052.61212
20050802,13567.84547
20050801,6394.19976
20050729,6145.076190000001
20050727,1218.1434
20050726,1934.2270200000003
20050725,2079.26786
20050722,1541.4705
20050721,1909.2639
20050720,1674.38916
20050719,3517.9525499999995
20050718,1920.2373900000002
20050715,1753.16896
20050714,2949.81687
20050713,2555.45796
20050712,8817.152750000001
20050711,6204.3336
20050708,4804.201510000001
20050707,4508.64375
20050706,5106.762699999999
20050705,8276.45388
20050704,2020.2936000000002
20050701,2200.31748
20050630,1625.90415
20050629,2059.827
20050628,2803.91441
20050627,6299.58901
20050624,3055.9609800000003
20050623,5696.24021
20050622,4193.41252
20050621,1613.1506400000003
20050620,1432.0760400000001
20050617,1528.22142
20050616,2261.4372
20050615,824.4978
20050614,1136.64464
20050613,1789.01696
20050610,2609.36256
20050609,2475.0571999999997
20050608,831.54556
20050607,1247.56726
20050606,1413.08727
20050604,334.01826
20050603,1385.48904
20050602,3007.42222
20050601,2875.618
20050531,2559.03646
20050530,3989.4984
20050527,2256.7736
20050526,3591.6801600000003
20050525,2585.95044
20050524,3566.58111
20050523,1414.4968400000002
20050520,2594.55168
20050519,3416.2977
20050518,9039.5324
20050517,10274.6298
20050516,3861.5468400000004
20050513,3169.68993
20050512,1956.8641400000001
20050511,2819.48237
20050510,4997.09925
20050509,2856.0324
20050506,4039.88747
20050505,2929.4883800000002
20050504,3357.21087
20050503,3015.00864
20050502,3577.4502500000003
20050429,4646.17917
20050428,2737.00692
20050427,2318.1565800000003
20050426,3029.89885
20050425,2838.90737
20050422,2663.43486
20050421,3431.9506
20050420,3963.9119700000006
20050419,4971.20316
20050418,6309.4395
20050415,12030.39564
20050413,9262.62909
20050412,3077.85673
20050411,8293.785189999999
20050408,3237.24267
20050407,4806.5913
20050406,3582.58054
20050405,6000.1230000000005
20050404,4342.7348
20050401,5351.4886799999995
20050331,6846.82768
20050330,3835.2256
20050329,7923.59442
20050328,5724.4785
20050324,7373.3177000000005
20050323,7451.297879999999
20050322,7028.436420000001
20050321,4320.759300000001
20050318,9855.72042
20050317,6633.87648
20050316,4103.9844299999995
20050315,5120.23539
20050314,4628.91528
20050311,6888.026929999999
20050310,5665.09416
20050309,8539.24699
20050308,3668.06708
20050307,6424.63629
20050304,9656.62752
20050303,5691.53413
20050302,4477.473930000001
20050301,4442.0754
20050228,5146.9219
20050225,5921.616480000001
20050224,10680.693800000001
20050223,3117.35565
20050222,4260.5656
20050221,5313.51394
20050218,5355.70893
20050217,5616.2494
20050216,6412.39872
20050215,7500.68594
20050214,5122.83528
20050211,4584.73512
20050210,7861.44104
20050209,6472.08516
20050208,6990.661800000001
20050207,9568.42589
20050204,7305.423100000001
20050203,6868.39368
20050202,5829.27705
20050201,14096.6124
20050131,10207.34979
20050128,6272.02552
20050127,4394.342839999999
20050125,4457.40399
20050124,3029.87709
20050120,8159.34952
20050119,5085.033369999999
20050118,7953.591360000001
20050117,5922.7474600000005
20050114,3840.42216
20050113,4937.7823100000005
20050112,6907.83357
20050111,6240.541560000001
20050110,4755.91634
20050107,4993.62294
20050106,12324.48
20050105,13771.848
20050104,4953.59599
20050103,10241.9184
20041231,4095.4669400000002
20041230,7509.78984
20041229,4704.29804
20041228,4153.14309
20041227,3163.00334
20041224,3850.3600800000004
20041223,6499.3616
20041222,7600.6042800000005
20041221,7190.788799999999
20041220,3442.4042099999997
20041217,5670.29368
20041216,8613.07462
20041215,6136.47092
20041214,4500.697439999999
20041213,6575.03658
20041210,5702.013190000001
20041209,9928.72944
20041208,6377.29134
20041207,8029.20171
20041206,9031.44222
20041203,8709.92437
20041202,7247.40332
20041201,11052.790719999999
20041130,6662.069579999999
20041129,10321.3299
20041125,8190.303059999999
20041124,6339.48264
20041123,3935.7540299999996
20041122,2688.0988
20041119,4472.83196
20041118,3910.83108
20041117,4864.35264
20041116,5264.38255
20041112,1071.5400300000001
20041111,4120.98822
20041110,3610.1706599999998
20041109,4718.88261
20041108,10740.85824
20041105,5438.20662
20041104,6030.10944
20041103,5681.96255
20041102,5116.085
20041101,5925.1959799999995
20041029,13873.62324
20041028,5092.81992
20041027,5778.13794
20041026,7218.956249999999
20041025,5646.161889999999
20041021,29957.920000000002
20041020,8602.853119999998
20041019,5288.69864
20041018,6122.17136
20041015,6196.53853
20041014,12183.031809999999
20041012,16116.20711
20041011,3584.6448
20041009,1194.64938
20041008,6688.71792
20041007,12325.294740000001
20041006,16155.017999999998
20041005,14482.011649999999
20041004,11106.24098
20041001,13211.289
20040930,16387.723439999998
20040929,18185.01495
20040928,22077.8697
20040927,14036.105199999998
20040924,13802.65564
20040923,12183.59252
20040922,10780.8384
20040921,8626.24468
20040920,23357.67463
20040917,13785.485339999997
20040916,6266.832039999999
20040915,12040.08225
20040914,9931.645079999998
20040913,8789.387579999999
20040910,14072.5109
20040909,8255.99178
20040908,17192.088
20040907,6935.8281
20040906,7760.13535
20040903,5361.54954
20040902,6237.00384
20040901,8547.40373
20040831,8496.10719
20040830,6355.46081
20040827,9590.55768
20040826,9272.24116
20040825,9166.1196
20040824,13177.390400000002
20040823,12128.64065
20040820,22714.31148
20040819,13394.709359999999
20040818,14764.3984
20040817,16368.746490000001
20040816,14470.02591
20040813,25336.27167
20040812,18833.2383
20040811,27727.27104
20040810,28405.81762
20040809,12572.71992
20040806,17305.41375
20040805,16432.03125
20040804,18085.89843
20040803,19542.273199999996
20040802,15670.811450000001
20040730,22518.149400000002
20040729,20497.269920000002
20040728,15728.68526
20040727,13051.903349999999
20040726,11519.21782
20040723,20995.30086
20040722,17798.162800000002
20040721,11276.53588
20040720,10479.22748
20040719,13280.329099999999
20040716,14788.4856
20040715,13992.746809999999
20040714,14659.87027
20040713,12293.094879999999
20040712,13683.9718
20040709,16319.693340000002
20040708,35218.47236
20040707,17401.15797
20040706,14594.594350000001
20040705,11842.038
20040702,16176.691159999998
20040701,19493.548619999998
20040630,17078.68912
20040629,20238.37114
20040628,18636.61338
20040625,17795.60442
20040624,17402.23326
20040623,11545.614
20040622,11007.344070000001
20040621,16805.4082
20040618,11964.779559999999
20040617,12697.76924
20040616,11351.58468
20040615,9281.4324
20040614,9967.45564
20040611,13076.46336
20040610,12661.828989999998
20040609,14856.309570000001
20040608,16732.3527
20040607,16299.0506
20040604,16725.58195
20040603,13884.36768
20040602,13019.10855
20040601,29797.0822
20040531,12631.16316
20040528,16437.83312
20040527,12674.46378
20040526,15213.123599999999
20040525,14692.584
20040524,11555.41557
20040521,12402.36682
20040520,15189.73197
20040519,12291.2067
20040518,14157.563760000001
20040517,14243.938999999998
20040514,26853.182999999997
20040513,19749.66322
20040512,19091.160640000002
20040511,17266.68816
20040510,15349.26854
20040507,17130.38103
20040506,22233.640399999997
20040505,12160.480389999999
20040504,13137.390200000002
20040503,14333.06784
20040430,12804.7542
20040429,11557.961759999998
20040428,18982.9928
20040427,11324.70372
20040423,9668.11753
20040422,15514.697629999999
20040421,13870.866240000001
20040420,9931.91754
20040419,13826.73537
20040417,4326.77647
20040416,10217.903220000002
20040415,14751.317280000001
20040413,11696.216400000001
20040412,7725.68596
20040408,14882.86877
20040407,7812.03804
20040406,10850.33448
20040405,11680.195650000001
20040402,14982.58849
20040401,8544.44612
20040331,10221.90592
20040330,12515.158979999998
20040329,12948.40037
20040326,12220.78417
20040325,18160.23344
20040324,20532.17915
20040323,23476.95252
20040322,17329.67178
20040319,17211.335959999997
20040318,19175.94364
20040317,19957.78926
20040316,23756.37242
20040315,25150.549140000003
20040312,23692.98708
20040311,25363.45183
20040310,22177.9596
20040309,19461.463069999998
20040308,10979.627759999998
20040305,14289.8415
20040304,16452.359999999997
20040303,26405.39195
20040301,12319.5813
20040227,25117.71243
20040226,29795.2529
20040225,46638.188239999996
20040224,26060.761980000003
20040223,13676.33166
20040220,24343.982519999998
20040219,21954.58284
20040218,13549.413209999999
20040217,14440.475440000002
20040216,19010.2221
20040213,21972.53184
20040212,19327.99209
20040211,18658.262740000002
20040210,29212.254179999996
20040209,24736.915619999996
20040206,25951.374870000003
20040205,42628.40032
20040204,25175.89847
20040203,29050.170659999996
20040130,46204.39248
20040129,55395.06663000001
20040128,60560.92566
20040127,43349.96230000001
20040123,24147.730050000002
20040122,30625.501410000004
20040121,20459.04354
20040120,19207.947780000002
20040119,16220.919960000001
20040116,22140.37062
20040115,20596.84704
20040114,19082.76748
20040113,17773.55162
20040112,9173.430400000001
20040109,9236.21781
20040108,7368.218530000001
20040107,10600.52901
20040106,7602.91675
20040105,8003.114959999999
20040102,4888.22177
20040101,6140.634599999999
20031231,12557.27445
20031230,7358.6242
20031229,5281.95563
20031226,6201.42192
20031224,5923.496800000001
20031223,9471.300659999999
20031222,4465.78272
20031219,10264.131000000001
20031218,14554.37918
20031217,15705.465929999998
20031216,8831.053119999999
20031215,7419.891359999999
20031212,12574.27152
20031211,9840.05784
20031210,8097.12428
20031209,6015.5527999999995
20031208,11590.3017
20031205,17892.71504
20031204,8760.24352
20031203,10837.477560000001
20031202,18145.201540000002
20031201,19384.16825
20031128,20225.50662
20031127,21396.82716
20031125,24603.131699999998
20031124,22244.68134
20031121,22867.566
20031120,16687.87685
20031119,20377.40223
20031118,22335.1073
20031117,15959.728980000002
20031115,4584.6016500000005
20031114,16225.036
20031113,22170.22505
20031112,11922.618180000001
20031111,10219.17872
20031110,16022.29248
20031107,21143.550929999998
20031106,21892.92352
20031105,30169.84847
20031104,23272.6305
20031103,19529.950549999998
20031031,15175.09785
20031030,17274.62378
20031029,53280.62668
20031028,32460.624499999998
20031027,27144.90942
20031025,5776.86624
20031024,22207.62375
20031023,15999.281689999998
20031022,17443.60744
20031021,26805.39
20031020,13048.1684
20031017,12752.632959999999
20031016,18117.78598
20031015,17158.16262
20031014,15458.622920000002
20031013,16692.72748
20031010,19847.942
20031009,12775.02337
20031008,12480.1191
20031007,15779.231360000002
20031006,9366.01824
20031003,4497.60419
20031001,7513.697599999999
20030930,4081.0907199999997
20030929,5897.16672
20030926,8075.51344
20030925,7602.91374
20030924,7446.74566
20030923,10812.486359999999
20030922,5010.750080000001
20030919,7821.683
20030918,3892.2954999999997
20030917,3954.2312899999997
20030916,3412.5314999999996
20030915,2957.5564799999997
20030912,2566.83946
20030911,3037.8656000000005
20030910,3427.1587499999996
20030909,3080.88473
20030908,5590.6155
20030905,5383.82576
20030904,5599.64625
20030903,5864.1641
20030902,5040.13004
20030901,2933.4355499999997
20030829,5198.5208
20030828,4001.61822
20030827,4401.05484
20030826,6839.575830000001
20030825,6012.3572
20030822,2502.56567
20030821,3638.4055399999997
20030820,3421.99312
20030819,3294.6507
20030818,4468.12284
20030814,9796.2844
20030813,4252.2996299999995
20030812,5022.19962
20030811,5912.52803
20030808,5655.80032
20030807,4625.392640000001
20030806,5035.27062
20030805,4278.77692
20030804,5155.10006
20030801,7035.939200000001
20030731,2686.4541
20030730,3239.78367
20030729,3658.1135999999997
20030728,5565.7973600000005
20030725,4694.35635
20030724,4565.73787
20030723,4655.8544999999995
20030722,6968.88775
20030721,11173.5008
20030718,5257.66406
20030717,2852.64198
20030716,1941.91362
20030715,2007.99091
20030714,1361.2747200000001
20030711,1624.53546
20030710,1597.7406600000002
20030709,3459.7450200000003
20030708,1359.6164999999999
20030707,5351.62968
20030704,962.96358
20030703,1742.1888
20030702,3404.16456
20030701,2342.0881299999996
20030630,1777.7655
20030627,6711.40575
20030626,2312.6767400000003
20030625,2394.33975
20030624,2339.15652
20030623,1757.6654199999998
20030620,2143.86949
20030619,2018.8316
20030618,3236.2452
20030617,2026.0991400000003
20030616,1112.3607000000002
20030613,819.29276
20030612,1820.3207199999997
20030611,786.42065
20030610,2268.38592
20030609,1564.1028000000001
20030606,1577.24856
20030605,4807.76669
20030604,1032.08844
20030603,1092.25276
20030602,1940.8880399999998
20030530,1842.36486
20030529,4062.6446
20030528,2377.2203200000004
20030527,2506.03897
20030526,2077.12286
20030523,4000.7437400000003
20030522,1888.01966
20030521,2616.80391
20030520,1031.94252
20030519,2378.2657799999997
20030516,1583.06088
20030515,423.27915
20030514,1627.4489
20030513,464.05384
20030512,232.15465000000003
20030509,523.06236
20030508,648.245
20030507,794.6093599999999
20030506,2385.41772
20030505,875.87616
20030502,762.8346
20030430,781.3374
20030429,458.76767
20030428,566.2567399999999
20030425,892.42961
20030424,1348.0176
20030423,184.30234000000002
20030422,439.25039999999996
20030421,671.5272
20030417,381.45599999999996
20030416,491.69416
20030415,425.06456
20030411,372.42816000000005
20030410,495.64723999999995
20030409,1047.2112
20030408,1263.4002
20030407,905.2082
20030404,718.5287999999999
20030403,1000.87848
20030402,602.2525
20030401,490.90405000000004
20030331,357.62033999999994
20030328,516.3522
20030327,772.70245
20030326,729.1218600000001
20030325,492.30545000000006
20030324,610.5475
20030322,216.32936999999998
20030321,742.4781600000001
20030320,984.68634
20030319,1375.91298
20030317,1454.93478
20030313,1145.04624
20030312,648.63092
20030311,2547.8208
20030310,1055.44428
20030307,2599.1112
20030306,1272.5712
20030305,1656.9479999999999
20030304,1743.695
20030303,951.8269
20030228,2449.1020599999997
20030227,820.9268099999998
20030226,886.52447
20030225,680.95296
20030224,798.9284599999999
20030221,225.52179
20030220,827.28345
20030219,468.6318
20030218,713.4170399999999
20030217,629.6309899999999
20030214,997.7723000000001
20030212,577.30899
20030211,451.11728
20030210,759.04416
20030207,1607.91534
20030206,2011.21956
20030205,931.1346
20030204,1721.84416
20030203,1162.26657
20030131,951.6406199999999
20030130,1730.50764
20030129,835.04918
20030128,1908.6072
20030127,1401.58998
20030124,1215.26244
20030123,2711.14398
20030122,1410.4472999999998
20030121,2008.3623
20030120,1672.7946
20030117,3359.0105599999997
20030116,1722.1536699999997
20030115,570.85056
20030114,2013.7202899999997
20030113,1394.80576
20030110,2205.6632999999997
20030109,2899.71108
20030108,2826.8081399999996
20030107,1918.0160100000003
20030106,1277.5194
20030103,593.1
20030102,1002.1785399999999
20030101,914.63396
20021231,1154.00011
20021230,937.9618999999999
20021227,3266.2400399999997
20021226,2503.6195799999996
20021224,1849.58152
20021223,1583.5575
20021220,1388.00888
20021219,1224.75036
20021218,1837.62296
20021217,2475.5679600000003
20021216,2070.54106
20021213,3313.62304
20021212,1462.6459200000002
20021211,2833.70724
20021210,2838.36924
20021209,1712.6394599999999
20021206,1531.5975899999999
20021205,1649.2383899999998
20021204,1827.72812
20021203,2980.25
20021202,1704.81655
20021129,1579.73424
20021128,4208.78372
20021127,2153.7204
20021126,3555.93791
20021125,938.96712
20021122,3835.40224
20021121,2478.8080200000004
20021120,2779.05328
20021118,4804.60558
20021115,4106.04012
20021114,835.96382
20021113,805.87724
20021112,1067.4341599999998
20021111,589.9783199999999
20021108,410.87648
20021107,841.90214
20021105,1422.6995
20021104,550.63737
20021101,3329.71023
20021031,5303.66816
20021030,3349.7658
20021029,663.1716
20021028,1012.8716999999999
20021025,1312.45088
20021024,483.24907999999994
20021023,374.18114
20021022,295.02585
20021021,261.1994
20021018,565.7806
20021017,796.63878
20021016,879.0230799999999
20021014,1610.2900000000002
20021011,2430.49331
20021010,1232.51598
20021009,1077.2174400000001
20021008,758.93665
20021007,284.02044
20021004,1034.58396
20021003,302.40249
20021001,1139.5729
20020930,1315.86826
20020927,2385.54576
20020926,297.05187
20020925,905.466
20020924,684.6
20020923,500.87100000000004
20020920,409.25379999999996
20020919,834.25485
20020918,311.35983999999996
20020917,784.8261200000001
20020916,758.45666
20020913,1453.3236000000002
20020912,1005.86444
20020911,541.5018
20020909,918.1016
20020906,877.4369200000001
20020905,2244.77298
20020904,749.12306
20020903,394.08718999999996
20020902,1138.4594
20020830,919.32484
20020829,878.23686
20020828,963.8661999999999
20020827,1728.6429999999998
20020826,2332.9080599999998
20020823,720.24192
20020822,600.22352
20020821,1807.3041
20020820,1150.6580800000002
20020819,926.64568
20020816,847.96604
20020814,976.1731
20020813,3445.66768
20020812,1189.94362
20020809,3101.13839
20020808,1669.8151799999998
20020807,1812.7683
20020806,2436.1958400000003
20020805,2234.4508
20020802,993.38496
20020801,1685.6764499999997
20020731,1913.1948
20020730,1431.1980800000001
20020729,1404.82524
20020726,2950.9898000000003
20020725,3783.1337799999997
20020724,941.4257500000001
20020723,1497.4583999999998
20020722,739.2053599999999
20020719,857.19448
20020718,673.90245
20020717,1002.9165500000001
20020716,1289.72348
20020715,1238.1538400000002
20020712,1401.12498
20020711,1412.41516
20020710,1012.2194400000001
20020709,1239.62922
20020708,1883.92308
20020705,1309.82796
20020704,4358.781
20020703,2175.1190500000002
20020702,4830.7925
20020701,1770.62016
20020628,3227.5322499999997
20020627,2319.34014
20020626,962.78721
20020625,2402.36724
20020624,714.6504799999999
20020621,1637.43286
20020620,2305.51856
20020619,2253.90384
20020618,2333.9019200000002
20020617,2275.236
20020614,3577.99761
20020613,5990.76205
20020612,6652.43145
20020611,13087.05266
20020610,2847.3280000000004
20020607,2043.0088
20020606,6541.557119999999
20020605,6337.444079999999
20020604,1565.30892
20020603,1725.867
20020531,907.2866
20020530,1159.03834
20020529,2708.50176
20020528,1023.98784
20020527,396.35904
20020524,1004.438
20020523,1344.48192
20020522,1037.43675
20020521,1096.31368
20020520,193.41315
20020517,845.9863
20020516,919.2854000000001
20020515,991.33397
20020514,2629.81089
20020513,814.14948
20020510,1150.73153
20020509,567.80437
20020508,1127.03751
20020507,2135.27016
20020506,581.3537600000001
20020503,344.26363999999995
20020502,215.90366
20020430,241.89344999999997
20020429,197.68528
20020426,406.68924999999996
20020425,1187.64744
20020424,620.2257
20020423,1306.79748
20020422,553.398
20020419,376.55339999999995
20020418,855.97616
20020417,759.1849199999999
20020416,243.88739999999996
20020415,1027.5788400000001
20020412,2433.07898
20020411,561.99879
20020410,1673.10934
20020409,1750.04518
20020408,894.388
20020405,1327.2633
20020404,529.4289
20020403,581.44516
20020402,1374.5198999999998
20020401,713.46726
20020328,1295.0028
20020327,1514.42563
20020326,617.49918
20020322,566.4704399999999
20020321,1650.10402
20020320,716.8152
20020319,884.78836
20020318,1496.11027
20020315,925.7826
20020314,318.72826999999995
20020313,755.7853200000001
20020312,710.08704
20020311,1409.61132
20020308,2098.97168
20020307,1840.9451800000002
20020306,6746.405309999999
20020305,2045.54376
20020304,869.73525
20020301,1988.3126
20020228,2126.97675
20020227,1615.6011599999997
20020226,2588.2494600000005
20020225,1796.4040200000002
20020222,534.8288
20020221,1563.45022
20020220,777.3764
20020219,1606.3766
20020218,682.46644
20020215,2895.8945400000007
20020214,2184.59241
20020213,1959.9164999999998
20020212,5803.53972
20020211,3728.19786
20020208,1189.74312
20020207,4180.499400000001
20020206,5064.053400000001
20020205,398.20732
20020204,919.6
20020201,1437.5302299999998
20020131,1261.4074
20020130,1486.94616
20020129,630.43745
20020128,877.3736
20020125,496.69599999999997
20020124,1213.38432
20020123,2230.7844
20020122,2209.04106
20020121,2220.54922
20020118,1718.09768
20020117,4337.17885
20020116,3381.3626
20020115,1672.06676
20020114,2133.53322
20020111,2640.36675
20020110,1096.16274
20020109,496.8389
20020108,415.52865
20020107,575.0243800000001
20020104,431.01135999999997
20020103,289.64459
20020102,318.24408
20020101,307.1915
20011231,245.8114
20011228,170.39142
20011227,121.86263000000001
20011226,264.21263999999996
20011224,107.988
20011221,147.60872
20011220,433.65434999999997
20011219,259.33214999999996
20011218,937.5035999999999
20011214,465.9427800000001
20011213,620.0725199999999
20011212,554.84352
20011211,772.84761
20011210,619.3686100000001
20011207,620.3719199999999
20011206,853.5734
20011205,711.4773
20011204,820.22328
20011203,610.12802
20011129,966.5997799999999
20011128,932.30586
20011127,921.5476400000001
20011126,1013.36022
20011123,976.8433500000001
20011122,1522.0760699999998
20011121,2668.90756
20011120,2705.6416000000004
20011119,2467.02306
20011115,1510.7704499999998
20011114,694.18036
20011113,1111.48014
20011112,1112.1496799999998
20011109,2839.27296
20011108,2827.3833000000004
20011107,2983.4826
20011106,2515.59
20011105,952.0082
20011102,719.20596
20011101,1018.7828000000001
20011031,865.4923200000001
20011030,298.92744
20011029,589.0437000000001
20011025,538.7033600000001
20011024,672.33915
20011023,768.61216
20011022,1123.0362
20011019,420.6456
20011018,226.55001000000001
20011017,497.90884
20011016,399.14027999999996
20011015,410.89931999999993
20011012,420.85008000000005
20011011,559.7704000000001
20011010,88.10856
20011009,38.788740000000004
20011008,86.90220000000001
20011005,155.77669999999998
20011004,203.4087
20011003,1252.2521000000002
20011001,121.37073000000001
20010928,110.52382
20010927,545.35248
20010926,76.5567
20010925,72.3536
20010924,69.42240000000001
20010921,40.46544000000001
20010920,147.15086
20010919,181.88127000000003
20010918,76.35368000000001
20010917,98.66745
20010914,152.52832000000004
20010913,193.29762000000002
20010912,173.19622999999996
20010911,33.174839999999996
20010910,52.44407999999999
20010907,83.63251999999999
20010906,307.59225
20010905,152.50647
20010904,337.35283999999996
20010903,98.06626
20010831,118.29972
20010830,169.24504
20010829,329.92947
20010828,112.70297999999998
20010827,165.1596
20010824,95.23483999999999
20010823,433.95916
20010821,317.4468
20010820,106.59726
20010817,285.27616
20010816,538.6048000000001
20010814,346.28116
20010813,643.7403199999999
20010810,1033.50335
20010809,161.63904
20010808,278.24456
20010807,132.8756
20010806,85.07151000000002
20010803,50.11384
20010802,195.87810000000002
20010801,116.93520000000001
20010731,209.9471
20010730,127.03500000000001
20010727,182.91761999999997
20010726,166.48435
20010725,1034.90366
20010724,891.46871
20010720,171.83600000000004
20010719,58.577200000000005
20010718,96.80110000000002
20010717,130.2477
20010716,199.5312
20010713,265.5762
20010712,392.84211999999997
20010711,442.00134999999995
20010710,458.11355999999995
20010709,193.62928
20010706,76.45497999999999
20010705,69.437
20010704,111.98688
20010703,151.46609999999998
20010702,53.3439
20010629,292.21247999999997
20010628,249.17165999999997
20010628,25.75
20010627,359.87658
20010626,134.25549999999998
20010625,100.43535000000001
20010622,273.98646
20010621,163.23162000000002
20010620,144.61458
20010619,391.71346
20010618,242.1111
20010615,749.9723200000001
20010614,275.76640000000003
20010613,393.81651999999997
20010612,249.17031999999998
20010611,306.88259999999997
20010608,665.4599000000001
20010607,369.39504
20010606,255.18195
20010605,667.4187499999999
20010604,624.30372
20010601,485.10591999999997
20010531,484.93035000000003
20010530,1630.0732699999999
20010529,1741.2759
20010528,520.13625
20010525,699.2559
20010524,542.5186
20010523,240.5844
20010522,510.51968
20010521,1107.5337
20010518,1388.7100400000002
20010517,2028.2662400000002
20010516,2085.84138
20010515,814.85592
20010514,491.12504999999993
20010511,1660.8345599999998
20010510,1079.79272
20010509,1820.0292
20010508,773.6237199999999
20010507,558.27018
20010504,592.17072
20010503,323.70844
20010502,780.7234599999999
20010430,938.9378
20010427,2701.91695
20010426,2475.0588
20010425,1846.2733999999998
20010424,3082.6600000000003
20010423,1211.43795
20010420,764.9672400000001
20010419,1393.89027
20010418,2490.9357000000005
20010418,0.00555
20010417,1866.96224
20010416,699.7953600000001
20010412,1084.4757
20010411,650.7581500000001
20010410,920.4037500000001
20010409,1015.8581
20010406,1645.974
20010404,1502.41728
20010403,1241.21184
20010402,1034.12736
20010330,932.2182
20010329,728.7258
20010328,736.0474
20010327,767.55487
20010326,627.0912000000001
20010323,1109.2030200000002
20010323,0.0234
20010322,498.55145
20010321,599.4731499999999
20010320,787.25706
20010319,967.49874
20010316,1860.32703
20010316,25.08128
20010315,1097.2704
20010314,1381.58766
20010313,2021.8618199999999
20010313,27.250000000000004
20010312,1635.5041999999999
20010309,2444.0976
20010308,1297.9646
20010307,2495.61448
20010305,4212.92997
20010302,6084.771839999999
20010301,8581.214979999999
20010228,8297.407799999999
20010227,8185.1102200000005
20010226,5463.6009300000005
20010223,6112.02241
20010222,4055.44308
20010221,4665.8149
20010220,7650.678
20010219,8236.71975
20010216,14722.474730000002
20010215,8002.025640000001
20010214,6635.361650000001
20010213,4232.91515
20010212,7043.732849999999
20010209,6549.72754
20010208,5957.72672
20010207,9391.10639
20010206,8731.19562
20010205,5902.6454300000005
20010202,1579.3325399999999
20010201,2289.1607999999997
20010131,3766.8914999999997
20010130,3992.52758
20010129,2090.60466
20010125,1858.7985999999999
20010124,1951.59756
20010123,2491.113
20010122,4029.85996
20010119,2325.2713
20010118,2451.3929999999996
20010117,3095.2124
20010117,139.0
20010116,3216.5627
20010115,1562.9627600000001
20010112,2817.5196499999997
20010111,2460.9395
20010110,4059.7495400000003
20010109,3870.06954
20010108,3548.46898
20010108,576.7
20010105,8564.87445
20010104,12461.4699
20010103,11190.5552
20010102,4272.98905
20010101,1881.3382
20001229,1777.71584
20001228,861.0435
20001227,650.67307
20001226,1882.9403300000004
20001222,2639.53296
20001221,2777.63832
20001220,2418.8860799999998
20001219,3420.21454
20001218,2643.19276
20001218,180.624
20001215,3310.19443
20001214,5059.31872
20001213,2143.90528
20001212,4043.37492
20001211,3261.7946600000005
20001208,5895.83042
20001207,7000.5795
20001206,289.575
20001206,3362.7443
20001205,3180.78618
20001205,0.144
20001204,2004.29808
20001201,1655.3770400000003
20001130,1346.62366
20001129,3532.104
20001128,4855.11475
20001127,2652.79137
20001124,2314.93284
20001123,1505.96028
20001123,160.0
20001122,1020.2231
20001121,1464.5680700000003
20001120,2626.7254000000003
20001117,645.7854699999999
20001116,754.7312499999999
20001115,1454.9025000000001
20001114,1114.6774
20001113,767.84155
20001110,1650.07993
20001109,707.47644
20001108,696.70254
20001107,1586.21202
20001106,3507.6287999999995
20001103,2138.6146500000004
20001102,829.9753
20001101,743.93236
20001031,243.36321000000004
20001030,141.79984000000002
20001027,162.26348
20001026,171.74757
20001025,696.74589
20001024,245.74583
20001023,689.16528
20001020,677.3355999999999
20001019,457.11655999999994
20001018,140.75217
20001017,304.32199999999995
20001016,307.83371999999997
20001013,698.61352
20001012,186.25861999999998
20001011,247.48707
20001010,440.43375
20001009,262.07244000000003
20001006,482.64445000000006
20001005,409.78211999999996
20001004,434.4846
20001003,641.31318
20000929,523.2115200000001
20000928,330.71090000000004
20000927,340.89344
20000926,694.9383
20000925,287.5166
20000922,745.7818500000001
20000921,368.49
20000920,217.32188999999997
20000919,609.01412
20000918,621.63734
20000915,985.4214499999999
20000914,427.83110000000005
20000913,431.92268999999993
20000912,898.0558900000001
20000911,2275.2316
20000908,689.5344
20000907,1421.78217
20000906,1878.00704
20000905,1050.42756
20000904,1368.57546
20000831,1496.33426
20000830,907.5479200000001
20000829,2395.64142
20000828,5651.69715
20000825,1018.82418
20000824,531.59773
20000823,2147.51376
20000822,907.8955199999999
20000821,839.0467799999999
20000818,783.2719199999999
20000817,1000.86105
20000816,703.0604
20000816,0.434
20000814,1070.7779799999998
20000811,656.42148
20000810,333.13112
20000809,571.50094
20000808,616.92336
20000807,928.2639
20000804,1004.3378099999999
20000803,1672.12295
20000802,1312.85592
20000801,1479.8653199999999
20000731,3489.12116
20000728,1353.8645999999999
20000727,956.5726399999999
20000727,20.855999999999998
20000726,2461.0880999999995
20000725,1899.297
20000724,63.01736
20000724,1501.4718400000002
20000721,1040.1132
20000721,33.120000000000005
20000720,647.06304
20000719,495.37215
20000718,739.79016
20000718,78.0
20000717,817.14812
20000714,1264.21248
20000713,1369.5968
20000712,2030.11314
20000711,1977.9781499999997
20000710,1523.5117199999997
20000707,616.84336
20000706,1535.2991499999998
20000705,1006.4736
20000704,687.3340499999999
20000703,625.37847
20000630,757.17525
20000629,678.51432
20000628,438.55812
20000627,1381.167
20000626,510.66143
20000623,1003.9677800000001
20000622,263.65639999999996
20000621,568.7990299999999
20000620,576.83391
20000619,1129.1028000000001
20000616,2563.54755
20000615,937.13984
20000614,1361.5254800000002
20000613,1912.46684
20000612,4000.49184
20000609,4940.19856
20000608,3660.682
20000607,1844.3724
20000606,1659.6865599999999
20000605,3444.62197
20000602,1848.65629
20000601,651.4656
20000531,1700.83386
20000531,926.4
20000530,1410.0575999999999
20000529,2168.3695599999996
20000526,1508.90304
20000525,1855.31442
20000524,1002.1581600000001
20000523,443.99145
20000522,541.9215999999999
20000519,836.8469
20000518,1081.3719600000002
20000517,882.95529
20000516,805.9938699999999
20000515,511.76096999999993
20000512,1345.0761
20000511,695.9889800000001
20000510,613.8115200000001
20000509,1662.0516
20000508,3099.4314900000004
20000505,2316.60848
20000504,959.96576
20000503,441.40536
20000502,1134.26676
20000428,935.5404299999999
20000427,1264.9353600000002
20000426,2665.6572800000004
20000425,1265.42162
20000424,969.638
20000420,1703.34716
20000419,1974.94245
20000418,5082.6984
20000417,3186.31664
20000413,1587.05248
20000413,15.2
20000412,417.09884000000005
20000411,694.06515
20000410,2159.8875000000003
20000407,1649.61045
20000406,929.4254599999999
20000405,851.3803099999999
20000404,1522.3637600000002
20000403,2338.72425
20000331,1250.1174400000002
20000330,1476.9664000000002
20000329,1961.3310499999998
20000328,581.94222
20000327,459.56300000000005
20000324,471.67329
20000323,729.819
20000322,1244.6600399999998
20000321,2154.1159599999996
20000316,2514.42972
20000316,5.106
20000315,1504.8365999999999
20000314,1462.72122
20000313,1660.9782
20000310,2210.98671
20000309,1253.35419
20000308,1559.7158499999998
20000307,3055.5769999999998
20000306,3289.5855
20000303,4172.823
20000302,2707.5375000000004
20000301,3979.9447200000004
20000229,2063.96352
20000228,1917.48516
20000225,4247.05239
20000224,1117.80656
20000223,5812.57344
20000222,2437.85832
20000221,1743.56505
20000218,1360.2598799999998
20000217,1142.50093
20000216,526.8146
20000215,2453.0124
20000214,2166.10944
20000211,2252.7175199999997
20000210,898.5816
20000209,2654.75238
20000208,1732.4650199999999
20000207,2136.7308
20000204,3044.3931599999996
20000203,680.4839999999999
20000202,2132.1014
20000201,2336.06235
20000131,5653.6341
20000128,7317.076759999999
20000127,4107.9202399999995
20000125,3701.91788
20000124,6038.046560000001
20000121,2754.5256
20000120,1471.23514
20000119,3811.6244
20000118,2686.84248
20000117,4769.07763
20000114,3958.2701400000005
20000113,1915.1072199999999
20000112,3349.7775
20000111,4735.2097699999995
20000110,5264.54157
20000107,8833.83632
20000106,7397.135679999999
20000105,4924.90348
20000104,3036.73396
20000103,3224.9035999999996
