20160408,2231.87772
20160407,4137.98469
20160406,3471.31239
20160405,4605.657
20160404,2371.36668
20160401,3278.4575999999997
20160331,3634.6076800000005
20160330,3235.05512
20160329,2978.75613
20160328,2899.8468399999997
20160323,3389.6832
20160322,3763.10905
20160321,9736.68055
20160318,2501.2
20160317,5055.18783
20160316,4539.7002
20160315,2746.93776
20160314,6058.9123
20160311,3437.44632
20160310,4582.67431
20160309,5535.11924
20160308,3966.57525
20160304,4817.1659199999995
20160303,9224.69368
20160302,3810.5799
20160301,4321.69324
20160229,8080.49879
20160226,2723.8659700000003
20160225,3338.88109
20160224,2357.09298
20160223,3151.3654
20160222,2625.12948
20160219,3685.23474
20160218,7388.4254599999995
20160217,5614.77819
20160216,4652.945920000001
20160215,6915.35328
20160212,10922.435039999998
20160211,5958.6563
20160210,3634.29704
20160209,3079.5209000000004
20160208,3698.929
20160205,4281.46334
20160204,5815.322150000001
20160203,3940.1029200000003
20160202,5240.347200000001
20160201,8404.455779999998
20160129,6804.774350000001
20160128,6468.60552
20160127,3332.4917600000003
20160125,4621.617
20160122,4489.205980000001
20160121,5694.16445
20160120,6114.444560000001
20160119,5941.9613
20160118,5139.97328
20160115,6461.34993
20160114,8244.88632
20160113,8636.65446
20160112,5074.450940000001
20160111,5856.588030000001
20160108,8951.30496
20160107,7762.535440000001
20160106,5792.5296
20160105,4081.76864
20160104,5477.602640000001
20160101,3292.35108
20151231,3645.9686
20151230,3236.44032
20151229,2677.0369499999997
20151228,1987.9259399999999
20151224,2860.32406
20151223,3418.66981
20151222,4409.5157899999995
20151221,2763.10911
20151218,5521.03497
20151217,4580.12879
20151216,4596.33906
20151215,4910.264939999999
20151214,5053.85384
20151211,7786.903979999999
20151210,4248.7338899999995
20151209,5235.92771
20151208,3927.5187699999997
20151207,2561.5029
20151204,3070.5168000000003
20151203,3005.30622
20151202,3302.11028
20151201,2435.53856
20151130,3540.20007
20151127,4936.31578
20151126,4617.469419999999
20151124,6655.023179999999
20151123,2874.9492800000003
20151120,3752.51896
20151119,3174.4230000000002
20151118,5072.5116
20151117,4070.89462
20151116,5460.10569
20151113,4977.23815
20151111,2056.16428
20151110,4607.06568
20151109,6737.601089999999
20151106,4484.45162
20151105,6645.767500000001
20151104,5174.85235
20151103,8934.99588
20151102,10613.0952
20151030,23713.033250000004
20151029,5573.55915
20151028,3923.8840200000004
20151027,5260.035
20151026,3780.9948
20151023,6323.61424
20151021,3335.11924
20151020,3032.61968
20151019,2855.9941200000003
20151016,5620.84875
20151015,2831.47865
20151014,2961.9031
20151013,3113.1266100000003
20151012,2041.2615999999998
20151009,2865.57006
20151008,3361.3474500000007
20151007,2822.6857999999997
20151006,4539.05592
20151005,7318.58799
20151001,5790.07087
20150930,4690.4718
20150929,10019.34835
20150928,7802.6726
20150924,7185.14875
20150923,7502.809920000001
20150922,10295.25185
20150921,5213.67204
20150918,6128.226420000001
20150916,6300.324799999999
20150915,6314.84964
20150914,3477.8527999999997
20150911,5002.406639999999
20150910,5474.83419
20150909,5541.5178
20150908,5838.83836
20150907,4395.14955
20150904,5521.6497
20150903,3975.01755
20150902,7347.4006
20150901,9712.70839
20150831,3204.2458799999995
20150828,5140.06848
20150827,6768.79555
20150826,7107.62805
20150825,10464.42144
20150824,8849.65685
20150821,4719.962759999999
20150820,4411.7081
20150819,3216.4968599999997
20150818,3622.95024
20150817,3017.5912900000003
20150814,4290.28875
20150813,3873.1080000000006
20150812,3962.47568
20150811,3885.38402
20150810,2844.85849
20150807,3654.55636
20150806,5537.53837
20150805,2954.6493299999997
20150804,3618.5235799999996
20150803,8055.23152
20150731,5823.78433
20150730,3301.8124500000004
20150729,3298.3961499999996
20150728,2699.5196800000003
20150727,5046.66864
20150724,3696.0036299999997
20150723,3537.32955
20150722,2857.8410400000002
20150721,2500.4064000000003
20150720,2462.2488000000003
20150717,3374.90992
20150716,3520.7713999999996
20150715,2399.11644
20150714,2966.544
20150713,4649.87328
20150710,5843.25015
20150709,6751.5658
20150708,4732.51465
20150707,2946.7886000000003
20150706,3657.52258
20150703,5937.692419999999
20150702,3144.3536400000003
20150701,5559.792689999999
20150630,5752.69317
20150629,7029.14912
20150626,4870.88577
20150625,14640.18205
20150624,4006.00826
20150623,6077.8449200000005
20150622,4472.75763
20150619,4111.1468
20150618,5435.98212
20150617,5825.90062
20150616,3839.9184000000005
20150615,3495.79188
20150612,3500.11472
20150611,4915.92458
20150610,7396.1975999999995
20150609,1972.61568
20150608,3064.8968099999997
20150605,3819.5115
20150604,3451.11704
20150603,4525.9394999999995
20150602,6437.682159999999
20150601,8905.8901
20150529,5487.19353
20150528,2817.3140399999997
20150527,3649.2717299999995
20150526,3411.66765
20150525,2287.06425
20150522,5768.7885
20150521,3681.8964
20150520,3319.02035
20150519,6132.07182
20150518,4469.31216
20150515,3697.8233600000003
20150514,3216.10027
20150513,5109.49376
20150512,5591.93674
20150511,4055.10896
20150508,4263.3184
20150507,6504.52359
20150506,12473.404800000002
20150505,4831.249669999999
20150504,5543.95644
20150430,5046.5252199999995
20150429,4404.78148
20150428,5186.12774
20150427,5053.925700000001
20150424,4643.22012
20150423,5245.51797
20150422,4719.2684
20150421,3932.85966
20150420,5068.81536
20150417,2628.94203
20150416,5949.65898
20150415,8335.712
20150413,7853.0557499999995
20150410,2500.17732
20150409,3148.54701
20150408,5778.30204
20150407,4191.08456
20150406,4687.50877
20150401,2872.7895000000003
20150331,3814.1696300000003
20150330,6106.61862
20150327,8872.85448
20150326,6232.1885999999995
20150325,4765.84231
20150324,4841.43128
20150323,3066.78312
20150320,5603.1318
20150319,8320.99524
20150318,4789.777279999999
20150317,4604.33106
20150316,4451.012000000001
20150313,7607.282279999999
20150312,3922.2519
20150311,4027.870990000001
20150310,6206.99639
20150309,6324.5343
20150305,6548.67446
20150304,8867.88448
20150303,8192.48558
20150302,25935.38122
20150228,20781.981870000003
20150227,14682.801449999999
20150226,4634.03241
20150225,4332.21836
20150224,6025.503119999999
20150223,5302.0576200000005
20150220,4718.03662
20150219,5547.016229999999
20150218,4447.4884999999995
20150216,3262.82176
20150213,4084.32528
20150212,6587.8650099999995
20150211,6173.782020000001
20150210,17512.346400000002
20150209,12992.11056
20150206,3901.9751100000003
20150205,3732.47654
20150204,3928.27119
20150203,3866.5668800000003
20150202,4521.851280000001
20150130,5782.5877
20150129,3810.16326
20150128,5560.423470000001
20150127,7058.397080000001
20150123,9026.6141
20150122,3554.1152800000004
20150121,15296.98464
20150120,3923.2667200000005
20150119,4119.22005
20150116,6137.8821
20150115,7351.036799999999
20150114,3443.4287999999997
20150113,3128.1530000000002
20150112,3627.3024
20150109,3427.22325
20150108,2656.82154
20150107,4558.60874
20150106,7080.61214
20150105,5310.56085
20150102,3827.58784
20150101,1602.7615800000003
20141231,1876.2147599999998
20141230,2913.597
20141229,2370.7345
20141226,2533.08672
20141224,4758.4367600000005
20141223,3779.1622399999997
20141222,2637.00249
20141219,3704.94432
20141218,4235.9024
20141217,5447.941
20141216,4829.1645
20141215,3539.9067000000005
20141212,4501.59492
20141211,6397.760789999999
20141210,5056.6795999999995
20141209,5151.48025
20141208,3330.5950800000005
20141205,4414.28026
20141204,3021.8312
20141203,7472.47835
20141202,3148.3686
20141201,2114.71275
20141128,4325.551039999999
20141127,2997.50061
20141126,2468.61114
20141125,4051.33724
20141124,4610.8638599999995
20141121,4767.201999999999
20141120,3450.8231999999994
20141119,5029.64888
20141118,4946.46306
20141117,3679.0586
20141114,2241.19305
20141113,3030.26721
20141112,3617.5773900000004
20141111,3304.67748
20141110,6230.3021
20141107,7182.300719999999
20141105,3103.93075
20141103,4051.0692
20141031,8348.41304
20141030,4024.49791
20141029,2225.9769
20141028,3176.2065600000005
20141027,4980.9411
20141023,1263.2795999999998
20141022,4074.374
20141021,3401.5112500000005
20141020,4130.46288
20141017,3614.1524999999997
20141016,3539.4183300000004
20141014,3240.0616499999996
20141013,4109.4827399999995
20141010,4138.46601
20141009,4620.253640000001
20141008,4484.646000000001
20141007,6222.948600000001
20141001,4134.78324
20140930,5248.8077
20140929,3602.23083
20140926,5876.31336
20140925,5224.35582
20140924,8333.859040000001
20140923,5264.3439
20140922,3988.4149599999996
20140919,3869.4676999999997
20140918,4675.69024
20140917,4186.7108
20140916,4266.093220000001
20140915,2208.89136
20140912,3321.94776
20140911,3469.43025
20140910,2816.80909
20140909,2459.53425
20140908,2912.64072
20140905,4348.01466
20140904,2341.56436
20140903,5738.89422
20140902,3602.472
20140901,6424.9792
20140828,3282.37692
20140827,3287.44111
20140826,2857.78136
20140825,3487.89555
20140822,3781.94544
20140821,3891.99504
20140820,2740.06016
20140819,5924.03375
20140818,5103.6995400000005
20140814,3106.80656
20140813,4664.24688
20140812,3163.86405
20140811,2969.2106000000003
20140808,7397.93886
20140807,4382.056280000001
20140806,5406.834
20140805,6508.77083
20140804,5843.3097800000005
20140801,10803.42162
20140731,12433.824999999999
20140730,26932.42914
20140728,4766.11156
20140725,2617.00241
20140724,3021.5088
20140723,2694.681
20140722,3021.15782
20140721,5828.9586
20140718,3616.6650300000006
20140717,2366.6227200000003
20140716,3609.8639700000003
20140715,5445.93114
20140714,4643.15642
20140711,8539.45092
20140710,13943.13309
20140709,4874.9319000000005
20140708,19323.0261
20140707,2334.5550000000003
20140704,2786.3664
20140703,1239.98064
20140702,4500.10024
20140701,3617.6846200000005
20140630,5264.20814
20140627,6549.06266
20140626,5326.78461
20140625,3427.65016
20140624,4653.75648
20140623,3214.81382
20140620,3541.14114
20140619,3525.4836
20140618,5157.16878
20140617,4738.07284
20140616,4255.49294
20140613,5459.294000000001
20140612,2686.93295
20140611,4871.35965
20140610,4913.85556
20140609,10311.5103
20140606,4450.9392
20140605,5156.46725
20140604,4478.7252
20140603,7036.342
20140602,14573.018339999999
20140530,4386.81933
20140529,4013.4186
20140528,4965.9075
20140527,5749.384
20140526,16787.92128
20140523,3833.973
20140522,3905.5815400000006
20140521,4362.90146
20140520,4644.8983
20140519,15572.065670000002
20140516,24231.76507
20140515,5140.37022
20140514,5756.23818
20140513,9726.884549999999
20140512,8756.55495
20140509,6544.77825
20140508,4897.34718
20140507,2506.9090300000003
20140506,2053.48202
20140505,6372.91226
20140502,3497.97955
20140430,4662.83519
20140429,3401.0628
20140428,3923.3402099999994
20140425,3807.12618
20140423,9628.743250000001
20140422,6854.2032
20140421,6189.73208
20140417,3288.9973499999996
20140416,2606.6270999999997
20140415,3066.5969600000003
20140411,3315.9301600000003
20140410,5447.3712
20140409,3406.0142
20140407,2171.3999999999996
20140404,2596.14336
20140403,3652.1242199999997
20140402,5352.2027
20140401,4702.6782
20140331,5248.002759999999
20140328,3371.81978
20140327,5132.826240000001
20140326,8018.11474
20140325,3491.91801
20140324,3418.2558000000004
20140322,252.39502
20140321,2455.9399999999996
20140320,2624.23912
20140319,4698.94755
20140318,3881.9012599999996
20140314,5989.80268
20140313,2945.56416
20140312,3190.3660800000002
20140311,8939.73829
20140310,11029.237700000001
20140307,15443.2412
20140306,4682.23308
20140305,3719.8240199999996
20140304,3556.1982399999997
20140303,2236.18781
20140228,4049.1536
20140226,3184.2763200000004
20140225,3218.1294599999997
20140224,4624.72644
20140221,3671.92162
20140220,2241.2621
20140219,2947.99496
20140218,2692.89888
20140217,1930.5675
20140214,1765.0172
20140213,1918.57444
20140212,2375.87322
20140211,2206.27168
20140210,2335.0531200000005
20140207,1513.41564
20140206,2598.3851400000003
20140205,1831.96845
20140204,1960.8304
20140203,1615.78564
20140131,1879.3637400000002
20140130,3870.91518
20140129,2960.60219
20140128,2465.89188
20140127,3177.045
20140124,2748.54707
20140123,7269.70305
20140122,3640.29955
20140121,2041.1356
20140120,1875.7401599999998
20140117,2203.3855200000003
20140116,2928.64386
20140115,4504.34103
20140114,3866.67057
20140113,3279.6114000000002
20140110,6700.933720000001
20140109,6357.352980000001
20140108,4028.06592
20140107,3242.75196
20140106,3910.14198
20140103,4184.1100400000005
20140102,4458.755179999999
20140101,923.9976899999999
20131231,1184.484
20131230,2021.1268499999996
20131227,2078.3547
20131226,1901.57004
20131224,2064.3872
20131223,2537.00976
20131220,4571.96093
20131219,4978.569
20131218,4281.792120000001
20131217,2668.21128
20131216,3145.32494
20131213,4194.03936
20131212,3029.1182000000003
20131211,3239.9136000000003
20131210,6639.95994
20131209,14475.392549999999
20131206,3983.89454
20131205,7854.80864
20131204,2968.48867
20131203,4566.781440000001
20131202,4171.7047
20131129,4793.25663
20131128,3953.54456
20131127,2859.56202
20131126,4173.72579
20131125,7211.8581
20131122,2913.08188
20131121,3537.6712199999997
20131120,2490.50248
20131119,4856.62384
20131118,4815.25428
20131114,4404.46956
20131113,3486.0455
20131112,3373.48277
20131111,4267.7914
20131108,3675.7367999999997
20131107,3912.81188
20131106,1875.03024
20131105,2754.76916
20131103,1570.6546700000001
20131101,4460.66265
20131031,3584.3991
20131030,3018.77472
20131029,5236.876840000001
20131028,4253.909049999999
20131025,4449.735750000001
20131024,6975.9228
20131023,5251.389179999999
20131022,5760.911549999999
20131021,15188.698100000001
20131018,11239.743559999999
20131017,4052.0587499999997
20131015,2889.81792
20131014,2977.1225
20131011,6660.929099999999
20131010,2699.05065
20131009,3751.2760399999997
20131008,3442.87908
20131007,3869.8750400000004
20131004,3110.7408499999997
20131003,3518.33932
20131001,3420.77506
20130930,4256.375
20130927,2839.97208
20130926,2659.52412
20130925,3663.3109600000003
20130924,2808.27472
20130923,4314.438
20130920,6262.76692
20130919,7726.3335799999995
20130918,2383.264
20130917,1865.17408
20130916,5033.73468
20130913,4426.38628
20130912,3456.4559
20130911,7187.136
20130910,8051.60928
20130906,6986.0693200000005
20130905,3656.2746300000003
20130904,6334.814240000001
20130903,5419.36332
20130902,3304.7184799999995
20130830,3809.7558799999997
20130829,3692.6154999999994
20130828,6683.964140000001
20130827,7528.19772
20130826,3865.08808
20130823,4233.01714
20130822,5644.97528
20130821,6141.0491999999995
20130820,4234.0268
20130819,4303.35787
20130816,6035.00357
20130814,2937.4948400000003
20130813,4688.13696
20130812,5752.2856
20130808,3702.50244
20130807,4386.9033
20130806,4658.544800000001
20130805,3019.6902400000004
20130802,2962.2045
20130801,3872.3881
20130731,2909.8583000000003
20130730,3808.4443800000004
20130729,4462.68764
20130726,5317.2
20130725,4695.29622
20130724,13668.579539999999
20130723,11942.53104
20130722,18428.1
20130719,2898.38892
20130718,2734.77526
20130717,4130.6304
20130716,4945.274399999999
20130715,2885.7935399999997
20130712,4004.0045600000003
20130711,4229.41057
20130710,5797.5731399999995
20130709,3809.7021600000003
20130708,4125.4160999999995
20130705,2847.284
20130704,4263.00594
20130703,3365.4129599999997
20130702,2934.8805
20130701,4238.15912
20130628,5370.91816
20130627,4594.27584
20130626,5393.9710000000005
20130625,4965.29393
20130624,5459.66006
20130621,4369.218239999999
20130620,4334.06064
20130619,2634.45455
20130618,3173.00044
20130617,3895.63194
20130614,3966.27
20130613,3586.41884
20130612,5435.0037
20130611,4815.21768
20130610,3934.0298
20130607,4372.96375
20130606,4085.9691399999997
20130605,3614.7219
20130604,4491.740760000001
20130603,5293.2528
20130531,5129.19902
20130530,4344.79088
20130529,4033.06493
20130528,5685.56855
20130527,4614.59775
20130524,8157.62035
20130523,16006.58504
20130522,31488.008200000004
20130521,4381.975
20130520,4066.96104
20130517,6394.311949999999
20130516,6953.540639999999
20130515,6459.56094
20130514,3955.8866400000006
20130513,3781.464
20130511,233.93988000000002
20130510,3389.29836
20130509,3287.33256
20130508,2868.3169199999998
20130507,3712.3426
20130506,3454.3048400000002
20130503,6148.16108
20130502,6429.25374
20130430,3923.6102400000004
20130429,2825.11008
20130426,4565.403300000001
20130425,4030.10771
20130423,5187.848349999999
20130422,6903.935
20130418,4798.68642
20130417,3529.0113600000004
20130416,5017.88014
20130415,4106.20004
20130412,4020.4360800000004
20130411,4276.4862
20130410,5720.13468
20130409,6245.343609999999
20130408,4052.1728000000003
20130405,5200.1161
20130404,4006.85948
20130403,5325.311449999999
20130402,3386.43662
20130401,3708.4824
20130328,3775.1103
20130326,4528.69536
20130325,4117.99104
20130322,4757.32072
20130321,5199.030659999999
20130320,5909.3153600000005
20130319,5033.07189
20130318,4371.42874
20130315,4621.294
20130314,7363.60732
20130313,4101.99986
20130312,8375.3046
20130311,10371.66795
20130308,6138.527599999999
20130307,5784.1084
20130306,4115.9491800000005
20130305,5268.078630000001
20130304,3865.47911
20130301,5165.73696
20130228,10368.641220000001
20130227,5870.2844000000005
20130226,5290.92687
20130225,4371.341240000001
20130222,2591.7612
20130221,4471.277160000001
20130220,2730.83226
20130219,2973.77536
20130218,2630.03597
20130215,4771.703299999999
20130214,3729.3356200000003
20130213,2403.05058
20130212,2841.70554
20130211,3017.5455599999996
20130208,3089.4943200000002
20130207,4490.51174
20130206,2982.49321
20130205,2215.6665599999997
20130204,2647.12208
20130201,3435.82092
20130131,3366.78732
20130130,3847.6188100000004
20130129,2977.3352999999997
20130128,2634.3316800000002
20130125,6917.028
20130124,22929.9412
20130123,3361.9215
20130122,3857.12524
20130121,3885.3275000000003
20130118,3458.58786
20130117,4751.41604
20130116,3391.73028
20130115,7570.66104
20130114,3145.8947099999996
20130111,5441.8068
20130110,7130.5180199999995
20130109,5987.49396
20130108,6455.313450000001
20130107,6657.82992
20130104,3380.13802
20130103,3356.5290500000006
20130102,4310.01936
20130101,2645.0874
20121231,2020.90698
20121228,2396.7200399999997
20121227,3202.0272
20121226,4320.275000000001
20121224,3057.2869800000003
20121221,4338.4515
20121220,6071.6229
20121219,4005.6957500000003
20121218,4092.42736
20121217,5620.21205
20121214,3411.07261
20121213,3725.1799
20121212,4884.559200000001
20121211,3517.44416
20121210,2137.16772
20121207,5557.52084
20121206,4883.45412
20121205,3112.4455700000003
20121204,2936.12985
20121203,2912.65632
20121130,4344.67762
20121129,7314.784320000001
20121127,2451.9706399999995
20121126,2981.0061
20121123,2352.94508
20121122,3785.83013
20121121,4592.85804
20121120,3438.56184
20121119,3286.3176000000003
20121116,3045.2738400000003
20121115,4381.52169
20121113,1653.5828600000002
20121112,5240.749019999999
20121109,5510.180480000001
20121108,5190.13664
20121107,4690.64664
20121106,3257.2663199999997
20121105,4189.0899
20121102,6128.73235
20121101,4810.177280000001
20121031,5976.91479
20121030,6773.85398
20121029,6588.19245
20121026,4746.04872
20121025,7710.11552
20121023,11494.84107
20121022,15994.66736
20121019,3524.41782
20121018,5291.67969
20121017,3598.4328899999996
20121016,3923.87642
20121015,4683.6216
20121012,5646.119919999999
20121011,6327.14098
20121010,3347.3969199999997
20121009,6652.11228
20121008,4176.30612
20121005,11652.498599999999
20121004,8944.8832
20121003,4321.75026
20121001,3513.4109999999996
20120928,6889.1096
20120927,7597.120999999999
20120926,4720.32288
20120925,7096.3405999999995
20120924,10187.32968
20120921,11084.69346
20120920,5580.66685
20120918,8345.88333
20120917,13785.3034
20120914,10764.33223
20120913,3355.57584
20120912,5511.96585
20120911,2458.11645
20120910,3225.07467
20120908,354.03448000000003
20120907,4298.75558
20120906,3660.3171500000003
20120905,4700.03954
20120904,3335.0357
20120903,3782.4196800000004
20120831,4463.37144
20120830,5353.407080000001
20120829,3578.7491999999997
20120828,4176.36488
20120827,3532.1399
20120824,4108.99806
20120823,5675.93264
20120822,3204.6695799999998
20120821,3879.2395200000005
20120817,5559.82561
20120816,5594.65725
20120814,5871.012540000001
20120813,4382.25786
20120810,3466.83946
20120809,5316.11709
20120808,4318.0277399999995
20120807,3301.48728
20120806,4491.5904
20120803,4537.63116
20120802,3865.863
20120801,3623.95729
20120731,5405.24124
20120730,5349.450519999999
20120727,4886.02422
20120726,4789.5565
20120725,4876.96956
20120724,5917.7890800000005
20120723,18289.34838
20120720,4094.9587199999996
20120719,3218.1854799999996
20120718,4935.162139999999
20120717,3893.80728
20120716,4912.99875
20120713,3797.67421
20120712,4798.39836
20120711,6927.7011999999995
20120710,4878.01528
20120709,3632.8384399999995
20120706,4682.4618
20120705,5370.9552
20120704,7289.43567
20120703,5270.4288
20120702,6110.3168000000005
20120629,10717.076219999999
20120628,6113.3357
20120627,4888.8
20120626,6003.0179499999995
20120625,6743.48304
20120622,8530.20903
20120621,9954.884
20120620,6509.25569
20120619,9558.2997
20120618,10979.74222
20120615,12472.30348
20120614,11638.035240000001
20120613,18308.786500000002
20120612,9767.2821
20120611,8880.796289999998
20120608,11725.105169999999
20120607,8942.48136
20120606,11893.60879
20120605,9360.905190000001
20120604,7203.383970000001
20120601,4400.6642
20120531,2922.03504
20120530,2645.40654
20120529,3507.6969799999997
20120528,4301.92482
20120525,4083.60606
20120524,5228.76732
20120523,5574.940919999999
20120522,6535.13588
20120521,5269.610060000001
20120518,9862.47214
20120517,12093.142100000001
20120516,8201.645349999999
20120515,17504.361940000003
20120514,29628.45503
20120511,8191.4578200000005
20120510,4827.88922
20120509,6763.93767
20120508,6746.201400000001
20120507,8457.24369
20120504,6870.9311
20120503,3587.60853
20120502,3159.60799
20120430,2495.4738
20120428,319.60064
20120427,4175.64574
20120426,4113.2282399999995
20120425,7830.47
20120424,7099.25996
20120423,4912.732639999999
20120420,4827.195
20120419,3034.81134
20120418,3755.58986
20120417,6182.99346
20120416,4310.13184
20120413,5011.34592
20120412,3615.4272000000005
20120411,5719.54779
20120410,5309.59114
20120409,5231.88224
20120404,2733.47924
20120403,4902.765
20120402,4691.64674
20120330,16093.0774
20120329,4584.8106
20120328,6068.79048
20120327,8100.73044
20120326,5076.24
20120323,6214.208459999999
20120322,8082.964599999999
20120321,9432.287059999999
20120320,5118.77475
20120319,5479.148049999999
20120316,10026.28125
20120315,6279.968779999999
20120314,11643.631200000002
20120313,5140.5498
20120312,8276.42999
20120309,9850.58945
20120307,9032.02448
20120306,10681.6074
20120305,6054.297299999999
20120303,695.2932200000001
20120302,9883.73964
20120301,11531.76328
20120229,17519.35691
20120228,12231.96584
20120227,7948.7289
20120224,9178.88848
20120223,7041.35894
20120222,12070.20204
20120221,8760.585
20120217,19713.3376
20120216,8720.7976
20120215,20462.352860000003
20120214,7778.92048
20120213,9039.87195
20120210,7500.1707
20120209,10170.495400000002
20120208,10800.365310000001
20120207,10196.965349999999
20120206,8982.575659999999
20120203,6834.891
20120202,12497.979150000001
20120201,12277.893339999999
20120131,14296.115679999999
20120130,9200.99136
20120127,11500.3056
20120125,9445.56141
20120124,20606.3462
20120123,23899.581299999998
20120120,7331.994500000001
20120119,5830.82178
20120118,10637.1342
20120117,11520.93383
20120116,6448.1246200000005
20120113,6860.33761
20120112,6569.248530000001
20120111,5505.51155
20120110,7070.900199999999
20120109,4931.39196
20120107,407.30975
20120106,4218.84009
20120105,9460.24398
20120104,6834.04795
20120103,7544.135250000001
20120102,5103.43974
20111230,7530.998079999999
20111229,4856.4683700000005
20111228,5434.3787
20111227,6768.884899999999
20111226,4159.09627
20111223,11179.288340000001
20111222,12439.011250000001
20111221,18788.512679999996
20111220,15047.3307
20111219,9388.14206
20111216,13611.88925
20111215,9344.0123
20111214,8717.50187
20111213,10839.079440000001
20111212,11560.165599999998
20111209,9183.333920000001
20111208,8547.691
20111207,5031.35516
20111205,5582.581830000001
20111202,20526.693180000002
20111201,9252.74418
20111130,5870.280629999999
20111129,6601.069889999999
20111128,7053.432960000001
20111125,12549.519900000001
20111124,9409.74848
20111123,9637.223640000002
20111122,4127.71836
20111121,8742.79008
20111118,11933.08296
20111117,8664.068729999999
20111116,15292.180199999997
20111115,6708.13964
20111114,4078.64644
20111111,6125.992050000001
20111109,4561.08744
20111108,3050.5171400000004
20111104,5594.134760000001
20111103,8169.0252
20111102,5221.843140000001
20111101,6038.9048999999995
20111031,4671.10168
20111028,10302.76047
20111026,3565.5335899999995
20111025,16101.37444
20111024,18320.552359999998
20111021,26211.557
20111020,4551.802
20111019,5741.55854
20111018,5072.541150000001
20111017,5471.1089
20111014,4545.727760000001
20111013,5697.03732
20111012,7101.4965
20111011,7407.9901
20111010,5014.835099999999
20111007,6742.63215
20111005,6029.98638
20111004,8975.00095
20111003,11114.18728
20110930,12918.369920000001
20110929,22576.33915
20110928,10818.153909999999
20110927,5191.09682
20110926,9538.704
20110923,15080.630459999998
20110922,14228.6396
20110921,6810.911460000001
20110920,7066.2818800000005
20110919,7549.033640000001
20110916,7458.14709
20110915,9439.21638
20110914,6881.23168
20110913,3651.15976
20110912,5223.543119999999
20110909,4820.5743999999995
20110908,8103.242700000001
20110907,7327.02852
20110906,4511.9883899999995
20110905,4443.2773
20110902,5259.468599999999
20110830,8514.48648
20110829,7062.497249999999
20110826,3842.5572
20110825,6010.66235
20110824,4656.168
20110823,3459.80706
20110822,4761.70753
20110819,11045.14557
20110818,2900.67375
20110817,4506.37162
20110816,3355.55388
20110812,5338.0215
20110811,4772.864119999999
20110810,5602.48216
20110809,14523.50424
20110808,18459.74988
20110805,10972.75214
20110804,5434.0740000000005
20110803,10741.26236
20110802,3455.00684
20110801,2662.336
20110729,4218.94165
20110728,4476.411
20110727,7466.2742
20110726,8189.8608
20110725,4791.06546
20110722,3896.09556
20110721,2906.3053400000003
20110720,3527.03536
20110719,4222.435109999999
20110718,8659.26894
20110715,3248.25665
20110714,5757.0407000000005
20110713,3109.38576
20110712,6680.238950000001
20110711,3110.8367999999996
20110708,7358.76204
20110707,8501.73639
20110706,4581.892
20110705,4369.024450000001
20110704,3953.46744
20110701,4156.7375999999995
20110630,6645.310740000001
20110629,5154.03251
20110628,8640.0224
20110627,9729.68922
20110624,8186.591850000001
20110623,3464.15802
20110622,3301.72506
20110621,3466.90112
20110620,3587.9999200000007
20110617,3145.92345
20110616,3563.71466
20110615,2302.2966499999998
20110614,4849.214059999999
20110613,4426.93175
20110610,4436.46258
20110609,5152.9317
20110608,3374.3181
20110607,4402.2504500000005
20110606,5583.35028
20110603,9296.33044
20110602,4593.29256
20110601,7579.9929600000005
20110531,4730.87536
20110530,3978.47264
20110527,4638.41781
20110526,7432.508760000001
20110525,7726.12464
20110524,6753.437449999999
20110523,5842.23836
20110520,23700.43152
20110519,58851.13710000001
20110518,5073.88188
20110517,6985.9746
20110516,4990.53546
20110513,8385.19552
20110512,9731.42898
20110511,4784.89014
20110510,3503.0620799999997
20110509,3499.464
20110506,5228.03412
20110505,5417.858520000001
20110504,5849.65323
20110503,10735.26246
20110502,7364.96533
20110429,9258.24042
20110428,4793.82882
20110427,3842.3815799999993
20110426,5551.4679
20110425,4682.4734
20110421,4457.8674
20110420,7720.5436
20110419,8054.35056
20110418,10469.23005
20110415,10699.89714
20110413,10754.51226
20110411,3411.148
20110408,8386.823550000001
20110407,4182.65139
20110406,6083.6916
20110405,6245.76132
20110404,6406.1608
20110401,6505.8942
20110331,10941.66948
20110330,7604.735699999999
20110329,10390.846950000001
20110328,10917.00792
20110325,8172.3084
20110324,3883.6665000000003
20110323,4471.59952
20110322,3289.2822300000003
20110321,4207.28066
20110318,5283.4859400000005
20110317,5529.27544
20110316,4416.517040000001
20110315,9777.157650000001
20110314,4734.41696
20110311,7480.27644
20110310,5022.73986
20110309,6088.00046
20110308,7701.5712
20110307,11908.43132
20110304,12149.633310000001
20110303,14577.7128
20110301,11767.09104
20110228,16042.32144
20110225,13384.97726
20110224,13399.53279
20110223,4051.4886
20110222,6519.2975
20110221,6444.06013
20110218,9791.0514
20110217,8347.5476
20110216,5355.1728
20110215,9126.903900000001
20110214,14507.888010000002
20110211,8723.601
20110210,6700.48281
20110209,8970.79975
20110208,7076.142150000001
20110207,7173.22988
20110204,8841.53688
20110203,10224.91814
20110202,6916.173749999999
20110201,10270.93203
20110131,7647.00003
20110128,11595.41136
20110127,6119.55648
20110125,11491.2514
20110124,7472.791679999999
20110121,10782.00404
20110120,8505.34244
20110119,15344.32448
20110118,9876.70803
20110117,22783.831199999997
20110114,13378.463999999998
20110113,8502.027900000001
20110112,17277.28626
20110111,9372.29169
20110110,14313.47722
20110107,8533.714
20110106,13029.78768
20110105,9864.65044
20110104,4257.661889999999
20110103,3135.71328
20101231,4050.39522
20101230,2594.55222
20101229,2243.2805999999996
20101228,1949.9687999999999
20101227,3026.8194
20101224,2743.5391200000004
20101223,4299.85084
20101222,2370.0798600000003
20101221,2562.10459
20101220,3289.91892
20101216,2998.77031
20101215,3494.1322
20101214,3504.32646
20101213,5981.0469299999995
20101210,6025.713119999999
20101209,8766.91088
20101208,6808.7681999999995
20101207,3363.7327499999997
20101206,3484.2555599999996
20101203,3570.95484
20101202,6585.204
20101201,7191.5987000000005
20101130,5775.6594000000005
20101129,2990.54736
20101126,5470.81778
20101125,8214.53535
20101124,3024.62406
20101123,6780.834559999999
20101122,3204.10064
20101119,3855.2337600000005
20101118,4890.42256
20101116,7401.975670000001
20101115,3755.01262
20101112,5381.52384
20101111,3162.7675799999997
20101110,5197.24142
20101109,3410.9844599999997
20101108,3815.5152000000003
20101105,1681.7028200000002
20101104,8373.4218
20101103,6626.9825599999995
20101102,14328.8574
20101101,4847.22335
20101029,4804.56822
20101028,4100.3576
20101027,3257.21061
20101026,3675.60975
20101025,8479.96536
20101022,3102.63474
20101021,4774.18084
20101020,5013.87285
20101019,7203.020579999999
20101018,21664.47424
20101015,6499.57262
20101014,10059.31705
20101013,8971.07604
20101012,6907.799480000001
20101011,1803.2242800000001
20101008,3405.9812500000003
20101007,3914.76456
20101006,1696.4549000000002
20101005,4438.01136
20101004,7433.646519999999
20101001,14012.430119999999
20100930,3886.3576000000003
20100929,3983.71448
20100928,6172.976809999999
20100927,5855.50329
20100924,5244.19056
20100923,6368.31076
20100922,10052.860250000002
20100921,15988.408800000001
20100920,10903.92288
20100917,5650.508629999999
20100916,7014.684160000001
20100915,5543.80638
20100914,4851.6671400000005
20100913,7421.39101
20100909,4034.335
20100908,3427.8537
20100907,7647.72126
20100906,3876.66175
20100903,1599.97792
20100902,2948.6772
20100901,2407.58952
20100831,3435.08172
20100830,3449.66041
20100827,2715.4774
20100826,2965.29513
20100825,3429.36
20100824,2691.2662800000003
20100823,5548.7942
20100820,9516.5187
20100819,3185.07693
20100818,3890.3177400000004
20100817,3826.0657500000007
20100816,3360.51198
20100813,2815.24911
20100812,3520.80766
20100811,3399.1130000000003
20100810,4145.572340000001
20100809,2818.3844
20100806,4177.55184
20100805,3712.67472
20100804,6257.252280000001
20100803,6576.40608
20100802,3759.6191000000003
20100730,5255.40092
20100729,6441.0697199999995
20100728,6856.96092
20100727,27887.85202
20100726,4035.9375800000003
20100723,6027.4632
20100722,5518.05296
20100721,3755.32456
20100720,4764.79368
20100719,5011.45
20100716,4506.3679999999995
20100715,7876.89231
20100714,14205.78694
20100713,6554.51969
20100712,4273.00572
20100709,3052.64806
20100708,5539.00464
20100707,2362.968
20100706,2352.76272
20100705,2206.81542
20100702,2584.3365999999996
20100701,2556.56174
20100630,6076.53672
20100629,3801.04652
20100628,3338.75457
20100625,3803.3051100000002
20100624,6012.70314
20100623,10766.33832
20100622,5827.8858900000005
20100621,10276.805540000001
20100618,14987.26515
20100617,14538.52272
20100616,4256.0952
20100615,10492.981800000001
20100614,8908.073
20100611,6949.94856
20100610,8583.75507
20100609,7438.446540000001
20100608,4635.32954
20100607,2829.70862
20100604,4645.5552
20100603,7942.225619999999
20100602,4516.41386
20100601,3496.7814
20100531,2796.84782
20100528,3924.0370899999994
20100527,5795.40787
20100526,4550.69736
20100525,10198.229480000002
20100524,5796.16263
20100521,7690.41335
20100520,11851.0275
20100519,13282.11664
20100518,22216.0587
20100517,27408.30696
20100514,4057.84008
20100513,3168.3466099999996
20100512,4313.90792
20100511,4918.896000000001
20100510,3816.02936
20100507,6784.885619999999
20100506,7711.54398
20100505,4961.58341
20100504,6073.67475
20100503,3602.71296
20100430,2828.64428
20100429,3076.15275
20100428,5128.2690999999995
20100427,3175.9168499999996
20100426,2710.69215
20100423,8539.16245
20100422,7634.50008
20100421,3457.0686399999995
20100420,5016.6447499999995
20100419,4267.7758
20100416,4315.6570600000005
20100415,7442.4826
20100413,4735.52162
20100412,5906.26752
20100409,3436.0966799999997
20100408,4782.4042500000005
20100407,2438.2016399999998
20100406,3783.2396000000003
20100405,3222.68828
20100401,3089.4336000000003
20100331,7339.69322
20100330,3406.26279
20100329,6160.73836
20100326,5107.109280000001
20100325,6621.876300000001
20100323,3450.1364999999996
20100322,4907.25422
20100319,3557.37555
20100318,4143.75078
20100317,8892.89148
20100316,5744.559319999999
20100315,4026.14162
20100312,4641.16902
20100311,3681.4980199999995
20100310,3476.0150999999996
20100309,3996.2967399999998
20100308,5096.48165
20100305,4542.12707
20100304,3402.94878
20100303,3344.2074599999996
20100302,4422.15708
20100226,11802.21537
20100225,10193.671119999999
20100224,7309.75959
20100223,4827.31704
20100222,3453.1666000000005
20100219,6276.39171
20100218,3928.5081
20100217,5255.287139999999
20100216,5777.8834099999995
20100215,3602.00518
20100211,3061.99426
20100210,5921.77234
20100209,8946.19362
20100208,7889.50911
20100206,1144.34536
20100205,9175.341429999999
20100204,9393.67972
20100203,13390.607999999998
20100202,13696.4817
20100201,14195.70306
20100129,16596.7304
20100128,17637.36811
20100127,13332.449400000001
20100125,9188.711790000001
20100122,32597.209039999998
20100121,39349.2165
20100120,7070.56119
20100119,4677.021
20100118,3077.8866799999996
20100115,9054.250919999999
20100114,11995.53095
20100113,7590.86805
20100112,4434.1046400000005
20100111,4481.691599999999
20100108,5042.01621
20100107,6472.26735
20100106,5969.81685
20100105,4840.935439999999
20100104,2963.93902
20091231,12080.679180000001
20091230,2668.51
20091229,6391.71375
20091224,9883.317000000001
20091223,8706.961440000001
20091222,3664.275
20091221,9099.16854
20091218,3735.0462199999997
20091217,6357.59608
20091216,5588.41035
20091215,9278.0781
20091214,9239.25546
20091211,9399.1468
20091210,8123.465999999999
20091209,5395.51584
20091208,5731.255230000001
20091207,5841.40833
20091204,4508.95976
20091203,5559.56016
20091202,4263.66646
20091201,5538.4324
20091130,7751.0160000000005
20091127,15741.018580000002
20091126,6386.7683
20091125,5983.0004
20091124,6849.694560000001
20091123,4035.3144
20091120,10714.026639999998
20091119,7826.327899999999
20091118,7038.787560000001
20091117,5568.80135
20091116,4282.5765599999995
20091113,7553.955529999999
20091112,10677.251199999999
20091111,11302.87262
20091110,6081.2276
20091109,7595.508150000001
20091106,110361.30975
20091105,16105.421919999999
20091104,8426.01136
20091103,8726.97754
20091030,7041.30633
20091029,8415.988420000001
20091028,8159.847480000001
20091027,10337.88436
20091026,11144.65158
20091023,21033.03342
20091022,21844.167400000002
20091021,11286.87632
20091020,13418.375649999998
20091017,2493.83727
20091016,10717.273079999999
20091015,8480.91739
20091014,6607.1464
20091012,6037.66511
20091009,9860.834850000001
20091008,12140.4843
20091007,18398.9418
20091006,9673.56315
20091005,3846.17835
20091001,6759.236160000001
20090930,9445.072
20090929,4707.50662
20090925,6037.20416
20090924,9175.15781
20090923,20141.72725
20090922,7998.94106
20090918,7160.221500000001
20090917,9606.87272
20090916,7189.79847
20090915,8395.92754
20090914,5867.55
20090911,10477.894600000001
20090910,7533.95491
20090909,12350.32635
20090908,11865.5688
20090907,8086.98064
20090904,9216.6788
20090903,5819.29632
20090902,5874.519630000001
20090901,7455.3747
20090831,12987.16221
20090828,10674.60009
20090827,9744.500399999999
20090826,6836.148
20090825,13953.40268
20090824,14825.361350000001
20090821,8043.2609999999995
20090820,11123.86995
20090819,10919.74016
20090818,12287.92
20090817,8821.05354
20090814,7107.38111
20090813,9718.21456
20090812,11117.80845
20090811,9823.15465
20090810,10476.601949999998
20090807,7605.94052
20090806,12148.26579
20090805,11234.16072
20090804,11524.25648
20090803,9206.98834
20090731,11157.8518
20090730,10086.81672
20090729,12820.49288
20090728,7303.000179999999
20090727,7201.465499999999
20090724,12681.372599999999
20090723,9938.583279999999
20090722,12802.727519999999
20090721,11829.73512
20090720,11067.15436
20090717,20930.164139999997
20090716,36920.668820000006
20090715,11520.228720000001
20090714,9578.05165
20090713,10915.940669999998
20090710,14583.96084
20090709,14441.24625
20090708,19397.86296
20090707,20672.31858
20090706,33899.24851
20090703,12604.236960000002
20090702,12862.291000000001
20090701,14544.07515
20090630,25344.92479
20090629,15490.1527
20090626,23242.373519999997
20090625,10710.24384
20090624,11423.507370000001
20090623,15390.00474
20090622,11177.955259999999
20090619,13405.95
20090618,12483.75892
20090617,19359.81388
20090616,14638.359999999999
20090615,13790.74204
20090612,17686.75648
20090611,25066.71024
20090610,31913.5828
20090609,21037.880250000002
20090608,34877.825580000004
20090605,28829.968360000003
20090604,17954.97668
20090603,12385.201919999998
20090602,11787.3609
20090601,12649.054
20090529,21029.152000000002
20090528,25008.32698
20090527,10780.325740000002
20090526,10555.056540000001
20090525,11161.312759999999
20090522,17418.224199999997
20090521,20912.661
20090520,22191.26112
20090519,68603.55593
20090518,660.48136
20090515,11335.845510000001
20090514,7888.165979999999
20090513,11183.73458
20090512,12581.34569
20090511,9021.98704
20090508,16058.227919999998
20090507,7672.50432
20090506,12049.866479999999
20090505,13067.31777
20090504,18850.913
20090429,11222.29104
20090428,14897.739420000002
20090427,15448.19871
20090424,10346.88816
20090423,11104.13658
20090422,9711.23328
20090421,9334.194099999999
20090420,11735.86229
20090417,23468.9032
20090416,24809.50464
20090415,20910.81125
20090413,39113.91288
20090409,12164.70084
20090408,17667.70452
20090406,18448.326839999998
20090402,19381.87914
20090401,7951.215879999999
20090331,9465.456859999998
20090330,5897.469660000001
20090327,10417.15301
20090326,17343.57304
20090325,9669.3231
20090324,12847.62969
20090323,9489.3708
20090320,11899.637639999999
20090319,11921.72876
20090318,10138.70874
20090317,5628.86286
20090316,7533.024380000001
20090313,9155.558500000001
20090312,5384.14995
20090309,6568.5869999999995
20090306,9672.01972
20090305,8015.8949999999995
20090304,6928.668
20090303,9262.30848
20090302,8579.0887
20090227,10314.5861
20090226,10738.06071
20090225,11004.033389999999
20090224,8320.53784
20090220,7536.5779999999995
20090219,8368.759230000001
20090218,6499.10403
20090217,7513.04916
20090216,10452.14164
20090213,9103.10836
20090212,5776.558059999999
20090211,9200.2792
20090210,14621.27976
20090209,10193.37459
20090206,6496.15
20090205,9420.52006
20090204,11209.512970000002
20090203,10389.928460000001
20090202,11760.355349999998
20090130,20413.91263
20090129,12342.20364
20090128,13538.16416
20090127,14027.112
20090123,12692.48862
20090122,13954.0114
20090121,7745.69565
20090120,4738.3505000000005
20090119,7188.2339600000005
20090116,9593.52636
20090115,9146.1984
20090114,5408.528020000001
20090113,6304.617
20090112,14260.16865
20090109,19405.01068
20090107,15533.250390000001
20090106,14755.5681
20090105,12375.67826
20090102,10544.62583
20090101,12264.51699
20081231,8220.27261
20081230,8824.41819
20081229,7858.036059999999
20081226,6555.32072
20081224,5911.58805
20081223,13358.9125
20081222,9666.41247
20081219,9534.36132
20081218,17465.76308
20081217,12908.282659999999
20081216,15776.995299999999
20081215,17363.01144
20081212,18358.5467
20081211,14917.23783
20081210,17054.74102
20081208,12214.584949999999
20081205,11599.29572
20081204,20280.016460000003
20081203,10801.01712
20081202,18652.040279999997
20081201,11878.230720000001
20081128,10430.66288
20081126,10566.25875
20081125,10868.88876
20081124,14148.383400000002
20081121,15456.44475
20081120,12699.82952
20081119,13489.021080000002
20081118,10001.551950000001
20081117,12527.18582
20081114,17979.05403
20081112,16301.388219999999
20081111,15687.833509999999
20081110,14842.05292
20081107,10345.5376
20081106,14518.727439999999
20081105,17115.44646
20081104,15397.5915
20081103,17491.534359999998
20081031,15425.9078
20081029,10539.3684
20081028,3879.4905300000005
20081027,14102.7966
20081024,18543.088140000003
20081023,21473.89194
20081022,13587.587000000001
20081021,22602.37728
20081020,16834.927920000002
20081017,19301.90752
20081016,27308.81912
20081015,34411.4427
20081014,17527.402140000002
20081013,16683.20892
20081010,20101.72923
20081008,23521.31775
20081007,34208.613
20081006,14040.87256
20081003,21633.542400000002
20081001,20600.82978
20080930,33020.32316
20080929,21703.77486
20080926,22830.77076
20080925,14673.181270000003
20080924,14576.787959999998
20080923,15637.3774
20080922,16570.26235
20080919,18809.212349999998
20080918,28315.10584
20080917,16933.429519999998
20080916,20436.46542
20080915,21263.083139999995
20080912,23913.165640000003
20080911,22721.05975
20080910,20087.73858
20080909,15678.523380000002
20080908,24636.3875
20080905,14997.168060000002
20080904,15269.57173
20080902,20442.869979999996
20080901,11683.307159999998
20080829,16329.153119999999
20080828,21604.02536
20080827,10778.7752
20080826,12285.497320000002
20080825,13440.63656
20080822,19987.87329
20080821,16880.745690000003
20080820,11910.56192
20080819,14147.023099999999
20080818,16131.158999999998
20080814,25753.689
20080813,20525.86033
20080812,26194.50036
20080811,19075.7322
20080808,28146.486419999997
20080807,17845.65722
20080806,45173.84479
20080805,20564.203439999997
20080804,21676.640639999998
20080801,29319.05662
20080731,17540.98794
20080730,27821.086
20080729,35735.8235
20080728,46590.61858
20080725,24702.23977
20080724,25964.951340000003
20080723,37693.621439999995
20080722,25138.585010000003
20080721,31185.58905
20080718,27958.596889999997
20080717,27907.44845
20080716,13795.73033
20080715,14223.7557
20080714,16564.35408
20080711,23852.0387
20080710,15247.720249999998
20080709,17220.37905
20080708,24642.51349
20080707,18869.28129
20080704,26330.09885
20080703,18153.05808
20080702,26349.162
20080701,17078.056
20080630,19860.529939999997
20080627,25844.474759999997
20080626,14074.193000000001
20080625,23061.427200000002
20080624,27716.941099999996
20080623,30730.59864
20080620,24403.504050000003
20080619,19825.84216
20080618,14251.11888
20080617,19940.272
20080616,7417.772180000001
20080613,14049.21164
20080612,16116.307760000002
20080611,10954.6499
20080610,21047.66916
20080609,16497.989999999998
20080606,16264.50579
20080605,19817.80616
20080604,16714.36989
20080603,15545.61684
20080602,21229.12104
20080530,35079.26545
20080529,71134.85171
20080528,11850.96336
20080527,9702.70561
20080526,13240.673380000002
20080523,12611.78596
20080522,10524.807719999999
20080521,10486.8771
20080520,7394.546
20080516,12563.39164
20080515,18708.1125
20080514,8846.123599999999
20080513,11495.54365
20080512,14169.511930000002
20080509,14130.9402
20080508,13804.3588
20080507,17712.8816
20080506,14574.097960000001
20080505,16624.43328
20080502,18969.870919999998
20080430,10050.1072
20080429,16903.33404
20080428,7923.2285600000005
20080425,9602.96155
20080424,9375.00124
20080423,14056.08018
20080422,13553.2024
20080421,10388.583439999999
20080417,11097.473399999999
20080416,12161.76768
20080415,14969.66156
20080411,24190.450100000002
20080410,19756.077930000003
20080409,22881.53566
20080408,36457.8786
20080407,18204.977560000003
20080404,32506.61735
20080403,16722.9431
20080402,13932.188779999999
20080401,23928.43026
20080331,13561.41703
20080328,13400.064540000001
20080327,8562.32421
20080326,7864.710219999999
20080325,11573.17058
20080324,15969.875950000001
20080319,13418.01186
20080318,11889.9792
20080317,17339.19274
20080314,13237.537049999999
20080313,15688.775640000002
20080312,19208.48888
20080311,19786.71903
20080310,54917.662800000006
20080307,25649.718350000003
20080305,9088.30026
20080304,17516.497199999998
20080303,9070.00935
20080229,11668.917300000001
20080228,7903.280949999999
20080227,9276.63048
20080226,4793.99801
20080225,4865.56359
20080222,6211.79592
20080221,7534.39082
20080220,7635.211850000001
20080219,5069.870739999999
20080218,6535.45125
20080215,11072.373329999999
20080214,14886.12545
20080213,8560.81946
20080212,15332.98
20080211,23849.432190000003
20080208,15549.716760000001
20080207,9906.281350000001
20080206,7403.08548
20080205,5889.314399999999
20080204,8122.014
20080201,7952.14308
20080131,11056.0226
20080130,7099.761299999999
20080129,9517.7025
20080128,10917.92628
20080125,11552.28
20080124,16934.19588
20080123,24727.02831
20080122,24720.16295
20080121,34590.85888
20080118,17504.76129
20080117,11931.939359999998
20080116,12965.410860000002
20080115,10235.611599999998
20080114,4580.82012
20080111,8880.93216
20080110,9426.64478
20080109,9117.562300000001
20080108,18841.252319999996
20080107,17305.00048
20080104,15135.0957
20080103,16091.98981
20080102,4404.68646
20080101,4520.343129999999
20071231,3365.5185899999997
20071228,4840.23694
20071227,7961.34018
20071226,10639.546310000002
20071224,5335.10185
20071220,6729.65824
20071219,10352.47342
20071218,18393.58609
20071217,10594.319790000001
20071214,7344.129779999998
20071213,5360.27544
20071212,6991.255439999999
20071211,4765.135859999999
20071210,7259.147
20071207,7965.2804399999995
20071206,7699.47964
20071205,12475.2264
20071204,10799.7777
20071203,6419.315
20071130,8595.58504
20071129,9603.57195
20071128,10806.014599999999
20071127,7041.00397
20071126,6388.248780000001
20071123,15111.82645
20071122,38365.12
20071121,20935.60148
20071120,11646.22545
20071119,17101.574640000003
20071116,16867.82027
20071115,16993.75466
20071114,19774.80156
20071113,31634.894640000002
20071112,28882.2321
20071109,4877.31054
20071108,25536.47726
20071107,30253.41
20071106,23161.70104
20071105,33927.45771
20071102,30228.6567
20071101,60596.421899999994
20071031,18485.568
20071030,51934.4163
20071029,73750.7673
20071026,69327.53889
20071025,16152.048
20071024,12220.918599999999
20071023,22317.33077
20071022,22641.3063
20071019,12580.455800000002
20071018,15133.42306
20071017,24121.350540000003
20071016,12784.5552
20071015,10362.517139999998
20071012,18740.02784
20071011,31368.3333
20071010,29555.10324
20071009,18932.06175
20071008,15711.75
20071005,33430.606179999995
20071004,7085.80166
20071003,8688.27994
20071001,4734.16068
20070928,7002.15208
20070927,8345.94974
20070926,6063.857120000001
20070925,13305.190880000002
20070924,11502.57702
20070921,6702.220800000001
20070920,15251.022149999999
20070919,13866.29683
20070918,15931.114420000002
20070917,12509.744490000001
20070914,7225.30017
20070913,3351.36504
20070912,22330.299780000005
20070911,4348.626
20070910,3144.90676
20070907,3657.74154
20070906,3751.94292
20070905,8267.05521
20070904,11705.670059999999
20070903,5492.20824
20070831,4622.18508
20070830,7803.236980000001
20070829,9709.78152
20070828,7066.21828
20070827,9463.4174
20070824,9919.362599999999
20070823,13565.842080000002
20070822,10866.291150000001
20070821,8769.67525
20070820,9773.50932
20070817,26643.25796
20070816,16731.59828
20070814,5689.8391
20070813,6153.606
20070810,11437.9848
20070809,9167.32
20070808,10665.20952
20070807,10150.3763
20070806,13859.933149999999
20070803,8756.58966
20070802,17587.63283
20070801,23263.120719999995
20070731,26840.14256
20070730,16089.023559999998
20070727,27346.497040000002
20070726,17917.29423
20070725,16236.164
20070724,24104.09728
20070723,15817.5662
20070720,18333.805900000003
20070719,18538.26897
20070718,9043.84936
20070717,5126.060159999999
20070716,5342.82138
20070713,15068.951969999998
20070712,7688.37825
20070711,6539.27694
20070710,8508.4902
20070709,13871.44759
20070706,9792.6732
20070705,11882.98825
20070704,6513.06132
20070703,10560.05142
20070702,7707.3150000000005
20070629,6950.008
20070628,3494.9185100000004
20070627,4053.0428999999995
20070626,7180.118080000001
20070625,9239.7712
20070622,10490.51806
20070621,22812.25956
20070620,9123.6726
20070619,9422.3736
20070618,3816.8365200000003
20070615,7243.1205
20070614,9306.14112
20070613,7265.27816
20070612,5157.45334
20070611,8566.604150000001
20070608,5684.264039999999
20070607,6349.4533599999995
20070606,7497.63108
20070605,5714.417840000001
20070604,5819.442999999999
20070601,9467.4818
20070531,13123.89316
20070530,34124.05271
20070529,16873.651229999996
20070528,5659.18362
20070525,3614.29002
20070524,1839.9399
20070523,4720.7594
20070522,4183.81654
20070521,1875.8207999999997
20070518,1762.8065800000002
20070517,3593.2032499999996
20070516,1666.0552799999998
20070515,2204.2059999999997
20070514,1775.8628999999999
20070511,2801.8924
20070510,1794.92433
20070509,1985.3044800000002
20070508,1669.06272
20070507,1847.5323
20070504,5048.96105
20070503,4479.35008
20070430,2674.69125
20070427,3176.17838
20070426,3061.3168499999997
20070425,1792.09892
20070424,9022.57068
20070423,3079.40966
20070420,3230.6426
20070419,2763.08795
20070418,2121.96846
20070417,7341.417130000001
20070416,5817.23467
20070413,3902.55006
20070412,3013.87278
20070411,3433.0724600000003
20070410,3818.1468800000002
20070409,6202.800920000001
20070405,3626.9280000000003
20070404,5123.611800000001
20070403,3632.16
20070402,6404.87555
20070330,4890.01855
20070329,4877.66085
20070328,6945.16464
20070326,3310.04779
20070323,12278.2165
20070322,8311.2384
20070321,2588.7952
20070320,1933.2581599999999
20070319,1826.0599599999998
20070316,6420.530400000001
20070315,3285.3987300000003
20070314,3506.1465
20070313,2244.49414
20070312,6191.88732
20070309,6818.61792
20070308,3828.14064
20070307,5833.30968
20070306,3312.6702399999995
20070305,10154.90963
20070302,7001.21656
20070301,6827.963339999999
20070228,10389.96296
20070227,7916.25572
20070226,7721.710419999999
20070223,5157.72233
20070222,2497.4516399999998
20070221,12072.22635
20070220,2586.2192400000004
20070219,5170.7652
20070215,6954.63284
20070214,6939.04432
20070213,9284.751360000002
20070212,7104.803429999999
20070209,12941.0354
20070208,3386.2022999999995
20070207,8663.29884
20070206,3806.8411799999994
20070205,3684.7965
20070202,6034.236000000001
20070201,1303.9344
20070131,2170.24612
20070129,3225.9902399999996
20070125,2903.7411
20070124,2828.11328
20070123,1400.2397700000001
20070122,1742.66004
20070119,3149.1758000000004
20070118,3735.8298
20070117,4717.17252
20070116,3418.5912000000003
20070115,5363.3423999999995
20070112,3011.3226599999994
20070111,1174.81104
20070110,2293.2373199999997
20070109,1863.65228
20070108,1690.6188
20070105,2833.692
20070104,4624.45029
20070103,3472.1315199999995
20070102,917.73864
20061229,878.0960399999999
20061228,3428.4067000000005
20061227,1962.73234
20061226,1686.70587
20061222,2902.04018
20061221,2909.8933800000004
20061220,4942.92788
20061219,5782.39749
20061218,3785.1911800000003
20061215,3478.27284
20061214,4098.55536
20061213,4843.524240000001
20061212,10431.88668
20061211,6191.3292
20061208,1627.9727000000003
20061207,4089.52392
20061206,4321.73571
20061205,7216.21582
20061204,5495.04852
20061201,4665.49408
20061130,1346.42032
20061129,1664.24502
20061128,1824.02822
20061127,2552.12365
20061124,4060.9857600000005
20061123,10088.16784
20061122,5261.75364
20061121,4350.568020000001
20061120,4970.64596
20061117,6302.27808
20061116,4774.52976
20061115,4344.6656
20061114,4841.32032
20061113,1782.7689199999998
20061110,4057.03391
20061109,3520.1837
20061108,2323.37622
20061107,3696.472
20061106,2822.7756000000004
20061103,3936.70992
20061102,5040.07128
20061101,3677.2758
20061031,5649.927019999999
20061030,3108.1032000000005
20061027,3566.5143
20061026,2632.8132499999997
20061023,1798.5955199999999
20061021,878.8396500000001
20061020,5103.231970000001
20061019,8584.8091
20061018,3929.41451
20061017,4730.40113
20061016,7701.48
20061013,2803.95472
20061012,2554.18289
20061011,2154.7164000000002
20061010,3226.60926
20061009,5027.34
20061006,1775.19133
20061005,2041.0317799999998
20061004,3209.46454
20061003,3869.80426
20060929,2289.4919999999997
20060928,6057.072249999999
20060927,15305.62488
20060926,7692.0759
20060925,7449.795999999999
20060922,9221.132800000001
20060921,8227.04334
20060920,7756.944
20060919,7736.323620000001
20060918,13439.993
20060915,16134.837840000002
20060914,5418.45328
20060913,5367.6596
20060912,8566.85403
20060911,10893.88
20060908,6170.15556
20060907,10588.12056
20060906,10875.17494
20060905,1922.72286
20060904,4479.090270000001
20060901,3571.0270199999995
20060831,4114.2414
20060830,4017.68178
20060829,4500.59766
20060828,3508.9275
20060825,3405.1815
20060824,3462.48935
20060823,1799.49605
20060822,3898.77975
20060821,3892.9190699999995
20060818,2521.77915
20060817,4944.727530000001
20060816,5451.10995
20060814,3566.9234800000004
20060811,6785.82582
20060810,5238.88092
20060809,6449.2716
20060808,3551.3190000000004
20060807,3815.0695299999998
20060804,4163.004
20060803,5672.8814999999995
20060802,3736.9222800000007
20060801,8058.1436
20060731,2888.80662
20060728,2311.23744
20060727,3695.86806
20060726,3522.8784499999997
20060725,5233.81025
20060724,8166.16632
20060721,6749.4212099999995
20060720,3049.5299999999997
20060719,4473.020999999999
20060718,4380.86458
20060717,3027.34125
20060714,4372.975799999999
20060713,4009.6295999999998
20060712,6186.387899999999
20060711,1842.1018199999999
20060710,3219.24795
20060707,4359.70025
20060706,5355.2754
20060705,5144.684490000001
20060704,6243.427360000001
20060703,2841.9986600000007
20060630,6772.65785
20060629,5956.5580199999995
20060628,2618.8125600000003
20060627,5912.514480000001
20060626,5156.591399999999
20060625,581.15994
20060623,7387.93454
20060622,13128.886579999999
20060621,7313.20314
20060620,6507.6192
20060619,8685.58086
20060616,16939.010479999997
20060615,13714.05472
20060614,7156.82708
20060613,7629.93998
20060612,7951.94885
20060609,12301.150679999999
20060608,19353.84024
20060607,18407.57106
20060606,11868.44386
20060605,9905.795189999999
20060602,6335.559579999999
20060601,10060.283019999999
20060531,9072.724080000002
20060530,8536.9954
20060529,8087.1067
20060526,11619.69312
20060525,21592.51897
20060524,10531.02561
20060523,8288.34216
20060522,10470.192000000001
20060519,8666.45724
20060518,7719.894180000001
20060517,4415.26592
20060516,20213.12955
20060515,9152.27379
20060512,15449.3898
20060511,2206.5670800000003
20060510,10542.93555
20060509,10103.71
20060508,5068.89258
20060505,7593.27182
20060504,6402.367050000001
20060503,3474.77625
20060502,2606.0964299999996
20060429,667.2766499999999
20060428,4599.46734
20060427,2839.3082999999997
20060426,8431.63127
20060425,4118.7537
20060424,9574.293749999999
20060421,5652.744320000001
20060420,2985.77656
20060419,4423.804760000001
20060418,10084.25364
20060417,4267.28332
20060413,9642.675979999998
20060412,8229.9672
20060410,7325.37108
20060407,18100.253819999998
20060405,31022.65446
20060404,6925.8180600000005
20060403,6200.16104
20060331,4318.6341
20060330,4941.2643
20060329,3878.6328
20060328,3458.85474
20060327,2665.6761599999995
20060324,7328.5127999999995
20060323,6963.9813
20060322,8337.59628
20060321,9223.03888
20060320,5521.036799999999
20060317,12483.632
20060316,11240.536999999998
20060314,8865.38775
20060313,9821.124459999999
20060310,8902.3221
20060309,9665.717999999999
20060308,14878.83192
20060307,13869.79965
20060306,11947.960000000001
20060303,11999.27262
20060302,13287.93618
20060301,10226.22722
20060228,15646.252720000002
20060227,9656.500630000002
20060224,9514.89796
20060223,13798.4756
20060222,16177.524749999999
20060221,12328.416859999998
20060220,8034.77658
20060217,11691.54196
20060216,6843.9959
20060215,14561.380079999999
20060214,14436.230220000001
20060213,23319.94917
20060210,9880.84788
20060208,9624.4896
20060207,4654.8442
20060206,9435.84486
20060203,11306.64934
20060202,12573.89356
20060201,28455.4998
20060131,3264.21127
20060130,5435.234480000001
20060127,11114.0016
20060125,10476.894119999999
20060124,4204.47761
20060123,2751.6229200000002
20060120,5401.503200000001
20060119,9306.97305
20060118,2489.52036
20060117,2415.4883200000004
20060116,984.8992999999999
20060113,932.8327800000001
20060112,1555.904
20060110,2778.85298
20060109,1371.78522
20060106,1523.92995
20060105,1484.3550400000001
20060104,1226.93625
20060103,1307.0059
20060102,1153.11726
20051230,3641.42854
20051229,2427.15308
20051228,2190.38976
20051227,3124.73984
20051226,1615.9136999999998
20051223,1623.5028900000002
20051222,869.3870000000001
20051221,1331.41528
20051220,1311.1712400000001
20051219,3499.3668499999994
20051216,2566.58304
20051215,1378.0846199999999
20051214,2555.95372
20051213,3359.6629
20051212,2669.04225
20051209,1383.76908
20051208,2867.45316
20051207,2006.9208899999999
20051206,1681.0493000000001
20051205,1908.89328
20051202,4150.875400000001
20051201,7175.54334
20051130,3958.20726
20051129,3068.9128
20051128,3854.27815
20051126,1334.39058
20051125,3479.1424
20051124,2189.94047
20051123,1861.2807
20051122,3652.98128
20051121,1318.9842800000001
20051118,1471.5395999999998
20051117,1207.19616
20051116,789.6557000000001
20051114,1821.95178
20051111,3791.9724000000006
20051110,1597.6033799999998
20051109,3068.05422
20051108,3599.94042
20051107,2494.16545
20051102,4732.11772
20051101,363.97699
20051031,2377.4548000000004
20051028,5320.08939
20051027,3755.5536000000006
20051026,760.8978
20051025,1705.69498
20051024,1852.9757100000002
20051021,2681.94724
20051020,2811.98575
20051019,2172.478
20051018,1493.24736
20051017,1411.8413400000002
20051014,2546.20768
20051013,655.1346
20051011,2143.2138
20051010,828.1809900000001
20051007,1918.9603999999997
20051006,1388.2655
20051005,4695.2217
20051004,2291.9384
20051003,1008.78125
20050930,2424.64178
20050929,6734.2036800000005
20050928,1853.6172000000001
20050927,1011.7585
20050926,2207.6904999999997
20050923,1618.92864
20050922,2400.74416
20050921,2013.6383999999998
20050920,1501.4446
20050919,983.7748799999999
20050916,1407.14958
20050915,754.66377
20050914,561.02896
20050913,687.14085
20050912,1106.66652
20050909,708.5295
20050908,715.75668
20050906,500.54436
20050905,906.1221
20050902,2602.33076
20050901,1430.89614
20050831,955.8607200000001
20050830,1729.7174400000001
20050829,869.57332
20050826,913.3834
20050825,1058.51856
20050824,1269.17316
20050823,974.56138
20050822,1683.22775
20050819,740.6724
20050818,1908.97464
20050817,1995.68886
20050816,787.68052
20050812,910.6544700000001
20050811,1184.38925
20050810,1115.7749999999999
20050809,1203.67732
20050808,1423.4069399999998
20050805,1813.87675
20050804,3632.1529499999997
20050803,2145.1122
20050802,644.6636799999999
20050801,491.68512000000004
20050729,4193.1140000000005
20050727,304.247
20050726,1068.59298
20050725,2771.6101100000005
20050722,836.7809599999999
20050721,1516.7825000000003
20050720,1913.06996
20050719,1457.16792
20050718,1630.9
20050715,607.2916799999999
20050714,892.7825999999999
20050713,922.8741999999999
20050712,2044.5048000000002
20050711,1221.22038
20050708,1260.1729
20050707,2424.09115
20050706,1663.3373399999998
20050705,1458.5802
20050704,1292.2335500000002
20050701,3973.2413599999995
20050630,619.00822
20050629,683.9021399999999
20050628,1938.4992
20050627,3868.5480000000007
20050624,1893.0912
20050623,2243.9725
20050622,2065.7735
20050621,927.5253600000001
20050620,1354.91004
20050617,4831.879739999999
20050616,1058.9744
20050615,946.13196
20050614,2602.5844
20050613,2250.00186
20050610,1022.3429699999999
20050609,4154.08963
20050608,531.40766
20050607,6213.672
20050606,1427.81262
20050604,275.6617
20050603,2947.3646999999996
20050602,1584.3257099999998
20050601,497.26410000000004
20050531,3498.34128
20050530,2127.20934
20050527,3490.28778
20050526,2293.5955
20050525,681.28341
20050524,1060.811
20050523,1789.6145800000002
20050520,1941.3585
20050519,2291.98437
20050518,868.08
20050517,531.2231400000001
20050516,1713.6815199999999
20050513,397.54593
20050512,625.43478
20050511,1205.44704
20050510,3515.64861
20050509,1611.8182
20050506,1140.7211300000001
20050505,2591.27841
20050504,1168.81848
20050503,197.9451
20050502,307.27585000000005
20050429,577.1695500000001
20050428,386.8161
20050427,1376.8451300000002
20050426,991.6570300000001
20050425,503.61809999999997
20050422,819.24485
20050421,719.10488
20050420,852.5688
20050419,1501.5168
20050418,1736.23264
20050415,2176.62
20050413,1381.6764
20050412,1383.02568
20050411,1389.8898000000002
20050408,2188.032
20050407,2904.048
20050406,1553.6979000000001
20050405,1400.3282800000002
20050404,1299.56952
20050401,1122.28782
20050331,2003.67808
20050330,641.78972
20050329,1534.1339199999998
20050328,1114.23102
20050324,1397.53762
20050323,1748.1378200000001
20050322,1060.6063199999999
20050321,710.24157
20050318,978.25898
20050317,838.32426
20050316,1644.0332999999998
20050315,1014.75876
20050314,1439.3936099999999
20050311,719.8275600000001
20050310,1477.97316
20050309,1907.79734
20050308,2944.9012000000002
20050307,1654.5828
20050304,3229.4225999999994
20050303,2513.7336600000003
20050302,2716.5424
20050301,4873.50658
20050228,6509.53148
20050225,2358.6807000000003
20050224,2965.92816
20050223,5049.51776
20050222,5884.838879999999
20050221,1054.05366
20050218,1784.72752
20050217,3700.0047099999997
20050216,2369.9942
20050215,3861.3163999999997
20050214,2209.83694
20050211,1586.59796
20050210,1084.96672
20050209,2177.58961
20050208,2209.47012
20050207,993.2460299999999
20050204,2461.998
20050203,2804.849
20050202,892.40295
20050201,2616.67182
20050131,4344.50226
20050128,3082.7068500000005
20050127,2063.36016
20050125,1489.78674
20050124,2758.70178
20050120,1258.728
20050119,802.6049700000001
20050118,2704.8352499999996
20050117,1007.97112
20050114,1443.62232
20050113,2545.7184
20050112,2410.9668699999997
20050111,1563.43264
20050110,803.6999999999999
20050107,1903.43232
20050106,1960.2300900000002
20050105,3567.025
20050104,1037.37622
20050103,1986.1732
20041231,914.68407
20041230,2316.3432599999996
20041229,2358.60514
20041228,3176.1584399999997
20041227,2585.43384
20041224,2922.19051
20041223,1045.69173
20041222,2361.4002
20041221,4103.7714
20041220,4905.872370000001
20041217,5725.5515000000005
20041216,8554.18692
20041215,6083.7324
20041214,1120.27756
20041213,1604.5223600000002
20041210,3577.5480000000002
20041209,2545.65987
20041208,3431.71488
20041207,4240.6784
20041206,3761.8152
20041203,11066.2819
20041202,8282.8383
20041201,5365.3185300000005
20041130,3426.86959
20041129,1408.70139
20041125,1360.6528
20041124,397.93725
20041123,386.72835
20041122,411.59853000000004
20041119,722.37888
20041118,615.0233599999999
20041117,1090.09896
20041116,1337.923
20041112,317.94828
20041111,1359.3068400000002
20041110,587.39517
20041109,2477.98464
20041108,1169.5320000000002
20041105,1358.49195
20041104,582.02012
20041103,468.672
20041102,1047.34596
20041101,658.93515
20041029,1381.23931
20041028,1985.2900599999998
20041027,1307.57778
20041026,5162.0736
20041025,3367.24416
20041021,3142.79
20041020,481.14108
20041019,3374.0533499999997
20041018,3106.7223599999998
20041015,2749.3396000000002
20041014,1093.11552
20041012,707.2356
20041011,601.06656
20041009,551.8529
20041008,2811.03309
20041007,1878.47478
20041006,1771.80885
20041005,1568.52916
20041004,1499.553
20041001,1771.80378
20040930,1281.37774
20040929,1512.29551
20040928,1753.8226599999998
20040927,3241.27178
20040924,2083.81944
20040923,1855.07478
20040922,3243.43362
20040921,1493.30214
20040920,1386.69192
20040917,3360.42195
20040916,1607.90802
20040915,2559.516
20040914,4673.241599999999
20040913,3244.6509600000004
20040910,2055.96324
20040909,3077.4058199999995
20040908,2441.93246
20040907,2625.3041999999996
20040906,3915.4467
20040903,7255.62348
20040902,10370.71593
20040901,7815.788979999999
20040831,1411.1356
20040830,1083.55875
20040827,1733.5935899999997
20040826,3211.5893600000004
20040825,3434.74674
20040824,5343.81192
20040823,2594.1221600000003
20040820,2116.79396
20040819,4721.86176
20040818,680.82334
20040817,1444.7006999999999
20040816,2771.10333
20040813,2240.47544
20040812,2613.3081
20040811,2184.60092
20040810,1617.32608
20040809,3192.56905
20040806,5750.92184
20040805,5370.0669
20040804,5617.118039999999
20040803,2274.89624
20040802,3800.3317599999996
20040730,1964.67184
20040729,2103.62875
20040728,1886.9542199999999
20040727,2913.4575999999997
20040726,4406.5283500000005
20040723,4076.08068
20040722,5298.33781
20040721,9789.2048
20040720,10941.049599999998
20040719,5416.87536
20040716,6026.316500000001
20040715,1190.48625
20040714,1259.1251699999998
20040713,997.98804
20040712,1763.60832
20040709,4166.50741
20040708,4139.14474
20040707,3949.4149799999996
20040706,6839.949
20040705,8268.477359999999
20040702,19717.31894
20040701,13386.5856
20040630,5483.46378
20040629,5533.50449
20040628,6385.623839999999
20040625,12239.68896
20040624,6584.5458
20040623,29345.640659999997
20040518,21289.744400000003
20040517,3434.97402
20040514,4721.91
20040513,7520.154160000001
20040512,3885.9879100000003
20040511,5126.606199999999
20040510,5580.9738
20040507,8219.68304
20040506,9197.982549999999
20040505,12856.372000000001
20040504,8080.3107
20040503,3015.17764
20040430,4626.661279999999
20040429,8390.685029999999
20040428,6641.302680000001
20040427,4650.54966
20040423,5668.1233999999995
20040422,10701.25524
20040421,4528.56438
20040420,1885.6368400000001
20040419,3080.22463
20040417,654.3914299999999
20040416,1750.80051
20040415,3961.8366
20040413,3275.20778
20040412,2073.34581
20040408,2740.5998400000003
20040407,4038.7388800000003
20040406,8103.069950000001
20040405,6461.075940000001
20040402,3700.37616
20040401,3908.89089
20040331,4248.05556
20040330,3547.6091300000003
20040329,8131.99152
20040326,4842.95682
20040325,2969.6496
20040324,2240.3949100000004
20040323,6658.92397
20040322,4469.27124
20040319,4101.52568
20040318,3962.0325199999997
20040317,2991.04052
20040316,4676.92699
20040315,3051.099
20040312,5013.986899999999
20040311,3077.775
20040310,3052.8437500000005
20040309,3803.7963600000003
20040308,7209.08256
20040305,5941.8474400000005
20040304,6846.2025
20040303,7002.854189999999
20040301,5830.516890000001
20040227,6724.30103
20040226,11695.19842
20040225,7555.791599999999
20040224,6614.56676
20040223,3706.4939699999995
20040220,7214.229330000001
20040219,7429.38036
20040218,7728.67762
20040217,8075.94537
20040216,5923.466560000001
20040213,4066.6870000000004
20040212,7334.20945
20040211,6261.016
20040210,8336.6427
20040209,7729.228639999999
20040206,16856.05152
20040205,4565.348199999999
20040204,4134.11319
20040203,4855.5233
20040130,3406.48967
20040129,4327.652999999999
20040128,3862.0308
20040127,3343.72512
20040123,5394.9884999999995
20040122,6559.016
20040121,4910.71581
20040120,8055.4526
20040119,8166.959649999999
20040116,9524.03632
20040115,3989.0431500000004
20040114,4654.269179999999
20040113,3560.7960000000003
20040112,3683.7072299999995
20040109,7886.1401
20040108,8794.53029
20040107,6857.164689999999
20040106,9339.82951
20040105,3279.3873499999995
20040102,2915.60505
20040101,2401.07462
20031231,4031.5319999999997
20031230,3931.3973699999997
20031229,3624.8349599999997
20031226,8313.332199999999
20031224,5116.864
20031223,3927.3876000000005
20031222,4825.464300000001
20031219,14475.969200000001
20031218,2887.32376
20031217,991.17421
20031216,1504.49244
20031215,1450.87316
20031212,2674.5653
20031211,4355.22822
20031210,2897.92366
20031209,3835.37412
20031208,2502.78488
20031205,3911.5294900000004
20031204,2419.38333
20031203,2531.0208000000002
20031202,3360.12908
20031201,2437.27284
20031128,2477.4518000000003
20031127,2149.1821
20031125,2286.8154
20031124,2083.11159
20031121,2167.5139799999997
20031120,2498.92176
20031119,4688.287560000001
20031118,1981.9136399999998
20031117,1499.0393399999998
20031115,455.30295
20031114,2950.9402499999997
20031113,1943.0387999999998
20031112,3860.27374
20031111,2315.37397
20031110,1983.63132
20031107,3205.9687599999997
20031106,2691.7618
20031105,3806.3651999999997
20031104,4796.606040000001
20031103,3679.18848
20031031,2400.46092
20031030,1372.12236
20031029,2066.2212
20031028,2231.0541599999997
20031027,2788.3418399999996
20031025,724.7096899999999
20031024,4026.6448500000006
20031023,3509.2137600000005
20031022,3606.6922899999995
20031021,4407.75725
20031020,4532.6163
20031017,5303.98682
20031016,1955.2938300000003
20031015,3382.11027
20031014,3273.96553
20031013,4143.2765500000005
20031010,4390.85472
20031009,3981.4192900000003
20031008,2884.0020000000004
20031007,2483.90864
20031006,3169.6861799999997
20031003,3161.81756
20031001,1198.545
20030930,1775.8331400000002
20030929,1813.7753400000001
20030926,2721.9676
20030925,1520.66768
20030924,2681.88957
20030923,1133.70503
20030922,1255.1054
20030919,1578.331
20030918,1535.5264600000003
20030917,1822.2592499999998
20030916,2112.01595
20030915,1263.87122
20030912,2363.52546
20030911,2219.2895999999996
20030910,4974.20475
20030909,2652.54132
20030908,1835.5931999999998
20030905,2480.4729600000005
20030904,2723.1489199999996
20030903,2557.74636
20030902,2353.2413399999996
20030901,3757.00892
20030829,1624.81152
20030828,1371.1617199999998
20030827,2002.82554
20030826,1495.61181
20030825,3020.63064
20030822,1885.1929600000003
20030821,1392.9696000000001
20030820,2675.8952000000004
20030819,3324.85755
20030818,742.4221
20030814,2090.8253799999998
20030813,1128.60838
20030812,2254.66038
20030811,1795.9363799999999
20030808,1327.20675
20030807,1505.5590200000001
20030806,2316.5524800000003
20030805,1058.64583
20030804,1478.673
20030801,2627.1405
20030731,2405.24568
20030730,1452.60072
20030729,742.82824
20030728,1248.6297
20030725,625.07466
20030724,2907.97017
20030723,1332.1351
20030722,1305.6190500000002
20030721,903.96225
20030718,1454.3022199999998
20030717,615.888
20030716,1288.8852300000003
20030715,1258.8099300000001
20030714,699.2554799999999
20030711,874.3643999999999
20030710,1451.8386
20030709,3345.01971
20030708,2115.3087199999995
20030707,437.30845
20030704,1433.76552
20030703,1155.69825
20030702,1294.80644
20030701,403.77279999999996
20030630,930.68948
20030627,1708.12416
20030626,2198.6066
20030625,2411.10303
20030624,1683.864
20030623,760.23594
20030620,550.2269699999999
20030619,1638.55543
20030618,5952.5004
20030617,4245.71112
20030616,1954.0483800000002
20030613,1457.8236000000002
20030612,1207.8526200000001
20030611,972.40374
20030610,1299.4723000000001
20030609,1744.83788
20030606,654.9312
20030605,786.09033
20030604,237.09780000000003
20030603,561.61429
20030602,895.818
20030530,1366.15128
20030529,1167.9847100000002
20030528,771.0909800000001
20030527,1671.7649
20030526,1337.32264
20030523,413.9245
20030522,454.01526
20030521,294.866
20030520,573.29967
20030519,1884.10733
20030516,676.94986
20030515,675.74364
20030514,204.14396
20030513,214.51454999999999
20030512,271.01256
20030509,276.99510000000004
20030508,246.52454
20030507,627.9164400000001
20030506,1850.0320000000002
20030505,328.36863999999997
20030502,1298.93636
20030430,2625.39378
20030429,568.398
20030428,172.96168
20030425,547.39566
20030424,851.4349000000001
20030423,496.7176
20030422,198.82863999999998
20030421,202.62039000000001
20030417,164.26659
20030416,114.1414
20030415,110.23479999999999
20030411,158.72828
20030410,246.82319999999999
20030409,466.70077999999995
20030408,1561.88929
20030407,392.39252
20030404,186.38784
20030403,579.7584
20030402,160.52893999999998
20030401,626.43777
20030331,150.5218
20030328,222.06756
20030327,384.15744
20030326,230.00643000000002
20030325,408.7095
20030324,207.86896000000002
20030322,144.8568
20030321,196.53785000000002
20030320,426.01482
20030319,272.74552
20030317,517.91628
20030313,178.36554
20030312,1871.93598
20030311,302.48868
20030310,1056.1236
20030307,759.207
20030306,1978.2970999999998
20030305,5200.149149999999
20030304,1004.49172
20030303,1470.28671
20030228,2808.1118800000004
20030227,2595.3252
20030226,13301.85096
20030225,298.98505000000006
20030224,285.87018
20030221,575.05934
20030220,352.21500000000003
20030219,506.595
20030218,404.22321
20030217,503.75412000000006
20030214,504.93352
20030212,272.79
20030211,368.83887
20030210,1122.3284800000001
20030207,994.47691
20030206,534.50755
20030205,316.86699
20030204,400.60115
20030203,258.88428
20030131,347.53824
20030130,566.826
20030129,476.48640000000006
20030128,1234.35474
20030127,404.5530299999999
20030124,399.24805000000003
20030123,284.01696000000004
20030122,796.2075699999999
20030121,298.87098
20030120,540.45397
20030117,397.94265
20030116,540.83532
20030115,409.072
20030114,235.79094
20030113,761.25471
20030110,349.61442999999997
20030109,449.87908000000004
20030108,1459.97938
20030107,741.6612
20030106,1203.87152
20030103,1256.31924
20030102,757.18692
20030101,708.3317999999999
20021231,1632.6954
20021230,2372.52042
20021227,1960.6432000000002
20021226,2091.3921
20021224,676.66056
20021223,389.64591
20021220,818.97504
20021219,1469.754
20021218,3329.65957
20021217,262.34684999999996
20021216,330.36116999999996
20021213,551.22201
20021212,174.93102000000002
20021211,705.76044
20021210,321.19472
20021209,765.702
20021206,615.5716299999999
20021205,732.6199
20021204,685.07208
20021203,728.1225
20021202,1263.3696
20021129,1710.65968
20021128,2485.2261099999996
20021127,6935.20158
20021126,1444.0663
20021125,4997.161
20021122,4598.801420000001
20021121,2067.7167
20021120,1566.11814
20021118,1062.5058599999998
20021115,563.646
20021114,504.45785000000006
20021113,798.534
20021112,921.3506600000001
20021111,407.1472
20021108,1309.61376
20021107,383.334
20021105,743.87911
20021104,140.08623
20021101,704.97265
20021031,397.97159999999997
20021030,269.73815
20021029,509.44342
20021028,238.25802
20021025,569.04678
20021024,332.01021000000003
20021023,290.24884000000003
20021022,490.50159999999994
20021021,424.19131999999996
20021018,923.59218
20021017,1715.24596
20021016,515.58906
20021014,3102.1507800000004
20021011,313.34024000000005
20021010,284.01087
20021009,682.3211699999999
20021008,1192.20668
20021007,591.49752
20021004,323.35551
20021003,369.06444
20021001,333.22248
20020930,1098.8673000000001
20020927,1474.7932800000003
20020926,718.52664
20020925,1005.98278
20020924,536.886
20020923,169.7724
20020920,348.7772
20020919,438.90233000000006
20020918,555.61614
20020917,214.11357
20020916,360.35159000000004
20020913,705.87946
20020912,452.93547000000007
20020911,176.68012
20020909,377.21819999999997
20020906,468.59376
20020905,862.0006799999999
20020904,1205.1494599999999
20020903,1303.1079
20020902,710.5667100000001
20020830,1451.0383599999998
20020829,2218.06893
20020828,1593.2774
20020827,3086.58168
20020826,3439.9045100000003
20020823,2136.83032
20020822,917.08064
20020821,920.4937899999999
20020820,641.65584
20020819,1572.34431
20020816,719.18615
20020814,174.94672999999997
20020813,466.76203
20020812,579.72798
20020809,1087.2346499999999
20020808,863.2166400000001
20020807,254.5614
20020806,270.8874
20020805,604.18171
20020802,320.81608
20020801,289.25418
20020731,645.7869
20020730,426.29832
20020729,830.6931
20020726,623.0467600000001
20020725,1262.01732
20020724,449.2826
20020723,411.63344
20020722,810.7525499999999
20020719,813.3075999999999
20020718,345.90706
20020717,394.83302999999995
20020716,476.88354
20020715,519.84719
20020712,475.96061000000003
20020711,525.35754
20020710,356.15754
20020709,622.81335
20020708,488.60515999999996
20020705,361.4416999999999
20020704,562.6124
20020703,494.27365000000003
20020702,738.9724299999999
20020701,1204.3571399999998
20020628,812.0116499999999
20020627,437.283
20020626,583.2904
20020625,723.3792500000001
20020624,546.6175000000001
20020621,312.7607
20020620,448.58824999999996
20020619,802.6628999999999
20020618,702.4104
20020617,1369.05608
20020614,1288.3368
20020613,2005.3264000000001
20020612,2568.59982
20020611,1249.20984
20020610,781.62523
20020607,405.01232
20020606,725.99314
20020605,1371.8918400000002
20020604,574.84224
20020603,988.1678400000002
20020531,1125.60844
20020530,2147.09193
20020529,950.4999799999999
20020528,814.5886800000001
20020527,501.8649
20020524,561.4758
20020523,581.38822
20020522,785.4467500000001
20020521,565.0883
20020520,776.36493
20020517,765.36736
20020516,579.74624
20020515,870.1043999999999
20020514,1353.49885
20020513,3019.0434800000003
20020510,998.03629
20020509,1142.47294
20020508,1427.2258800000002
20020507,955.82704
20020506,1191.7506999999998
20020503,1225.61894
20020502,2106.7134400000004
20020430,592.41063
20020429,813.16998
20020426,1588.31526
20020425,1011.3638699999999
20020424,722.69507
20020423,1506.5838400000002
20020422,671.5257899999999
20020419,895.25634
20020418,1209.7647499999998
20020417,1228.8942
20020416,1265.47724
20020415,1693.3611
20020412,1147.1845
20020411,827.09448
20020410,1006.9193700000001
20020409,409.3046
20020408,266.56336
20020405,427.67296
20020404,599.4633
20020403,317.0169
20020402,585.80718
20020401,541.2207
20020328,1087.8892
20020327,607.16801
20020326,1255.1571900000001
20020322,736.60786
20020321,706.2388500000001
20020320,695.50085
20020319,962.5150399999999
20020318,1157.21446
20020315,871.42054
20020314,735.55196
20020313,1505.57348
20020312,530.1925200000001
20020311,966.435
20020308,1526.47216
20020307,1080.6858599999998
20020306,1192.434
20020305,2252.5272
20020304,1782.09367
20020301,1906.5823899999998
20020228,5225.796539999999
20020227,2694.0037800000005
20020226,3368.3468999999996
20020225,2005.28949
20020222,1916.1534000000001
20020221,1386.41667
20020220,2357.70335
20020219,1517.9073
20020218,1996.8631700000003
20020215,4599.02552
20020214,1586.48878
20020213,884.4184399999999
20020212,1936.2430399999998
20020211,3680.9371199999996
20020208,5100.90696
20020207,2873.7248
20020206,2929.1917200000003
20020205,922.23552
20020204,1515.27888
20020201,1252.5347199999999
20020131,1577.502
20020130,1513.27678
20020129,1643.23224
20020128,1805.2439399999998
20020125,1289.45892
20020124,1910.91516
20020123,2307.04656
20020122,1312.8434200000002
20020121,1496.2374
20020118,3845.58321
20020117,1559.0644
20020116,3014.46594
20020115,3346.4827800000003
20020114,4626.276720000001
20020111,3233.1575199999997
20020110,1393.20645
20020109,1952.2129999999997
20020108,3337.46851
20020107,2991.0036
20020104,5062.23872
20020103,2629.828
20020102,1510.03156
20020101,1145.43443
20011231,1314.18968
20011228,1182.8839500000001
20011227,1233.78336
20011226,1445.81852
20011224,1142.50164
20011221,846.4028800000001
20011220,1490.7652
20011219,1680.66498
20011218,2176.88842
20011214,1494.2630900000001
20011213,2252.5659
20011212,2975.78502
20011211,5493.98355
20011210,3416.4165000000003
20011207,3593.95663
20011206,10817.99984
20011205,5671.72752
20011204,5147.081880000001
20011203,7298.7182999999995
20011129,2231.0144
20011128,3501.4232500000003
20011127,4379.54148
20011126,2471.26425
20011123,3094.1134
20011122,4687.3241
20011121,8130.89988
20011120,6034.10934
20011119,8457.47392
20011115,5350.12233
20011114,1134.3855
20011113,6206.69368
20011112,17044.0429
20011109,22320.16475
20011108,15142.0609
20011107,2054.4053400000003
20011106,5425.659250000001
20011105,4683.866849999999
20011102,1785.68508
20011101,1675.1553
20011031,2199.80288
20011030,2072.9732099999997
20011029,1957.1428499999997
20011025,7528.378000000001
20011024,4871.15692
20011023,5374.53324
20011022,4196.976320000001
20011019,1051.6730400000001
20011018,2980.65375
20011017,4602.83832
20011016,5081.09376
20011015,6502.52334
20011012,3879.45355
20011011,2959.7970199999995
20011010,2354.73906
20011009,2000.8360799999998
20011008,2386.5075
20011005,5327.522199999999
20011004,2633.6037599999995
20011003,3681.4680000000003
20011001,6202.67004
20010928,6593.062179999999
20010927,5741.8261600000005
20010926,5907.2796
20010925,5572.86668
20010924,2244.51164
20010921,2386.2917
20010920,2706.8983200000002
20010919,4163.40414
20010918,5093.2103400000005
20010917,3866.96204
20010914,2972.3035999999997
20010913,2143.716
20010912,3349.15899
20010911,3055.5999
20010910,3046.3032599999997
20010907,4007.0635200000006
20010906,1791.2298199999998
20010905,1483.5498300000002
20010904,1523.75692
20010903,793.89026
20010831,781.47041
20010830,1841.39934
20010829,2188.67895
20010828,3356.8552
20010827,1123.1451
20010824,932.3820499999999
20010823,1151.13544
20010821,1338.1638599999999
20010820,1261.53676
20010817,2038.1951099999999
20010816,2626.10876
20010814,885.2840000000001
20010813,782.867
20010810,978.2396
20010809,1380.4929599999998
20010808,707.66476
20010807,825.09058
20010806,1988.1902700000003
20010803,484.6875
20010802,848.37861
20010801,1609.98688
20010731,905.4536399999998
20010730,795.54832
20010727,615.07666
20010726,1653.8658299999997
20010725,1016.2294999999999
20010724,902.4091999999999
20010723,1.005
20010720,2354.11785
20010719,3436.58358
20010718,2496.21207
20010717,1516.67524
20010716,2623.16786
20010713,3150.928
20010712,5074.198350000001
20010711,2539.0254
20010710,1137.9714
20010709,502.91474999999997
20010706,739.1972000000001
20010705,1079.96612
20010704,2577.32488
20010703,4043.1762799999997
20010702,728.27118
20010629,3668.5485
20010629,5.1899999999999995
20010628,0.6929
20010628,2547.59736
20010627,4044.9446100000005
20010627,1.77504
20010626,0.8721
20010626,4632.8222000000005
20010625,2077.3664000000003
20010625,3.8598999999999997
20010622,7026.35994
20010621,3.9753100000000003
20010621,3108.5956499999998
20010620,3767.6714899999997
20010620,7.9112
20010619,0.71196
20010619,6157.06
20010618,5598.42547
20010618,3.674
20010615,1.62
20010615,5508.9096
20010614,4006.66011
20010614,2.9032400000000003
20010613,0.18600000000000003
20010613,2608.76946
20010612,2767.55886
20010612,0.397
20010611,4.147
20010611,2383.94625
20010608,2488.89072
20010608,0.1955
20010607,0.1845
20010607,3475.17936
20010606,2627.8938
20010606,0.28125
20010605,42.846
20010605,3808.50498
20010604,2734.62722
20010604,0.79395
20010601,5061.93252
20010531,5865.30858
20010531,6.468
20010530,9978.5366
20010529,6962.492200000001
20010529,1.97
20010528,0.776
20010528,14540.6713
20010525,3076.3100400000003
20010525,0.38555999999999996
20010524,153.182
20010524,3628.6656
20010523,2520.4520799999996
20010523,15.56
20010522,1.15381
20010522,3636.4575
20010521,3475.59644
20010521,308.95451999999995
20010518,283.5
20010518,9054.90898
20010517,11923.18082
20010517,38.48416
20010516,10.709999999999999
20010516,2306.64483
20010515,3382.267
20010515,2.9834400000000003
20010514,4.5666
20010514,2583.81846
20010511,3188.90007
20010511,0.0357
20010510,0.0216
20010510,4149.3912900000005
20010509,15944.8799
20010509,1.41327
20010508,3.7312000000000003
20010508,10005.898500000001
20010507,4825.486100000001
20010507,0.013519999999999999
20010504,0.02768
20010504,4091.51016
20010503,2738.03616
20010503,0.0067599999999999995
20010502,5543.4276
20010430,5561.96652
20010430,1.0565099999999998
20010427,1.605
20010427,6672.72543
20010426,7255.10088
20010426,1.92024
20010425,11.04736
20010425,8634.963600000001
20010424,7493.9275
20010424,268.26624000000004
20010423,514.1515599999999
20010423,12973.254850000001
20010420,5690.358
20010420,0.0064600000000000005
20010419,15006.45648
20010418,13764.01488
20010418,0.337
20010417,8979.43572
20010416,72.75688
20010416,4486.9771900000005
20010412,4582.9945
20010412,3.1163600000000002
20010411,0.007200000000000001
20010411,2685.4748799999998
20010410,3337.78795
20010410,0.0511
20010409,2985.5589
20010406,4744.16928
20010406,53.735299999999995
20010404,4278.1083100000005
20010403,1.404
20010403,2941.029
20010402,2167.7958
20010402,3.57
20010330,0.4998
20010330,2115.5394
20010329,3267.0716599999996
20010329,0.5445
20010328,0.00734
20010328,2415.39794
20010327,1560.4308999999998
20010327,0.702
20010326,5.43
20010326,982.6128
20010323,2041.2433800000003
20010323,4.12896
20010322,2731.25416
20010321,1947.96384
20010320,0.4416
20010320,2119.57328
20010319,1444.09284
20010319,3.55
20010316,12.330000000000002
20010316,6380.63694
20010315,4015.11024
20010315,6.51866
20010314,1.5355
20010314,4512.223980000001
20010313,9407.4075
20010313,0.32400000000000007
20010312,2443.82481
20010309,2.4359999999999995
20010309,5813.861379999999
20010308,4270.03413
20010308,0.047409999999999994
20010307,2.075
20010307,11622.01504
20010305,15081.389099999999
20010305,3.136
20010302,1.7088
20010302,14376.64615
20010301,24253.36088
20010301,6.51
20010228,235.61100000000005
20010228,21886.44752
20010227,12205.40724
20010227,1.8354
20010226,18918.8643
20010223,14538.87324
20010222,16929.765600000002
20010222,3.3449999999999998
20010221,16427.05416
20010220,43599.31649999999
20010220,0.0449
20010219,0.431
20010219,10839.420900000001
20010216,9694.93938
20010216,11.200000000000001
20010215,16179.204519999998
20010214,19926.11232
20010214,9.09216
20010213,0.1106
20010213,20927.68452
20010212,16188.053200000002
20010212,0.0432
20010209,16233.338000000002
20010208,20400.40545
20010208,107.74999999999999
20010207,17708.262000000002
20010206,17321.436299999998
20010205,0.1085
20010205,22073.8929
20010202,22328.366299999998
20010202,15.624000000000002
20010201,22765.603800000004
20010131,19555.64
20010130,0.5096
20010130,26981.134650000004
20010129,20845.04476
20010129,0.194
20010125,14731.320450000001
20010124,0.1955
20010124,30869.5194
20010123,19282.14921
20010123,3.876
20010122,23149.5606
20010119,20459.54504
20010119,3.11454
20010118,0.676
20010118,22293.324719999997
20010117,11233.76454
20010117,261.289
20010116,1.4175
20010116,10923.36707
20010115,4654.94638
20010115,1.525
20010112,6334.21475
20010111,0.08375
20010111,12556.96607
20010110,9980.50434
20010110,0.169
20010109,0.169
20010109,7774.28377
20010108,10641.91296
20010108,0.652
20010105,9414.22062
20010104,17277.85026
20010104,0.9912000000000001
20010103,15527.50706
20010102,2.4749999999999996
20010102,23751.29558
20010101,6304.64442
20010101,0.0644
20001229,5978.459669999999
20001228,9066.75132
20001228,3.192
20001227,5566.5142399999995
20001226,7050.22272
20001226,0.2754
20001222,10084.324770000001
20001221,8846.89416
20001221,1.45
20001220,1.5
20001220,8470.857600000001
20001219,17335.214
20001219,0.031000000000000003
20001218,1.02076
20001218,15699.775319999997
20001215,22727.59784
20001215,0.338
20001214,21167.12962
20001213,13736.2126
20001212,6790.5169000000005
20001211,9676.7574
20001208,8317.71762
20001208,0.0945
20001207,16401.62568
20001206,9753.65514
20001206,0.0301
20001205,16599.64744
20001204,3.278
20001204,12646.144170000001
20001201,10143.85824
20001201,1.128
20001130,8558.59543
20001129,13415.90451
20001129,0.0271
20001128,17253.69576
20001127,21077.505390000002
20001124,0.013850000000000001
20001124,12533.9912
20001123,6827.19862
20001123,0.00272
20001122,3827.4762599999995
20001121,5148.224999999999
20001121,10.41348
20001120,2.63
20001120,8033.284180000001
20001117,3914.54784
20001117,0.528
20001116,8575.60968
20001115,14359.821039999999
20001115,0.056280000000000004
20001114,68.6592
20001114,7720.79616
20001113,4790.17881
20001113,86.1441
20001110,3039.86682
20001109,2856.4770500000004
20001108,5048.76816
20001108,0.9960000000000001
20001107,4018.23174
20001106,9094.1188
20001103,8250.55072
20001102,4400.639999999999
20001101,3030.4496800000006
20001031,4309.8757
20001030,3599.0045999999998
20001027,856.1464199999999
20001026,503.68708
20001025,3158.7422100000003
20001024,2035.9823000000001
20001023,3196.0064700000003
20001020,5279.42648
20001020,0.952
20001019,2752.2061799999997
20001018,1721.7025
20001018,1.215
20001017,1774.22424
20001016,3061.5337999999997
20001013,3504.7933199999998
20001012,4152.2764799999995
20001011,3058.94856
20001010,3235.30717
20001009,5061.44438
20001009,0.09960000000000001
20001006,3933.20136
20001005,3153.60642
20001004,4020.2960000000003
20001003,7163.51842
20000929,3948.72642
20000928,2495.5739
20000927,1506.3446999999999
20000926,2949.0111599999996
20000925,2678.643
20000922,4168.650240000001
20000921,3365.86296
20000920,1604.74128
20000919,4284.12355
20000918,5046.1719
20000915,3769.87446
20000914,4196.62026
20000914,0.294
20000913,5034.9491800000005
20000912,2288.0672400000003
20000911,4616.88771
20000908,3769.3176
20000907,2578.94931
20000906,3730.8147299999996
20000905,10878.91395
20000904,6655.496099999999
20000831,7240.617580000001
20000830,3534.04485
20000829,7994.960599999999
20000828,4545.111559999999
20000825,4117.86158
20000824,4776.65748
20000823,4797.7842
20000822,6338.201999999999
20000821,3093.73297
20000818,7233.1784
20000817,7914.09994
20000816,4658.323
20000814,4293.064399999999
20000811,3667.60872
20000810,3156.0350000000003
20000809,5361.19633
20000808,9651.82833
20000807,4550.80014
20000804,5570.3538
20000803,9838.16074
20000802,13485.505169999999
20000801,4494.72327
20000731,5598.6375499999995
20000728,7160.69184
20000727,4487.147999999999
20000726,9813.285
20000725,13643.414400000001
20000724,10049.148
20000721,14829.66255
20000720,24290.05158
20000719,10560.46806
20000718,5244.62991
20000717,7667.980099999999
20000714,6349.1874
20000713,7562.69578
20000712,4944.4486
20000711,9667.11774
20000710,7923.218519999999
20000707,4390.98336
20000706,11277.94878
20000705,19456.025820000003
20000704,17237.13705
20000703,6958.72912
20000630,19871.351370000004
20000629,23998.296299999998
20000628,5671.32705
20000627,8021.486580000001
20000626,6019.6311
20000623,8952.92154
20000622,4685.6725799999995
20000621,3198.0245999999997
20000620,5431.32492
20000619,10912.12028
20000619,52.8
20000616,7120.722
20000615,2225.09268
20000614,4197.06287
20000613,3649.04775
20000612,5251.13444
20000609,4984.87986
20000608,8114.34876
20000607,2395.28526
20000606,2057.85594
20000605,4805.283240000001
20000602,2720.3320200000003
20000601,2559.4066
20000531,4406.0176
20000530,4584.6761400000005
20000529,3742.4644000000003
20000526,4638.625959999999
20000525,4342.62085
20000524,5798.191360000001
20000523,9055.09576
20000522,5082.896699999999
20000519,1697.3367199999998
20000518,1081.37232
20000518,0.1011
20000517,2614.542
20000516,1593.32034
20000515,2740.0778
20000512,6260.60376
20000511,7964.518530000001
20000510,2711.6252799999997
20000509,6823.1943
20000508,3724.05501
20000505,9775.8292
20000504,6010.818839999999
20000503,2977.3196199999998
20000502,3123.07578
20000428,3213.81566
20000427,3805.6668
20000426,4598.4237
20000425,5207.42937
20000424,2863.7214400000003
20000420,4379.15308
20000419,3248.3004399999995
20000418,4267.288199999999
20000417,14725.111859999999
20000413,3076.70806
20000412,2225.54367
20000411,3010.5950400000006
20000410,9589.65973
20000407,8518.4946
20000406,5693.803689999999
20000405,6742.912
20000404,10074.88995
20000403,11282.58117
20000403,0.477
20000331,7926.430480000001
20000330,4309.85224
20000329,5487.65143
20000328,9755.669679999999
20000327,3386.5731899999996
20000324,1435.0471200000002
20000323,4043.39895
20000322,7888.92065
20000322,21.099999999999998
20000321,4608.31596
20000316,5664.209779999999
20000315,7036.0708
20000314,8908.920460000001
20000313,5117.629349999999
20000310,6243.2676200000005
20000309,5327.79903
20000308,6160.513980000001
20000308,222.78
20000307,5244.863
20000306,2518.45686
20000303,4318.6460400000005
20000302,6833.872539999999
20000301,5646.8917
20000229,8071.40064
20000228,7732.625249999999
20000225,11333.31521
20000224,4666.70575
20000223,7284.285659999999
20000222,6471.092160000001
20000221,10477.80594
20000218,4325.3712
20000217,3120.8626
20000216,6086.15788
20000215,7387.868120000001
20000214,7039.33776
20000211,8813.097
20000210,11365.38312
20000210,0.18929999999999997
20000209,11976.197610000001
20000208,19439.86184
20000207,8287.926629999998
20000204,8426.82435
20000203,12650.7696
20000202,10803.13796
20000201,6293.20648
20000131,12291.862500000001
20000128,9601.61511
20000127,5430.04224
20000125,5262.80986
20000124,5756.01876
20000121,12245.676300000001
20000120,7443.159360000001
20000119,11006.58659
20000118,10100.73624
20000117,15569.95838
20000114,38764.562659999996
20000113,23061.41955
20000112,17573.22342
20000111,21499.93716
20000110,11929.703249999999
20000107,21078.039050000003
20000106,19760.74282
20000105,25935.209
20000104,20854.527299999998
20000103,9304.356600000001
