20160408,465.61163999999997
20160407,724.82781
20160406,448.40644000000003
20160405,685.2222
20160404,692.2888
20160401,650.6512
20160331,535.79134
20160330,910.0440000000001
20160329,760.85066
20160328,798.81278
20160323,561.69615
20160322,1151.00616
20160321,1414.8479
20160318,1063.89899
20160317,492.04696000000007
20160316,835.8248400000001
20160315,849.5968499999999
20160314,676.87208
20160311,949.0064699999999
20160310,9984.851250000002
20160309,1380.98441
20160308,1610.2725599999999
20160304,1366.5631799999999
20160303,1253.37368
20160302,1198.83625
20160301,666.0708999999999
20160229,801.98744
20160226,445.51339
20160225,844.8864
20160224,969.41712
20160223,1333.2465
20160222,839.6223
20160219,834.61032
20160218,3287.2311299999997
20160217,1052.78623
20160216,912.8051399999999
20160215,788.62303
20160212,1023.2316999999999
20160211,977.2391200000001
20160210,547.02836
20160209,844.63902
20160208,1014.89256
20160205,1235.6405100000002
20160204,1512.87125
20160203,721.2213
20160202,693.83424
20160201,739.9445
20160129,570.6565999999999
20160128,598.57732
20160127,1927.37424
20160125,838.84312
20160122,1381.0337599999998
20160121,1049.75436
20160120,2168.26929
20160119,3203.1896
20160118,2245.77491
20160115,1233.72522
20160114,1743.4782
20160113,979.5118200000001
20160112,461.9767799999999
20160111,671.95755
20160108,908.80076
20160107,947.15535
20160106,2633.92205
20160105,1628.8348799999999
20160104,773.6159200000001
20160101,236.67473999999996
20151231,470.38493000000005
20151230,375.80758
20151229,392.53961999999996
20151228,481.52064000000007
20151224,470.71683
20151223,494.52927999999997
20151222,933.31425
20151221,1374.85953
20151218,1531.25868
20151217,1829.86195
20151216,1019.6577
20151215,1253.42568
20151214,1290.4803800000002
20151211,1129.27808
20151210,687.2985000000001
20151209,695.3506
20151208,1287.92181
20151207,1801.37872
20151204,690.8048
20151203,730.0801200000001
20151202,968.5507
20151201,848.23394
20151130,608.2492500000001
20151127,456.77258
20151126,685.67796
20151124,906.5198999999999
20151123,1538.3068799999999
20151120,516.08196
20151119,5114.6031
20151118,1123.3212
20151117,581.8044
20151116,681.4124800000001
20151113,609.2120000000001
20151111,234.01763999999997
20151110,1056.09505
20151109,877.19082
20151106,856.57515
20151105,1728.76704
20151104,1580.70605
20151103,1016.7670200000001
20151102,689.06712
20151030,806.97828
20151029,919.4852400000001
20151028,1046.42309
20151027,5277.619200000001
20151026,4549.07202
20151023,2988.15944
20151021,1951.4524999999999
20151020,870.87
20151019,909.2792800000001
20151016,919.2511999999999
20151015,957.2175
20151014,440.76878999999997
20151013,783.8452500000001
20151012,1098.45837
20151009,1540.80702
20151008,1411.2471199999998
20151007,1336.7355
20151006,1006.5839000000002
20151005,1273.7811
20151001,877.9779000000001
20150930,2065.206
20150929,1217.22405
20150928,1288.54334
20150924,1463.2749999999999
20150923,2764.9671399999997
20150922,1407.16888
20150921,804.8032999999999
20150918,1245.3460799999998
20150916,1003.84524
20150915,1134.5931
20150914,1317.99076
20150911,1156.49046
20150910,1328.9763599999999
20150909,1472.0425500000001
20150908,1539.21778
20150907,1632.65453
20150904,1719.6422400000001
20150903,1352.1664
20150902,1717.9259399999999
20150901,3927.12473
20150831,737.44044
20150828,1478.89475
20150827,991.0908000000001
20150826,1507.4953500000001
20150825,2346.7584
20150824,2070.0405
20150821,1215.28182
20150820,1602.54474
20150819,1111.08012
20150818,1042.68032
20150817,864.65918
20150814,1033.58504
20150813,1933.7955
20150812,1016.9912499999999
20150811,928.4361599999999
20150810,1028.2989
20150807,1430.8875
20150806,1247.8761
20150805,2531.48854
20150804,3290.8709900000003
20150803,1065.5463
20150731,12295.88645
20150730,1703.80116
20150729,1283.3174199999999
20150728,1374.5159999999998
20150727,1459.50685
20150724,1477.3104500000002
20150723,1435.8517
20150722,2824.6789999999996
20150721,9128.82208
20150720,2441.0199900000002
20150717,1602.6998399999998
20150716,1675.77025
20150715,1588.22976
20150714,1317.45316
20150713,1461.63201
20150710,1341.4196000000002
20150709,1022.3861999999999
20150708,2570.1028
20150707,3858.946
20150706,1093.95272
20150703,1295.47132
20150702,787.0618800000001
20150701,877.84191
20150630,1167.24845
20150629,1003.5236000000001
20150626,979.7678999999999
20150625,927.4378399999999
20150624,2333.16034
20150623,1152.13133
20150622,1420.9778999999999
20150619,1145.9388999999999
20150618,2122.4677
20150617,2613.2236199999998
20150616,2591.76555
20150615,1211.44604
20150612,1124.69863
20150611,1943.59264
20150610,843.94878
20150609,1062.10286
20150608,729.40224
20150605,1247.66708
20150604,925.2665
20150603,1606.75801
20150602,1443.13653
20150601,739.50552
20150529,2579.68613
20150528,743.5637999999999
20150527,660.45748
20150526,905.88225
20150525,2048.17268
20150522,900.85666
20150521,2745.3239999999996
20150520,1709.51006
20150519,5036.6915
20150518,10422.51742
20150515,2249.84494
20150514,2061.66576
20150513,911.90384
20150512,1604.6763
20150511,1135.98354
20150508,1346.20958
20150507,1448.75412
20150506,2835.36
20150505,1131.45387
20150504,832.85378
20150430,2115.7369599999997
20150429,1353.4984399999998
20150428,2647.02165
20150427,2252.16909
20150424,1855.2417999999998
20150423,1656.19566
20150422,1917.3996
20150421,1434.92976
20150420,1387.7766
20150417,974.8584
20150416,1361.07032
20150415,1045.2380899999998
20150413,1050.0882
20150410,1163.4825
20150409,1002.9236
20150408,1358.8237
20150407,973.0986
20150406,751.3489799999999
20150401,886.1678999999999
20150331,1188.7071899999999
20150330,904.67076
20150327,1527.74532
20150326,1477.43772
20150325,1077.6782799999999
20150324,912.6613600000001
20150323,875.0362000000001
20150320,1740.68048
20150319,2161.94072
20150318,2416.0173
20150317,1365.98522
20150316,1857.7077400000003
20150313,1115.6165999999998
20150312,1056.3335000000002
20150311,1242.65245
20150310,910.80458
20150309,2477.22923
20150305,1051.7631999999999
20150304,1786.5818800000002
20150303,1558.7138
20150302,1724.514
20150228,1954.4473600000001
20150227,1157.2275
20150226,1641.57233
20150225,1407.8708
20150224,1254.5916399999999
20150223,2795.2829100000004
20150220,1077.8110199999999
20150219,1530.1203400000002
20150218,2352.3436800000004
20150216,2051.01095
20150213,1901.9635199999998
20150212,2391.03786
20150211,2568.241
20150210,4594.00832
20150209,3968.4723
20150206,2944.31676
20150205,3208.4136999999996
20150204,2984.07641
20150203,4772.808360000001
20150202,6139.4457299999995
20150130,3997.47292
20150129,8366.043599999999
20150128,2804.9827200000004
20150127,2709.21733
20150123,4089.7807499999994
20150122,5561.33568
20150121,2860.2606
20150120,3289.3062299999997
20150119,1869.9308
20150116,1907.5799
20150115,2527.48967
20150114,4260.23448
20150113,5800.9136499999995
20150112,2429.74732
20150109,2383.568
20150108,4216.13115
20150107,1843.04796
20150106,1676.4496
20150105,1452.0487199999998
20150102,2396.7519399999996
20150101,472.88691
20141231,794.16885
20141230,1013.70302
20141229,1766.5929299999998
20141226,848.83245
20141224,1243.71794
20141223,952.01224
20141222,871.7118300000001
20141219,2118.29398
20141218,1003.64544
20141217,1678.69569
20141216,1331.2878
20141215,1090.33042
20141212,1327.31416
20141211,2028.1542399999998
20141210,1325.52555
20141209,1361.28608
20141208,2483.21475
20141205,1138.70508
20141204,1554.40233
20141203,1871.26338
20141202,2359.54387
20141201,3712.84144
20141128,3667.5463999999997
20141127,2055.5928
20141126,1781.35207
20141125,840.38366
20141124,935.33304
20141121,927.32535
20141120,937.3852900000002
20141119,1422.66894
20141118,2123.28648
20141117,3201.08843
20141114,2865.7495
20141113,1059.02382
20141112,992.4886399999999
20141111,1499.66661
20141110,1252.9327600000001
20141107,1066.4947800000002
20141105,1200.96108
20141103,1653.76136
20141031,1132.0072400000001
20141030,1070.7281500000001
20141029,870.05636
20141028,778.48149
20141027,1373.9622900000002
20141023,426.34286
20141022,2501.64402
20141021,4057.39145
20141020,667.9319399999999
20141017,898.85682
20141016,1144.1550000000002
20141014,933.0016800000001
20141013,547.85742
20141010,1675.71675
20141009,1037.76552
20141008,833.3770599999999
20141007,775.5622
20141001,598.98122
20140930,1228.0892000000001
20140929,1088.1521599999999
20140926,1172.64757
20140925,922.4346499999999
20140924,757.1421
20140923,986.73465
20140922,1211.4662400000002
20140919,781.91064
20140918,702.5807300000001
20140917,2160.9895199999996
20140916,886.70208
20140915,753.0208399999999
20140912,1231.60776
20140911,1704.4813800000002
20140910,605.69804
20140909,1037.15084
20140908,2880.88274
20140905,1325.33334
20140904,2547.34821
20140903,2125.29722
20140902,913.0803599999999
20140901,1027.01552
20140828,1274.94324
20140827,975.4001599999999
20140826,962.84646
20140825,867.54733
20140822,682.3459999999999
20140821,1270.2690199999997
20140820,1161.96033
20140819,462.70275999999996
20140818,497.37987000000004
20140814,451.16837999999996
20140813,1149.37578
20140812,696.0175
20140811,456.60196
20140808,436.49573999999996
20140807,550.5331
20140806,1013.15
20140805,696.06216
20140804,589.23104
20140801,527.2047
20140731,652.52016
20140730,1326.0046800000002
20140728,904.1782400000001
20140725,1578.5603800000001
20140724,1211.06436
20140723,922.2012900000001
20140722,3042.31305
20140721,531.97185
20140718,879.50883
20140717,394.14694000000003
20140716,519.3252
20140715,593.3043
20140714,664.50405
20140711,660.21126
20140710,553.0717500000001
20140709,533.41304
20140708,961.04871
20140707,649.3368700000001
20140704,486.13692999999995
20140703,179.13714
20140702,436.55565
20140701,587.76032
20140630,740.93616
20140627,552.9675800000001
20140626,367.00248000000005
20140625,437.30096
20140624,705.0145699999999
20140623,707.01436
20140620,953.04696
20140619,998.9380799999999
20140618,1426.6098
20140617,1944.6237999999998
20140616,375.64145
20140613,813.9496599999999
20140612,1061.6660100000001
20140611,2603.4500599999997
20140610,1906.29738
20140609,2582.59645
20140606,1319.1606599999998
20140605,816.60518
20140604,362.99052
20140603,527.9993999999999
20140602,440.94599999999997
20140530,524.31156
20140529,612.85419
20140528,691.0015999999999
20140527,396.5627
20140526,714.24704
20140523,541.38336
20140522,476.6617800000001
20140521,963.64173
20140520,807.4041500000001
20140519,1074.77385
20140516,1754.9001000000003
20140515,2218.15726
20140514,1895.4140099999997
20140513,997.0915499999999
20140512,916.7247799999999
20140509,343.308
20140508,330.08464999999995
20140507,242.05895999999998
20140506,323.92173
20140505,533.4
20140502,465.15851999999995
20140430,566.3015899999999
20140429,563.85336
20140428,1086.4146099999998
20140425,559.1579999999999
20140423,405.21907999999996
20140422,189.00942
20140421,380.05631000000005
20140417,427.56279
20140416,270.36683999999997
20140415,329.52689999999996
20140411,407.25962
20140410,443.04174000000006
20140409,580.84386
20140407,319.33666000000005
20140404,471.49440000000004
20140403,652.28898
20140402,647.95165
20140401,1153.25772
20140331,468.71643
20140328,308.6995
20140327,662.43492
20140326,338.1105999999999
20140325,660.6329999999999
20140324,797.9482
20140322,16.74624
20140321,460.85298
20140320,463.21225999999996
20140319,916.01755
20140318,498.60089999999997
20140314,388.23734
20140313,742.202
20140312,730.0036200000001
20140311,426.4508
20140310,589.82865
20140307,587.60182
20140306,261.45079999999996
20140305,254.92830000000004
20140304,397.65918
20140303,13781.983279999999
20140228,394.32106
20140226,331.55388
20140225,196.32619999999997
20140224,338.32125
20140221,232.78927
20140220,458.22240000000005
20140219,305.18488
20140218,313.2842
20140217,285.59206
20140214,304.13986
20140213,521.92129
20140212,709.3072800000001
20140211,3051.16656
20140210,1865.0711999999999
20140207,619.3303199999999
20140206,369.9
20140205,483.98130000000003
20140204,455.78085
20140203,493.95950999999997
20140131,1005.4216799999999
20140130,1230.91535
20140129,1034.805
20140128,611.2047299999999
20140127,433.67328000000003
20140124,10393.64514
20140123,630.9609
20140122,3141.6745600000004
20140121,2171.86368
20140120,1529.9168800000002
20140117,499.78079
20140116,321.69780000000003
20140115,245.90954000000002
20140114,407.18143999999995
20140113,460.23112000000003
20140110,529.50516
20140109,183.2385
20140108,282.70368
20140107,619.1035999999999
20140106,547.11418
20140103,730.9083599999999
20140102,874.8221
20140101,1252.6480000000001
20131231,538.6348
20131230,384.7631
20131227,587.2003199999999
20131226,375.65025
20131224,613.71504
20131223,374.63173
20131220,530.36424
20131219,557.3722
20131218,407.29233999999997
20131217,500.85519999999997
20131216,289.99994000000004
20131213,391.79894
20131212,329.00842
20131211,289.84253
20131210,466.08763999999996
20131209,468.61077
20131206,454.81104
20131205,527.49088
20131204,606.32935
20131203,2099.38608
20131202,776.87694
20131129,747.0343099999999
20131128,549.6568500000001
20131127,535.46668
20131126,1251.0279
20131125,419.81857
20131122,420.25896
20131121,511.23797999999994
20131120,527.50012
20131119,473.03634
20131118,541.34416
20131114,618.18565
20131113,618.86608
20131112,381.35382
20131111,509.3006
20131108,642.1124199999999
20131107,613.9848000000001
20131106,611.891
20131105,774.6283999999999
20131103,176.92694
20131101,1134.431
20131031,1270.8566100000003
20131030,962.962
20131029,896.12
20131028,464.83431
20131025,520.5899999999999
20131024,1465.1678
20131023,958.5257
20131022,3798.15396
20131021,5781.7606000000005
20131018,1338.0967400000002
20131017,549.0427199999999
20131015,814.39487
20131014,517.35912
20131011,500.46682
20131010,712.3735399999999
20131009,667.71775
20131008,490.57272
20131007,495.21162000000004
20131004,485.89428000000004
20131003,639.06444
20131001,567.5913
20130930,413.29572
20130927,2279.9336399999997
20130926,334.803
20130925,475.57042
20130924,1031.6412500000001
20130923,4519.52868
20130920,809.8412400000001
20130919,1749.92967
20130918,266.58840000000004
20130917,238.21674000000002
20130916,863.11035
20130913,234.13984999999997
20130912,298.07994
20130911,446.0372
20130910,908.55448
20130906,1001.4651000000001
20130905,493.91724000000005
20130904,510.07497
20130903,1953.93968
20130902,642.0698199999999
20130830,1342.2045
20130829,815.0246999999999
20130828,2657.5618
20130827,1702.49152
20130826,1958.5292399999998
20130823,719.03376
20130822,810.2406
20130821,1134.76706
20130820,2308.1321599999997
20130819,1192.0076999999999
20130816,723.48864
20130814,592.3852
20130813,605.26599
20130812,761.7105
20130808,686.1063300000001
20130807,1874.9311899999998
20130806,1260.543
20130805,780.11205
20130802,399.652
20130801,1612.51872
20130731,970.92877
20130730,1479.2229300000001
20130729,1567.281
20130726,1537.53111
20130725,1229.6064
20130724,1090.9781500000001
20130723,2119.82099
20130722,1514.9992499999998
20130719,785.16344
20130718,2425.6827
20130717,1263.53802
20130716,381.86238
20130715,269.3782
20130712,442.44688999999994
20130711,424.1655600000001
20130710,2399.99112
20130709,435.63576000000006
20130708,583.3634399999999
20130705,401.32971000000003
20130704,427.68836
20130703,438.48
20130702,418.61148000000003
20130701,619.37598
20130628,615.71405
20130627,971.2833
20130626,750.83778
20130625,442.11152
20130624,672.6901499999999
20130621,213.08847
20130620,201.72072000000003
20130619,2690.261
20130618,312.582
20130617,351.38841
20130614,437.43852000000004
20130613,328.55152
20130612,335.59428
20130611,664.03272
20130610,389.30915999999996
20130607,544.0617000000001
20130606,449.5764
20130605,376.95735
20130604,1200.8987700000002
20130603,978.25259
20130531,399.42974999999996
20130530,574.0163000000001
20130529,411.36895999999996
20130528,644.97796
20130527,398.69676999999996
20130524,308.60676
20130523,379.05084
20130522,382.22249999999997
20130521,492.91836
20130520,308.7175
20130517,591.38303
20130516,791.1937800000001
20130515,913.8604
20130514,869.7663999999999
20130513,1062.9874599999998
20130511,291.73406
20130510,1362.4197
20130509,3835.55317
20130508,1090.9894
20130507,781.2921200000001
20130506,1217.14617
20130503,223.38
20130502,1942.3001000000002
20130430,4933.4
20130429,1452.9308899999999
20130426,943.79175
20130425,337.52538000000004
20130423,1135.5449399999998
20130422,474.1233
20130418,634.2917999999999
20130417,1218.85554
20130416,1281.8952199999999
20130415,869.5756799999998
20130412,1495.06364
20130411,869.52368
20130410,1318.80417
20130409,1031.6939399999999
20130408,647.96094
20130405,507.63090000000005
20130404,518.7337
20130403,502.4075
20130402,5639.7432
20130401,356.55327
20130328,682.4317500000001
20130326,988.4954199999999
20130325,1144.41576
20130322,918.2548200000001
20130321,991.7458000000001
20130320,955.48368
20130319,3774.0009999999997
20130318,1460.30859
20130315,2153.7175399999996
20130314,1135.1558400000001
20130313,778.9696200000001
20130312,573.8855000000001
20130311,764.43049
20130308,533.2998200000001
20130307,433.23072
20130306,469.5645
20130305,1356.12414
20130304,481.75708
20130301,478.2596300000001
20130228,587.4245199999999
20130227,430.33853999999997
20130226,335.1771
20130225,239.03202
20130222,255.45113999999998
20130221,274.84538000000003
20130220,382.82824999999997
20130219,231.89472
20130218,149.08850999999999
20130215,401.50072000000006
20130214,233.68464000000003
20130213,259.43647
20130212,169.07399999999998
20130211,323.81838
20130208,381.93526
20130207,249.45998000000003
20130206,416.73396999999994
20130205,393.1632
20130204,784.22148
20130201,6698.902209999999
20130131,1107.3336
20130130,512.2242
20130129,1355.06547
20130128,1081.01655
20130125,353.54743
20130124,449.87287999999995
20130123,1884.38404
20130122,2369.8798199999997
20130121,622.89136
20130118,341.40246
20130117,391.73958999999996
20130116,295.3476
20130115,223.27848
20130114,148.84722
20130111,670.3374799999999
20130110,335.86440000000005
20130109,285.51279999999997
20130108,164.2794
20130107,222.14219999999997
20130104,350.07840000000004
20130103,591.81944
20130102,384.7026
20130101,193.85729999999998
20121231,359.76646
20121228,188.51815999999997
20121227,305.86373999999995
20121226,332.9916799999999
20121224,178.33780000000002
20121221,332.75771000000003
20121220,525.04916
20121219,685.869
20121218,340.99405999999993
20121217,177.99280000000002
20121214,273.49469999999997
20121213,1003.45122
20121212,277.87914
20121211,134.18027999999998
20121210,154.46970000000002
20121207,178.06578
20121206,223.90632
20121205,350.03815
20121204,756.2152
20121203,531.50493
20121130,747.54486
20121129,1584.17374
20121127,243.0405
20121126,318.04084
20121123,498.38566
20121122,196.192
20121121,276.969
20121120,230.26707000000002
20121119,459.01619999999997
20121116,305.00358
20121115,313.53866
20121113,157.2615
20121112,178.69614
20121109,275.17974
20121108,922.38588
20121107,1479.0049199999999
20121106,2072.35672
20121105,345.76511999999997
20121102,126.78415
20121101,174.52410999999998
20121031,116.97048
20121030,181.58447999999999
20121029,156.5802
20121026,454.36719999999997
20121025,390.42454
20121023,202.19495999999998
20121022,202.3372
20121019,342.98796
20121018,181.67334000000002
20121017,992.3552999999998
20121016,147.969
20121015,174.21166
20121012,151.58416
20121011,133.89675
20121010,372.31595000000004
20121009,283.92422
20121008,374.55405
20121005,697.9272799999999
20121004,258.552
20121003,407.53072000000003
20121001,260.43300000000005
20120928,427.7471
20120927,378.38976
20120926,286.59132000000005
20120925,336.39942
20120924,355.58930999999995
20120921,519.2088
20120920,314.21123
20120918,8001.267390000001
20120917,340.71639999999996
20120914,898.20999
20120913,349.79330000000004
20120912,687.16566
20120911,216.2943
20120910,328.7136
20120908,16.8635
20120907,433.40949000000006
20120906,210.33234000000002
20120905,242.93176000000003
20120904,159.23685
20120903,217.02772000000002
20120831,1115.0352
20120830,265.3453
20120829,209.91555000000002
20120828,238.25869999999998
20120827,114.4281
20120824,213.79519999999997
20120823,184.0935
20120822,227.74122
20120821,198.51436
20120817,453.02230999999995
20120816,364.89108
20120814,375.20516999999995
20120813,259.33221
20120810,200.67010000000002
20120809,192.98944
20120808,227.84488000000002
20120807,230.782
20120806,363.08402
20120803,614.17431
20120802,471.48312
20120801,217.0368
20120731,380.8125
20120730,443.03520000000003
20120727,333.29124
20120726,676.95574
20120725,622.13679
20120724,745.7112
20120723,1061.0808
20120720,4352.84208
20120719,377.58812
20120718,338.90076
20120717,297.20419999999996
20120716,154.59795
20120713,256.08591
20120712,362.82542
20120711,234.038
20120710,444.9808
20120709,793.9464800000001
20120706,946.5878399999999
20120705,1064.3142400000002
20120704,363.20633
20120703,783.5450000000001
20120702,3603.3255
20120629,618.4537799999999
20120628,947.8582399999999
20120627,200.29804
20120626,472.55704999999995
20120625,303.48
20120622,214.95474000000002
20120621,160.27203
20120620,214.71735999999999
20120619,372.07728000000003
20120618,387.98016
20120615,228.06
20120614,173.05155
20120613,301.20884
20120612,457.62
20120611,319.01356
20120608,394.29411
20120607,622.8684000000001
20120606,945.28
20120605,946.28142
20120604,600.76678
20120601,1451.68135
20120531,1534.2755500000003
20120530,359.7615
20120529,265.38075
20120528,493.6530000000001
20120525,345.80832
20120524,449.17434
20120523,349.12600000000003
20120522,302.8673
20120521,273.2206
20120518,431.4976
20120517,448.60560000000004
20120516,496.15084
20120515,594.1584
20120514,447.33304000000004
20120511,472.73958
20120510,466.46817
20120509,1562.87243
20120508,554.23004
20120507,2807.4804
20120504,768.8058
20120503,726.97726
20120502,160.7803
20120430,185.66073
20120428,39.8034
20120427,877.57954
20120426,921.85986
20120425,190.45104
20120424,544.2212999999999
20120423,1520.1022600000001
20120420,134.13400000000001
20120419,172.22576
20120418,831.432
20120417,201.74754000000001
20120416,455.42069000000004
20120413,193.03772
20120412,202.97753999999998
20120411,83.90031
20120410,261.96286
20120409,168.17351000000002
20120404,695.9647499999999
20120403,963.7160000000001
20120402,348.46808
20120330,562.8623
20120329,409.60499999999996
20120328,375.27562
20120327,128.93484
20120326,191.5191
20120323,158.89159
20120322,144.91674
20120321,260.25032000000004
20120320,1431.63923
20120319,405.09767999999997
20120316,373.0125
20120315,532.90038
20120314,278.4938
20120313,91.63011
20120312,618.54887
20120309,281.85056000000003
20120307,388.37327999999997
20120306,341.8
20120305,2031.8000000000002
20120303,32.31736
20120302,99.32300000000001
20120301,136.54056
20120229,190.3088
20120228,537.7695600000001
20120227,528.0975
20120224,69.131
20120223,338.40268000000003
20120222,315.51636
20120221,122.43828
20120217,174.5568
20120216,78.78359999999999
20120215,244.31587
20120214,103.66984999999998
20120213,140.60504
20120210,2768.63872
20120209,326.37755999999996
20120208,97.6467
20120207,82.10763
20120206,366.95856000000003
20120203,105.47343999999998
20120202,64.952
20120201,164.54319999999998
20120131,310.68078
20120130,1772.2725600000003
20120127,264.65616
20120125,220.1089
20120124,249.09005
20120123,445.84002
20120120,58.3878
20120119,56.503440000000005
20120118,56.88196
20120117,103.68929999999999
20120116,99.70316
20120113,360.14172
20120112,300.46002
20120111,249.11303999999998
20120110,84.18495000000001
20120109,130.68192000000002
20120107,2.9188099999999997
20120106,51.407120000000006
20120105,45.93180000000001
20120104,137.31508
20120103,258.73716
20120102,98.5437
20111230,123.69429000000001
20111229,396.73553999999996
20111228,260.08194
20111227,93.65062
20111226,137.06676000000002
20111223,239.16993000000002
20111222,177.33426
20111221,831.4919399999999
20111220,148.30363
20111219,2102.23704
20111216,299.22616
20111215,163.80024
20111214,530.5725600000001
20111213,575.17044
20111212,206.096
20111209,294.668
20111208,381.05865
20111207,727.7604
20111205,709.6887
20111202,357.65135999999995
20111201,534.2102
20111130,289.6482
20111129,141.68469
20111128,93.49886
20111125,203.64465
20111124,185.82088
20111123,368.24334
20111122,180.65419000000003
20111121,219.29465
20111118,221.15608
20111117,161.62140999999997
20111116,521.99256
20111115,122.51225000000001
20111114,202.22208
20111111,400.86477
20111109,140.67778
20111108,175.56042000000002
20111104,537.8086
20111103,78.8608
20111102,71.7208
20111101,83.40597
20111031,327.24036
20111028,181.69644
20111026,36.13989
20111025,150.28936000000002
20111024,244.16928000000001
20111021,963.4383
20111020,653.78625
20111019,116.8136
20111018,85.07391
20111017,105.00699999999999
20111014,89.50529999999999
20111013,95.59425
20111012,103.98704
20111011,119.42967
20111010,140.87159999999997
20111007,260.41096
20111005,242.76714
20111004,259.74902
20111003,400.87735
20110930,122.76549999999999
20110929,259.43632
20110928,151.88888
20110927,206.08995000000002
20110926,118.512
20110923,338.33198
20110922,353.66641
20110921,156.938
20110920,202.14191999999997
20110919,137.46265
20110916,201.44822
20110915,184.7937
20110914,120.00954000000002
20110913,179.826
20110912,207.9742
20110909,224.68800000000002
20110908,357.192
20110907,140.09147
20110906,164.18842
20110905,218.81664
20110902,250.30978
20110830,254.59152
20110829,435.83232000000004
20110826,157.68585000000002
20110825,159.59216
20110824,167.12493
20110823,246.09926
20110822,572.18238
20110819,849.6433199999999
20110818,182.49066
20110817,238.52840000000003
20110816,507.32184
20110812,408.66684
20110811,155.90688
20110810,474.4941
20110809,1734.71298
20110808,542.2352999999999
20110805,444.01279999999997
20110804,7447.90089
20110803,138.83892
20110802,292.2624
20110801,171.14535
20110729,177.04276
20110728,140.64066
20110727,345.13248
20110726,1185.40422
20110725,127.80949999999999
20110722,139.96334
20110721,143.63145
20110720,207.77819999999997
20110719,124.47162
20110718,165.88414
20110715,328.91584
20110714,202.61031
20110713,230.2888
20110712,229.48134999999996
20110711,132.219
20110708,423.03228
20110707,650.4508599999999
20110706,293.16168
20110705,261.42445000000004
20110704,745.42488
20110701,1126.8244
20110630,668.72874
20110629,329.83132
20110628,603.8837
20110627,468.47502
20110624,313.1404
20110623,132.0441
20110622,154.4228
20110621,184.77035999999998
20110620,270.36189
20110617,213.7333
20110616,423.10365
20110615,166.74768
20110614,177.04925
20110613,322.47977999999995
20110610,706.02769
20110609,960.8142700000001
20110608,573.5716699999999
20110607,656.7534999999999
20110606,279.47988
20110603,304.97976
20110602,8629.753960000002
20110601,1220.50752
20110531,2743.6639999999998
20110530,1724.1236000000001
20110527,423.62399999999997
20110526,982.6606800000001
20110525,2731.89477
20110524,655.086
20110523,614.31386
20110520,535.0912
20110519,256.73830000000004
20110518,384.948
20110517,937.39436
20110516,406.67852000000005
20110513,2402.96834
20110512,340.44428000000005
20110511,298.80576
20110510,352.54151999999993
20110509,163.03882
20110506,73.80268
20110505,72.48501
20110504,189.26845
20110503,368.4682
20110502,215.06271999999998
20110429,2782.83005
20110428,181.68312
20110427,80.09958
20110426,258.7928
20110425,365.99871
20110421,40.79824
20110420,46.814429999999994
20110419,93.80351999999999
20110418,160.00217999999998
20110415,241.62076000000002
20110413,458.57364
20110411,541.4073
20110408,409.46580000000006
20110407,368.86866000000003
20110406,207.3794
20110405,1068.14315
20110404,71.61531
20110401,114.63074999999999
20110331,126.88871999999999
20110330,1009.2456000000001
20110329,63.5013
20110328,125.95665999999999
20110325,117.6808
20110324,63.68909
20110323,108.94171
20110322,73.33768
20110321,62.933640000000004
20110318,193.77022
20110317,390.35971
20110316,73.32815000000001
20110315,130.80588
20110314,586.8589900000001
20110311,421.2053
20110310,142.15092
20110309,122.9214
20110308,99.144
20110307,220.17483000000001
20110304,644.63616
20110303,191.89874000000003
20110301,302.0814
20110228,102.28456
20110225,246.89886
20110224,404.8561
20110223,193.93752
20110222,177.05702
20110221,183.3522
20110218,4163.2185
20110217,101.47999999999999
20110216,203.87663999999998
20110215,125.29914000000002
20110214,1146.03201
20110211,8104.626439999999
20110210,436.5131
20110209,397.4502
20110208,325.44749
20110207,1884.58424
20110204,171.90649
20110203,228.655
20110202,213.74292
20110201,583.79616
20110131,394.52936
20110128,1412.93658
20110127,133.13702
20110125,10155.874049999999
20110124,836.6628000000001
20110121,72.8475
20110120,91.11829999999999
20110119,192.28865999999996
20110118,148.60768
20110117,273.00088
20110114,140.99175
20110113,161.652
20110112,1118.8296
20110111,484.17600000000004
20110110,341.44729
20110107,269.28472
20110106,186.61187999999999
20110105,317.98551
20110104,164.59701
20110103,486.82009999999997
20101231,501.40515
20101230,273.57603
20101229,335.94
20101228,216.62913
20101227,396.53999999999996
20101224,895.42936
20101223,2045.44754
20101222,935.8187199999999
20101221,1893.08952
20101220,317.30616
20101216,146.74800000000002
20101215,788.07424
20101214,338.38899
20101213,65.2178
20101210,353.2918200000001
20101209,351.77232
20101208,169.66974000000002
20101207,305.82606
20101206,137.3073
20101203,98.92356000000001
20101202,211.02515999999997
20101201,543.58965
20101130,218.75175000000002
20101129,384.84403999999995
20101126,294.57032
20101125,210.86585000000002
20101124,156.60084
20101123,145.5489
20101122,220.76064000000002
20101119,110.62180000000001
20101118,207.19143000000003
20101116,297.783
20101115,648.5073600000001
20101112,370.81300999999996
20101111,563.65056
20101110,486.8908799999999
20101109,1799.62464
20101108,426.95020999999997
20101105,107.71321999999999
20101104,523.8695399999999
20101103,773.70984
20101102,901.8779600000001
20101101,219.58123
20101029,880.70125
20101028,1931.6631200000002
20101027,1300.4675
20101026,250.34106
20101025,174.23458
20101022,1102.90245
20101021,167.72658
20101020,684.98388
20101019,254.91290999999998
20101018,125.99887999999999
20101015,215.61417
20101014,422.66042
20101013,167.08719000000002
20101012,220.47636
20101011,295.63624
20101008,235.67424
20101007,610.45898
20101006,1114.06926
20101005,425.16375999999997
20101004,541.5799999999999
20101001,870.24
20100930,711.9984000000001
20100929,212.21208
20100928,161.809
20100927,261.45126000000005
20100924,2642.74318
20100923,292.6638
20100922,339.96031999999997
20100921,224.3703
20100920,297.71889000000004
20100917,302.47083
20100916,4802.80521
20100915,1482.3538399999998
20100914,1233.7727200000002
20100913,424.77425999999997
20100909,258.03065999999995
20100908,326.1962
20100907,740.0553600000001
20100906,835.4963499999999
20100903,577.29068
20100902,543.79017
20100901,232.1032
20100831,1083.5258
20100830,1408.23936
20100827,492.19632
20100826,8063.166079999999
20100825,1031.5746
20100824,651.60579
20100823,314.22086
20100820,2999.99664
20100819,1455.2756
20100818,270.49788
20100817,4308.77535
20100816,220.58049999999997
20100813,165.05070999999998
20100812,8701.96536
20100811,198.12828
20100810,228.37160000000003
20100809,236.16543999999996
20100806,172.9031
20100805,1474.8961500000003
20100804,125.55783
20100803,160.16926
20100802,128.50794000000002
20100730,477.54575
20100729,1882.4253400000002
20100728,898.1325
20100727,3271.6152
20100726,111.61800000000001
20100723,125.4792
20100722,4154.0334
20100721,14954.851359999999
20100720,5443.49324
20100719,212.83884999999998
20100716,3491.3199200000004
20100715,881.41295
20100714,729.6252999999999
20100713,1608.1065
20100712,333.3051
20100709,306.33456
20100708,129.00943
20100707,1737.16102
20100706,102.0153
20100705,60.42608
20100702,393.78279000000003
20100701,237.13212
20100630,282.06
20100629,428.16124
20100628,222.592
20100625,404.6112
20100624,418.25759999999997
20100623,3111.55478
20100622,375.01205999999996
20100621,673.69028
20100618,223.63514
20100617,579.17145
20100616,147.03728
20100615,340.55154000000005
20100614,89.54678000000001
20100611,1608.0129499999998
20100610,415.53059999999994
20100609,604.36596
20100608,300.21552
20100607,415.17455
20100604,222.07527000000002
20100603,165.57802
20100602,304.49724000000003
20100601,55.006919999999994
20100531,124.57019999999999
20100528,139.191
20100527,113.61359000000002
20100526,42.45534000000001
20100525,156.23254
20100524,243.23582000000002
20100521,88.64655
20100520,153.19314
20100519,449.97008000000005
20100518,339.2772
20100517,36.07977
20100514,203.511
20100513,135.67344
20100512,541.53559
20100511,73.27212
20100510,170.511
20100507,161.89128999999997
20100506,80.63657
20100505,40.5769
20100504,446.271
20100503,33.90596
20100430,65.29529999999998
20100429,36.96781
20100428,111.01092
20100427,136.01059999999998
20100426,65.59598
20100423,167.05360000000002
20100422,127.104
20100421,192.26413999999997
20100420,234.00563
20100419,100.04533
20100416,102.208
20100415,117.96619999999999
20100413,155.38656000000003
20100412,203.02298
20100409,90.89828
20100408,4904.48334
20100407,175.84781
20100406,70.40838
20100405,104.27690000000001
20100401,117.56496
20100331,165.3796
20100330,298.99034000000006
20100329,170.7348
20100326,471.6807
20100325,216.38407999999998
20100323,73.40711999999999
20100322,101.83500000000001
20100319,265.26779999999997
20100318,11024.77804
20100317,935.2483
20100316,93.28732
20100315,72.64847999999999
20100312,73.63202
20100311,55.89
20100310,57.934079999999994
20100309,67.20552
20100308,78.67818000000001
20100305,168.34104
20100304,271.51443
20100303,571.98353
20100302,126.91377
20100226,145.1868
20100225,503.89007999999995
20100224,145.85588
20100223,121.10000000000001
20100222,102.88589999999999
20100219,78.31193999999999
20100218,121.67066
20100217,112.11170000000001
20100216,224.41473
20100215,160.8236
20100211,236.26667999999998
20100210,1126.89432
20100209,304.52567999999997
20100208,404.10528
20100206,103.44802999999999
20100205,1151.80422
20100204,181.51136
20100203,316.1259
20100202,138.86013
20100201,1297.68
20100129,230.3424
20100128,147.06246
20100127,1869.112
20100125,107.46489
20100122,260.43129999999996
20100121,137.57855999999998
20100120,56.4348
20100119,116.551
20100118,167.24442
20100115,221.42498999999998
20100114,169.17904
20100113,294.18132
20100112,400.06295000000006
20100111,136.332
20100108,419.82066000000003
20100107,774.49242
20100106,50.4848
20100105,83.56592
20100104,73.9323
20091231,147.11697
20091230,103.58800000000001
20091229,85.56678000000001
20091224,51.041999999999994
20091223,239.06883
20091222,69.68157000000001
20091221,449.68559999999997
20091218,466.18138
20091217,174.39424
20091216,432.2736
20091215,735.83343
20091214,103.29984
20091211,94.94162
20091210,120.35488
20091209,76.34372
20091208,20.29024
20091207,453.93084
20091204,21.638099999999998
20091203,61.190999999999995
20091202,55.314
20091201,60.40775999999999
20091130,63.86688
20091127,135.09552000000002
20091126,40.9509
20091125,32.88878999999999
20091124,109.92545999999999
20091123,164.47647
20091120,101.68516
20091119,178.90127999999999
20091118,111.92012
20091117,57.32355
20091116,37.094750000000005
20091113,106.66528000000001
20091112,59.22975
20091111,223.2173
20091110,260.85927000000004
20091109,155.40327000000002
20091106,115.68312
20091105,1616.98629
20091104,1696.21892
20091103,208.25916
20091030,249.31400000000002
20091029,74.84178
20091028,108.77374999999999
20091027,156.39049
20091026,590.85924
20091023,2276.58444
20091022,102.46664999999999
20091021,57.01455
20091020,49.96344
20091017,40.819750000000006
20091016,111.14842
20091015,69.8394
20091014,384.41592
20091012,294.60756
20091009,94.51112
20091008,131.49444
20091007,1212.09669
20091006,76.54933
20091005,96.42201
20091001,111.24470000000001
20090930,573.02994
20090929,230.19089999999997
20090925,80.7649
20090924,38.0163
20090923,44.590230000000005
20090922,85.19421
20090918,69.7788
20090917,200.60796000000002
20090916,36.13864
20090915,48.81419999999999
20090914,51.82865999999999
20090911,25.61265
20090910,53.15992
20090909,51.93294
20090908,31.231499999999997
20090907,43.82132
20090904,32.33951
20090903,82.61251999999999
20090902,31.838400000000004
20090901,24.03864
20090831,32.93801
20090828,4103.36895
20090827,17.258399999999998
20090826,42.321149999999996
20090825,40.025999999999996
20090824,36.4144
20090821,258.73808
20090820,36.70437999999999
20090819,81.76140000000001
20090818,14.699250000000001
20090817,23.751
20090814,26.618100000000002
20090813,10231.5
20090812,30.371880000000004
20090811,81.66702000000001
20090810,129.6009
20090807,156.32780000000002
20090806,85.11063
20090805,112.7368
20090804,1253.516
20090803,77.50195000000001
20090731,608.84159
20090730,73.72431
20090729,905.83545
20090728,197.60796
20090727,868.05312
20090724,540.7168800000001
20090723,1479.47345
20090722,174.17096000000004
20090721,201.95595
20090720,158.19300000000004
20090717,71.14898
20090716,62.71729
20090715,84.03336
20090714,27.00588
20090713,52.29
20090710,205.85316
20090709,58.797619999999995
20090708,442.4124800000001
20090707,84.49756000000001
20090706,119.39928
20090703,70.7328
20090702,59.17792
20090701,112.59588
20090630,270.22276
20090629,103.74539999999999
20090626,57.94749999999999
20090625,103.88025999999999
20090624,292.2579
20090623,584.31576
20090622,18.772700000000004
20090619,55.693599999999996
20090618,29.461619999999996
20090617,25.07347
20090616,18.627360000000003
20090615,31.889549999999996
20090612,207.34271999999999
20090611,164.50434
20090610,115.71024
20090609,1042.4540100000002
20090608,935.1972
20090605,290.34597
20090604,116.55343
20090603,408.33317999999997
20090602,65.20605
20090601,1224.46875
20090529,86.41581
20090528,44.4405
20090527,56.76765000000001
20090526,549.8722999999999
20090525,439.47661999999997
20090522,42.748450000000005
20090521,82.27443
20090520,65.7775
20090519,2529.06544
20090515,603.06792
20090514,106.00429
20090513,207.2975
20090512,45.77704
20090511,59.2724
20090508,72.744
20090507,32.70128
20090506,24.271649999999998
20090505,282.30455
20090504,65.29733999999999
20090429,32.9103
20090428,496.36718999999994
20090427,300.74625000000003
20090424,21.052
20090423,1125.16015
20090422,153.94127999999998
20090421,37.17205
20090420,687.25696
20090417,32.1488
20090416,109.79584
20090415,143.38610000000003
20090413,29.563460000000003
20090409,11.58371
20090408,43.13768
20090406,65.82245999999999
20090402,35.493919999999996
20090401,24.7506
20090331,64.9084
20090330,52.36272
20090327,55.20622
20090326,310.18224
20090325,74.58885000000001
20090324,222.27045
20090323,7.024049999999999
20090320,9.13707
20090319,4.54741
20090318,24.236960000000003
20090317,18.949749999999998
20090316,124.04657999999999
20090313,24.1696
20090312,22.69744
20090309,12.82526
20090306,15.72472
20090305,26.518199999999997
20090304,14.554200000000002
20090303,39.55056
20090302,21.42992
20090227,38.5445
20090226,15.946850000000001
20090225,94.10776
20090224,8.480099999999998
20090220,750.31912
20090219,19.250700000000002
20090218,20.841659999999997
20090217,50.3229
20090216,39.34437
20090213,99.0476
20090212,20.4702
20090211,29.697439999999997
20090210,74.555
20090209,21.581239999999998
20090206,28.42224
20090205,20.39324
20090204,57.89971
20090203,73.0131
20090202,66.95865
20090130,1706.80584
20090129,5273.7349
20090128,180.38188
20090127,705.90369
20090123,650.5224400000001
20090122,30.28051
20090121,11.582460000000001
20090120,8.41866
20090119,23.64012
20090116,37.425959999999996
20090115,39.157680000000006
20090114,35.98767
20090113,36.541940000000004
20090112,16.84278
20090109,27.902580000000004
20090107,101.19803999999999
20090106,23.015599999999996
20090105,43.5072
20090102,26.719440000000002
20090101,10.36295
20081231,57.65755
20081230,11.304599999999999
20081229,12.10054
20081226,13.490349999999998
20081224,27.702839999999995
20081223,14.707139999999999
20081222,46.54122
20081219,97.49295000000001
20081218,651.97468
20081217,47.20408
20081216,28.90275
20081215,53.01894
20081212,717.5387599999999
20081211,853.51206
20081210,21.01302
20081208,16.58466
20081205,810.6958999999999
20081204,50.17855
20081203,29.033220000000004
20081202,65.46944
20081201,81.92690999999999
20081128,6.72624
20081126,101.21231999999999
20081125,79.89165
20081124,107.90784
20081121,41.08275
20081120,1539.3524400000001
20081119,450.95778
20081118,211.15016
20081117,61.5264
20081114,44.99550000000001
20081112,247.88491000000002
20081111,1327.5005999999998
20081110,762.8502
20081107,126.01792
20081106,64.76644999999999
20081105,56.4079
20081104,106.00656000000001
20081103,3460.11893
20081031,42.50162
20081029,31.56447
20081028,19.334419999999998
20081027,275.37306
20081024,831.5223199999999
20081023,36.8832
20081022,146.19945
20081021,65.54988999999999
20081020,59.803000000000004
20081017,1354.02
20081016,287.51016
20081015,568.3507999999999
20081014,95.16523
20081013,60.2224
20081010,150.91271999999998
20081008,181.78079
20081007,87.14200000000001
20081006,106.07191999999999
20081003,579.08608
20081001,39.90547
20080930,68.27499
20080929,167.66131
20080926,597.9194
20080925,66.68838
20080924,39.461859999999994
20080923,63.018
20080922,52.801680000000005
20080919,84.27150000000002
20080918,135.69540999999998
20080917,1350.8996200000001
20080916,34.261649999999996
20080915,586.4208
20080912,24.62886
20080911,38.14629
20080910,16.40872
20080909,8.33793
20080908,441.77675999999997
20080905,18.4875
20080904,24.852
20080902,52.53495
20080901,15.1209
20080829,50.483000000000004
20080828,19.78912
20080827,17.1495
20080826,15.351119999999998
20080825,6.5286
20080822,12.27477
20080821,144.90357
20080820,57.01875
20080819,34.019059999999996
20080818,42.32592
20080814,55.62425000000001
20080813,174.45792
20080812,239.57556
20080811,111.82259999999998
20080808,107.68669
20080807,281.17945
20080806,154.69369999999998
20080805,32.512319999999995
20080804,111.78971999999999
20080801,53.41080000000001
20080731,108.382
20080730,121.6608
20080729,37.09434
20080728,71.20512000000001
20080725,35.365320000000004
20080724,99.66880000000002
20080723,728.0327799999999
20080722,30.97419
20080721,27.551159999999996
20080718,106.71043
20080717,313.75244999999995
20080716,35.359919999999995
20080715,251.505
20080714,1001.4072
20080711,97.26639
20080710,45.851299999999995
20080709,103.02084999999998
20080708,18.981900000000003
20080707,59.42304000000001
20080704,482.41830000000004
20080703,1807.97052
20080702,138.68789999999998
20080701,85.53216
20080630,175.47488
20080627,11648.075400000002
20080626,3303.8729
20080625,180.25035000000003
20080624,675.4013499999999
20080623,6115.34392
20080620,489.32833
20080619,99.31644000000001
20080618,739.3827
20080617,58.12789999999999
20080616,45.40768
20080613,41.097
20080612,49.081920000000004
20080611,2072.2200000000003
20080610,182.441
20080609,198.85817999999998
20080606,42.77306
20080605,27.60225
20080604,75.60137999999999
20080603,527.13783
20080602,78.60132
20080530,91.0008
20080529,65.11609
20080528,69.65117
20080527,70.95075
20080526,99.298
20080523,31.542389999999997
20080522,227.98600000000005
20080521,33.98655
20080520,36.496680000000005
20080516,582.8698400000001
20080515,140.19984
20080514,49.531679999999994
20080513,104.57748
20080512,152.74875
20080509,89.66208
20080508,171.16488
20080507,28.37708
20080506,193.54272
20080505,138.6525
20080502,1297.1938799999998
20080430,105.92483999999999
20080429,86.70735
20080428,130.99476
20080425,28.323159999999998
20080424,16.649600000000003
20080423,49.630050000000004
20080422,40.9599
20080421,202.8671
20080417,147.05625
20080416,101.73345000000002
20080415,66.30743
20080411,111.50448
20080410,2097.628
20080409,722.06856
20080408,28.728389999999997
20080407,21.15175
20080404,34.770689999999995
20080403,33.4152
20080402,64.5688
20080401,70.30488
20080331,218.99447999999998
20080328,41.40033
20080327,50.56799999999999
20080326,66.21755
20080325,55.06008
20080324,4165.3808
20080319,19391.1714
20080318,143.42458
20080317,101.00384999999999
20080314,5754.153120000001
20080313,131.74587
20080312,88.17269999999999
20080311,147.02161999999998
20080310,74.08249
20080307,54.06918
20080305,63.49056000000001
20080304,1999.0954499999998
20080303,74.286
20080229,54.571670000000005
20080228,129.75435
20080227,237.07452
20080226,24.304049999999997
20080225,39.53445
20080222,68.51298
20080221,93.56227999999999
20080220,32.04084
20080219,33.7932
20080218,33.397439999999996
20080215,24.678
20080214,79.06304
20080213,775.944
20080212,727.40535
20080211,185.77412
20080208,56.7156
20080207,50.944320000000005
20080206,126.87668000000001
20080205,110.74375
20080204,70.43346
20080201,122.05850999999998
20080131,425.41326
20080130,112.3325
20080129,112.13044999999998
20080128,211.17870000000002
20080125,9017.38425
20080124,81.52914000000001
20080123,6469.99368
20080122,14361.080649999998
20080121,1033.8853000000001
20080118,120.37640000000002
20080117,189.25192
20080116,101.84804
20080115,105.30272000000001
20080114,64.7241
20080111,45.19307
20080110,1962.9625600000002
20080109,156.02356
20080108,645.4000000000001
20080107,279.32644
20080104,210.59584000000004
20080103,144.28155
20080102,121.22019999999999
20080101,141.68000000000004
20071231,1178.15322
20071228,3308.8742399999996
20071227,228.79717
20071226,317.688
20071224,162.35424
20071220,144.62439
20071219,375.77274
20071218,273.2257
20071217,2950.3803
20071214,43.150800000000004
20071213,110.95559999999999
20071212,42.53046
20071211,138.4443
20071210,45.55068
20071207,64.4682
20071206,55.491040000000005
20071205,141.70252
20071204,24.79601
20071203,95.72736
20071130,102.32694
20071129,809.01711
20071128,284.93855
20071127,140.18634
20071126,817.3143600000001
20071123,29.3216
20071122,82.31386
20071121,124.8819
20071120,34.20608
20071119,191.62196999999998
20071116,385.62355
20071115,74.29004
20071114,145.59402
20071113,108.35255000000001
20071112,78.19875
20071109,11.385749999999998
20071108,20.8256
20071107,79.80375000000001
20071106,554.0280000000001
20071105,50.240159999999996
20071102,200.16018
20071101,133.82270000000003
20071031,100.38744
20071030,85.77264999999998
20071029,160.57962
20071026,340.82662999999997
20071025,494.15735
20071024,1116.23367
20071023,665.7492599999999
20071022,156.52980000000002
20071019,68.2023
20071018,34.9662
20071017,70.00668
20071016,127.97015
20071015,82.31436000000001
20071012,30.491979999999995
20071011,92.9604
20071010,40.655680000000004
20071009,89.01724
20071008,162.75843999999998
20071005,122.59296
20071004,123.60516
20071003,158.90616000000003
20071001,73.2351
20070928,3973.35837
20070927,70.5744
20070926,76.53447
20070925,190.5776
20070924,86.24478
20070921,69.13798
20070920,40.687459999999994
20070919,51.073330000000006
20070918,19.5932
20070917,40.50592
20070914,1554.6
20070913,431.5304
20070912,3540.06144
20070911,32.98271999999999
20070910,54.91122
20070907,24.9387
20070906,3685.9651599999997
20070905,30.22612
20070904,8.077660000000002
20070903,85.16475
20070831,13.01994
20070830,45.55592
20070829,18.62605
20070828,75.8762
20070827,26.061
20070824,13.27161
20070823,726.48486
20070822,457.91375000000005
20070821,65.00052
20070820,41.81684
20070817,668.18277
20070816,106.74690000000001
20070814,214.55225000000002
20070813,270.55832000000004
20070810,143.63549999999998
20070809,760.3547599999999
20070808,192.05367999999999
20070807,113.36655
20070806,70.43932
20070803,52.84768
20070802,40.81077
20070801,67.78674
20070731,66.47112
20070730,80.19742
20070727,46.87548
20070726,90.70536
20070725,62.44009
20070724,166.87278
20070723,40.44726
20070720,178.1598
20070719,33.75954
20070718,64.29762
20070717,187.10898
20070716,219.18264
20070713,143.17195999999998
20070712,37.08819
20070711,14.89812
20070710,24.885630000000003
20070709,54.33561
20070706,107.59958999999999
20070705,59.071999999999996
20070704,21.785600000000002
20070703,31.560720000000003
20070702,28.326400000000003
20070629,125.3322
20070628,8445.1584
20070627,110.70864
20070626,105.755
20070625,36.543
20070622,79.46784
20070621,31.468799999999998
20070620,55.8297
20070619,61.45295999999999
20070618,38.38294
20070615,70.48183999999999
20070614,39.65487
20070613,19.88825
20070612,183.94048
20070611,107.90975999999999
20070608,157.38896
20070607,48.06325
20070606,93.63879999999999
20070605,80.82165
20070604,295.06039999999996
20070601,289.57844
20070531,100.57437
20070530,599.44326
20070529,50.0379
20070528,146.81597
20070525,29.16162
20070524,69.57927
20070523,52.04823000000001
20070522,1178.0987400000001
20070521,89.3796
20070518,45.40928
20070517,88.93124999999999
20070516,457.38876000000005
20070515,72.77128
20070514,82.0633
20070511,167.06956
20070510,156.97584
20070509,21.364
20070508,19.97501
20070507,47.88378
20070504,76.4421
20070503,61.789139999999996
20070430,51.83922
20070427,37.90168
20070426,24.3593
20070425,117.31200000000001
20070424,19.130149999999997
20070423,41.769749999999995
20070420,164.87072
20070419,178.5316
20070418,57.27871999999999
20070417,163.97894999999997
20070416,212.46589
20070413,386.7487
20070412,272.23872
20070411,67.0557
20070410,67.00056000000001
20070409,32.1736
20070405,78.35157000000001
20070404,40.96224
20070403,48.868050000000004
20070402,23.79216
20070330,77.15862
20070329,421.40664000000004
20070328,3028.2777
20070326,49.96062
20070323,138.5722
20070322,35.27729
20070321,59.44764
20070320,53.516400000000004
20070319,28.36818
20070316,15.1619
20070315,22.664820000000002
20070314,18.98544
20070313,17.37272
20070312,276.4531
20070309,17.871599999999997
20070308,101.8455
20070307,47.514779999999995
20070306,217.03175
20070305,165.62525
20070302,54.616499999999995
20070301,33.286919999999995
20070228,49.5645
20070227,2497.95072
20070226,38.08376
20070223,4433.30888
20070222,37.16251
20070221,81.3384
20070220,87.72106000000001
20070219,87.65241
20070215,1798.9095399999999
20070214,1751.6603000000002
20070213,2200.83885
20070212,34.284240000000004
20070209,38.371739999999996
20070208,196.53158000000002
20070207,39.294399999999996
20070206,49.21504
20070205,69.62285
20070202,26.94659
20070201,22.699640000000002
20070131,103.85298
20070129,43.4868
20070125,35.4255
20070124,15.42203
20070123,25.391139999999996
20070122,35.51822000000001
20070119,51.72122999999999
20070118,139.46988
20070117,125.83032
20070116,188.45694999999998
20070115,799.61695
20070112,44.290960000000005
20070111,4510.12522
20070110,24.537550000000003
20070109,13.579559999999999
20070108,129.58848
20070105,36.919869999999996
20070104,46.70237999999999
20070103,207.6243
20070102,96.03072
20061229,44.6841
20061228,41.250080000000004
20061227,13.79992
20061226,51.49484999999999
20061222,96.12128
20061221,20.75382
20061220,37.65375
20061219,2982.8064
20061218,29.57444
20061215,28.178079999999994
20061214,2576.07834
20061213,65.05492
20061212,157.553
20061211,5452.92
20061208,161.19844999999998
20061207,107.01925000000001
20061206,1054.89966
20061205,649.0848
20061204,173.86286
20061201,54.3046
20061130,349.16869999999994
20061129,19.26288
20061128,91.04711999999999
20061127,55.6171
20061124,32.918899999999994
20061123,18.33468
20061122,175.39024999999998
20061121,146.583
20061120,136.27281
20061117,90.41550000000001
20061116,155.1491
20061115,97.34888
20061114,66.01464
20061113,49.423
20061110,129.42965
20061109,39.657849999999996
20061108,124.9692
20061107,129.92408
20061106,837.80004
20061103,206.18087999999997
20061102,74.83
20061101,264.58975
20061031,84.53168000000001
20061030,505.59702
20061027,74.4765
20061026,24.648000000000003
20061023,15.65175
20061021,10.7215
20061020,63.16056
20061019,35.16102
20061018,65.3047
20061017,137.00455
20061016,124.90884999999999
20061013,89.65055
20061012,44.046749999999996
20061011,42.55928
20061010,257.18924000000004
20061009,60.97833
20061006,38.152609999999996
20061005,111.28484999999999
20061004,5142.11288
20061003,662.7523600000001
20060929,149.78394
20060928,40.72725
20060927,106.82048999999999
20060926,58.112
20060925,31.488000000000003
20060922,39.57031
20060921,76.437
20060920,40.41245
20060919,26.311750000000004
20060918,174.76
20060915,133.43202
20060914,50.50564
20060913,58.98165
20060912,37.76687
20060911,76.1859
20060908,64.34064000000001
20060907,154.82340000000002
20060906,77.67606
20060905,1254.66468
20060904,44.391999999999996
20060901,280.8235
20060831,36.91809
20060830,61.296549999999996
20060829,127.76260000000002
20060828,51.597
20060825,56.92979
20060824,38.62068
20060823,34.2575
20060822,80.50103999999999
20060821,41.04
20060818,49.88007
20060817,50.08998
20060816,708.04944
20060814,385.1763
20060811,351.288
20060810,152.05044
20060809,34.71975
20060808,276.32988
20060807,56.608979999999995
20060804,262.6362
20060803,67.60248
20060802,19.7964
20060801,217.34398000000002
20060731,341.75092
20060728,76.1572
20060727,207.01492
20060726,18.63069
20060725,18.57125
20060724,19.05892
20060721,28.18263
20060720,39.53432
20060719,46.11541999999999
20060718,33.05263
20060717,43.42904
20060714,24.687530000000002
20060713,117.50316
20060712,72.48546999999999
20060711,10.80212
20060710,6.99328
20060707,341.65768
20060706,88.3545
20060705,18.955
20060704,8.50406
20060703,930.8591399999999
20060630,208.19188000000003
20060629,26.62332
20060628,24.723
20060627,30.0899
20060626,53.144420000000004
20060625,3.0127800000000002
20060623,3858.2017499999997
20060622,144.21582
20060621,130.76154
20060620,25.9012
20060619,17.16015
20060616,450.26982000000004
20060615,66.9605
20060614,263.935
20060613,71.17732
20060612,54.36555
20060609,68.31146
20060608,85.85987
20060607,1197.28544
20060606,61.82124000000001
20060605,22.228399999999997
20060602,176.6107
20060601,36.430260000000004
20060531,60.54285
20060530,68.06154000000001
20060529,50.004290000000005
20060526,39.07024
20060525,40.1276
20060524,119.16215999999999
20060523,75.00636
20060522,115.44312000000001
20060519,100.96189999999999
20060518,69.79845
20060517,43.292590000000004
20060516,93.39525
20060515,114.87546
20060512,3492.02
20060511,211.74594999999997
20060510,979.2652800000001
20060509,2157.97758
20060508,61.992000000000004
20060505,70.51
20060504,118.49345000000001
20060503,47.35484
20060502,134.28
20060429,187.56736
20060428,1131.64926
20060427,87.40386
20060426,68.15552
20060425,57.23256
20060424,50.0565
20060421,64.85724
20060420,35.902379999999994
20060419,66.91161000000001
20060418,342.76577999999995
20060417,101.06746000000001
20060413,105.18176
20060412,1089.34716
20060410,100.72847
20060407,161.22065999999998
20060405,414.44962999999996
20060404,1260.24192
20060403,85.24985
20060331,69.93495
20060330,122.80578
20060329,599.50728
20060328,1915.7565
20060327,244.5548
20060324,41.42558
20060323,15.102900000000002
20060322,96.28488
20060321,63.54348
20060320,316.39344
20060317,86.62010000000001
20060316,140.34104
20060314,29.609990000000003
20060313,56.9212
20060310,111.35964
20060309,111.44399999999999
20060308,96.38250000000001
20060307,86.68194
20060306,41.43206
20060303,137.04108
20060302,141.56478
20060301,109.39662
20060228,104.59405
20060227,128.20041
20060224,72.21124
20060223,1220.92537
20060222,61.92186
20060221,74.99602
20060220,2243.1467000000002
20060217,49.426680000000005
20060216,133.37546
20060215,40.97182
20060214,415.2225
20060213,167.92920999999998
20060210,122.29920000000001
20060208,119.0826
20060207,483.38775
20060206,645.5073
20060203,190.53816
20060202,572.90688
20060201,941.6928
20060131,316.67116
20060130,121.27000000000001
20060127,117.55016
20060125,149.74204
20060124,44.222500000000004
20060123,139.5908
20060120,62.95956000000001
20060119,149.24879999999996
20060118,810.4498500000001
20060117,25.44048
20060116,206.86856
20060113,16.798000000000002
20060112,75.75066000000001
20060110,47.90408
20060109,23.63604
20060106,182.56983000000002
20060105,190.36534
20060104,1471.72448
20060103,135.37425000000002
20060102,753.7155300000001
20051230,83.30745999999999
20051229,65.0652
20051228,671.46852
20051227,52.791630000000005
20051226,112.91587999999999
20051223,35.18872
20051222,3522.89844
20051221,45.52507
20051220,410.32198999999997
20051219,83.78032
20051216,18.94432
20051215,35.23872
20051214,1780.69248
20051213,1416.33315
20051212,1230.45869
20051209,886.62914
20051208,20.01048
20051207,104.53149
20051206,232.83830000000003
20051205,237.98268
20051202,260.57568
20051201,63.009220000000006
20051130,369.18218
20051129,109.78452
20051128,184.07267
20051126,10.3828
20051125,95.28743999999999
20051124,145.312
20051123,21.28896
20051122,65.81681
20051121,57.667950000000005
20051118,138.48471
20051117,187.70766
20051116,44.0154
20051114,106.14214000000001
20051111,73.95474000000002
20051110,282.15394
20051109,3612.9378199999996
20051108,77.142
20051107,1423.1264999999999
20051102,60.751000000000005
20051101,54.549519999999994
20051031,71.99646
20051028,23459.81535
20051027,97.03242
20051026,46.67256
20051025,31.3716
20051024,35.10189
20051021,37.28494
20051020,103.13106
20051019,205.65884000000003
20051018,128.60568
20051017,4531.832
20051014,1222.86591
20051013,26.809919999999998
20051011,75.66130000000001
20051010,183.82056
20051007,769.201
20051006,133.11927999999997
20051005,1141.04892
20051004,141.688
20051003,35.952999999999996
20050930,217.90815
20050929,135.496
20050928,420.416
20050927,538.77383
20050926,226.94281999999998
20050923,235.34602
20050922,528.48032
20050921,629.1808
20050920,132.42239999999998
20050919,1337.0544
20050916,63.64074
20050915,601.0274
20050914,164.2578
20050913,72.59888
20050912,232.84434
20050909,569.8556
20050908,3111.83065
20050906,25.0656
20050905,633.08182
20050902,24.519
20050901,635.956
20050831,248.39928
20050830,32.44668
20050829,1827.9828
20050826,22.66059
20050825,593.41118
20050824,186.13452999999998
20050823,273.7306
20050822,37.6056
20050819,291.508
20050818,40.87119
20050817,113.36487
20050816,50.843239999999994
20050812,67.0956
20050811,109.63141999999999
20050810,21.9699
20050809,87.2377
20050808,97.74864
20050805,61.66917000000001
20050804,92.08431
20050803,1881.47245
20050802,82.47666
20050801,85.36385
20050729,45.81024
20050727,13.461599999999999
20050726,154.04526
20050725,56.096849999999996
20050722,148.78108
20050721,39.21612
20050720,206.382
20050719,354.43696
20050718,294.40683
20050715,9.82586
20050714,15.8922
20050713,45.19095
20050712,33.376099999999994
20050711,106.59984000000001
20050708,59.229139999999994
20050707,103.27862
20050706,38.9594
20050705,47.6192
20050704,37.88144
20050701,53.08182
20050630,400.75969999999995
20050629,415.35713999999996
20050628,242.27193000000003
20050627,295.52254
20050624,22.437800000000003
20050623,42.82502
20050622,85.45068
20050621,137.32550999999998
20050620,15.48777
20050617,48.84965999999999
20050616,38.97828
20050615,10.55088
20050614,39.95075
20050613,15.4583
20050610,18.71934
20050609,36.1152
20050608,31.771759999999997
20050607,1084.44912
20050606,8.53248
20050604,5.969099999999999
20050603,24.6036
20050602,16.22205
20050601,14.034959999999998
20050531,11.95328
20050530,21.85701
20050527,63.66206
20050526,66.29966
20050525,9.629999999999999
20050524,8.97888
20050523,9.186
20050520,11.239339999999999
20050519,12.245119999999998
20050518,7.3931
20050517,45.47673
20050516,536.8335
20050513,1907.1119999999999
20050512,48.92999999999999
20050511,174.4656
20050510,64.84698
20050509,229.91387999999998
20050506,64.75964
20050505,17.13432
20050504,546.507
20050503,11.69656
20050502,21.49908
20050429,11.943899999999998
20050428,26.06914
20050427,13.65234
20050426,25.62774
20050425,116.4564
20050422,10.58812
20050421,17.50265
20050420,131.14585
20050419,29.7243
20050418,61.782599999999995
20050415,170.10016000000002
20050413,20.47674
20050412,102.23864999999999
20050411,11.87424
20050408,32.53575
20050407,6.93996
20050406,16.048280000000002
20050405,622.36116
20050404,80.55557999999999
20050401,174.63567999999998
20050331,91.26405
20050330,200.11158
20050329,626.3843400000001
20050328,161.4624
20050324,324.6067
20050323,450.84599999999995
20050322,1884.78675
20050321,69.60992
20050318,215.14818
20050317,150.41526
20050316,71.59256
20050315,166.7384
20050314,140.98083
20050311,43.49052
20050310,33.94912
20050309,85.2835
20050308,252.25199999999998
20050307,70.02495
20050304,39.82077
20050303,63.03726
20050302,143.79119999999998
20050301,71.9923
20050228,297.12124
20050225,39.87248
20050224,203.13518000000002
20050223,19.81905
20050222,120.26744
20050221,63.4476
20050218,75.24513
20050217,47.62455
20050216,63.904610000000005
20050215,126.09366000000001
20050214,105.73542
20050211,77.29961999999999
20050210,98.62236
20050209,70.39608000000001
20050208,39.92136
20050207,124.05722
20050204,312.95998
20050203,47.39966
20050202,49.35432
20050201,59.03275000000001
20050131,167.83984
20050128,348.81768
20050127,144.22746
20050125,81.68342
20050124,602.20608
20050120,82.48051
20050119,311.96000000000004
20050118,31.409280000000003
20050117,31.90027
20050114,27.923519999999996
20050113,31.48308
20050112,38.435480000000005
20050111,34.99002
20050110,34.994460000000004
20050107,40.0257
20050106,184.92311999999998
20050105,103.74000000000001
20050104,148.04
20050103,87.615
20041231,52.169999999999995
20041230,38.235
20041229,87.70004999999999
20041228,308.50578
20041227,37.514340000000004
20041224,23.715000000000003
20041223,275.70531
20041222,127.26906000000001
20041221,105.7975
20041220,49.32149999999999
20041217,84.32000000000001
20041216,1442.0456700000002
20041215,99.47631999999999
20041214,87.99625
20041213,975.62886
20041210,379.35831999999994
20041209,411.53
20041208,1180.68495
20041207,1260.4902399999999
20041206,131.44469999999998
20041203,264.33835999999997
20041202,211.75689000000003
20041201,116.13847000000001
20041130,2179.81155
20041129,151.8414
20041125,57.444900000000004
20041124,124.36858000000002
20041123,78.41488
20041122,25.68278
20041119,40.5449
20041118,355.13927
20041117,49.49054
20041116,19.13916
20041112,15.782680000000001
20041111,20.93496
20041110,35.23967999999999
20041109,34.211879999999994
20041108,31.02182
20041105,37.444
20041104,28.236250000000002
20041103,34.6472
20041102,9.549119999999998
20041101,19.48284
20041029,17.31055
20041028,34.40514
20041027,853.1400000000001
20041026,97.58321000000001
20041025,13.961
20041021,13.56432
20041020,12.44848
20041019,244.04226
20041018,38.7738
20041015,52.41102
20041014,31.65232
20041012,26.292239999999996
20041011,94.30146
20041009,12.36136
20041008,70.66449999999999
20041007,36.26345
20041006,35.02125
20041005,32.6864
20041004,25.754540000000002
20041001,25.979999999999997
20040930,87.10767000000001
20040929,115.5336
20040928,5.35086
20040927,40.28655
20040924,4.04271
20040923,42.896919999999994
20040922,13.512099999999998
20040921,73.7368
20040920,18.07595
20040917,47.59464
20040916,16.984699999999997
20040915,20.40328
20040914,21.83968
20040913,16.7508
20040910,4.826429999999999
20040909,7.183199999999999
20040908,6.58502
20040907,7.405
20040906,7.35518
20040903,17.94404
20040902,22.689110000000003
20040901,57.071999999999996
20040831,27.12304
20040830,7.6823999999999995
20040827,1.90605
20040826,6.70944
20040825,11.16213
20040824,6.266000000000001
20040823,2.6863200000000003
20040820,2.78077
20040819,257.62208
20040818,9.099480000000002
20040817,20.67615
20040816,8.004150000000001
20040813,18.0081
20040812,11.475620000000001
20040811,270.69075000000004
20040810,26.67896
20040809,31.550559999999997
20040806,7.605299999999999
20040805,24.00564
20040804,11.82
20040803,12.720500000000001
20040802,18.915260000000004
20040730,44.01045
20040729,27.276479999999996
20040728,7.14405
20040727,16.9968
20040726,5.31986
20040723,7.6927200000000004
20040722,165.66601999999997
20040721,5.622420000000001
20040720,14.438449999999998
20040719,14.394799999999998
20040716,9.99976
20040715,2.8047599999999995
20040714,24.188669999999995
20040713,19.02655
20040712,19.84525
20040709,12.50815
20040708,91.36800000000001
20040707,59.0544
20040706,7.6608
20040705,9.9648
20040702,2.2752499999999998
20040701,75.71902
20040630,3.9978399999999996
20040629,112.00728
20040628,83.33576000000001
20040625,29.911540000000002
20040624,61.692
20040623,28.49375
20040622,30.608349999999998
20040621,93.71618999999998
20040618,118.60541000000002
20040617,226.65258
20040616,6.5043999999999995
20040615,25.2167
20040614,22.044039999999995
20040611,17.47432
20040610,13.352139999999999
20040609,13.859079999999999
20040608,16.23152
20040607,13.9794
20040604,7.4295
20040603,15.08188
20040602,5.54645
20040601,380.77578
20040531,31.82184
20040528,32.954550000000005
20040527,70.36134
20040526,42.58210999999999
20040525,22.303919999999998
20040524,55.801140000000004
20040521,18.901120000000002
20040520,588.0348
20040519,34.358180000000004
20040518,63.73195
20040517,46.77279999999999
20040514,81.91814000000001
20040513,582.17544
20040512,69.615
20040511,31.549630000000004
20040510,114.3792
20040507,13.7952
20040506,1384.1620200000002
20040505,44.28468
20040504,20.84967
20040503,22.117919999999998
20040430,45.44856
20040429,37.60668
20040428,1474.2684
20040427,25.319460000000003
20040423,310.57027999999997
20040422,95.17278000000002
20040421,549.8348
20040420,151.9145
20040419,402.46495999999996
20040417,6.928959999999999
20040416,30.300900000000002
20040415,1779.1749500000003
20040413,227.80136
20040412,95.75104
20040408,42.56496
20040407,205.73675
20040406,16.402
20040405,21.53096
20040402,175.82810000000003
20040401,2399.4931100000003
20040331,42.4745
20040330,11.30948
20040329,15.15654
20040326,1220.44266
20040325,21.78158
20040324,11.529440000000001
20040323,41.01243
20040322,201.84087000000002
20040319,347.16924
20040318,26.05632
20040317,20.2909
20040316,14.288580000000001
20040315,19.15413
20040312,13.42332
20040311,39.65274000000001
20040310,18.87135
20040309,54.255500000000005
20040308,12.2936
20040305,32.6716
20040304,34.68509
20040303,71.97743
20040301,26.77656
20040227,342.91744
20040226,160.71560999999997
20040225,233.44544
20040224,262.99125
20040223,401.07869999999997
20040220,158.17725
20040219,22.37456
20040218,103.48806000000002
20040217,66.04785
20040216,19.54204
20040213,328.99
20040212,213.84766000000002
20040211,41.99136000000001
20040210,31.749299999999998
20040209,17.7705
20040206,153.17968
20040205,18.78456
20040204,202.61904
20040203,37.414159999999995
20040130,194.58151999999998
20040129,80.1649
20040128,50.222699999999996
20040127,49.374629999999996
20040123,87.13734000000001
20040122,58.348
20040121,62.91968
20040120,69.98786
20040119,38.497499999999995
20040116,73.82636000000001
20040115,300.89645999999993
20040114,79.12431
20040113,733.5907500000001
20040112,508.58544
20040109,204.38720999999998
20040108,67.652
20040107,55.62368000000001
20040106,110.64446999999998
20040105,321.1684
20040102,45.689280000000004
20040101,91.10660000000001
20031231,2003.11636
20031230,37.36848
20031229,78.16203999999999
20031226,57.95217999999999
20031224,25.240559999999995
20031223,40.355779999999996
20031222,52.18165
20031219,56.774080000000005
20031218,73.25184
20031217,34.407999999999994
20031216,241.11204
20031215,49.24066
20031212,61.347899999999996
20031211,718.48472
20031210,69.8895
20031209,82.90547999999998
20031208,375.01668
20031205,482.9587
20031204,356.97884
20031203,38.3424
20031202,539.42548
20031201,227.02684
20031128,113.56779000000002
20031127,23.4745
20031125,73.97720000000001
20031124,45.58575999999999
20031121,38.67381
20031120,40.310550000000006
20031119,38.01016
20031118,26.27152
20031117,102.2655
20031115,6.350260000000001
20031114,78.4228
20031113,163.28433
20031112,684.7878000000001
20031111,302.82438
20031110,106.42722
20031107,111.14259999999999
20031106,273.288
20031105,105.97830000000002
20031104,83.3307
20031103,88.23948
20031031,202.19116
20031030,66.8607
20031029,37.45954
20031028,126.1511
20031027,111.02717999999999
20031025,29.140439999999998
20031024,38.043000000000006
20031023,46.465599999999995
20031022,26.01984
20031021,35.144
20031020,142.89911999999998
20031017,79.01712
20031016,68.1096
20031015,95.68142999999999
20031014,124.7088
20031013,96.34524999999998
20031010,67.46565000000001
20031009,182.73178000000004
20031008,45.97138
20031007,115.59132
20031006,62.11905
20031003,34.92174
20031001,13.86833
20030930,18.211270000000003
20030929,53.2285
20030926,86.88419999999999
20030925,19.229
20030924,21.2393
20030923,46.04832
20030922,75.58608
20030919,16.59322
20030918,565.18338
20030917,1448.15292
20030916,56.743919999999996
20030915,602.5896799999999
20030912,67.49777
20030911,96.29088
20030910,51.52854000000001
20030909,85.27926000000001
20030908,30.644460000000002
20030905,21.588070000000002
20030904,148.27435
20030903,92.2878
20030902,33.46008
20030901,42.75350999999999
20030829,46.037
20030828,91.79375
20030827,144.91775
20030826,68.0043
20030825,119.66427
20030822,126.69779999999999
20030821,113.47416
20030820,98.65643999999999
20030819,51.79147999999999
20030818,74.03376
20030814,73.78622999999999
20030813,71.34259999999999
20030812,39.04047
20030811,1894.06526
20030808,74.76719
20030807,54.08013999999999
20030806,11.05654
20030805,28.65046
20030804,27.478240000000003
20030801,15.033739999999998
20030731,123.08706000000001
20030730,15.0483
20030729,108.65676
20030728,11.8818
20030725,15.531
20030724,21.888
20030723,9.88182
20030722,11.974050000000002
20030721,19.38666
20030718,28.5262
20030717,16.19066
20030716,20.98728
20030715,18.93552
20030714,46.0412
20030711,25.73352
20030710,25.66368
20030709,42.436080000000004
20030708,27.90914
20030707,22.638720000000003
20030704,28.530079999999998
20030703,62.254200000000004
20030702,17.65936
20030701,79.4168
20030630,752.04159
20030627,46.77803
20030626,16.6687
20030625,9.8697
20030624,13.699380000000001
20030623,28.45074
20030620,13.323179999999999
20030619,11.79264
20030618,486.1718
20030617,55.565419999999996
20030616,159.6231
20030613,29.355299999999996
20030612,19.739160000000002
20030611,21.4716
20030610,41.24100000000001
20030609,39.563359999999996
20030606,29.29808
20030605,1877.37408
20030604,612.53013
20030603,85.16716000000001
20030602,33.645360000000004
20030530,118.05884999999999
20030529,223.67799
20030528,571.0453
20030527,109.02272
20030526,132.41448000000003
20030523,32.637
20030522,2848.4064
20030521,27.73347
20030520,50.73225
20030519,127.93712000000001
20030516,817.36908
20030515,18.0155
20030514,4.095090000000001
20030513,19.79864
20030512,5.359939999999999
20030509,111.07474
20030508,6.3067400000000005
20030507,8.15189
20030506,8.18748
20030505,12.80524
20030502,22.20432
20030430,9.908290000000001
20030429,37.10464
20030428,5.09544
20030425,11.32253
20030424,3.15758
20030423,3.0220399999999996
20030422,49.83808
20030421,58.018679999999996
20030417,70.50024
20030416,74.49332
20030415,3.43905
20030411,4.4755199999999995
20030410,5.12054
20030409,17.25168
20030408,3.4884000000000004
20030407,10.15808
20030404,3.1621
20030403,0.509
20030402,1.5736599999999998
20030401,1.1154000000000002
20030331,37.122899999999994
20030328,2.2016
20030327,4.5864
20030326,49.52287
20030325,25.332959999999996
20030324,63.54858
20030322,3.17929
20030321,44.85292
20030320,163.67013
20030319,438.48816
20030317,18.107400000000002
20030313,3.1733100000000003
20030312,10.65472
20030311,253.54995
20030310,29.13516
20030307,33.205
20030306,75.87183999999999
20030305,251.0256
20030304,14.01624
20030303,4.9401
20030228,14.00355
20030227,6.955
20030226,8.44965
20030225,4.455
20030224,6.45656
20030221,2.50997
20030220,682.3195000000001
20030219,5.8
20030218,77.98674
20030217,2.00088
20030214,345.135
20030212,18.57141
20030211,42.79464
20030210,28.77995
20030207,42.822779999999995
20030206,44.348400000000005
20030205,17.50451
20030204,0.86526
20030203,6.751849999999999
20030131,4.23345
20030130,3.683
20030129,33.492239999999995
20030128,6.57655
20030127,6.952500000000001
20030124,6.4409600000000005
20030123,123.43422
20030122,8.92514
20030121,15.537550000000001
20030120,28.16616
20030117,10.991959999999999
20030116,53.9864
20030115,17.72447
20030114,4.31909
20030113,5.28905
20030110,5.73853
20030109,39.3472
20030108,4.799869999999999
20030107,7.58784
20030106,365.0488
20030103,946.91877
20030102,18.90426
20030101,2.3184
20021231,24.920499999999997
20021230,5.8984
20021227,33.74444
20021226,6.56336
20021224,79.65508000000001
20021223,8.78534
20021220,3.60255
20021219,253.26592000000002
20021218,6.901949999999999
20021217,1409.55776
20021216,17.73056
20021213,58.381750000000004
20021212,43.08993
20021211,8.35778
20021210,23.759159999999998
20021209,8.155560000000001
20021206,4.15512
20021205,78.96064
20021204,7.736739999999999
20021203,21.62644
20021202,18.89917
20021129,275.57768999999996
20021128,3.5699999999999994
20021127,1.48992
20021126,1.9391399999999999
20021125,4.1921
20021122,7.003839999999999
20021121,13.55256
20021120,9.315
20021118,9.70868
20021115,18.595840000000003
20021114,554.22917
20021113,3.8603799999999997
20021112,261.33525000000003
20021111,1014.5350000000001
20021108,2.6058999999999997
20021107,23.261319999999998
20021105,2.75609
20021104,4.94252
20021101,10.6398
20021031,207.5434
20021030,471.16492
20021029,9.36152
20021028,203.62482
20021025,175.79676
20021024,13.496469999999999
20021023,4.4088
20021022,320.8976
20021021,51.628499999999995
20021018,6.02945
20021017,67.06224999999999
20021016,198.20732
20021014,6.642809999999999
20021011,100.64298000000001
20021010,65.95924000000001
20021009,4.3060599999999996
20021008,164.1039
20021007,5.91422
20021004,6.9740400000000005
20021003,3.2709599999999996
20021001,17.31822
20020930,11.372659999999998
20020927,5.049809999999999
20020926,0.2635
20020925,5.12176
20020924,3.30255
20020923,0.9099799999999999
20020920,4.65687
20020919,4.73652
20020918,8.77082
20020917,5.8936
20020916,20.77405
20020913,13.280309999999998
20020912,6.20802
20020911,2.21312
20020909,7.86442
20020906,36.814640000000004
20020905,81.23536
20020904,8.31059
20020903,8.92611
20020902,30.60363
20020830,9.236559999999999
20020829,8.6527
20020828,7.2504
20020827,9.17286
20020826,5.334600000000001
20020823,11.36394
20020822,11.22881
20020821,12.58382
20020820,34.73271
20020819,8.4872
20020816,9.93547
20020814,12.7612
20020813,32.6297
20020812,2.6625199999999998
20020809,15.75299
20020808,19.478070000000002
20020807,8.20858
20020806,6.0174900000000004
20020805,11.620140000000001
20020802,5.69899
20020801,16.6617
20020731,36.1488
20020730,34.40635
20020729,61.131719999999994
20020726,29.26182
20020725,78.37096
20020724,8.733479999999998
20020723,34.065200000000004
20020722,10.434199999999999
20020719,12.290500000000002
20020718,23.01679
20020717,276.06895
20020716,14.299740000000002
20020715,12.48015
20020712,19.47104
20020711,17.71424
20020710,51.22290000000001
20020709,37.38008
20020708,498.3606699999999
20020705,196.07613999999998
20020704,44.196349999999995
20020703,116.41703000000001
20020702,83.50434
20020701,63.372119999999995
20020628,60.695949999999996
20020627,2.16256
20020626,1.06
20020625,6.0
20020624,146.87516
20020621,148.37112
20020620,159.26999999999998
20020619,57.662400000000005
20020618,109.95435
20020617,17.63328
20020614,10.667679999999999
20020613,230.364
20020612,371.39634
20020611,11.1537
20020610,5.525519999999999
20020607,162.43262000000001
20020606,47.20505
20020605,16.52235
20020604,436.10911999999996
20020603,126.06396000000002
20020531,37.904219999999995
20020530,237.56005
20020529,3.6223500000000004
20020528,10.57595
20020527,9.80856
20020524,15.714
20020523,9.65446
20020522,5.771699999999999
20020521,44.3664
20020520,6.00572
20020517,7.7261999999999995
20020516,4.42882
20020515,9.97776
20020514,8.46732
20020513,125.76252000000001
20020510,28.44074
20020509,45.58635
20020508,4.6002
20020507,4.83636
20020506,10.453020000000002
20020503,6.704529999999999
20020502,94.51848000000001
20020430,19.829
20020429,32.25096
20020426,5.085299999999999
20020425,82.9056
20020424,13.0917
20020423,20.01564
20020422,208.1625
20020419,22.3774
20020418,16.38609
20020417,16.9488
20020416,13.68252
20020415,60.605000000000004
20020412,20.91453
20020411,17.75284
20020410,6.0164800000000005
20020409,896.79254
20020408,20.0819
20020405,14.838890000000001
20020404,21.269160000000003
20020403,426.24318
20020402,80.35544
20020401,76.93105
20020328,335.84738
20020327,200.565
20020326,712.7615099999999
20020322,394.69223999999997
20020321,230.73072
20020320,123.57310000000001
20020319,36.147420000000004
20020318,48.324239999999996
20020315,24.226080000000003
20020314,652.935
20020313,317.81890000000004
20020312,4.27448
20020311,271.2214
20020308,59.697599999999994
20020307,261.31314999999995
20020306,139.2114
20020305,245.673
20020304,96.51588
20020301,12.902190000000001
20020228,61.961679999999994
20020227,101.93039999999999
20020226,80.3841
20020225,35.2098
20020222,57.859950000000005
20020221,329.4245
20020220,505.55895999999996
20020219,479.13509000000005
20020218,35.5408
20020215,58.127489999999995
20020214,20.205719999999996
20020213,91.9505
20020212,102.24180000000001
20020211,279.11268
20020208,63.06152
20020207,10.58184
20020206,59.214870000000005
20020205,6.053130000000001
20020204,6.7494000000000005
20020201,36.04602
20020131,75.64086000000002
20020130,2.3867799999999995
20020129,5.4528
20020128,10.060479999999998
20020125,44.05122
20020124,183.57018
20020123,4.85604
20020122,7.43511
20020121,16.5984
20020118,2.8182000000000005
20020117,5.11094
20020116,12.33804
20020115,12.12059
20020114,9.9592
20020111,11.794300000000002
20020110,12.966359999999998
20020109,24.094900000000003
20020108,17.51715
20020107,12.9738
20020104,10.47826
20020103,53.4055
20020102,2.299
20020101,4.42437
20011231,7.20632
20011228,16.110300000000002
20011227,2.85076
20011226,10.370579999999999
20011224,7.7873399999999995
20011221,13.3381
20011220,8.5008
20011219,20.00702
20011218,49.97421
20011214,15.21072
20011213,155.78346
20011212,203.58432
20011211,77.70384
20011210,190.46321
20011207,93.71204999999999
20011206,272.8928
20011205,172.37649
20011204,116.54064000000001
20011203,23.612560000000002
20011129,31.76025
20011128,12.09179
20011127,12.5925
20011126,48.04312
20011123,87.295
20011122,8.88636
20011121,53.56699999999999
20011120,107.62916
20011119,91.53705
20011115,11.2992
20011114,13.55064
20011113,277.41048000000006
20011112,2.5803000000000003
20011109,12.20355
20011108,43.78473000000001
20011107,15.733519999999999
20011106,27.006
20011105,9.90012
20011102,8.477979999999999
20011101,28.890050000000002
20011031,17.65296
20011030,12.22644
20011029,4.3442
20011025,26.058419999999998
20011024,43.8855
20011023,7.677480000000001
20011022,8.96072
20011019,23.56249
20011018,16.74024
20011017,8.61456
20011016,5.77126
20011015,3.8335
20011012,17.064320000000002
20011011,262.5373
20011010,10.7651
20011009,2.26586
20011008,4.74212
20011005,99.87992
20011004,2.75808
20011003,5.84052
20011001,64.11956
20010928,26.75864
20010927,23.290380000000003
20010926,9.55966
20010925,423.0552
20010924,6.272099999999999
20010921,5.344
20010920,7.544
20010919,16.417679999999997
20010918,14.324
20010917,34.328
20010914,40.2408
20010913,77.75382
20010912,14.744950000000001
20010911,658.2995000000001
20010910,17.21187
20010907,12.23228
20010906,5.5826
20010905,9.69525
20010904,20.03474
20010903,7.6149700000000005
20010831,14.110199999999999
20010830,14.009699999999999
20010829,7.91622
20010828,5.188
20010827,9.8
20010824,2.07358
20010823,8.86008
20010821,1.304
20010820,4.116
20010817,11.53386
20010816,106.76223999999999
20010814,12.05536
20010813,10.676
20010810,9.7407
20010809,0.21725
20010808,39.54352
20010807,13.80064
20010806,0.94192
20010803,18.036
20010802,22.8863
20010801,67.38678
20010731,3.6642
20010730,6.671550000000001
20010727,29.20008
20010726,878.20018
20010725,36.218379999999996
20010724,35.69728
20010720,169.32299999999998
20010719,109.24692
20010718,0.5745
20010717,31.64928
20010716,4.4505799999999995
20010713,3.03765
20010712,0.7623000000000001
20010711,78.84097999999999
20010710,1.65888
20010709,8.2621
20010706,194.65109999999999
20010705,40.6272
20010704,0.47615999999999997
20010703,508.2616
20010702,4.0117
20010629,82.57698
20010628,13.9524
20010627,20.32524
20010626,23.8777
20010625,7.18658
20010622,28.1754
20010621,24.86
20010620,829.5133
20010619,44.17105
20010618,16.839199999999998
20010615,54.456
20010614,14.97292
20010613,21.6504
20010612,8.29514
20010611,15.251669999999999
20010608,27.782819999999997
20010607,45.03516
20010606,13.968990000000002
20010605,9.78673
20010605,121.52
20010604,20.314639999999997
20010601,30.46232
20010531,14.12768
20010530,32.469359999999995
20010529,17.80144
20010528,29.79029
20010525,22.0682
20010524,76.17324
20010524,1058.75
20010523,90.35355999999999
20010522,17.25874
20010521,18.86793
20010518,16.96958
20010517,7.86854
20010516,7.39444
20010515,1224.0
20010515,8.940439999999999
20010514,3.61665
20010514,1623.9999999999998
20010511,7.94687
20010510,7.665050000000001
20010509,11.46574
20010508,233.28162
20010507,42.92595
20010504,38.5618
20010503,5.525659999999999
20010502,54.12706
20010430,19.533179999999998
20010427,18.1521
20010426,4.056
20010425,2.2793399999999995
20010424,11.01072
20010423,12.034080000000001
20010420,39.176
20010419,37.500119999999995
20010418,6.6766499999999995
20010417,45.818400000000004
20010416,10.117519999999999
20010412,28.323999999999998
20010411,6.622
20010410,9.13761
20010409,19.391650000000002
20010406,16.7428
20010404,63.116240000000005
20010403,6.63012
20010402,18.820619999999998
20010330,17.68312
20010329,199.36216
20010328,393.27963
20010327,286.0374
20010326,12.6111
20010323,147.37074
20010322,72.76416
20010321,18.20448
20010320,8.2125
20010319,48.255900000000004
20010316,27.35386
20010315,39.90348
20010314,32.96291000000001
20010313,127.68360000000001
20010312,59.180400000000006
20010309,95.88596
20010308,44.885310000000004
20010307,103.41183
20010305,289.16865
20010302,721.81449
20010301,108.79703999999998
20010228,35.52164
20010227,34.208450000000006
20010226,21.869310000000002
20010223,46.101870000000005
20010222,53.10942000000001
20010221,20.7009
20010220,42.9939
20010219,118.41642
20010216,66.19383
20010215,50.83614000000001
20010214,231.41496
20010213,233.72549999999995
20010212,302.45382
20010209,380.5125
20010208,158.48904
20010207,79.78554
20010206,297.89525000000003
20010205,151.44528
20010202,39.02175
20010201,81.47064
20010131,68.01708
20010130,82.21906
20010129,86.42699999999999
20010125,277.26776
20010124,118.70245000000001
20010123,372.05766
20010122,423.00858
20010119,157.10058
20010118,23.4804
20010117,22.02056
20010116,140.01744
20010115,100.3727
20010112,43.42194
20010111,159.64845
20010110,34.07565
20010109,63.876059999999995
20010108,58.81304000000001
20010105,82.42578000000002
20010104,57.281960000000005
20010103,58.21716
20010102,61.782000000000004
20010101,46.156110000000005
20001229,116.20854
20001228,37.18512
20001227,14.9898
20001226,39.64564
20001222,110.00115000000001
20001221,42.9702
20001220,24.20192
20001219,48.44016
20001218,382.6651499999999
20001215,88.80822
20001214,346.0251
20001213,953.2593
20001212,250.60354
20001211,126.8987
20001208,275.45448
20001207,15.00008
20001206,77.48264
20001205,147.70235
20001204,57.61868
20001201,224.16514
20001130,92.9356
20001129,273.96728
20001128,491.888
20001127,32.62623
20001124,61.3724
20001123,164.81939999999997
20001122,19.727819999999998
20001121,18.33012
20001120,20.2176
20001117,26.42256
20001116,148.42362
20001115,195.92511000000002
20001114,128.656
20001113,44.99835
20001110,47.62853
20001109,41.148540000000004
20001108,35.512119999999996
20001107,23.217920000000003
20001106,42.945789999999995
20001103,20.2419
20001102,12.60688
20001101,417.55567
20001031,615.02382
20001030,9.52016
20001027,11.87073
20001026,6.59638
20001025,27.85315
20001024,17.65764
20001023,28.41525
20001020,38.00276
20001019,124.03197
20001018,106.27577999999998
20001017,81.16865999999999
20001016,48.34932
20001016,50.8859
20001013,91.25288
20001012,20.58958
20001011,17.525299999999998
20001010,25.85464
20001009,27.011050000000004
20001006,57.442499999999995
20001005,6.0203999999999995
20001004,10.631400000000001
20001003,14.064700000000002
20000929,18.9035
20000928,38.156400000000005
20000927,11.6064
20000926,13.698
20000925,11.69361
20000922,23.88476
20000921,11.29764
20000920,34.11
20000919,61.99696
20000918,9.740499999999999
20000915,18.48
20000914,8.5554
20000913,12.179440000000001
20000912,15.9001
20000911,23.54729
20000908,10.3082
20000907,16.498079999999998
20000906,6.768
20000905,15.058919999999999
20000904,13.62543
20000831,22.436
20000830,4.4226
20000829,12.784360000000001
20000828,9.9549
20000825,22.49932
20000824,320.24736
20000823,240.51743999999997
20000822,8.21907
20000821,8.414679999999999
20000818,23.91495
20000817,115.68128
20000816,403.15380999999996
20000814,27.80284
20000811,19.382940000000005
20000810,10.172400000000001
20000809,7.3458000000000006
20000808,8.719479999999999
20000807,15.386600000000001
20000804,52.422529999999995
20000803,36.72383
20000802,42.68094
20000801,88.75734
20000731,105.12615999999998
20000728,77.70606
20000727,58.46623999999999
20000726,759.8843199999999
20000725,228.06228000000002
20000724,96.94608000000001
20000721,79.99425000000001
20000720,43.732530000000004
20000719,52.592220000000005
20000718,97.24554
20000717,174.74699
20000714,494.102
20000713,212.1689
20000712,224.32452
20000711,41.02762
20000710,61.84158
20000707,29.13474
20000706,12.803
20000705,24.87105
20000704,18.68125
20000703,35.78972
20000630,34.248149999999995
20000629,9.124740000000001
20000628,8.53384
20000627,20.59975
20000626,17.988879999999998
20000623,25.28125
20000622,15.075
20000621,22.598100000000002
20000620,21.851460000000003
20000619,33.42406999999999
20000616,40.472339999999996
20000615,11.87552
20000614,13.039390000000001
20000613,14.246400000000001
20000612,38.284800000000004
20000609,37.680279999999996
20000608,16.19717
20000607,35.22104
20000606,43.723130000000005
20000605,47.16612
20000602,138.4614
20000601,91.24346
20000531,218.1738
20000530,161.155
20000529,144.70198
20000526,130.02687
20000525,124.93264
20000524,428.45298999999994
20000523,365.75366
20000522,34.54614
20000519,34.55504
20000518,5.2077800000000005
20000517,16.54048
20000516,20.447680000000002
20000515,41.96205
20000512,27.401220000000006
20000511,11.80071
20000510,24.04035
20000509,9.741600000000002
20000508,17.39416
20000505,234.57424999999998
20000504,79.13820000000001
20000503,19.47705
20000502,22.98192
20000428,20.141939999999998
20000427,18.005599999999998
20000426,18.57856
20000425,28.054259999999996
20000424,16.4862
20000420,49.610679999999995
20000419,37.578199999999995
20000418,6.657539999999999
20000417,41.30236
20000413,28.59288
20000412,232.56447
20000411,34.173700000000004
20000410,368.98416000000003
20000407,39.55392
20000406,33.83107
20000405,41.32462
20000404,51.3536
20000403,120.11724000000001
20000331,31.37648
20000330,51.894330000000004
20000329,25.9749
20000328,32.11
20000327,38.49408
20000324,26.776699999999998
20000323,30.0762
20000322,24.8045
20000321,47.66496
20000316,414.48652000000004
20000315,48.48162
20000315,48.64
20000314,218.68124999999998
20000313,294.77245
20000310,82.85900000000001
20000309,239.52759999999998
20000308,461.78505000000007
20000307,396.32175
20000306,366.87825000000004
20000303,24.573919999999998
20000302,47.61071999999999
20000301,19.0773
20000229,24.17172
20000228,15.9836
20000225,77.3718
20000224,23.14884
20000223,28.489790000000003
20000222,17.736810000000002
20000221,119.80224000000001
20000218,44.51370000000001
20000217,83.53807
20000216,332.5285
20000215,53.17835
20000214,38.833800000000004
20000211,34.047
20000210,21.934589999999996
20000209,24.90432
20000208,166.83156
20000207,59.85428
20000204,355.93415
20000203,108.78725
20000202,98.58828
20000201,508.6398
20000131,286.50636000000003
20000128,202.6161
20000127,360.04929
20000125,740.92545
20000124,921.9453599999999
20000121,270.47225
20000120,169.73712
20000119,184.30374
20000118,238.57332
20000117,88.71609
20000114,551.81826
20000113,155.85247999999999
20000112,139.17696
20000111,269.22564
20000110,220.4694
20000107,849.8951699999999
20000106,31.50624
20000105,41.74038
20000104,55.8957
20000103,60.32576
