20160408,322.55872
20160407,290.64043
20160406,1256.01984
20160405,1626.1516500000002
20160404,1763.59532
20160401,1694.44513
20160331,7703.44662
20160330,952.6356
20160329,172.02304
20160328,129.4749
20160323,119.82770000000001
20160322,161.11354000000003
20160321,137.59914
20160318,217.82393999999996
20160317,118.9903
20160316,101.49216000000001
20160315,250.79012
20160314,191.118
20160311,324.54312000000004
20160310,138.80412
20160309,181.32612000000003
20160308,232.68354000000002
20160304,478.30958
20160303,321.68084999999996
20160302,103.95904
20160301,133.05536
20160229,82.82247
20160226,119.19082999999998
20160225,73.64829999999999
20160224,244.22089999999997
20160223,134.08665
20160222,37.40658
20160219,45.07379999999999
20160218,190.5816
20160217,188.81598000000002
20160216,203.15171999999998
20160215,195.52012000000002
20160212,275.03793
20160211,602.8218
20160210,4433.21402
20160209,315.06831999999997
20160208,157.24192
20160205,285.88896
20160204,323.36740000000003
20160203,149.60316
20160202,124.89372
20160201,252.53331
20160129,289.1675
20160128,1290.8838999999998
20160127,746.4675
20160125,308.1696
20160122,328.32144999999997
20160121,436.33212000000003
20160120,112.62129999999999
20160119,72.58310000000002
20160118,63.48769
20160115,42.63711
20160114,49.213680000000004
20160113,94.63740000000001
20160112,58.205400000000004
20160111,100.49921
20160108,97.08194
20160107,181.10094
20160106,106.2444
20160105,310.02425999999997
20160104,156.92479999999998
20160101,73.34469999999999
20151231,130.28832
20151230,61.52124
20151229,50.09844
20151228,57.9738
20151224,118.27749999999999
20151223,103.94081000000001
20151222,264.43636000000004
20151221,125.97911999999998
20151218,160.64808
20151217,140.11829999999998
20151216,180.88481000000002
20151215,246.20019
20151214,87.2
20151211,165.09142
20151210,58.08101
20151209,147.741
20151208,69.22800000000001
20151207,83.11555
20151204,222.71424
20151203,136.51837
20151202,158.04558000000003
20151201,291.856
20151130,67.05732
20151127,103.53667
20151126,151.67020000000002
20151124,81.41760000000001
20151123,180.19962000000004
20151120,278.7422
20151119,216.72672000000003
20151118,232.59824999999998
20151117,99.89363999999999
20151116,139.31325
20151113,146.26719999999997
20151111,73.11048
20151110,282.91625
20151109,99.876
20151106,184.71686000000003
20151105,143.2242
20151104,124.44402000000001
20151103,110.47099999999999
20151102,126.98937000000001
20151030,219.324
20151029,109.7406
20151028,116.54895
20151027,170.11638000000002
20151026,180.98712
20151023,254.85648000000003
20151021,243.60336
20151020,573.48731
20151019,414.78060000000005
20151016,150.9453
20151015,101.89529999999999
20151014,79.98513000000001
20151013,138.52492
20151012,227.69698
20151009,342.69963
20151008,96.19533
20151007,139.43519999999998
20151006,169.50921
20151005,123.54423000000001
20151001,158.90600000000003
20150930,114.72192000000001
20150929,77.6691
20150928,66.4768
20150924,380.9320200000001
20150923,207.06274
20150922,796.49884
20150921,83.23738999999999
20150918,125.59304
20150916,75.77232000000001
20150915,165.41490000000002
20150914,185.45844999999997
20150911,75.14544
20150910,174.02244999999996
20150909,231.89096999999998
20150908,89.20512000000001
20150907,119.6345
20150904,130.32055
20150903,103.76014
20150902,104.95459
20150901,109.782
20150831,142.35578
20150828,191.81447999999997
20150827,175.42892
20150826,206.00316
20150825,162.51120999999998
20150824,288.65616
20150821,118.24569999999999
20150820,138.59786
20150819,673.6075500000001
20150818,103.28526
20150817,115.79568
20150814,112.74235999999999
20150813,239.09219999999996
20150812,133.7944
20150811,142.36513000000002
20150810,238.5168
20150807,146.87986
20150806,766.4167199999999
20150805,131.14218000000002
20150804,124.1775
20150803,191.48349000000002
20150731,74.54688
20150730,93.2446
20150729,154.14175
20150728,230.83214999999998
20150727,181.63395
20150724,63.951449999999994
20150723,176.87510999999998
20150722,137.48579999999998
20150721,382.17416000000003
20150720,608.44656
20150717,77.8129
20150716,96.16024
20150715,90.41507999999999
20150714,133.2225
20150713,160.95042
20150710,116.81295999999999
20150709,106.48664000000001
20150708,186.13179000000002
20150707,56.36204999999999
20150706,116.1136
20150703,406.23156
20150702,135.30552
20150701,124.90937999999998
20150630,170.96024
20150629,137.55221999999998
20150626,78.57388
20150625,110.43693
20150624,88.99596000000001
20150623,154.014
20150622,121.77920999999999
20150619,97.98066
20150618,65.86112
20150617,91.44045
20150616,65.99428
20150615,139.77202
20150612,99.60448000000001
20150611,202.29972
20150610,356.48163
20150609,138.14714999999998
20150608,62.16005
20150605,143.10933
20150604,186.37872000000002
20150603,221.35175999999998
20150602,212.33256000000003
20150601,87.52372
20150529,561.2956800000001
20150528,151.81932
20150527,185.71864000000002
20150526,70.09275
20150525,172.0455
20150522,162.98957000000001
20150521,113.24313000000001
20150520,48.57762
20150519,126.87995999999998
20150518,76.40208
20150515,119.68444000000001
20150514,115.03968
20150513,159.00976
20150512,252.27720000000002
20150511,255.97683999999998
20150508,125.68928000000001
20150507,338.06687999999997
20150506,358.13154
20150505,746.2030199999999
20150504,270.01176
20150430,192.7527
20150429,234.34745
20150428,363.88132
20150427,233.311
20150424,191.37359999999998
20150423,289.93796999999995
20150422,208.7511
20150421,376.08976
20150420,1507.87449
20150417,114.0874
20150416,192.01038
20150415,88.881
20150413,210.04500000000002
20150410,455.50577
20150409,139.69407999999999
20150408,77.67825
20150407,140.1072
20150406,232.58294999999998
20150401,212.96884
20150331,126.88896000000001
20150330,80.56784999999999
20150327,150.68235
20150326,167.26500000000001
20150325,118.69
20150324,126.77632
20150323,217.6
20150320,436.0204
20150319,236.20170000000002
20150318,246.47824000000003
20150317,113.60811
20150316,135.0908
20150313,173.48225
20150312,243.15139
20150311,89.92928
20150310,120.70452000000002
20150309,215.98825
20150305,266.15472
20150304,286.13668
20150303,199.74193
20150302,176.77586
20150228,274.29156
20150227,2240.59284
20150226,191.19172000000003
20150225,235.22626000000002
20150224,258.80796
20150223,200.37267
20150220,312.91475
20150219,1068.75266
20150218,159.12998
20150216,391.76458
20150213,142.98102
20150212,822.2217599999999
20150211,994.5865200000001
20150210,523.2601199999999
20150209,354.49323
20150206,174.98745
20150205,250.04144000000002
20150204,310.86064000000005
20150203,118.5138
20150202,117.75152
20150130,438.0136600000001
20150129,465.90930000000003
20150128,327.4128
20150127,591.96542
20150123,382.29666
20150122,253.95959999999997
20150121,319.74393
20150120,513.48075
20150119,388.25823
20150116,571.20708
20150115,554.6952
20150114,332.99175
20150113,144.25912
20150112,204.53856000000002
20150109,215.168
20150108,1000.1763
20150107,263.57912
20150106,357.70083999999997
20150105,152.79635
20150102,268.41794000000004
20150101,92.98890999999999
20141231,128.04681
20141230,113.07624000000001
20141229,194.92598999999998
20141226,70.70168
20141224,132.95772
20141223,159.08174999999997
20141222,97.67285
20141219,232.29989999999998
20141218,183.24044999999998
20141217,357.14288
20141216,305.24412
20141215,182.45601
20141212,359.20065
20141211,206.50578
20141210,228.06834
20141209,482.13736
20141208,480.54533000000004
20141205,3178.1392499999997
20141204,2179.08175
20141203,1752.1869199999999
20141202,105.7325
20141201,90.51813
20141128,139.40536
20141127,396.61440000000005
20141126,175.86828
20141125,405.11994
20141124,402.17524000000003
20141121,123.69546
20141120,152.58034
20141119,617.2764
20141118,160.96167
20141117,143.7282
20141114,297.29776999999996
20141113,212.50228999999996
20141112,176.99072
20141111,186.97619999999998
20141110,187.51806
20141107,344.51428
20141105,272.7047
20141103,267.91424
20141031,478.8
20141030,346.25894999999997
20141029,185.22175
20141028,262.55856
20141027,318.23740000000004
20141023,70.2117
20141022,225.73824000000002
20141021,313.53344000000004
20141020,683.60454
20141017,245.05611000000002
20141016,182.25155999999998
20141014,364.74911999999995
20141013,155.07348
20141010,172.51468
20141009,141.62180999999998
20141008,228.6875
20141007,258.40085999999997
20141001,198.495
20140930,227.934
20140929,117.26064
20140926,240.60806
20140925,309.07736
20140924,319.98483999999996
20140923,218.21249999999998
20140922,153.08032
20140919,216.66915
20140918,320.60717999999997
20140917,795.80994
20140916,494.87955
20140915,447.7312
20140912,337.5305
20140911,328.24170000000004
20140910,523.34822
20140909,427.57152
20140908,683.05456
20140905,1420.01561
20140904,129.86518999999998
20140903,307.07418
20140902,292.1542
20140901,213.33762
20140828,282.11661
20140827,174.1599
20140826,152.19026
20140825,284.05
20140822,169.53516
20140821,281.57402
20140820,445.05955
20140819,715.1259299999999
20140818,266.43683
20140814,279.51088
20140813,166.70000000000002
20140812,119.59552
20140811,132.17656
20140808,257.79078
20140807,272.83032000000003
20140806,355.23328000000004
20140805,207.0243
20140804,123.43892
20140801,350.3547
20140731,193.5909
20140730,330.88098999999994
20140728,436.96296
20140725,739.4556
20140724,434.90691
20140723,540.29931
20140722,455.74515
20140721,364.43628
20140718,288.51366
20140717,615.44352
20140716,419.57888
20140715,808.8753
20140714,845.23497
20140711,1064.60144
20140710,1177.69222
20140709,805.9507500000001
20140708,762.83505
20140707,460.7955
20140704,554.4684
20140703,252.14145
20140702,1220.25663
20140701,609.7549799999999
20140630,359.4972
20140627,2419.00544
20140626,458.2983
20140625,435.31166
20140624,508.11036
20140623,675.6224000000001
20140620,711.69784
20140619,1211.35902
20140618,1064.41368
20140617,836.6722000000001
20140616,858.12864
20140613,916.66608
20140612,978.2107200000002
20140611,1569.8760000000002
20140610,1334.46348
20140609,2419.66698
20140606,1825.9722
20140605,1631.2995799999999
20140604,1402.4185000000002
20140603,2159.43282
20140602,628.80272
20140530,527.3527
20140529,836.5844999999999
20140528,1063.7725
20140527,1026.4104
20140526,1841.8548
20140523,4593.41728
20140522,1547.60464
20140521,1439.9894
20140520,1474.1504
20140519,1428.2081400000002
20140516,914.48192
20140515,369.46032
20140514,274.24487999999997
20140513,235.49561999999997
20140512,223.01976
20140509,147.31776
20140508,91.69909999999999
20140507,432.13086
20140506,147.89579999999998
20140505,205.52202
20140502,162.996
20140430,147.86722999999998
20140429,195.27084000000002
20140428,90.57663
20140425,127.7953
20140423,154.02204
20140422,122.58156
20140421,330.79068
20140417,76.01943999999999
20140416,146.09301
20140415,163.09595
20140411,356.51403
20140410,155.43424
20140409,272.15278
20140407,84.20256
20140404,381.47150999999997
20140403,295.08765999999997
20140402,233.3862
20140401,473.387
20140331,564.9809
20140328,212.583
20140327,136.7606
20140326,132.22396
20140325,85.31688000000001
20140324,99.58599
20140322,3.6340399999999997
20140321,131.65362
20140320,113.07448
20140319,287.79861
20140318,106.90498
20140314,187.51096
20140313,200.61030000000002
20140312,242.42368000000002
20140311,225.86352000000002
20140310,150.00376
20140307,182.06591999999998
20140306,165.59423999999999
20140305,298.3361
20140304,344.92212
20140303,142.97010000000003
20140228,145.48961
20140226,230.50131
20140225,125.49475
20140224,250.30319999999995
20140221,289.4004
20140220,385.78301999999996
20140219,169.64315
20140218,353.71635999999995
20140217,124.89023999999999
20140214,179.48579999999998
20140213,358.72005
20140212,274.47896000000003
20140211,128.1306
20140210,233.0048
20140207,784.5354
20140206,785.31765
20140205,579.95136
20140204,248.45534999999998
20140203,163.648
20140131,211.21726
20140130,218.14
20140129,146.24874
20140128,194.01703999999998
20140127,309.614
20140124,320.96952
20140123,1115.0874000000001
20140122,578.2130400000001
20140121,1856.78666
20140120,1815.8712
20140117,612.6661799999999
20140116,342.0774
20140115,646.5556499999999
20140114,598.64497
20140113,399.74386
20140110,321.32652
20140109,346.14720000000005
20140108,485.2444
20140107,358.34238
20140106,374.58169
20140103,386.79384000000005
20140102,318.92508000000004
20140101,194.82011999999997
20131231,123.74128
20131230,365.66510999999997
20131227,152.8904
20131226,340.2152
20131224,413.1
20131223,226.1498
20131220,148.43295999999998
20131219,220.04944000000003
20131218,460.81512
20131217,159.45252
20131216,318.52121
20131213,245.37476999999998
20131212,363.08164999999997
20131211,477.11580000000004
20131210,3423.0124800000003
20131209,94.95597
20131206,192.92280000000002
20131205,444.69264
20131204,129.50925
20131203,301.59756
20131202,152.47977
20131129,190.36908
20131128,183.70884
20131127,62.60265999999999
20131126,232.11559
20131125,119.48625
20131122,210.91098
20131121,102.25285
20131120,98.89
20131119,89.3345
20131118,73.35629999999999
20131114,105.93906
20131113,106.67270999999998
20131112,175.05893999999998
20131111,150.97534000000002
20131108,92.02752000000001
20131107,116.13784
20131106,108.21328
20131105,221.66334000000003
20131103,172.24004000000002
20131101,505.04856
20131031,199.39504
20131030,352.24361999999996
20131029,70.73792999999999
20131028,143.11499999999998
20131025,95.00886
20131024,103.69800000000001
20131023,557.6592
20131022,318.09232000000003
20131021,176.95392
20131018,791.89355
20131017,523.1595
20131015,853.0409999999999
20131014,152.00625
20131011,198.67152000000002
20131010,164.70929999999998
20131009,228.18728
20131008,128.66291999999999
20131007,75.83066000000001
20131004,109.5787
20131003,166.44992000000002
20131001,118.88974999999998
20130930,155.52794
20130927,81.83762
20130926,185.92324000000002
20130925,1322.32048
20130924,133.96068
20130923,223.21430999999998
20130920,343.26535
20130919,235.44335999999996
20130918,60.29579
20130917,75.41751000000001
20130916,105.56751
20130913,204.558
20130912,236.80964999999998
20130911,250.26854999999998
20130910,628.89084
20130906,234.98475
20130905,258.32856999999996
20130904,485.2828
20130903,2463.6720199999995
20130902,502.9353
20130830,920.14758
20130829,644.1949999999999
20130828,377.12824000000006
20130827,240.3954
20130826,606.75703
20130823,306.85989
20130822,911.13687
20130821,1223.96928
20130820,3441.43767
20130819,204.53310000000002
20130816,125.72027
20130814,125.92304999999998
20130813,127.60216000000001
20130812,340.04286
20130808,98.44962000000001
20130807,64.15605
20130806,52.78884
20130805,53.512679999999996
20130802,180.24482
20130801,69.69222
20130731,108.46700000000001
20130730,70.56579
20130729,73.42779
20130726,125.5984
20130725,90.0336
20130724,122.60808
20130723,210.72966
20130722,1708.6561200000003
20130719,359.65891999999997
20130718,52.1655
20130717,70.81559999999999
20130716,93.10940000000001
20130715,179.256
20130712,45.58554
20130711,67.03396000000001
20130710,69.08709
20130709,45.053700000000006
20130708,58.989610000000006
20130705,67.42880000000001
20130704,167.02602
20130703,106.17439999999999
20130702,145.61579999999998
20130701,138.5989
20130628,194.09607
20130627,139.75938000000002
20130626,117.75784999999999
20130625,155.7296
20130624,113.62201999999999
20130621,100.4724
20130620,106.69887
20130619,52.6435
20130618,60.5955
20130617,64.69575
20130614,103.36749999999999
20130613,77.12146
20130612,96.72273
20130611,76.59828
20130610,160.8354
20130607,41.983760000000004
20130606,103.3646
20130605,54.40748
20130604,71.7318
20130603,80.31842
20130531,47.23962
20130530,65.2458
20130529,57.2043
20130528,32.55109
20130527,103.00866
20130524,54.15956
20130523,116.92599999999999
20130522,113.4272
20130521,110.2365
20130520,45.56555999999999
20130517,111.05912
20130516,199.74465
20130515,50.02776
20130514,67.47576000000001
20130513,221.25279
20130511,3.16217
20130510,64.05498
20130509,101.50056
20130508,61.4784
20130507,76.27167
20130506,178.3776
20130503,101.11229999999999
20130502,298.7408
20130430,145.18602
20130429,188.05435
20130426,646.54254
20130425,1110.2898
20130423,93.41728
20130422,175.16232000000002
20130418,192.02768
20130417,2428.42572
20130416,450.85328000000004
20130415,137.3022
20130412,41.7402
20130411,101.04885000000002
20130410,316.65222
20130409,81.34126
20130408,73.14368
20130405,43.19952
20130404,68.99283
20130403,102.0927
20130402,66.45047999999998
20130401,58.94154
20130328,162.3132
20130326,179.14294
20130325,235.83608
20130322,311.56408
20130321,237.05640000000002
20130320,322.17819000000003
20130319,229.04829
20130318,180.2184
20130315,158.08606
20130314,268.6119
20130313,279.9021
20130312,2530.17732
20130311,276.96383000000003
20130308,243.53724
20130307,278.68938
20130306,715.50127
20130305,383.24795
20130304,273.31850000000003
20130301,277.88784000000004
20130228,290.3418
20130227,213.63774
20130226,213.63249
20130225,193.7244
20130222,297.78744
20130221,167.58192
20130220,69.2341
20130219,82.28304
20130218,221.63067
20130215,237.80736
20130214,630.8063999999999
20130213,91.03424
20130212,100.72284
20130211,101.08992
20130208,120.20425999999999
20130207,91.17920000000001
20130206,78.88412
20130205,108.45244
20130204,170.43
20130201,86.28
20130131,110.37734
20130130,108.15156
20130129,112.91148000000001
20130128,113.60512
20130125,240.67259
20130124,187.80601
20130123,390.91101
20130122,318.4265
20130121,258.48728
20130118,1359.55262
20130117,261.41616
20130116,262.1367
20130115,109.30499999999999
20130114,91.7679
20130111,195.72995999999998
20130110,188.44063
20130109,169.21160000000003
20130108,105.27111000000001
20130107,295.01560000000006
20130104,237.78568
20130103,695.4926
20130102,236.85984
20130101,168.72444000000002
20121231,52.53784
20121228,99.5446
20121227,126.11303999999998
20121226,60.26196
20121224,101.56814999999999
20121221,206.70315
20121220,129.17682000000002
20121219,242.61002000000002
20121218,971.27116
20121217,165.73895000000002
20121214,474.2144
20121213,56.40027
20121212,54.31975
20121211,129.68943
20121210,123.80472
20121207,156.59955
20121206,383.05905
20121205,637.8832600000001
20121204,269.70288
20121203,400.49177999999995
20121130,154.74076000000002
20121129,987.5367
20121127,199.1932
20121126,250.30269
20121123,127.73030000000001
20121122,99.40944
20121121,168.04854
20121120,64.78920000000001
20121119,79.73472000000001
20121116,158.21348
20121115,136.27427
20121113,24.895500000000002
20121112,51.84058999999999
20121109,112.15940999999998
20121108,112.38945
20121107,190.92528
20121106,289.69704
20121105,226.47536000000002
20121102,270.16650999999996
20121101,142.73864
20121031,276.88527
20121030,372.21268
20121029,962.3510399999999
20121026,135.51525
20121025,226.309
20121023,429.67704000000003
20121022,431.82063
20121019,313.84904
20121018,248.64661999999998
20121017,195.9426
20121016,185.7072
20121015,132.57632
20121012,500.60538
20121011,133.41319
20121010,312.66976
20121009,270.1419
20121008,182.51711
20121005,167.36764000000002
20121004,268.79515
20121003,302.56437
20121001,135.2127
20120928,484.5561000000001
20120927,190.3466
20120926,224.15328000000002
20120925,179.50192
20120924,185.86256
20120921,254.09688
20120920,161.49079999999998
20120918,174.94876
20120917,291.53999999999996
20120914,632.7235900000001
20120913,249.40864000000002
20120912,254.35169999999997
20120911,200.3204
20120910,144.48194999999998
20120908,64.38144999999999
20120907,205.97893000000002
20120906,87.07692
20120905,102.9029
20120904,123.40548
20120903,96.10185
20120831,242.24198
20120830,110.22037
20120829,266.37364
20120828,205.16
20120827,106.00959999999999
20120824,326.30412
20120823,794.13015
20120822,497.34992
20120821,1500.0772499999998
20120817,133.20768
20120816,280.26598
20120814,215.52624
20120813,370.58852
20120810,675.99028
20120809,180.45874
20120808,311.33214
20120807,54.01872
20120806,41.86735
20120803,55.36116
20120802,27.1584
20120801,58.426410000000004
20120731,108.1404
20120730,199.5036
20120727,149.28699
20120726,116.58572000000001
20120725,80.32860000000001
20120724,247.4694
20120723,205.36056
20120720,460.70450999999997
20120719,65.0941
20120718,55.97238
20120717,82.70055
20120716,75.07751999999999
20120713,128.89016
20120712,106.57295
20120711,89.18778
20120710,591.4492100000001
20120709,320.352
20120706,119.77485
20120705,250.71948
20120704,356.4444
20120703,57.2983
20120702,66.67045999999999
20120629,1102.16168
20120628,42.24006
20120627,125.16102000000002
20120626,91.90454
20120625,126.06269999999999
20120622,96.20256
20120621,242.48427999999998
20120620,690.8275199999999
20120619,100.88078
20120618,135.18875
20120615,64.75742000000001
20120614,70.31592
20120613,103.2608
20120612,60.1146
20120611,129.91638
20120608,51.250980000000006
20120607,106.03461000000001
20120606,100.38304
20120605,92.03012000000001
20120604,71.35379999999999
20120601,79.03015
20120531,65.21388
20120530,104.90776
20120529,116.9108
20120528,111.0422
20120525,54.7686
20120524,93.87655000000001
20120523,64.5428
20120522,82.29494
20120521,88.76140000000001
20120518,168.8022
20120517,74.42432000000001
20120516,99.54720000000002
20120515,74.46435
20120514,66.14216
20120511,44.94132
20120510,74.00807999999999
20120509,116.17640999999999
20120508,78.01322
20120507,100.19209
20120504,76.89435
20120503,110.60672
20120502,49.91976
20120430,122.7897
20120428,17.23605
20120427,47.01844
20120426,107.84962
20120425,98.84549999999999
20120424,141.1956
20120423,177.97626
20120420,367.71232000000003
20120419,213.01995
20120418,98.22734999999999
20120417,95.11431999999999
20120416,164.65535999999997
20120413,352.47564
20120412,106.46101999999999
20120411,352.50392
20120410,144.15361
20120409,83.83914
20120404,134.13735
20120403,296.15489999999994
20120402,73.0046
20120330,396.1112499999999
20120329,376.61580000000004
20120328,432.3559
20120327,256.82475
20120326,379.804
20120323,132.97356
20120322,342.23973
20120321,316.3954
20120320,293.53146000000004
20120319,257.02884
20120316,369.10835999999995
20120315,431.28616
20120314,972.6467
20120313,312.7488
20120312,126.83008
20120309,266.86888
20120307,250.36157999999998
20120306,184.22588000000002
20120305,310.75701999999995
20120303,57.93132000000001
20120302,169.22412
20120301,551.1009999999999
20120229,368.84250000000003
20120228,312.01032000000004
20120227,191.10269999999997
20120224,379.46139
20120223,235.79654
20120222,185.79469999999998
20120221,249.502
20120217,594.0555
20120216,157.48768
20120215,263.88918
20120214,97.45992
20120213,137.96564
20120210,176.48113999999998
20120209,407.81248
20120208,146.94511
20120207,229.99568
20120206,510.83488
20120203,277.112
20120202,648.51787
20120201,176.72744
20120131,504.48624
20120130,285.0162
20120127,712.5871999999999
20120125,100.53617999999999
20120124,204.65618999999998
20120123,79.57818
20120120,410.20847999999995
20120119,207.7686
20120118,300.254
20120117,481.50755999999996
20120116,72.40632
20120113,195.04189
20120112,269.432
20120111,123.58388
20120110,174.88185000000001
20120109,115.14623999999999
20120107,7.420349999999999
20120106,82.09371
20120105,74.12901
20120104,323.00352
20120103,140.4779
20120102,132.82632
20111230,130.87332
20111229,71.52448
20111228,85.4373
20111227,82.79893
20111226,52.9131
20111223,59.56144
20111222,145.03079999999997
20111221,126.2196
20111220,119.12519999999999
20111219,124.96728
20111216,137.58968000000002
20111215,133.99386
20111214,149.36064
20111213,87.362
20111212,96.56948
20111209,164.6016
20111208,124.97714999999998
20111207,183.249
20111205,199.64934
20111202,97.0873
20111201,467.28435
20111130,124.76955
20111129,65.70928
20111128,121.44738
20111125,147.89766
20111124,76.70301
20111123,118.0938
20111122,86.47408
20111121,88.72104
20111118,192.34416
20111117,325.8954
20111116,83.62924000000001
20111115,68.12078000000001
20111114,89.20515
20111111,148.81
20111109,119.7912
20111108,89.45294
20111104,106.73472
20111103,117.23379999999999
20111102,255.53367
20111101,389.48928
20111031,240.392
20111028,628.8895799999999
20111026,62.871
20111025,228.48767999999998
20111024,129.88168
20111021,211.76131999999998
20111020,217.75215
20111019,1068.69861
20111018,108.89928
20111017,888.58917
20111014,118.13232
20111013,190.85274
20111012,275.52605
20111011,220.96368
20111010,119.12335000000002
20111007,246.31068000000002
20111005,140.91216
20111004,736.414
20111003,212.20983
20110930,524.18825
20110929,130.89626
20110928,181.39932
20110927,375.85744
20110926,979.21831
20110923,248.50056
20110922,294.16452000000004
20110921,197.40448
20110920,144.8928
20110919,128.65318000000002
20110916,388.29496
20110915,271.51904
20110914,158.54675999999998
20110913,258.75828
20110912,128.92271
20110909,213.25496999999996
20110908,159.91128
20110907,186.176
20110906,220.82346
20110905,314.02105
20110902,170.48004999999998
20110830,370.3771
20110829,204.6984
20110826,320.6725
20110825,223.49101
20110824,301.19921
20110823,218.71079999999998
20110822,139.73801
20110819,276.69831
20110818,153.22176
20110817,136.60129
20110816,151.35904
20110812,639.34446
20110811,213.44656
20110810,497.57735999999994
20110809,419.93055
20110808,679.5006
20110805,908.86466
20110804,126.06368
20110803,233.81056
20110802,288.33504
20110801,139.90218000000002
20110729,241.08227
20110728,567.30016
20110727,258.14208
20110726,348.6177
20110725,281.17624
20110722,875.8804600000001
20110721,1974.9862600000001
20110720,291.05284
20110719,277.97983999999997
20110718,98.63342999999999
20110715,143.04113999999998
20110714,233.50220999999996
20110713,117.69576
20110712,197.37283999999997
20110711,256.1322
20110708,1289.57268
20110707,138.75188
20110706,125.76021999999999
20110705,174.01624
20110704,363.99902
20110701,123.36107999999999
20110630,340.82816
20110629,243.0855
20110628,85.79114999999999
20110627,387.04446
20110624,212.93075999999996
20110623,143.08988999999997
20110622,91.41495999999998
20110621,136.98396
20110620,371.92682
20110617,118.96706
20110616,145.21104
20110615,66.24673
20110614,157.52730000000003
20110613,136.71632
20110610,478.94831999999997
20110609,103.33024
20110608,368.01024
20110607,281.0149
20110606,236.50242
20110603,374.84594999999996
20110602,227.27286999999998
20110601,323.52985
20110531,524.9311
20110530,251.31998999999996
20110527,631.2879
20110526,248.60597999999996
20110525,278.66621999999995
20110524,281.8809
20110523,355.61574
20110520,584.74688
20110519,562.6551
20110518,367.6284
20110517,506.3295
20110516,260.33531999999997
20110513,631.67222
20110512,499.22576
20110511,181.88410999999996
20110510,469.19628
20110509,679.796
20110506,859.5724799999999
20110505,367.07008
20110504,685.06672
20110503,492.08984999999996
20110502,740.6075400000001
20110429,742.03032
20110428,718.14528
20110427,616.60421
20110426,650.2625999999999
20110425,1663.3344
20110421,5126.67667
20110420,674.5972799999998
20110419,488.33628
20110418,978.7469999999998
20110415,489.38265999999993
20110413,1081.8595200000002
20110411,2381.29772
20110408,2917.2577499999998
20110407,582.1383
20110406,896.8436399999999
20110405,959.7711600000001
20110404,589.6108800000001
20110401,447.45974999999993
20110331,1111.7126999999998
20110330,675.0909000000001
20110329,1910.5788800000003
20110328,447.78744
20110325,817.19154
20110324,333.24414
20110323,188.71
20110322,105.237
20110321,241.31324
20110318,261.25872000000004
20110317,147.64656
20110316,239.41644000000002
20110315,324.03266
20110314,301.06888000000004
20110311,356.98652
20110310,397.39024
20110309,524.9412000000001
20110308,882.6195
20110307,1166.8219199999999
20110304,936.2275500000001
20110303,443.92346999999995
20110301,1003.5687900000001
20110228,253.23393
20110225,449.81698
20110224,293.45914999999997
20110223,955.2812500000001
20110222,263.47479
20110221,105.78099999999999
20110218,216.4523
20110217,307.26415999999995
20110216,1011.0464000000001
20110215,278.60164000000003
20110214,723.786
20110211,296.54898000000003
20110210,255.85952
20110209,507.37402
20110208,385.01034000000004
20110207,341.3536199999999
20110204,307.57599
20110203,481.53798
20110202,528.6180800000001
20110201,275.06458
20110131,645.56252
20110128,961.9871
20110127,716.08212
20110125,869.83974
20110124,921.35745
20110121,335.14993
20110120,1042.00668
20110119,4076.1125999999995
20110118,880.4737799999999
20110117,852.9523200000001
20110114,755.0021
20110113,1368.83405
20110112,2297.80348
20110111,4252.91526
20110110,342.61007
20110107,815.8937500000001
20110106,378.40761000000003
20110105,543.348
20110104,378.21807
20110103,977.0294200000001
20101231,1325.01528
20101230,734.8209600000001
20101229,1069.1812
20101228,201.92904000000001
20101227,349.91472
20101224,327.8426
20101223,422.4735
20101222,856.5795600000001
20101221,467.69186
20101220,302.1249
20101216,223.99762
20101215,893.6437500000001
20101214,395.52439999999996
20101213,77.12588000000001
20101210,135.68404999999998
20101209,224.54744
20101208,238.25160000000002
20101207,58.388549999999995
20101206,686.1097799999999
20101203,79.97897
20101202,135.13389
20101201,138.47359
20101130,112.57344
20101129,123.16064999999999
20101126,381.40397
20101125,374.26126
20101124,176.57639999999998
20101123,258.0849
20101122,135.0174
20101119,152.24130000000002
20101118,330.89752
20101116,285.01088
20101115,364.19903999999997
20101112,391.17125999999996
20101111,181.39152
20101110,335.35607999999996
20101109,512.9838
20101108,426.61926
20101105,105.27792000000001
20101104,2005.6224300000001
20101103,437.05008000000004
20101102,91.15452
20101101,174.43357999999998
20101029,347.58225
20101028,258.43197
20101027,478.04889000000003
20101026,429.2938
20101025,767.6928
20101022,232.83108000000001
20101021,351.03435
20101020,2050.5839100000003
20101019,532.749
20101018,469.90764
20101015,767.6129999999999
20101014,340.03493999999995
20101013,886.3117
20101012,483.17734
20101011,824.2545900000001
20101008,286.61260999999996
20101007,932.68374
20101006,2330.7865500000003
20101005,485.30796000000004
20101004,1362.93794
20101001,701.8875499999999
20100930,323.29044000000005
20100929,548.32344
20100928,714.59714
20100927,921.39912
20100924,317.10393
20100923,270.746
20100922,243.67274999999998
20100921,389.54916000000003
20100920,467.42407999999995
20100917,217.20504
20100916,322.37100000000004
20100915,279.1213599999999
20100914,282.21858
20100913,398.67908
20100909,675.7701999999999
20100908,418.24102000000005
20100907,764.47041
20100906,493.33262999999994
20100903,210.70997999999997
20100902,1035.83062
20100901,764.06976
20100831,283.78695
20100830,639.3059199999999
20100827,314.78580000000005
20100826,291.249
20100825,476.65926
20100824,528.42237
20100823,775.7856
20100820,197.74193999999997
20100819,403.31476
20100818,297.976
20100817,406.45785
20100816,666.99135
20100813,242.93802
20100812,289.60184
20100811,352.37925
20100810,962.23566
20100809,479.01525
20100806,318.7504
20100805,1047.46944
20100804,353.58737
20100803,1084.9411999999998
20100802,513.32528
20100730,722.3435999999999
20100729,304.23066
20100728,599.368
20100727,253.03014
20100726,713.1852600000001
20100723,550.16828
20100722,945.15045
20100721,891.68332
20100720,484.4696
20100719,510.12576999999993
20100716,682.02316
20100715,1028.35704
20100714,461.72836
20100713,320.5376
20100712,330.38367999999997
20100709,689.4665600000001
20100708,404.13528
20100707,285.25888000000003
20100706,467.88980000000004
20100705,184.91535000000002
20100702,427.01293
20100701,346.81788000000006
20100630,297.86161999999996
20100629,666.8877600000001
20100628,354.87804
20100625,636.98316
20100624,579.34608
20100623,393.00866
20100622,480.83574
20100621,1088.6874599999999
20100618,660.06228
20100617,392.1546
20100616,956.4744
20100615,693.952
20100614,760.37756
20100611,624.7557
20100610,949.63122
20100609,645.10668
20100608,700.85127
20100607,261.6028
20100604,325.97216
20100603,850.5
20100602,877.266
20100601,573.2113800000001
20100531,162.95182
20100528,627.9706500000001
20100527,454.43603
20100526,478.06239999999997
20100525,539.505
20100524,913.0830000000001
20100521,1372.70224
20100520,1538.9810000000002
20100519,756.1967999999999
20100518,789.8596899999999
20100517,284.53334000000007
20100514,187.891
20100513,220.26368
20100512,338.5091
20100511,697.3903999999999
20100510,862.75728
20100507,484.10065000000003
20100506,519.1733
20100505,486.97642
20100504,838.63968
20100503,192.09211000000002
20100430,293.58643
20100429,172.95359999999997
20100428,609.53697
20100427,507.44292
20100426,932.88541
20100423,290.94289
20100422,1039.38842
20100421,628.7328
20100420,323.7039
20100419,466.40112
20100416,268.11148
20100415,343.90277000000003
20100413,117.91977
20100412,279.62532
20100409,436.77288999999996
20100408,419.03578000000005
20100407,427.38034
20100406,457.08949
20100405,1082.7958
20100401,850.0576
20100331,316.344
20100330,238.73256000000003
20100329,451.51302000000004
20100326,394.39435
20100325,364.51874999999995
20100323,385.8558
20100322,470.74911000000003
20100319,419.07834
20100318,505.60957999999994
20100317,478.23671
20100316,358.86994
20100315,933.10263
20100312,1238.86238
20100311,992.902
20100310,609.0072
20100309,515.18726
20100308,521.03685
20100305,1231.46751
20100304,1023.8458499999999
20100303,596.0097
20100302,341.43924999999996
20100226,688.8868
20100225,574.91703
20100224,539.17298
20100223,915.81672
20100222,670.9707199999999
20100219,385.42959
20100218,658.4371199999999
20100217,885.3710500000001
20100216,546.84156
20100215,559.0570499999999
20100211,703.49889
20100210,933.39818
20100209,528.75458
20100208,1021.5083999999999
20100206,160.06896
20100205,1347.6044499999998
20100204,1093.2155799999998
20100203,953.75718
20100202,1044.0344799999998
20100201,877.56552
20100129,1162.5395999999998
20100128,1261.2235299999998
20100127,626.64975
20100125,1351.6452999999997
20100122,1249.9875
20100121,1164.1919400000002
20100120,996.70208
20100119,500.94915
20100118,933.6693
20100115,899.8788999999999
20100114,647.8690199999999
20100113,786.0699
20100112,1150.51488
20100111,657.1027600000001
20100108,1211.5672200000001
20100107,4258.07127
20100106,549.4045500000001
20100105,1937.13741
20100104,398.47015
20091231,1253.44404
20091230,1040.3503500000002
20091229,1147.11414
20091224,2492.84857
20091223,759.9240000000001
20091222,603.40302
20091221,2343.43725
20091218,569.87403
20091217,1098.28551
20091216,558.34844
20091215,641.4031600000001
20091214,765.9313599999999
20091211,1063.4178000000002
20091210,824.78412
20091209,1328.17556
20091208,1825.5606600000003
20091207,2720.27054
20091204,2968.9010999999996
20091203,5152.505429999999
20091202,3359.70052
20091201,3349.76048
20091130,3091.29024
20091127,2036.0106
20091126,4112.9803
20091125,1398.5826
20091124,3031.30944
20091123,4109.44836
20091120,1714.5913
20091119,876.3649499999999
20091118,1137.0528000000002
20091117,2415.4905200000003
20091116,921.2456999999999
20091113,524.12564
20091112,916.088
20091111,1053.59265
20091110,606.23076
20091109,460.91555999999997
20091106,941.2680099999999
20091105,646.526
20091104,509.62692000000004
20091103,264.13811999999996
20091030,1090.75054
20091029,285.50761
20091028,473.53799999999995
20091027,556.42785
20091026,936.5115000000001
20091023,5535.7662
20091022,678.5448
20091021,293.40407999999996
20091020,2460.755
20091017,548.66756
20091016,1582.21048
20091015,1713.998
20091014,406.30051000000003
20091012,568.90944
20091009,512.48032
20091008,834.7996599999999
20091007,328.89583999999996
20091006,250.60446
20091005,158.36660000000003
20091001,323.62901999999997
20090930,237.82247999999998
20090929,174.09042
20090925,513.15162
20090924,324.28025999999994
20090923,204.89465
20090922,295.47747
20090918,290.8938
20090917,426.02956000000006
20090916,604.96095
20090915,773.07552
20090914,351.71906
20090911,1016.8739400000001
20090910,2196.7835999999998
20090909,851.78795
20090908,1810.23689
20090907,1096.64025
20090904,1977.8395999999998
20090903,241.64759999999998
20090902,311.7972
20090901,142.10918999999998
20090831,411.86886
20090828,464.12
20090827,238.77252000000001
20090826,919.76103
20090825,325.66681
20090824,626.60538
20090821,309.42017
20090820,118.14
20090819,266.77316
20090818,345.15308
20090817,374.88530000000003
20090814,338.8853
20090813,380.5407600000001
20090812,489.52944
20090811,173.62466
20090810,796.5095999999999
20090807,710.53684
20090806,415.9848
20090805,435.83133999999995
20090804,987.5958
20090803,2123.8703400000004
20090731,1321.77984
20090730,757.10664
20090729,323.03507
20090728,313.09839000000005
20090727,986.4363599999999
20090724,895.7868500000001
20090723,2069.4238199999995
20090722,735.82044
20090721,977.3825899999999
20090720,4752.66792
20090717,307.63800000000003
20090716,786.8658999999999
20090715,672.80412
20090714,306.09900000000005
20090713,113.53075999999999
20090710,214.5574
20090709,604.71892
20090708,368.62056000000007
20090707,228.37584
20090706,464.17382000000003
20090703,280.08786
20090702,602.4989499999999
20090701,399.85746
20090630,635.5404
20090629,448.38232000000005
20090626,529.967
20090625,731.30278
20090624,699.4133999999999
20090623,391.13692000000003
20090622,236.93082
20090619,236.53475999999998
20090618,500.20957
20090617,673.27785
20090616,536.18836
20090615,1364.2286
20090612,2975.2864400000003
20090611,427.97796000000005
20090610,503.30084999999997
20090609,206.6304
20090608,140.83101
20090605,245.09373
20090604,802.0458300000001
20090603,573.9989400000001
20090602,2066.37805
20090601,696.10816
20090529,184.19079
20090528,176.016
20090527,364.23814
20090526,193.82724
20090525,223.09812
20090522,326.808
20090521,304.70699
20090520,202.23148000000003
20090519,779.9222599999998
20090518,2.37762
20090515,166.18326000000002
20090514,403.85232
20090513,199.02932000000004
20090512,453.32298000000003
20090511,248.71936
20090508,911.0199600000001
20090507,3687.3533999999995
20090506,244.43904
20090505,724.20908
20090504,944.4924
20090429,259.32081
20090428,450.13911
20090427,138.44276
20090424,322.5516
20090423,356.41152
20090422,246.73141999999999
20090421,294.438
20090420,165.64496
20090417,401.99065
20090416,374.73597
20090415,194.59956
20090413,161.56868
20090409,314.98032
20090408,443.36404
20090406,372.2015
20090402,204.46263000000002
20090401,187.17285
20090331,743.1005
20090330,318.01578
20090327,318.20628999999997
20090326,174.6867
20090325,189.05486
20090324,496.8963999999999
20090323,356.62308
20090320,309.68982000000005
20090319,302.093
20090318,214.78875
20090317,133.36506
20090316,103.59963
20090313,307.83124000000004
20090312,120.03907
20090309,175.47039999999998
20090306,193.49694
20090305,289.2826
20090304,63.34416
20090303,148.135
20090302,248.12740999999997
20090227,34.02834000000001
20090226,82.81242000000002
20090225,119.7273
20090224,116.36664000000002
20090220,50.845
20090219,78.88104
20090218,5385.488900000001
20090217,78.46209999999999
20090216,3890.7237999999998
20090213,136.92831999999999
20090212,146.08341
20090211,215.69142
20090210,220.08504
20090209,200.56168
20090206,3372.4650400000005
20090205,169.92061
20090204,128.88750000000002
20090203,94.95878
20090202,71.685
20090130,178.96036
20090129,94.77550000000001
20090128,98.11728000000001
20090127,187.53995
20090123,64.993
20090122,155.35192
20090121,460.32000000000005
20090120,147.3065
20090119,113.9736
20090116,124.56548000000001
20090115,256.31759999999997
20090114,340.62063
20090113,404.9332
20090112,148.94043
20090109,217.51386
20090107,1036.83412
20090106,1195.59729
20090105,1840.6739000000002
20090102,166.99264000000002
20090101,358.97268
20081231,24.256079999999997
20081230,24.99735
20081229,119.90436
20081226,29.77439
20081224,40.63249
20081223,83.9549
20081222,98.20592
20081219,59.984399999999994
20081218,63.68399999999999
20081217,117.82737999999999
20081216,143.75232
20081215,146.57415
20081212,163.98953999999998
20081211,137.33411999999998
20081210,177.70688
20081208,207.97038
20081205,122.26284
20081204,3088.22325
20081203,105.66597999999999
20081202,165.20065
20081201,153.42264
20081128,95.72325000000001
20081126,148.63660000000002
20081125,57.52323
20081124,106.55691
20081121,93.32324999999999
20081120,127.97750000000002
20081119,248.11134
20081118,174.23105
20081117,227.75932
20081114,488.13
20081112,532.3971
20081111,726.0175999999999
20081110,1259.916
20081107,285.26309
20081106,93.81706
20081105,144.51682
20081104,94.955
20081103,131.79216
20081031,683.2402000000001
20081029,398.01654
20081028,47.17575
20081027,146.15788
20081024,136.09008
20081023,535.5724
20081022,99.71808
20081021,294.10458
20081020,61.463260000000005
20081017,107.37198000000001
20081016,145.67369
20081015,112.79917999999999
20081014,181.7538
20081013,86.6943
20081010,121.5396
20081008,356.7477200000001
20081007,470.59155
20081006,261.547
20081003,476.28786
20081001,55.750949999999996
20080930,172.16109999999998
20080929,121.03392000000001
20080926,2292.53968
20080925,56.40859
20080924,2215.7693999999997
20080923,94.16033999999999
20080922,62.640359999999994
20080919,128.32677
20080918,7326.1264
20080917,67.2828
20080916,484.83901
20080915,232.27259999999998
20080912,133.90734
20080911,294.4292
20080910,244.26420000000002
20080909,360.71664000000004
20080908,74.09844
20080905,107.5452
20080904,207.56372000000002
20080902,268.12984
20080901,51.20609999999999
20080829,106.79557000000001
20080828,104.79924
20080827,112.60374999999999
20080826,78.0066
20080825,155.18035
20080822,637.89724
20080821,210.96235
20080820,297.5504
20080819,111.10932
20080818,95.63199999999999
20080814,152.17704
20080813,217.69132
20080812,275.076
20080811,262.56581
20080808,439.38832
20080807,211.45148000000003
20080806,247.59658000000002
20080805,440.52246
20080804,465.6234099999999
20080801,599.62084
20080731,883.62938
20080730,822.3656000000001
20080729,612.36924
20080728,148.20480000000003
20080725,237.06912999999997
20080724,624.21352
20080723,396.4378
20080722,197.07688000000002
20080721,140.1088
20080718,247.04199999999997
20080717,432.8559
20080716,459.8960799999999
20080715,2609.1774
20080714,1352.349
20080711,422.84375
20080710,504.74409999999995
20080709,134.2949
20080708,143.59220000000002
20080707,179.39838000000003
20080704,273.74688
20080703,122.62104
20080702,2902.04453
20080701,249.7986
20080630,255.50906000000003
20080627,363.08052000000004
20080626,448.477
20080625,417.48643999999996
20080624,452.34356999999994
20080623,251.81005999999996
20080620,200.05386000000001
20080619,668.38
20080618,799.5397800000001
20080617,78.26658
20080616,295.22463999999997
20080613,146.49856
20080612,156.55696
20080611,212.77759999999998
20080610,171.27405000000002
20080609,259.56281
20080606,257.52986
20080605,562.0912500000001
20080604,415.68894000000006
20080603,344.04079999999993
20080602,287.4636
20080530,571.6383199999999
20080529,661.18026
20080528,525.4367500000001
20080527,458.7687
20080526,1079.67265
20080523,992.11189
20080522,1216.1641000000002
20080521,1911.7277600000002
20080520,1062.90354
20080516,3501.1772
20080515,9332.9478
20080514,6367.631249999999
20080513,107.3544
20080512,140.17068
20080509,171.00364
20080508,284.99757000000005
20080507,489.3847
20080506,991.23785
20080505,216.5328
20080502,712.41764
20080430,971.3170499999999
20080429,473.22639999999996
20080428,589.9237999999999
20080425,1376.2234399999998
20080424,862.25266
20080423,874.28994
20080422,218.45199000000002
20080421,777.9268
20080417,471.4263
20080416,88.13398
20080415,124.57115
20080411,236.77920000000003
20080410,355.71851999999996
20080409,215.95604999999998
20080408,293.67932
20080407,349.79205
20080404,621.53446
20080403,62.86707
20080402,122.8057
20080401,118.17476000000002
20080331,151.71567000000002
20080328,113.69340000000001
20080327,445.66902
20080326,118.71170999999998
20080325,942.1158499999999
20080324,334.02876
20080319,338.2251
20080318,454.1787
20080317,261.6612
20080314,339.687
20080313,450.95846
20080312,153.7656
20080311,167.59941
20080310,280.1181
20080307,407.88293000000004
20080305,225.09331
20080304,359.54280000000006
20080303,242.60382
20080229,236.43144
20080228,1069.3356999999999
20080227,411.8712
20080226,373.99056
20080225,304.0695
20080222,333.06975
20080221,276.70968
20080220,151.67783
20080219,289.8678
20080218,179.0899
20080215,354.9651
20080214,344.7136
20080213,209.21712
20080212,499.36908
20080211,154.78676000000002
20080208,173.53737999999998
20080207,250.584
20080206,224.13383
20080205,306.4784
20080204,591.56754
20080201,482.93109999999996
20080131,547.0797799999999
20080130,801.6623999999999
20080129,192.77378000000002
20080128,262.72368
20080125,500.32223999999997
20080124,858.8041599999999
20080123,785.48324
20080122,1255.74787
20080121,1104.57204
20080118,237.88116
20080117,317.87085
20080116,279.94890000000004
20080115,610.2186300000001
20080114,220.644
20080111,280.788
20080110,877.34598
20080109,652.9787600000001
20080108,374.85747
20080107,308.86240000000004
20080104,812.4283999999999
20080103,378.26814
20080102,300.54084
20080101,871.9489599999999
20071231,602.69384
20071228,1054.1412
20071227,443.7363400000001
20071226,369.58487999999994
20071224,696.18485
20071220,840.8043
20071219,682.6208200000001
20071218,640.8302600000001
20071217,924.06502
20071214,2409.13008
20071213,2157.03642
20071212,1763.1639999999998
20071211,490.9058
20071210,311.08444000000003
20071207,623.14027
20071206,1108.081
20071205,1500.4018500000002
20071204,814.1661399999999
20071203,1390.2414999999999
20071130,2127.10225
20071129,2268.22266
20071128,4129.71004
20071127,1181.7190799999998
20071126,1227.87452
20071123,861.692
20071122,568.917
20071121,773.8704
20071120,914.76336
20071119,620.44508
20071116,1405.64084
20071115,249.99829000000003
20071114,299.10342
20071113,202.47083999999998
20071112,285.25996000000004
20071109,81.63878
20071108,385.04235
20071107,398.9781
20071106,731.4014
20071105,525.95496
20071102,680.2733
20071101,803.03696
20071031,1522.42336
20071030,729.2724999999999
20071029,720.7365899999999
20071026,422.28495000000004
20071025,483.87984
20071024,738.55052
20071023,1057.2992399999998
20071022,629.2057500000001
20071019,1153.3449
20071018,1815.87399
20071017,1244.46406
20071016,3115.7462699999996
20071015,1454.4993
20071012,1841.305
20071011,2222.22366
20071010,1847.4078900000002
20071009,771.36244
20071008,1387.1776
20071005,1142.31564
20071004,1650.81516
20071003,3265.48515
20071001,1682.90025
20070928,3127.3934899999995
20070927,2225.5121999999997
20070926,653.50336
20070925,947.8812399999999
20070924,494.87256
20070921,596.016
20070920,2074.0503500000004
20070919,801.3428000000001
20070918,198.08776999999998
20070917,252.53432
20070914,601.2052
20070913,1670.57436
20070912,427.67920000000004
20070911,396.47204999999997
20070910,328.009
20070907,456.97244
20070906,2130.9657
20070905,1765.03459
20070904,460.14644
20070903,955.845
20070831,849.9344
20070830,336.76725
20070829,585.29496
20070828,370.50587
20070827,214.53775000000002
20070824,326.14792
20070823,520.35495
20070822,545.5729600000001
20070821,614.7379500000001
20070820,739.4280000000001
20070817,1561.68306
20070816,905.20782
20070814,181.819
20070813,522.07852
20070810,848.3858500000001
20070809,848.84895
20070808,1206.6558
20070807,649.93642
20070806,995.91863
20070803,424.08344
20070802,866.44816
20070801,1266.73305
20070731,1183.53235
20070730,455.6688500000001
20070727,1932.16095
20070726,1739.80425
20070725,1417.3218000000002
20070724,891.3666300000001
20070723,1015.9857999999999
20070720,1223.198
20070719,664.72029
20070718,338.44536
20070717,1002.3782
20070716,1740.85814
20070713,8222.19216
20070712,669.44715
20070711,1312.99623
20070710,1181.11461
20070709,607.7419
20070706,363.18895000000003
20070705,450.42252
20070704,399.04314
20070703,801.67822
20070702,563.20554
20070629,694.78728
20070628,1099.6960000000001
20070627,886.59675
20070626,414.52235999999994
20070625,947.38674
20070622,1588.44906
20070621,5464.53675
20070620,4398.2959
20070619,1850.961
20070618,830.4466
20070615,1351.10256
20070614,295.92496
20070613,239.41372
20070612,414.75489
20070611,379.67606
20070608,339.57840000000004
20070607,395.8236
20070606,485.72943999999995
20070605,830.2126
20070604,2092.2057
20070601,958.9537200000001
20070531,267.23762999999997
20070530,317.2078
20070529,318.3114
20070528,649.9061099999999
20070525,500.99852
20070524,537.49656
20070523,965.2840500000001
20070522,711.44575
20070521,630.97668
20070518,850.42035
20070517,1314.4061700000002
20070516,593.1252
20070515,673.7712
20070514,652.7656
20070511,1407.70375
20070510,2046.82863
20070509,1788.72015
20070508,2225.50263
20070507,3020.2643900000003
20070504,4114.4977499999995
20070503,11538.397860000001
20070430,1836.63207
20070427,1191.1719400000002
20070426,2253.4618
20070425,1633.2257
20070424,1906.8178799999998
20070423,623.1333
20070420,1037.8335000000002
20070419,1175.85756
20070418,2987.1303
20070417,1280.4876
20070416,1351.9275
20070413,1558.8460799999998
20070412,4317.56736
20070411,4305.34784
20070410,2243.9006000000004
20070409,2050.65575
20070405,4217.5221
20070404,5533.99776
20070403,893.21256
20070402,2087.9757200000004
20070330,840.9799999999999
20070329,605.5938000000001
20070328,897.40781
20070326,1639.5422999999998
20070323,1709.87916
20070322,2095.5915
20070321,478.9048
20070320,596.94798
20070319,685.5640000000001
20070316,1146.52692
20070315,553.99182
20070314,1344.654
20070313,703.3957999999999
20070312,678.8565
20070309,1071.25656
20070308,2130.1324
20070307,3628.9719200000004
20070306,1211.33772
20070305,1801.3003199999998
20070302,1307.74904
20070301,1185.22095
20070228,1959.11392
20070227,3519.62964
20070226,4632.4902
20070223,3184.5276700000004
20070222,1904.5465499999998
20070221,3469.79808
20070220,1070.9787
20070219,2006.91533
20070215,6608.84202
20070214,4429.899899999999
20070213,1311.77524
20070212,2385.6977500000003
20070209,1149.7428599999998
20070208,2281.45848
20070207,4579.48206
20070206,3340.5418399999994
20070205,4151.98134
20070202,3363.9984
20070201,4674.66624
20070131,4611.0467
20070129,1113.3613
20070125,3465.9916500000004
20070124,800.3016
20070123,1191.96471
20070122,1686.2400000000002
20070119,1919.2063999999998
20070118,1139.49966
20070117,2002.38756
20070116,2202.3978
20070115,2917.56975
20070112,5869.271739999999
20070111,6753.03546
20070110,3668.5551499999997
20070109,3203.5544000000004
20070108,2850.20644
20070105,2807.59068
20070104,4888.04184
20070103,2681.3392799999997
20070102,1791.7357800000002
20061229,1807.6867200000002
20061228,1362.73196
20061227,1877.5426499999999
20061226,1950.104
20061222,4848.30298
20061221,2482.9802600000003
20061220,2516.0735600000003
20061219,5969.47491
20061218,4308.47185
20061215,2895.8172
20061214,2922.2369400000002
20061213,4234.38288
20061212,7586.21099
20061211,5529.87903
20061208,6086.69833
20061207,7575.67734
20061206,4527.20166
20061205,4503.25626
20061204,7006.53722
20061201,10836.352280000001
20061130,7834.09013
20061129,4756.8114000000005
20061128,9961.02993
20061127,26234.969039999996
20061124,10467.58
20061123,16443.121509999997
20061122,18117.81096
20061121,9144.65877
20061120,14036.11248
20061117,13263.606459999999
20061116,30521.3651
20061115,30661.16241
20061114,18293.77536
20061113,14866.15625
20061110,10425.55608
20061109,18322.2955
20061108,26115.705759999997
20061107,36070.6715
20061106,14945.87686
20061103,11179.51905
20061102,7680.69075
20061101,16826.2641
20061031,32669.043120000006
20061030,17287.67349
20061027,21149.628699999997
20061026,33204.35835
20061023,6133.18124
20061021,2587.7217600000004
20061020,10880.458260000001
20061019,15520.331890000001
20061018,21175.862940000003
20061017,31543.25952
20061016,15027.16914
20061013,14376.62221
20061012,16352.04186
20061011,28988.930880000004
20061010,8546.48075
20061009,14549.12866
20061006,2017.477
20061005,2285.62688
20061004,2344.0526200000004
20061003,2116.75796
20060929,1419.0581300000001
20060928,3096.1319599999997
20060927,5090.084870000001
20060926,2776.6605799999998
20060925,3078.0437
20060922,5594.4665
20060921,2682.5702800000004
20060920,2271.84435
20060919,4607.73344
20060918,3789.17925
20060915,3445.8560899999998
20060914,6065.8482
20060913,7867.95247
20060912,12434.077739999999
20060911,9616.829860000002
20060908,12542.941620000001
20060907,13516.10362
20060906,19101.92152
20060905,5478.817620000001
20060904,2532.631
20060901,3631.3376000000003
20060831,7108.929
20060830,6814.86905
20060829,6437.6417
20060828,3929.61064
20060825,4595.54316
20060824,4450.44105
20060823,3284.16228
20060822,5432.40742
20060821,7527.48958
20060818,3310.0056000000004
20060817,7139.11656
20060816,13721.966999999999
20060814,7061.300330000001
20060811,3862.8450000000003
20060810,10555.46147
20060809,6141.439020000001
20060808,2281.92132
20060807,1939.73158
20060804,2798.2411500000003
20060803,4549.28652
20060802,4080.6724000000004
20060801,5241.338199999999
20060731,7560.24336
20060728,4076.4103999999998
20060727,5885.6723999999995
20060726,4053.2338000000004
20060725,6789.791499999999
20060724,11343.450869999999
20060721,7967.28729
20060720,7619.37645
20060719,15035.3712
20060718,16204.315680000002
20060717,9463.54458
20060714,5898.55049
20060713,10684.445800000001
20060712,8111.7504
20060711,6790.302000000001
20060710,11026.314
20060707,13548.2831
20060706,19774.742760000005
20060705,14027.81634
20060704,3223.4229300000006
20060703,4322.85875
20060630,9418.9158
20060629,7082.325249999999
20060628,5286.72979
20060627,14678.71314
20060626,8667.23495
20060625,890.2529999999999
20060623,8565.7336
20060622,24115.22624
20060621,7343.940140000001
20060620,11563.799799999999
20060619,6151.32224
20060616,13004.5526
20060615,7784.128
20060614,15947.28786
20060613,6298.947980000001
20060612,17051.5884
20060609,15346.869200000001
20060608,17365.21408
20060607,13545.318160000003
20060606,9114.888249999998
20060605,14925.709260000001
20060602,17366.26749
20060601,13065.293880000001
20060531,8737.49027
20060530,6268.266200000001
20060529,6279.6991499999995
20060526,8137.596420000001
20060525,7977.3056
20060524,9898.51584
20060523,8676.71766
20060522,7255.57555
20060519,8151.2151
20060518,11945.5587
20060517,10222.15453
20060516,15585.62742
20060515,13808.55632
20060512,8324.37215
20060511,10297.110799999999
20060510,4295.734299999999
20060509,4165.5064999999995
20060508,6061.5252900000005
20060505,15601.542529999999
20060504,12542.44768
20060503,11024.294399999999
20060502,14018.49204
20060429,15597.567339999998
20060428,28817.61494
20060427,12722.25
20060426,21467.88
20060425,35630.58492
20060424,9167.09392
20060421,10158.992579999998
20060420,16060.24708
20060419,9315.34324
20060418,12477.506730000001
20060417,18376.621199999998
20060413,36533.063200000004
20060412,41421.0411
20060410,23136.66632
20060407,20675.4204
20060405,3958.1462700000006
20060404,2535.23142
20060403,4495.8903
20060331,6261.36063
20060330,8729.661
20060329,2505.97528
20060328,1431.24576
20060327,2243.92224
20060324,2506.5306
20060323,986.71994
20060322,1659.27531
20060321,2616.48218
20060320,3560.7371
20060317,1811.4825
20060316,2215.35136
20060314,1734.8760000000002
20060313,1304.29593
20060310,2053.63048
20060309,958.6496999999999
20060308,1483.54889
20060307,1850.83749
20060306,1184.76394
20060303,5684.6416
20060302,1363.254
20060301,1363.5135599999999
20060228,497.8064
20060227,663.75557
20060224,577.52442
20060223,923.7043199999999
20060222,1233.84807
20060221,681.72426
20060220,468.69333000000006
20060217,1094.28411
20060216,1205.5971200000001
20060215,3019.9085099999998
20060214,1909.0939999999998
20060213,1750.2141199999999
20060210,779.28768
20060208,1154.5875
20060207,833.50887
20060206,1102.0692000000001
20060203,2760.51116
20060202,3436.51784
20060201,1659.0314
20060131,1503.5649199999998
20060130,671.9252399999999
20060127,1037.8768400000001
20060125,1122.75072
20060124,1174.46616
20060123,3671.23776
20060120,2419.18765
20060119,2845.60458
20060118,1618.7855600000003
20060117,4308.8496000000005
20060116,1695.1584599999999
20060113,2634.1434
20060112,1405.8408
20060110,379.25798000000003
20060109,310.84416
20060106,1822.44678
20060105,3199.85705
20060104,1014.2023200000001
20060103,986.8014599999999
20060102,724.7923199999999
20051230,171.93859999999998
20051229,400.87541
20051228,145.91735999999997
20051227,93.12822
20051226,254.88150000000002
20051223,231.38400000000001
20051222,118.06908000000001
20051221,300.03371999999996
20051220,199.64848
20051219,274.91695
20051216,226.41065999999998
20051215,186.27465999999998
20051214,186.9144
20051213,258.9674
20051212,288.46684000000005
20051209,268.41
20051208,331.40855
20051207,381.19620000000003
20051206,305.62433999999996
20051205,248.42202000000003
20051202,456.62298999999996
20051201,957.14381
20051130,489.212
20051129,926.9618399999999
20051128,291.62896
20051126,60.1958
20051125,303.72512000000006
20051124,243.27939999999998
20051123,253.9752
20051122,255.4497
20051121,154.44198
20051118,775.71918
20051117,322.7987
20051116,706.15272
20051114,324.90648
20051111,816.27447
20051110,314.45601
20051109,363.24321
20051108,540.0752200000001
20051107,997.0385000000001
20051102,969.4549199999999
20051101,93.00189
20051031,149.99159999999998
20051028,247.4226
20051027,85.04714
20051026,206.51888
20051025,152.0614
20051024,84.64008
20051021,241.87989000000002
20051020,431.3568
20051019,454.8792
20051018,490.892
20051017,301.5079
20051014,279.8274
20051013,291.25562
20051011,413.67312
20051010,312.79831
20051007,790.755
20051006,816.4839999999999
20051005,242.08128000000002
20051004,505.57688999999993
20051003,1576.6534900000001
20050930,308.49909999999994
20050929,681.90442
20050928,377.36979
20050927,658.70792
20050926,251.2645
20050923,611.33632
20050922,482.68807999999996
20050921,545.59289
20050920,426.83994
20050919,1093.46936
20050916,727.37184
20050915,825.21588
20050914,1649.40588
20050913,406.79544
20050912,437.72105000000005
20050909,925.81095
20050908,406.26864
20050906,768.74625
20050905,3062.14498
20050902,851.7312000000001
20050901,1306.06632
20050831,3510.92787
20050830,413.07735
20050829,478.8114
20050826,374.03586
20050825,1710.6661400000003
20050824,508.99271999999996
20050823,328.92552
20050822,1384.8792899999999
20050819,550.51767
20050818,904.37247
20050817,2701.05255
20050816,877.16896
20050812,1623.62916
20050811,1060.50802
20050810,961.0697499999999
20050809,284.97420000000005
20050808,1000.5238599999999
20050805,1978.59825
20050804,430.11546
20050803,350.12926999999996
20050802,428.37515
20050801,378.98247
20050729,1323.70432
20050727,271.55818999999997
20050726,1606.5952
20050725,1587.5937999999999
20050722,385.0092
20050721,358.71948
20050720,920.7375000000001
20050719,216.90066000000002
20050718,1164.63288
20050715,1177.2576
20050714,154.71396
20050713,229.65878
20050712,91.97522
20050711,138.2203
20050708,217.3329
20050707,153.85357000000002
20050706,116.10234999999999
20050705,175.90017
20050704,360.62075999999996
20050701,161.61684
20050630,126.33792
20050629,234.15479000000002
20050628,591.4725999999999
20050627,580.7057199999999
20050624,147.56135
20050623,192.41267
20050622,89.94447
20050621,158.7425
20050620,582.97734
20050617,115.96068000000001
20050616,108.18739999999998
20050615,288.28624
20050614,71.61569999999999
20050613,103.37768
20050610,172.31437999999997
20050609,336.07785
20050608,349.76242
20050607,143.86848
20050606,204.18
20050604,76.42439999999999
20050603,485.71145999999993
20050602,241.79652
20050601,421.69971
20050531,214.35408
20050530,80.54513999999999
20050527,152.80405
20050526,115.55185
20050525,76.30215000000001
20050524,159.94335
20050523,183.42028000000002
20050520,140.4432
20050519,81.57688
20050518,159.98023999999998
20050517,345.30944
20050516,137.46085000000002
20050513,186.36
20050512,193.30656000000002
20050511,161.99538
20050510,1043.54432
20050509,116.07624000000001
20050506,103.11378
20050505,126.70506000000002
20050504,94.6896
20050503,210.14528
20050502,108.10716000000001
20050429,141.53160000000003
20050428,217.83383999999998
20050427,121.56186
20050426,118.8048
20050425,78.43808
20050422,205.6978
20050421,381.61416
20050420,324.6470699999999
20050419,467.17367999999993
20050418,241.81736
20050415,466.99404
20050413,521.7942400000001
20050412,195.2732
20050411,171.4961
20050408,502.34898000000004
20050407,133.7553
20050406,118.03989
20050405,126.60839
20050404,239.70845999999997
20050401,286.89925
20050331,473.0727
20050330,501.84704
20050329,535.21195
20050328,556.3217
20050324,432.28999999999996
20050323,276.5541
20050322,161.3822
20050321,206.03588000000002
20050318,508.98816
20050317,454.78666
20050316,274.7459
20050315,674.86328
20050314,491.07168
20050311,753.94456
20050310,439.30232
20050309,1206.7240500000003
20050308,389.47759999999994
20050307,537.91782
20050304,699.0603199999999
20050303,852.07911
20050302,170.73147
20050301,353.20514000000003
20050228,535.77063
20050225,1727.39139
20050224,720.82725
20050223,853.2760699999999
20050222,296.84574
20050221,357.244
20050218,966.77075
20050217,590.93958
20050216,480.81683999999996
20050215,651.90166
20050214,1546.5632
20050211,883.2286399999999
20050210,1151.3562200000001
20050209,918.7951200000001
20050208,290.64216
20050207,432.44046
20050204,572.59343
20050203,641.93754
20050202,889.0308000000001
20050201,1848.39234
20050131,549.9522000000001
20050128,2100.3318
20050127,999.8456
20050125,1776.3474999999999
20050124,937.0866999999998
20050120,444.35594000000003
20050119,165.34763999999998
20050118,534.3136999999999
20050117,387.12366
20050114,182.29814000000002
20050113,351.55952999999994
20050112,662.9074800000001
20050111,362.11071
20050110,318.04164000000003
20050107,919.3441800000002
20050106,1668.1737999999998
20050105,1236.40686
20050104,749.3529
20050103,1447.4148
20041231,1076.2794900000001
20041230,1042.96525
20041229,1092.93408
20041228,2180.0563500000003
20041227,1130.54368
20041224,1904.80784
20041223,440.0487
20041222,1322.46866
20041221,2295.38972
20041220,1744.888
20041217,735.27744
20041216,338.47929999999997
20041215,232.27776
20041214,317.4292
20041213,457.00919999999996
20041210,477.96203999999994
20041209,708.50459
20041208,413.91188999999997
20041207,194.35778
20041206,312.46836
20041203,565.32981
20041202,439.15004
20041201,480.08171
20041130,483.26849999999996
20041129,807.9192
20041125,1271.7314000000001
20041124,1427.14638
20041123,818.3414
20041122,313.76740000000007
20041119,533.73613
20041118,484.16767999999996
20041117,441.75456
20041116,193.45662000000002
20041112,167.21068
20041111,561.23454
20041110,450.49732000000006
20041109,263.32252
20041108,242.30783999999997
20041105,169.737
20041104,254.04
20041103,290.46342
20041102,294.86736
20041101,322.87496
20041029,591.5842600000001
20041028,614.24596
20041027,302.42071999999996
20041026,348.36308
20041025,415.96308
20041021,436.23712
20041020,304.55422
20041019,365.19464999999997
20041018,649.81836
20041015,580.9356
20041014,1140.16892
20041012,740.13225
20041011,792.248
20041009,693.67716
20041008,1012.53636
20041007,1966.214
20041006,2274.3765
20041005,1324.1574999999998
20041004,3318.69888
20041001,907.48254
20040930,1213.4692499999999
20040929,1288.81725
20040928,601.8379199999999
20040927,963.1677599999999
20040924,1236.08376
20040923,1747.9517899999998
20040922,1561.75353
20040921,2875.5840000000003
20040920,906.5163800000001
20040917,1047.57336
20040916,419.22195
20040915,417.07722
20040914,158.94174999999998
20040913,447.05916
20040910,216.91583999999997
20040909,387.86097
20040908,333.939
20040907,639.50048
20040906,585.08575
20040903,155.80648999999997
20040902,169.13090999999997
20040901,239.37913999999998
20040831,192.01524
20040830,340.51174
20040827,308.2965
20040826,214.87217000000004
20040825,120.99292000000001
20040824,204.9645
20040823,234.54503999999997
20040820,250.63142
20040819,411.76085
20040818,258.6759
20040817,406.65229
20040816,199.56059999999997
20040813,372.95261999999997
20040812,452.57036999999997
20040811,469.42525000000006
20040810,1210.58496
20040809,378.15036
20040806,321.89934
20040805,349.0876
20040804,642.3460200000001
20040803,1500.02577
20040802,563.5541
20040730,1148.25997
20040729,190.88958000000002
20040728,285.5138
20040727,681.5091199999999
20040726,768.91671
20040723,605.5920600000001
20040722,366.81216
20040721,124.80910000000002
20040720,76.56192
20040719,148.15263
20040716,192.14421000000002
20040715,215.22176
20040714,102.14166
20040713,96.60964
20040712,95.05071
20040709,336.44796
20040708,571.9612500000001
20040707,1042.11765
20040706,290.615
20040705,296.44901999999996
20040702,95.23546999999999
20040701,76.38488
20040630,80.0358
20040629,133.36696
20040628,150.00096
20040625,168.1188
20040624,72.73392000000001
20040623,213.28382
20040622,123.79498
20040621,119.18072
20040618,79.39268999999999
20040617,116.68059
20040616,101.70164
20040615,180.92087999999998
20040614,178.36928
20040611,156.77244
20040610,44.84116
20040609,46.88384
20040608,88.6756
20040607,182.35986
20040604,145.71345
20040603,166.32808
20040602,136.87803
20040601,150.02375
20040531,154.31047999999998
20040528,177.01895
20040527,94.65216000000001
20040526,263.71602
20040525,90.17799
20040524,188.892
20040521,177.68971
20040520,336.5565
20040519,251.14752
20040518,179.81784
20040517,270.95396
20040514,310.16918
20040513,205.55248999999998
20040512,181.67427
20040511,223.39898
20040510,125.77545
20040507,144.60956000000002
20040506,203.27377
20040505,169.33023
20040504,347.8432
20040503,233.58965
20040430,172.9344
20040429,235.55782
20040428,312.53639999999996
20040427,243.58175999999997
20040423,369.33925
20040422,666.148
20040421,914.0254
20040420,274.25891
20040419,341.05698
20040417,96.17454000000001
20040416,204.39811999999998
20040415,380.80233999999996
20040413,290.0258
20040412,422.38865999999996
20040408,418.4565
20040407,300.99411999999995
20040406,398.51122
20040405,1027.4084599999999
20040402,655.41672
20040401,465.0858
20040331,277.10424
20040330,156.35193
20040329,299.27457000000004
20040326,456.68631
20040325,392.78459999999995
20040324,227.50914
20040323,363.04954999999995
20040322,329.81932
20040319,168.44320000000002
20040318,133.6763
20040317,196.87707999999998
20040316,229.70304000000002
20040315,368.51529
20040312,348.40854
20040311,415.23405999999994
20040310,253.47760999999997
20040309,300.4223
20040308,298.79325
20040305,431.22844999999995
20040304,382.7245
20040303,1120.4375
20040301,590.9748
20040227,345.21465
20040226,255.27313999999998
20040225,205.9764
20040224,464.24348
20040223,465.12025000000006
20040220,947.9119800000001
20040219,674.52744
20040218,715.9421600000001
20040217,796.27511
20040216,981.67
20040213,1038.4968
20040212,1286.9254799999999
20040211,2472.29942
20040210,547.9474
20040209,361.17536
20040206,390.43305000000004
20040205,765.9603000000001
20040204,614.4372000000001
20040203,742.7344
20040130,539.13393
20040129,891.52953
20040128,807.78896
20040127,567.07296
20040123,750.06399
20040122,1258.9712499999998
20040121,620.63538
20040120,315.68481
20040119,269.689
20040116,516.2843300000001
20040115,429.60420000000005
20040114,655.10104
20040113,713.96169
20040112,693.23091
20040109,1032.4251
20040108,545.84076
20040107,645.42744
20040106,757.722
20040105,998.59208
20040102,769.1572
20040101,648.02888
20031231,926.0025899999999
20031230,1496.3621400000002
20031229,2688.05761
20031226,3276.67901
20031224,1304.7012
20031223,1291.7667999999999
20031222,1155.83832
20031219,2038.1299999999999
20031218,1354.95542
20031217,1146.7027
20031216,1993.3057199999998
20031215,522.62067
20031212,643.85276
20031211,363.92447999999996
20031210,500.445
20031209,750.9933000000001
20031208,540.96752
20031205,2111.43645
20031204,473.76875000000007
20031203,545.9148
20031202,675.3018000000001
20031201,857.2647000000001
20031128,1159.5467
20031127,855.5926000000001
20031125,844.89702
20031124,992.3728500000001
20031121,737.8082600000001
20031120,504.9231
20031119,533.25666
20031118,428.74504
20031117,578.63719
20031115,578.7901400000001
20031114,814.07084
20031113,1056.9198000000001
20031112,1491.78502
20031111,2179.6439
20031110,2172.03791
20031107,2106.8305
20031106,986.19204
20031105,624.39342
20031104,268.66665
20031103,379.5818
20031031,455.65122
20031030,86.68344
20031029,115.99637999999999
20031028,148.01894
20031027,264.37667999999996
20031025,146.23568
20031024,394.60805999999997
20031023,328.64739
20031022,216.13154
20031021,222.11028
20031020,225.5045
20031017,291.13128
20031016,535.06332
20031015,326.9376
20031014,587.6476600000001
20031013,1349.97324
20031010,1030.79168
20031009,823.88598
20031008,769.92796
20031007,770.5488
20031006,139.26360000000003
20031003,136.07685
20031001,183.02596
20030930,129.61659
20030929,160.77126
20030926,232.98608000000002
20030925,393.98832
20030924,218.91002
20030923,272.85714
20030922,98.2124
20030919,204.00695
20030918,262.65952000000004
20030917,749.4817
20030916,303.863
20030915,240.95511000000002
20030912,281.64557
20030911,533.4234200000001
20030910,1205.1915900000001
20030909,409.79100000000005
20030908,399.43456000000003
20030905,290.50579
20030904,670.29238
20030903,1059.39183
20030902,426.2031
20030901,750.58328
20030829,152.86658000000003
20030828,119.68105000000001
20030827,270.87465
20030826,179.5752
20030825,189.89208
20030822,273.62021999999996
20030821,435.64576
20030820,649.53624
20030819,355.88241999999997
20030818,277.77581999999995
20030814,225.81972000000002
20030813,378.49119
20030812,332.0217
20030811,532.66678
20030808,331.79574
20030807,542.3375
20030806,1025.5964000000001
20030805,441.41961000000003
20030804,348.94398
20030801,104.23122000000001
20030731,165.59925
20030730,168.69225
20030729,288.58002
20030728,757.844
20030725,896.2445799999999
20030724,261.89486
20030723,244.5994
20030722,332.37017
20030721,868.08722
20030718,737.2398
20030717,774.5191199999999
20030716,1029.7768
20030715,315.18795
20030714,78.4706
20030711,91.66768
20030710,93.05613
20030709,61.24302
20030708,154.90496000000002
20030707,296.82950000000005
20030704,165.23352
20030703,95.57622
20030702,233.64983999999995
20030701,561.13897
20030630,168.70798000000002
20030627,35.55068
20030626,52.085899999999995
20030625,58.7853
20030624,47.5272
20030623,44.85846
20030620,28.5873
20030619,62.30184
20030618,85.41692
20030617,157.32904
20030616,79.08859
20030613,27.87798
20030612,35.619479999999996
20030611,37.5664
20030610,61.70828
20030609,55.5276
20030606,19.28433
20030605,50.9472
20030604,45.827600000000004
20030603,45.62316
20030602,82.28800000000001
20030530,30.56625
20030529,68.72186
20030528,37.15466
20030527,76.32066
20030526,88.90557
20030523,44.61905
20030522,51.16125
20030521,17.10192
20030520,22.350240000000003
20030519,61.384280000000004
20030516,35.68334
20030515,50.078489999999995
20030514,79.09536
20030513,25.3617
20030512,9.336599999999999
20030509,10.894499999999999
20030508,9.04046
20030507,23.8974
20030506,23.1903
20030505,41.238
20030502,20.451669999999996
20030430,57.85679999999999
20030429,60.056920000000005
20030428,46.89792
20030425,9.51858
20030424,9.82072
20030423,18.592470000000002
20030422,13.35852
20030421,10.7405
20030417,2.7084
20030416,3.3144
20030415,2.55625
20030411,2.952
20030410,2.445
20030409,6.00175
20030408,3.92875
20030407,4.9115
20030404,2.886
20030403,3.6287999999999996
20030402,3.55488
20030401,1.6168799999999999
20030331,1.219
20030328,3.266
20030327,1.22928
20030326,3.26163
20030325,3.58271
20030324,13.2312
20030322,0.69336
20030321,5.49984
20030320,1.9205
20030319,1.33699
20030317,2.7669
20030313,17.54304
20030312,0.744
20030311,7.13784
20030310,7.7136
20030307,2.9
20030306,3.2058
20030305,3.46
20030304,1.2415
20030303,4.797
20030228,1.971
20030227,30.79917
20030226,2.0587500000000003
20030225,4.32324
20030224,1.61433
20030221,2.22777
20030220,5.135
20030219,1.8335700000000001
20030218,6.746220000000001
20030217,6.656000000000001
20030214,3.5838400000000004
20030212,1.0712000000000002
20030211,4.0635
20030210,5.7753000000000005
20030207,2.23911
20030206,4.28814
20030205,1.8536000000000001
20030204,3.6120000000000005
20030203,1.5820000000000003
20030131,1.3566
20030130,3.0072000000000005
20030129,4.911480000000001
20030128,3.6470000000000002
20030127,24.4559
20030124,10.145939999999998
20030123,20.511599999999998
20030122,9.47256
20030121,1.5903
20030120,1.053
20030117,1.0454400000000001
20030116,1.78464
20030115,2.2451
20030114,2.2271600000000005
20030113,1.79244
20030110,2.3625000000000003
20030109,3.0510000000000006
20030108,1.5700500000000002
20030107,2.2302
20030106,2.23722
20030103,2.3438800000000004
20030102,1.484
20030101,2.8862400000000004
20021231,1.43192
20021230,2.0925000000000002
20021227,1.6651600000000002
20021226,2.5340000000000003
20021224,1.8774000000000002
20021223,2.00592
20021220,1.3160000000000003
20021219,2.3032800000000004
20021218,1.0080000000000002
20021217,2.0868400000000005
20021216,3.72288
20021213,3.3434800000000005
20021212,3.2866400000000002
20021211,3.1584000000000003
20021210,4.93
20021209,16.8117
20021206,9.563099999999999
20021205,4.9392000000000005
20021204,2.30956
20021203,5.17215
20021202,9.03843
20021129,6.4920800000000005
20021128,2.366
20021127,2.6672800000000003
20021126,3.7973600000000003
20021125,7.951219999999999
20021122,7.659090000000001
20021121,5.1775
20021120,0.5625
20021118,1.4375
20021115,0.675
20021114,1.218
20021113,0.186
20021112,1.15125
20021111,0.5125
20021108,3.57775
20021107,2.47248
20021105,1.8468
20021104,1.154
20021101,4.1088000000000005
20021031,3.07375
20021030,3.6695
20021029,3.76128
20021028,8.5155
20021025,6.84025
20021024,1.217
20021023,1.425
20021022,0.5575
20021021,1.443
20021018,1.9695
20021017,2.1619
20021016,2.1502800000000004
20021014,3.10726
20021011,1.86628
20021010,0.5694
20021009,1.5255000000000003
20021008,4.45959
20021007,4.21551
20021004,0.80418
20021003,3.7600200000000004
20021001,1.4781
20020930,0.7047
20020927,0.8915400000000001
20020926,0.2916
20020925,0.378
20020924,0.7784
20020923,0.336
20020920,0.78732
20020919,1.2746700000000002
20020918,0.441
20020917,4.4058
20020916,2.4264300000000003
20020913,1.6824
20020912,1.73101
20020911,0.9738199999999999
20020909,2.4132000000000002
20020906,1.4697
20020905,1.4102999999999999
20020904,1.305
20020903,1.716
20020902,3.8090999999999995
20020830,3.3465
20020829,3.4665
20020828,1.6163999999999998
20020827,2.403
20020826,3.8634
20020823,2.6702999999999997
20020822,2.90718
20020821,2.6381
20020820,1.6568999999999998
20020819,3.1431
20020816,2.7825
20020814,1.2755999999999998
20020813,1.61324
20020812,2.7921
20020809,1.87395
20020808,4.28575
20020807,4.4096
20020806,3.5043200000000003
20020805,6.1256
20020802,3.875
20020801,8.308309999999999
20020731,35.951319999999996
20020730,10.08027
20020729,7.592829999999999
20020726,17.04504
20020725,49.57336
20020724,19.089349999999996
20020723,17.604999999999997
20020722,18.74592
20020719,459.22353999999996
20020718,154.74235
20020717,31.625460000000004
20020716,1.33968
20020715,1.27872
20020712,2.3365
20020711,2.6745
20020710,1.3770000000000002
20020709,1.555
20020708,7.5276
20020705,2.2334
20020704,1.98645
20020703,2.834
20020702,0.5226
20020701,1.7992000000000001
20020628,2.29857
20020627,3.3108400000000002
20020626,3.8529
20020625,13.358800000000002
20020624,5.17428
20020621,3.4388099999999997
20020620,6.635199999999999
20020619,20.706
20020618,129.49949999999998
20020617,82.47832
20020614,57.098679999999995
20020613,59.65358
20020612,81.09153999999998
20020611,61.000339999999994
20020610,78.91712
20020607,14.2303
20020606,39.768359999999994
20020605,25.71338
20020604,60.13693
20020603,49.84635999999999
20020531,12.6121
20020530,46.40406
20020529,29.9976
20020528,19.647499999999997
20020527,18.0554
20020524,23.8146
20020523,13.540099999999999
20020522,17.548589999999997
20020521,99.60293999999999
20020520,39.44969999999999
20020517,24.456419999999998
20020516,38.89679999999999
20020515,39.41607
20020514,18.591119999999997
20020513,73.60524
20020510,63.651329999999994
20020509,53.09264999999999
20020508,43.107389999999995
20020507,46.374629999999996
20020506,29.452469999999998
20020503,149.12568
20020502,65.10882
20020430,41.85852
20020429,144.69620999999998
20020426,85.46415999999999
20020425,148.14244
20020424,43.13402
20020423,69.61507999999999
20020422,21.97562
20020419,95.0127
20020418,26.137699999999995
20020417,50.11896
20020416,48.38274
20020415,87.9396
20020412,103.81922999999999
20020411,147.05031
20020410,137.52104999999997
20020409,605.8792199999999
20020408,269.82431999999994
20020405,665.86887
20020404,262.76320000000004
20020403,225.04944000000003
20020402,233.7627
20020401,264.26454
20020328,1552.3625600000003
20020327,1768.1450799999998
20020326,617.69884
20020322,767.8800599999998
20020321,1140.6708500000002
20020320,771.2952
20020319,140.22182999999998
20020318,121.47737000000001
20020315,83.63908
20020314,80.19829999999999
20020313,196.1065
20020312,313.5305
20020311,145.87
20020308,132.4015
20020307,428.36532
20020306,137.42208
20020305,125.56005
20020304,205.3655
20020301,188.29181
20020228,655.89628
20020227,552.8394900000001
20020226,341.7635
20020225,582.7869
20020222,115.8395
20020221,66.9762
20020220,63.268480000000004
20020219,49.678200000000004
20020218,119.14276
20020215,178.1136
20020214,258.34704000000005
20020213,58.8078
20020212,214.45488999999998
20020211,361.08126
20020208,262.0288
20020207,449.0262
20020206,883.00818
20020205,74.24937000000001
20020204,87.20049
20020201,70.74536
20020131,18.81117
20020130,7.9434000000000005
20020129,23.43506
20020128,52.825269999999996
20020125,23.581949999999996
20020124,32.1786
20020123,30.302999999999997
20020122,125.95281
20020121,208.05525000000003
20020118,75.75009999999999
20020117,53.65776999999999
20020116,22.5626
20020115,60.12722
20020114,72.21401
20020111,121.32411
20020110,62.853120000000004
20020109,54.6007
20020108,87.37469999999999
20020107,143.20844999999997
20020104,92.20530000000001
20020103,24.147199999999998
20020102,15.92512
20020101,51.9248
20011231,50.37888
20011228,68.40933
20011227,111.63768
20011226,40.4688
20011224,28.967730000000003
20011221,86.10491999999999
20011220,72.24
20011219,119.49135000000001
20011218,49.483129999999996
20011214,28.60494
20011213,91.64628
20011212,187.09383000000003
20011211,94.32719999999999
20011210,26.12277
20011207,32.96416
20011206,140.41545
20011205,296.53508000000005
20011204,29.7564
20011203,22.530179999999998
20011129,21.662490000000002
20011128,80.0672
20011127,94.31036999999999
20011126,29.9895
20011123,35.8704
20011122,43.583099999999995
20011121,34.2948
20011120,24.8352
20011119,27.35502
20011115,60.6267
20011114,13.243720000000001
20011113,31.095400000000005
20011112,79.07616
20011109,54.12952
20011108,57.545300000000005
20011107,58.81039
20011106,10.733910000000002
20011105,11.62029
20011102,9.30816
20011101,4.3254399999999995
20011031,7.1552
20011030,11.0304
20011029,18.148180000000004
20011025,11.957749999999999
20011024,26.2034
20011023,28.329479999999997
20011022,18.210849999999997
20011019,19.05248
20011018,2.7001000000000004
20011017,5.7435
20011016,7.057799999999999
20011015,14.03153
20011012,5.250000000000001
20011011,7.4701200000000005
20011010,2.63198
20011009,5.211
20011008,11.423700000000002
20011005,1.5024
20011004,1.8885599999999998
20011003,6.43275
20011001,7.99552
20010928,14.448
20010927,5.9394
20010926,7.875500000000001
20010925,70.103
20010924,4.4404
20010921,3.708
20010920,2.5842599999999996
20010919,9.439919999999999
20010918,6.13074
20010917,3.1064
20010914,5.9835
20010913,1.30125
20010912,1.0790000000000002
20010911,1.1637
20010910,0.7354800000000001
20010907,1.2740000000000002
20010906,1.0192
20010905,1.4916200000000002
20010904,2.0943
20010903,1.2258
20010831,0.45279
20010830,1.9183500000000002
20010829,1.2009600000000002
20010828,3.02454
20010827,2.3924700000000003
20010824,4.56512
20010823,0.315
20010821,1.359
20010820,1.9545
20010817,1.095
20010816,1.3847999999999998
20010814,1.0185
20010813,2.5349999999999997
20010810,3.2738099999999997
20010809,1.98099
20010808,3.7433199999999998
20010807,4.47673
20010806,4.2688
20010803,2.214
20010802,8.98425
20010801,2.8566000000000003
20010731,2.52226
20010730,2.57634
20010727,2.75925
20010726,2.26125
20010725,9.97802
20010724,7.08552
20010720,6.46492
20010719,8.9445
20010718,4.074
20010717,5.6575
20010716,3.5904000000000003
20010713,2.53611
20010712,2.3653
20010711,2.201
20010710,2.13
20010709,1.515
20010706,2.6271
20010705,2.76
20010704,0.723
20010703,1.711
20010702,0.261
20010629,10.649700000000001
20010628,6.174
20010627,2.62972
20010626,3.1108000000000002
20010625,7.729659999999999
20010622,25.05049
20010621,9.0045
20010620,14.91818
20010619,8.22121
20010618,12.529449999999999
20010615,13.33072
20010614,3.1968
20010613,4.3743
20010612,9.174
20010611,10.9218
20010608,20.6615
20010607,19.97919
20010606,11.72823
20010605,14.32851
20010604,17.93664
20010601,38.4516
20010531,20.68638
20010530,47.57214
20010529,62.78264999999999
20010528,142.81225
20010525,62.30532
20010524,9.2101
20010523,8.650879999999999
20010522,10.255999999999998
20010521,43.40128
20010518,14.0754
20010517,6.0855
20010516,4.002
20010515,14.965499999999999
20010514,9.52909
20010511,8.6614
20010510,3.4379
20010509,26.05416
20010508,5.4327499999999995
20010507,7.28562
20010504,7.3625
20010503,7.1873499999999995
20010502,5.813440000000001
20010430,9.64627
20010427,19.29344
20010426,9.45696
20010425,12.820160000000001
20010424,11.451199999999998
20010423,14.42688
20010420,11.14357
20010419,27.636799999999997
20010418,21.1236
20010417,14.26908
20010416,22.3496
20010412,10.01109
20010411,14.985299999999999
20010410,31.3464
20010409,32.2734
20010406,53.58071
20010404,6.679799999999999
20010403,13.472909999999999
20010402,19.36832
20010330,31.972580000000004
20010329,25.5157
20010328,40.15008
20010327,75.76118000000001
20010326,36.72896
20010323,19.28448
20010322,9.035260000000001
20010321,35.798179999999995
20010320,38.4339
20010319,41.82235
20010316,35.86604
20010315,30.5574
20010314,24.360840000000003
20010313,41.954100000000004
20010312,22.814
20010309,77.47883999999999
20010308,18.7625
20010307,31.6356
20010305,88.30584
20010302,187.5984
20010301,41.462180000000004
20010228,92.94955
20010227,124.9638
20010226,70.00032
20010223,96.414
20010222,98.26869
20010221,33.03175
20010220,22.92298
20010220,452.6928
20010219,38.95418
20010216,48.45779999999999
20010215,25.0092
20010214,12.824
20010213,49.56408
20010212,28.184759999999997
20010209,59.65884
20010208,26.7526
20010207,24.703559999999996
20010206,53.50644
20010205,60.04296
20010202,41.78232
20010201,11.94585
20010131,39.8394
20010130,36.167500000000004
20010129,38.6096
20010125,43.56726
20010124,47.80685
20010123,36.036359999999995
20010122,46.97224
20010119,62.71847999999999
20010118,35.00604
20010118,212.4
20010117,62.14672
20010116,89.67658
20010115,153.06123
20010115,799.2
20010112,78.46622
20010111,45.64824
20010110,33.05778
20010109,32.50567
20010108,28.71552
20010105,48.742850000000004
20010104,56.91392
20010103,41.132799999999996
20010102,68.54816
20010102,0.05600000000000001
20010101,22.470000000000002
20001229,20.3448
20001228,17.6265
20001227,15.399
20001226,29.83665
20001222,80.57186
20001221,32.4829
20001220,29.23258
20001219,36.891
20001218,32.64424
20001215,83.99309999999998
20001214,52.932829999999996
20001213,39.441159999999996
20001212,59.855999999999995
20001211,79.41517999999999
20001208,120.29729999999999
20001207,48.79840000000001
20001206,148.62258
20001205,75.6825
20001204,61.30704
20001201,53.62786
20001130,43.95576
20001129,78.69475
20001128,142.74442000000002
20001127,1.5
20001124,31.13694
20001123,53.525009999999995
20001122,4.87825
20001121,13.634640000000001
20001120,10.052819999999999
20001117,8.234639999999999
20001116,7.8399
20001115,11.452499999999999
20001114,5.31437
20001113,1.4080000000000001
20001110,2.9070000000000005
20001109,8.52656
20001108,0.93616
20001107,1.76
20001106,1.5568000000000002
20001103,10.016
20001102,1.3119999999999998
20001101,20.888
20001031,1.5288
20001030,0.8320000000000001
20001027,2.272
20001026,1.72
20001025,3.10976
20001024,7.47232
20001023,0.7876500000000001
20001020,14.61984
20001019,15.200000000000001
20001018,8.66432
20001017,19.55792
20001016,5.984
20001013,15.0048
20001012,6.5925
20001011,14.97488
20001010,7.048
20001009,10.230080000000001
20001006,11.7756
20001005,6.14265
20001004,3.7913600000000005
20001003,5.550599999999999
20000929,10.62975
20000928,8.444999999999999
20000927,5.7894
20000926,18.6568
20000925,10.681120000000002
20000922,22.0275
20000921,8.1336
20000920,7.052480000000001
20000919,18.47008
20000918,28.74656
20000915,34.7123
20000914,25.10766
20000913,39.4515
20000912,45.8946
20000911,28.222040000000003
20000908,27.386239999999997
20000907,13.230879999999999
20000906,19.672159999999998
20000905,21.13515
20000904,43.86582
20000831,13.164340000000003
20000830,32.7159
20000829,5.7415199999999995
20000828,6.168500000000001
20000825,6.469799999999999
20000824,2.2920000000000003
20000823,3.2521199999999997
20000822,3.69
20000821,2.286
20000818,6.582
20000817,2.08
20000816,4.4811
20000814,3.1799999999999997
20000811,11.5908
20000810,5.25213
20000809,3.211
20000808,3.9403
20000807,2.834
20000804,2.0605
20000803,1.612
20000802,4.095
20000801,23.569000000000003
20000731,6.839
20000728,11.5375
20000727,5.30075
20000726,2.756
20000725,6.32437
20000724,4.79063
20000721,5.7330000000000005
20000720,8.06
20000719,5.460000000000001
20000718,9.086000000000002
20000717,9.571
20000714,9.478000000000002
20000713,5.481000000000001
20000712,10.4657
20000711,13.08496
20000710,9.975000000000001
20000707,6.60855
20000706,5.26968
20000705,10.507000000000001
20000704,9.256800000000002
20000703,13.690040000000002
20000630,19.945520000000002
20000629,14.884649999999999
20000628,29.7856
20000627,39.0656
20000626,90.30825000000002
20000623,26.474
20000622,7.6856
20000621,3.93913
20000620,10.143510000000001
20000619,13.03055
20000616,27.17715
20000615,24.245
20000614,9.737
20000613,7.196000000000001
20000612,12.768
20000609,13.223000000000003
20000608,7.336
20000607,8.8305
20000606,5.213
20000605,11.032499999999999
20000602,9.54512
20000601,8.9375
20000531,13.69995
20000530,20.69055
20000529,31.3323
20000526,17.232599999999998
20000525,5.6012
20000524,16.247
20000523,9.417
20000522,14.234110000000001
20000519,39.649499999999996
20000518,9.746500000000001
20000517,14.36622
20000516,22.2298
20000515,52.4751
20000512,24.959
20000511,15.901799999999998
20000510,13.05756
20000509,6.61368
20000508,10.504
20000505,2.952
20000504,3.8759999999999994
20000503,3.185
20000502,1.155
20000428,5.1155
20000427,3.6608
20000426,3.4450000000000003
20000425,3.1590000000000003
20000424,2.8770000000000002
20000420,4.886
20000419,2.7020000000000004
20000418,7.994999999999999
20000417,5.250000000000001
20000413,12.488000000000001
20000412,5.684000000000001
20000411,7.544999999999999
20000410,10.725
20000407,13.341300000000002
20000406,4.8727
20000405,2.6975000000000002
20000404,24.084760000000003
20000403,9.247
20000331,6.580000000000001
20000330,3.8150000000000004
20000329,3.3794600000000004
20000328,3.4475000000000002
20000327,10.69875
20000324,6.006
20000323,7.763000000000001
20000322,5.8476
20000321,12.66
20000316,11.056
20000315,6.675
20000314,8.652000000000001
20000313,6.75
20000310,10.6
20000309,13.696
20000308,15.206500000000002
20000307,6.88
20000306,37.259
20000303,14.832
20000302,12.977999999999998
20000301,14.715
20000229,22.5
20000228,3.383
20000225,20.78675
20000224,10.575
20000223,12.6344
20000222,45.3546
20000221,21.47
20000218,5.7379999999999995
20000217,14.5
20000216,7.1000000000000005
20000215,7.497
20000214,5.67
20000211,11.833499999999999
20000210,12.419
20000209,15.9808
20000208,12.075000000000001
20000207,23.471999999999998
20000204,69.93599999999999
20000203,30.63347
20000202,6.369
20000201,5.382
20000131,4.8069999999999995
20000128,10.8445
20000127,5.088
20000125,5.255999999999999
20000124,5.7
20000121,7.268000000000001
20000120,11.8248
20000119,5.44
20000118,4.7125
20000117,5.122
20000114,7.425
20000113,4.85
20000112,9.854
20000111,8.236080000000001
20000110,10.612
20000107,15.295000000000002
20000106,39.3312
20000105,8.985600000000002
20000104,7.398
20000103,19.516000000000002
