20160331,570.31218
20160330,1477.8980299999998
20160329,472.33450000000005
20160328,956.4481499999999
20160323,1108.90308
20160322,1635.35804
20160321,1231.3228199999999
20160318,1123.3112800000001
20160317,12408.18486
20160316,384.6634
20160315,1217.2644
20160314,433.93948
20160311,1577.8702799999999
20160310,1024.52566
20160309,577.73916
20160308,4588.7839
20160304,659.00478
20160303,3525.3398000000007
20160302,1240.82784
20160301,629.7662399999999
20160229,2122.15584
20160226,668.61828
20160225,700.1099999999999
20160224,1092.925
20160223,1276.7488
20160222,618.5356
20160219,803.31552
20160218,7239.98289
20160217,862.0053
20160216,1247.17
20160215,1567.48174
20160212,1270.7481599999999
20160211,5277.469299999999
20160210,5437.97142
20160209,3138.3311400000002
20160208,1614.35988
20160205,1359.95814
20160204,2573.25
20160203,4400.10736
20160202,1490.5285199999998
20160201,640.84276
20160129,1633.96694
20160128,803.91675
20160127,1610.65563
20160125,1777.9524099999999
20160122,2296.28332
20160121,819.4656
20160120,597.98298
20160119,495.99359999999996
20160118,1163.94
20160115,865.7058000000001
20160114,2365.8624299999997
20160113,2018.41248
20160112,2757.29859
20160111,1303.62603
20160108,675.5150000000001
20160107,1261.2950799999999
20160106,596.2751999999999
20160105,439.60755
20160104,626.9016
20160101,439.21283
20151231,481.53525
20151230,288.21186
20151229,442.00398
20151228,526.63
20151224,614.16954
20151223,584.41728
20151222,1050.33442
20151221,1066.00039
20151218,971.20261
20151217,776.3521200000001
20151216,946.21725
20151215,577.25586
20151214,602.28956
20151211,442.77576
20151210,415.38483
20151209,845.64726
20151208,1132.63792
20151207,1442.0038200000004
20151204,685.472
20151203,2862.52448
20151202,2633.975
20151201,4947.71068
20151130,4092.71808
20151127,203.3981
20151126,360.28349999999995
20151124,424.3221
20151123,994.16968
20151120,786.8168
20151119,568.49284
20151118,1464.73116
20151117,356.29898000000003
20151116,1632.04344
20151113,2056.9151500000003
20151111,143.90645
20151110,1722.6814800000002
20151109,718.10993
20151106,760.3207500000001
20151105,1478.7234899999999
20151104,452.8139
20151103,387.33695
20151102,363.25986
20151030,820.8005999999999
20151029,815.9111999999999
20151028,746.27903
20151027,754.5961
20151026,2214.44227
20151023,741.40416
20151021,1058.9545
20151020,847.1045000000001
20151019,1296.37664
20151016,974.70028
20151015,1344.61568
20151014,895.07418
20151013,1262.22874
20151012,449.58358
20151009,541.21545
20151008,1423.10532
20151007,743.35998
20151006,1437.1464799999999
20151005,1356.0698499999999
20151001,2710.914
20150930,755.82512
20150929,3006.23904
20150928,2592.53302
20150924,3377.60132
20150923,4119.128640000001
20150922,2570.75955
20150921,2582.93581
20150918,461.47686
20150916,730.92316
20150915,476.54334
20150914,401.18987999999996
20150911,844.61286
20150910,1186.04369
20150909,2440.02511
20150908,600.08139
20150907,1357.30406
20150904,708.5186600000001
20150903,340.42968
20150902,532.80292
20150901,1903.29594
20150831,1247.9414399999998
20150828,877.5255999999999
20150827,951.075
20150826,1069.44068
20150825,1909.2650799999997
20150824,1776.9384
20150821,2430.43363
20150820,1337.24295
20150819,1062.4840299999998
20150818,618.23872
20150817,602.67924
20150814,1534.2964
20150813,2250.88409
20150812,1039.35625
20150811,1228.26722
20150810,1017.3646799999999
20150807,1635.3192000000001
20150806,1415.7999900000002
20150805,2643.9361200000003
20150804,1997.97264
20150803,1192.1762999999999
20150731,860.2377
20150730,731.05205
20150729,863.73547
20150728,441.08376000000004
20150727,1050.4218600000002
20150724,1604.67075
20150723,1643.82456
20150722,2026.2402000000002
20150721,2654.48136
20150720,2325.04615
20150717,1404.0027
20150716,1772.1380799999997
20150715,898.4904
20150714,402.1307
20150713,406.09170000000006
20150710,1232.77299
20150709,1267.2729
20150708,3597.60546
20150707,481.66393
20150706,1121.58815
20150703,1387.76638
20150702,2819.28808
20150701,1285.5149999999999
20150630,813.04124
20150629,689.78406
20150626,998.61565
20150625,988.41974
20150624,582.90297
20150623,1283.8292
20150622,897.7598
20150619,1213.3718900000001
20150618,11473.24194
20150617,2977.47757
20150616,3416.43267
20150615,1221.71286
20150612,675.44859
20150611,1185.53125
20150610,1233.0167999999999
20150609,453.35824999999994
20150608,332.47388
20150605,2224.57081
20150604,2452.9422600000003
20150603,1166.48784
20150602,1580.5734400000001
20150601,1745.49601
20150529,8474.657850000001
20150528,3314.1158
20150527,1894.57168
20150526,1016.32978
20150525,1958.98276
20150522,1590.8266800000001
20150521,847.87525
20150520,1424.4684300000001
20150519,3421.7961600000003
20150518,942.2476500000001
20150515,1804.10719
20150514,1123.5337200000001
20150513,5492.6142
20150512,1159.77846
20150511,906.68025
20150508,1038.4029
20150507,2036.9845500000001
20150506,3361.42765
20150505,1205.01711
20150504,1410.75588
20150430,1708.98414
20150429,2006.8660900000002
20150428,2445.4891000000002
20150427,805.9896899999999
20150424,1748.3690000000001
20150423,490.13658000000004
20150422,1224.52288
20150421,1621.5059399999998
20150420,829.2263099999999
20150417,1382.54466
20150416,980.75754
20150415,1106.8753800000002
20150413,2999.05505
20150410,1686.55305
20150409,5159.13271
20150408,4953.54442
20150407,4251.58966
20150406,1905.92032
20150401,2957.4793799999998
20150331,4013.0846699999997
20150330,2218.23228
20150327,1757.74712
20150326,7859.32011
20150325,5073.6024
20150324,1451.5404800000001
20150323,3107.9880000000003
20150320,2330.4494
20150319,639.4437599999999
20150318,1664.8721699999999
20150317,5150.19285
20150316,2119.06136
20150313,3553.2333200000003
20150312,5833.625550000001
20150311,5717.258519999999
20150310,4313.45904
20150309,935.7042999999999
20150305,718.8645700000001
20150304,1191.0117599999999
20150303,765.2183
20150302,3001.58244
20150228,872.62202
20150227,750.94137
20150226,819.34899
20150225,610.26658
20150224,954.63796
20150223,708.6852
20150220,827.2382399999999
20150219,629.17588
20150218,1122.84504
20150216,834.70488
20150213,1820.8122
20150212,4346.29244
20150211,2224.98945
20150210,922.52568
20150209,618.63003
20150206,801.7835900000001
20150205,1396.87548
20150204,1462.4874
20150203,1118.68416
20150202,1520.87614
20150130,986.87745
20150129,1383.9669
20150128,1713.1543100000001
20150127,1602.01868
20150123,3552.32092
20150122,1095.9726400000002
20150121,2012.2172900000003
20150120,755.0781300000001
20150119,1260.6649
20150116,2733.5985
20150115,610.4817
20150114,683.11475
20150113,345.9315
20150112,891.58524
20150109,1874.7610200000001
20150108,674.10306
20150107,1373.7587099999998
20150106,4337.9105
20150105,1240.48605
20150102,1195.80555
20150101,1098.11262
20141231,859.4649999999999
20141230,393.34464
20141229,559.74107
20141226,876.6432000000001
20141224,1923.48189
20141223,1230.73722
20141222,1362.1014000000002
20141219,3560.04768
20141218,988.54719
20141217,2713.4352799999997
20141216,1672.0416500000001
20141215,964.7112
20141212,1899.4510000000002
20141211,1188.6765
20141210,1589.67243
20141209,2243.48696
20141208,1378.97856
20141205,1281.81904
20141204,1430.94504
20141203,1596.92148
20141202,15552.86006
20141201,505.5443599999999
20141128,1881.02783
20141127,986.11956
20141126,785.9643400000001
20141125,1898.82708
20141124,514.20663
20141121,764.16169
20141120,1295.01141
20141119,1458.16374
20141118,2965.82148
20141117,563.07141
20141114,783.69738
20141113,5993.28619
20141112,662.57802
20141111,1019.7404399999999
20141110,925.63251
20141107,1718.5319100000002
20141105,2931.53895
20141103,1623.9212099999997
20141031,3572.4172000000003
20141030,1233.8802
20141029,524.95816
20141028,1983.8400000000001
20141027,1358.58756
20141023,289.27518000000003
20141022,519.12784
20141021,1384.08996
20141020,2790.4464000000003
20141017,1124.5398
20141016,1722.03228
20141014,618.24224
20141013,558.7235499999999
20141010,789.79401
20141009,1369.49967
20141008,797.425
20141007,1349.8492800000001
20141001,1917.45052
20140930,2039.86587
20140929,1754.03125
20140926,2927.03892
20140925,1312.3758599999999
20140924,1120.08824
20140923,991.3562999999999
20140922,1693.88705
20140919,969.5232599999999
20140918,959.0383600000001
20140917,1166.09336
20140916,1625.3835000000001
20140915,2298.12401
20140912,3205.83105
20140911,3856.04892
20140910,3025.11966
20140909,2325.05848
20140908,3814.61784
20140905,2128.17594
20140904,3955.37008
20140903,4762.67036
20140902,2630.1915
20140901,1996.7605200000003
20140828,972.21824
20140827,1595.6192500000002
20140826,524.66794
20140825,1725.7205999999999
20140822,2098.4979000000003
20140821,2332.9090899999997
20140820,1481.3910899999998
20140819,6277.22376
20140818,1181.35107
20140814,2158.67789
20140813,913.36105
20140812,711.2214600000001
20140811,884.4867899999999
20140808,1509.8243599999998
20140807,1907.5853799999998
20140806,1087.9466
20140805,708.87375
20140804,1357.97445
20140801,2536.9848
20140731,1862.66563
20140730,4088.88825
20140728,1024.02225
20140725,911.537
20140724,1369.9177399999999
20140723,1202.0599200000001
20140722,3134.0832400000004
20140721,751.0806400000001
20140718,560.59668
20140717,335.18547
20140716,592.9924000000001
20140715,462.81505000000004
20140714,892.92621
20140711,1030.72676
20140710,2158.26548
20140709,3625.7088
20140708,733.2087
20140707,1864.0551600000001
20140704,7150.270769999999
20140703,1999.494
20140702,5986.21093
20140701,761.0137500000001
20140630,1023.334
20140627,1787.05656
20140626,1382.53208
20140625,5232.31689
20140624,1168.4389499999997
20140623,676.3412599999999
20140620,1263.68829
20140619,972.6539399999999
20140618,1169.1906
20140617,1774.8005000000003
20140616,938.3047200000001
20140613,2057.48202
20140612,2194.53632
20140611,2040.85804
20140610,3903.20645
20140609,3386.01952
20140606,4478.94396
20140605,2128.745
20140604,1193.10015
20140603,1775.8765299999998
20140602,2952.94692
20140530,1047.58485
20140529,1978.8074100000001
20140528,1798.2878899999998
20140527,752.5394700000002
20140526,1262.5621800000001
20140523,1884.01855
20140522,1385.48976
20140521,1811.2361799999999
20140520,4054.0290600000003
20140519,1783.8990900000001
20140516,4395.86304
20140515,627.58767
20140514,672.065
20140513,1239.24354
20140512,1008.1522799999999
20140509,1255.79517
20140508,1133.51775
20140507,1260.8395200000002
20140506,668.98188
20140505,580.64328
20140502,1027.90005
20140430,1822.6822
20140429,2258.75475
20140428,469.93056
20140425,932.4359999999999
20140423,809.3924999999999
20140422,584.0328
20140421,863.02293
20140417,593.62551
20140416,790.77312
20140415,786.90724
20140411,668.1668
20140410,730.08191
20140409,378.2592
20140407,249.65463999999997
20140404,629.89245
20140403,1192.10112
20140402,1505.88475
20140401,716.4333799999999
20140331,1698.4549500000003
20140328,1682.5735300000001
20140327,4184.79534
20140326,1320.9171300000003
20140325,1065.98906
20140324,701.50944
20140322,92.03487999999999
20140321,1187.88516
20140320,714.51432
20140319,783.5939199999999
20140318,489.32959999999997
20140314,1170.8328000000001
20140313,415.37807999999995
20140312,1383.25264
20140311,933.7151100000001
20140310,1124.7516899999998
20140307,3096.9616
20140306,915.01767
20140305,1488.0902400000002
20140304,1141.38321
20140303,781.8655799999999
20140228,1126.3793600000001
20140226,1621.5275800000002
20140225,3590.78955
20140224,2142.13859
20140221,2364.40998
20140220,1265.85954
20140219,740.9597000000001
20140218,1994.9231999999997
20140217,826.42376
20140214,2323.40704
20140213,648.1046699999999
20140212,3418.366
20140211,5812.543500000001
20140210,1890.83646
20140207,2032.4367000000002
20140206,1919.84437
20140205,969.6429899999999
20140204,3869.1049199999993
20140203,1027.1689999999999
20140131,923.7708200000001
20140130,3659.568
20140129,3523.79104
20140128,1025.81235
20140127,1086.1824
20140124,703.3156200000001
20140123,858.5773200000001
20140122,1172.9184
20140121,1918.12318
20140120,995.1950400000001
20140117,1564.374
20140116,6119.209670000001
20140115,363.07968
20140114,300.65612
20140113,275.49886
20140110,351.03232
20140109,644.6848
20140108,455.34745999999996
20140107,538.9752599999999
20140106,335.67116
20140103,695.83808
20140102,5068.07397
20140101,757.0409399999999
20131231,628.0755200000001
20131230,1168.91667
20131227,400.70516000000003
20131226,2295.3354999999997
20131224,961.6304600000001
20131223,1105.662
20131220,1682.18544
20131219,897.7731600000001
20131218,1146.51537
20131217,1999.2987300000002
20131216,869.5578000000002
20131213,960.6179700000001
20131212,3146.4092
20131211,1146.43692
20131210,878.95652
20131209,2958.29424
20131206,2354.50072
20131205,1569.4974
20131204,1251.1461199999999
20131203,834.45844
20131202,2202.8968800000002
20131129,1169.8872900000001
20131128,809.1737999999999
20131127,1258.55862
20131126,1130.20512
20131125,739.6514999999999
20131122,1039.0302
20131121,492.11812000000003
20131120,925.66839
20131119,2526.5546000000004
20131118,4444.9893
20131114,897.6504
20131113,1474.25328
20131112,614.31632
20131111,1518.7248700000002
20131108,2144.86629
20131107,2092.57127
20131106,2288.7734100000002
20131105,780.90462
20131103,167.89437
20131101,2139.71875
20131031,7252.098460000001
20131030,9377.435199999998
20131029,630.5784299999999
20131028,569.3042
20131025,1978.4587899999997
20131024,717.54849
20131023,1074.69726
20131022,5429.82832
20131021,1374.27136
20131018,3747.96856
20131017,1761.07306
20131015,1388.84718
20131014,919.02316
20131011,894.1072500000001
20131010,1159.19076
20131009,2595.2395
20131008,2806.9951199999996
20131007,1727.07578
20131004,1555.4847
20131003,2342.525
20131001,1155.92352
20130930,2105.75918
20130927,1836.8584400000002
20130926,1073.5192
20130925,1419.31278
20130924,1467.49416
20130923,1270.16902
20130920,1881.8686500000001
20130919,8155.071359999999
20130918,764.90925
20130917,1170.12868
20130916,1297.67112
20130913,1778.98007
20130912,758.99852
20130911,2403.8263799999995
20130910,3581.6688000000004
20130906,2532.7510500000003
20130905,1132.628
20130904,1154.8714
20130903,1925.66088
20130902,852.3449999999999
20130830,919.83045
20130829,1366.7111799999998
20130828,1182.8918199999998
20130827,901.08894
20130826,765.59322
20130823,1516.61034
20130822,1519.7809
20130821,1673.28966
20130820,1555.96683
20130819,1562.5415699999999
20130816,2429.8541600000003
20130814,1537.87365
20130813,1377.4372199999998
20130812,823.673
20130808,1171.81811
20130807,1089.59744
20130806,1543.1311999999998
20130805,744.48907
20130802,1560.47904
20130801,7316.3634
20130731,6065.25272
20130730,744.4325000000001
20130729,1701.87966
20130726,1238.1920400000001
20130725,1765.86952
20130724,1440.8619700000002
20130723,928.5896100000001
20130722,1131.50366
20130719,2225.7947599999998
20130718,931.0
20130717,2062.77624
20130716,1993.7999899999998
20130715,2059.79085
20130712,1036.84998
20130711,727.07205
20130710,595.46028
20130709,1009.35305
20130708,2329.07484
20130705,1048.17282
20130704,898.76018
20130703,1891.6108
20130702,1325.9969
20130701,643.9959600000001
20130628,681.84435
20130627,713.69958
20130626,1380.0915
20130625,1526.6971999999998
20130624,392.30508
20130621,744.33905
20130620,1714.40842
20130619,1202.41888
20130618,1206.1355199999998
20130617,787.15746
20130614,780.228
20130613,852.85296
20130612,1057.60158
20130611,1211.70486
20130610,1083.72096
20130607,1164.51826
20130606,1467.40604
20130605,581.65014
20130604,305.76792
20130603,548.34216
20130531,1110.65707
20130530,832.2302700000001
20130529,663.48234
20130528,632.8481599999999
20130527,775.2343199999999
20130524,1185.6601400000002
20130523,976.6527299999999
20130522,795.3271199999999
20130521,742.18104
20130520,825.71961
20130517,909.3480000000001
20130516,717.0408000000001
20130515,755.1317100000001
20130514,770.0203
20130513,1347.015
20130511,91.94535
20130510,590.3854
20130509,578.2392
20130508,740.67135
20130507,1958.44838
20130506,944.8964
20130503,3928.24822
20130502,5709.654660000001
20130430,1127.83056
20130429,1227.3952900000002
20130426,3106.0892200000003
20130425,930.75612
20130423,1887.69097
20130422,543.35526
20130418,2123.33189
20130417,826.7280000000001
20130416,1144.5632
20130415,2454.4009600000004
20130412,769.32144
20130411,1917.2470799999999
20130410,1542.82755
20130409,2717.29152
20130408,2770.0390199999997
20130405,1951.7957999999999
20130404,2078.2486799999997
20130403,1829.2005
20130402,908.59474
20130401,866.46354
20130328,724.42269
20130326,1885.5215099999998
20130325,3121.8745599999997
20130322,2466.31773
20130321,7396.22925
20130320,7873.400140000001
20130319,6839.0256
20130318,1682.3066600000002
20130315,3631.4764
20130314,1322.24622
20130313,2240.74512
20130312,736.1588000000002
20130311,2492.6910399999997
20130308,2827.67406
20130307,1518.62516
20130306,2949.96925
20130305,2602.2492
20130304,1920.36784
20130301,4416.585959999999
20130228,3141.9964800000002
20130227,2600.9876
20130226,4430.02485
20130225,1751.1599999999999
20130222,3123.93741
20130221,4809.776180000001
20130220,1895.39821
20130219,1146.6612499999999
20130218,549.99064
20130215,1213.56108
20130214,1273.1080900000002
20130213,1009.84812
20130212,1219.9908699999999
20130211,552.29311
20130208,1004.155
20130207,1173.97224
20130206,1049.32895
20130205,1285.72928
20130204,1691.2445500000001
20130201,9005.199779999999
20130131,945.1960199999999
20130130,5835.76761
20130129,1595.7102200000002
20130128,1232.6778
20130125,1586.6577
20130124,1935.2543500000002
20130123,8981.34096
20130122,6955.25922
20130121,20205.384720000002
20130118,1901.2092800000003
20130117,7815.481650000001
20130116,2056.93752
20130115,4730.0206800000005
20130114,948.8448
20130111,856.55029
20130110,945.62122
20130109,1212.23058
20130108,668.7488000000001
20130107,839.15776
20130104,588.61179
20130103,974.5053999999999
20130102,622.24406
20130101,1544.5241600000002
20121231,417.96846
20121228,1926.9435499999997
20121227,1156.49325
20121226,1353.3261000000002
20121224,848.17967
20121221,1392.0179
20121220,1245.2223000000001
20121219,1995.53202
20121218,2036.55501
20121217,3230.1173400000002
20121214,1294.0648700000002
20121213,1678.15788
20121212,1103.0862
20121211,1087.0667600000002
20121210,1015.7919799999999
20121207,786.23668
20121206,1838.29128
20121205,768.512
20121204,1282.39916
20121203,1573.7226900000003
20121130,4758.57375
20121129,6486.189430000001
20121127,3772.78435
20121126,1157.9759999999999
20121123,1281.2351999999998
20121122,1322.54774
20121121,942.9574499999999
20121120,2624.91801
20121119,4880.2627600000005
20121116,3697.10172
20121115,2658.5286
20121113,338.65428
20121112,17628.200999999997
20121109,814.7897999999999
20121108,1901.7023399999998
20121107,3107.16864
20121106,346.65749999999997
20121105,740.7168999999999
20121102,1120.4197199999999
20121101,1683.63356
20121031,418.677
20121030,788.1018799999999
20121029,570.23082
20121026,379.9574
20121025,755.12244
20121023,881.23728
20121022,963.5952500000001
20121019,930.0395700000001
20121018,1749.5238000000002
20121017,1829.7657399999998
20121016,1533.0349
20121015,1351.56182
20121012,941.5684799999999
20121011,924.0255500000001
20121010,763.4732999999999
20121009,1392.489
20121008,3834.33725
20121005,1144.6888199999999
20121004,967.5498
20121003,870.0375599999999
20121001,827.7327200000001
20120928,1037.60238
20120927,1425.08095
20120926,2950.3404000000005
20120925,892.9544199999999
20120924,1546.98615
20120921,2306.59132
20120920,1783.7736000000002
20120918,2480.29515
20120917,2173.78204
20120914,2130.7677300000005
20120913,3054.004
20120912,2633.4075300000004
20120911,2309.68166
20120910,2287.7016
20120908,109.59504
20120907,900.284
20120906,4558.85422
20120905,4061.60592
20120904,1798.6360799999998
20120903,22204.727039999998
20120831,2484.75463
20120830,3098.41875
20120829,2754.04416
20120828,1966.08335
20120827,2984.3505099999998
20120824,2290.87705
20120823,4693.27671
20120822,6284.721579999999
20120821,5805.057019999999
20120817,2352.7449
20120816,1743.6559200000002
20120814,2324.20185
20120813,4157.779210000001
20120810,6626.56554
20120809,12837.6945
20120808,23913.99112
20120807,1697.4167
20120806,1021.7651199999999
20120803,1609.0006400000002
20120802,1310.50768
20120801,1550.89926
20120731,1701.5373299999999
20120730,860.58042
20120727,881.62345
20120726,1232.1052100000002
20120725,919.50824
20120724,916.3618799999999
20120723,1230.35193
20120720,1246.53607
20120719,1214.73494
20120718,2048.39092
20120717,3105.9140199999997
20120716,1994.95395
20120713,653.7761999999999
20120712,908.46036
20120711,453.3332199999999
20120710,424.44000000000005
20120709,388.86360999999994
20120706,379.48745999999994
20120705,705.82335
20120704,1368.8287200000002
20120703,3594.04576
20120702,677.5694500000001
20120629,2511.6773000000003
20120628,1802.91256
20120627,641.3457000000001
20120626,680.1270800000001
20120625,493.62192
20120622,421.86586
20120621,713.3427
20120620,711.1136
20120619,525.88116
20120618,410.91116
20120615,918.0702699999998
20120614,681.75225
20120613,849.1345800000001
20120612,602.6608799999999
20120611,723.558
20120608,1033.2621
20120607,819.1486500000001
20120606,1829.36745
20120605,1352.3091200000001
20120604,1951.9962
20120601,987.59232
20120531,1424.09508
20120530,647.2488799999999
20120529,465.64196000000004
20120528,729.81559
20120525,1133.3586
20120524,1674.8311999999999
20120523,1521.0107999999998
20120522,472.2406
20120521,598.3673
20120518,566.4348
20120517,700.2765
20120516,1217.23791
20120515,2053.55325
20120514,868.5311399999999
20120511,673.7808
20120510,911.48332
20120509,674.8814100000001
20120508,549.71378
20120507,1097.268
20120504,1097.14275
20120503,873.4175200000001
20120502,5511.8022
20120430,697.3922799999999
20120428,60.285399999999996
20120427,1925.40684
20120426,1825.3493600000002
20120425,2015.1410499999997
20120424,6967.9587599999995
20120423,1894.5178799999999
20120420,985.57315
20120419,473.99108999999993
20120418,651.61608
20120417,1843.66528
20120416,2561.3185800000006
20120413,2687.872
20120412,882.93744
20120411,986.24644
20120410,1060.30944
20120409,980.0908800000001
20120404,1695.23788
20120403,791.61147
20120402,451.57048999999995
20120330,1688.4764
20120329,1231.9853
20120328,1236.09675
20120327,1647.1970999999999
20120326,923.9825
20120323,2912.2993500000002
20120322,1453.30251
20120321,1567.14318
20120320,1033.1260399999999
20120319,912.18399
20120316,1484.07035
20120315,3353.6256000000003
20120314,1871.4057599999999
20120313,1390.2968999999998
20120312,629.18202
20120309,3266.7626000000005
20120307,2533.5919200000003
20120306,2038.9752000000003
20120305,1767.36924
20120303,74.0502
20120302,1636.97403
20120301,950.9634199999999
20120229,2076.0334000000003
20120228,1520.21046
20120227,1915.70898
20120224,2470.83402
20120223,2976.75177
20120222,4856.02848
20120221,4370.3031
20120217,3808.6548000000003
20120216,4559.2803
20120215,4722.79137
20120214,2579.9341600000002
20120213,3821.4765299999995
20120210,6072.775500000001
20120209,10834.4038
20120208,10790.01
20120207,1947.5700000000002
20120206,3799.2282299999997
20120203,7599.76176
20120202,19093.16384
20120201,1495.4707600000002
20120131,3557.0148
20120130,802.11925
20120127,2288.39448
20120125,894.6459600000001
20120124,1517.8750499999999
20120123,1283.9655
20120120,960.4256999999999
20120119,1755.6673999999998
20120118,625.4501
20120117,1138.1996399999998
20120116,1343.2228699999998
20120113,2535.7851499999997
20120112,922.86328
20120111,1525.7389500000002
20120110,1757.07136
20120109,1656.6794399999999
20120107,156.65481
20120106,1714.37904
20120105,781.69479
20120104,682.86828
20120103,1161.3502
20120102,635.0152800000001
20111230,1024.50062
20111229,1306.0724599999999
20111228,883.87012
20111227,1108.64274
20111226,2249.72692
20111223,1437.4204000000002
20111222,2568.9682199999997
20111221,1948.6933999999999
20111220,2313.17147
20111219,3002.5670400000004
20111216,2772.6606199999997
20111215,2400.07921
20111214,2899.7376
20111213,2096.6634000000004
20111212,3634.02522
20111209,2976.41773
20111208,2313.16869
20111207,2276.904
20111205,2706.64344
20111202,2714.06025
20111201,8839.56
20111130,5573.36555
20111129,2491.64496
20111128,1595.63697
20111125,2021.43816
20111124,2982.93066
20111123,5462.035199999999
20111122,1862.3215000000002
20111121,5503.66464
20111118,4728.77532
20111117,1438.0827
20111116,4792.837119999999
20111115,2031.1353500000002
20111114,4055.3312499999997
20111111,1218.04092
20111109,2266.66658
20111108,2094.76044
20111104,7186.95208
20111103,1631.82468
20111102,1580.95808
20111101,714.06468
20111031,1194.12111
20111028,2972.4401399999997
20111026,342.47424
20111025,1598.31688
20111024,918.27488
20111021,1283.35284
20111020,1194.1272
20111019,1835.0560800000003
20111018,1076.14221
20111017,870.2112999999999
20111014,1613.0520000000001
20111013,1403.2751999999998
20111012,1448.1715499999998
20111011,2332.66995
20111010,3408.6111
20111007,4092.52833
20111005,882.89078
20111004,989.7368000000001
20111003,1337.35308
20110930,1647.4931399999998
20110929,480.81149999999997
20110928,753.9073900000001
20110927,693.57236
20110926,2105.12832
20110923,2613.8658
20110922,1752.0059999999999
20110921,784.67264
20110920,1037.14048
20110919,985.8240000000001
20110916,1116.1381
20110915,2789.6760000000004
20110914,1838.12229
20110913,1603.0151999999998
20110912,1304.2944
20110909,1929.9830399999998
20110908,1054.7938199999999
20110907,976.0483200000001
20110906,1489.5504
20110905,640.5651
20110902,1199.52564
20110830,1964.6009000000001
20110829,1372.425
20110826,1888.3457600000002
20110825,1598.7100999999998
20110824,816.38523
20110823,2419.0155500000005
20110822,1082.7411
20110819,1815.8587100000002
20110818,1680.52929
20110817,1945.99332
20110816,2556.3028700000004
20110812,1913.9648499999998
20110811,1512.61632
20110810,4205.6192
20110809,2693.8707600000002
20110808,3038.4048199999997
20110805,2268.59616
20110804,2326.7574
20110803,8698.479679999999
20110802,849.0934
20110801,3142.1318399999996
20110729,5899.88464
20110728,3019.1621600000003
20110727,4294.3971
20110726,4240.452300000001
20110725,22521.091500000002
20110722,32210.305149999997
20110721,1681.5086600000002
20110720,874.81962
20110719,861.17835
20110718,3040.17063
20110715,825.76004
20110714,2519.59812
20110713,3036.26063
20110712,897.7226500000002
20110711,906.8482500000001
20110708,4653.8478
20110707,6728.568119999999
20110706,1556.25314
20110705,6644.59092
20110704,1195.33024
20110701,1811.05638
20110630,4143.819979999999
20110629,7116.20667
20110628,4971.19735
20110627,6909.1885
20110624,4812.7145
20110623,2600.3880000000004
20110622,3000.9169500000003
20110621,3004.71192
20110620,3993.8313099999996
20110617,2450.70152
20110616,491.47104
20110615,715.2773599999999
20110614,1088.8254
20110613,1075.65208
20110610,458.0313499999999
20110609,1170.8791199999998
20110608,1245.9876
20110607,751.86972
20110606,1167.7268399999998
20110603,464.54832
20110602,2191.17651
20110601,3732.1751999999997
20110531,860.0127299999999
20110530,686.0095
20110527,1486.75968
20110526,969.1165
20110525,1003.7126400000001
20110524,1483.22975
20110523,982.9179
20110520,1631.67192
20110519,631.2956999999999
20110518,1126.66751
20110517,656.5125
20110516,991.1244399999998
20110513,1197.173
20110512,1416.2378399999998
20110511,1041.73432
20110510,940.9736000000001
20110509,1915.6259999999997
20110506,99567.01216000001
20110505,5889.3704800000005
20110504,1083.7326600000001
20110503,1487.88544
20110502,909.35344
20110429,1945.34996
20110428,1680.372
20110427,2269.9422200000004
20110426,2722.04583
20110425,868.53008
20110421,1412.9628
20110420,2912.44734
20110419,2480.6252
20110418,1078.0866
20110415,2415.64696
20110413,2992.779
20110411,1077.51444
20110408,2760.6564000000003
20110407,3735.325
20110406,2030.2271999999998
20110405,867.2437799999999
20110404,1063.93684
20110401,1841.70098
20110331,4305.22666
20110330,1671.6139999999998
20110329,4802.9184
20110328,3889.04598
20110325,1205.3886400000001
20110324,716.18475
20110323,681.5844
20110322,1179.35392
20110321,796.29836
20110318,1308.9232800000002
20110317,1973.9491900000003
20110316,1676.1377599999998
20110315,1712.4411200000002
20110314,1228.42656
20110311,919.0862999999999
20110310,421.93319999999994
20110309,722.39244
20110308,1071.2978500000002
20110307,1092.36706
20110304,1299.2635
20110303,1342.52322
20110301,2987.8414700000003
20110228,1428.8486400000002
20110225,931.92603
20110224,3355.0611599999997
20110223,1599.7238599999998
20110222,1672.2874000000002
20110221,9258.65984
20110218,1415.86725
20110217,2075.76085
20110216,1520.5213800000001
20110215,1014.76352
20110214,1516.25745
20110211,1295.9595000000002
20110210,3860.292
20110209,2589.75654
20110208,865.6218
20110207,1156.7695899999999
20110204,2584.6128
20110203,4221.927
20110202,9420.523439999999
20110201,2241.11147
20110131,1357.335
20110128,1758.36633
20110127,1435.8494300000002
20110125,1497.31239
20110124,603.78174
20110121,900.7629000000001
20110120,1071.06384
20110119,622.7721
20110118,1244.3868000000002
20110117,1808.811
20110114,1016.0046000000001
20110113,1244.67645
20110112,1613.7306
20110111,1355.43499
20110110,1178.9611400000001
20110107,1957.4919
20110106,1073.43827
20110105,943.1428699999999
20110104,2846.08062
20110103,1775.3574300000002
20101231,2059.3167
20101230,1687.85592
20101229,2505.44658
20101228,1123.4680600000002
20101227,1425.1941700000002
20101224,2220.86992
20101223,1922.3245499999998
20101222,1592.79784
20101221,1192.143
20101220,748.30875
20101216,1568.94248
20101215,1643.6974
20101214,1305.63454
20101213,3002.85685
20101210,2245.8124000000003
20101209,1707.71465
20101208,1845.6970000000001
20101207,2311.1634
20101206,1254.1878000000002
20101203,2241.4282799999996
20101202,3027.93582
20101201,4075.8199200000004
20101130,12505.20408
20101129,1462.6845600000001
20101126,2454.73318
20101125,3138.7531200000003
20101124,4863.746220000001
20101123,4431.646720000001
20101122,2905.60338
20101119,9307.18076
20101118,6111.23184
20101116,4946.80908
20101115,11514.32654
20101112,6069.1925599999995
20101111,3649.3656
20101110,9092.20984
20101109,1752.5475600000002
20101108,1118.3457799999999
20101105,446.68859999999995
20101104,963.2828999999999
20101103,916.36677
20101102,742.0345899999999
20101101,657.3975
20101029,1435.6294099999998
20101028,3146.94984
20101027,3091.4727799999996
20101026,1262.1768200000001
20101025,3471.3580399999996
20101022,1867.92594
20101021,3787.72596
20101020,5202.200250000001
20101019,3270.40284
20101018,4772.94275
20101015,1750.30065
20101014,2527.40562
20101013,4449.12018
20101012,10547.837099999999
20101011,3198.9321
20101008,2810.16351
20101007,1309.9163800000001
20101006,1586.6006
20101005,2737.9516
20101004,1777.52866
20101001,2280.6951299999996
20100930,1324.38288
20100929,1907.70634
20100928,1878.7392000000002
20100927,4939.54164
20100924,13745.89536
20100923,1294.9384
20100922,1828.47904
20100921,4474.16757
20100920,6578.99118
20100917,3797.67168
20100916,2274.1146
20100915,2620.6476
20100914,5975.2700700000005
20100913,2120.4315
20100909,3015.1935
20100908,5931.2864
20100907,2439.60036
20100906,3618.2623
20100903,3319.96875
20100902,2893.0387499999997
20100901,5948.81118
20100831,4435.0817
20100830,3686.5624999999995
20100827,1383.2796600000001
20100826,1605.23952
20100825,1535.4037200000002
20100824,3836.16201
20100823,1872.6504
20100820,1643.63451
20100819,852.58968
20100818,1135.50648
20100817,1696.17864
20100816,1359.8486200000002
20100813,2494.09013
20100812,3260.69275
20100811,11721.590160000002
20100810,1707.90108
20100809,3514.7673600000003
20100806,2046.0028
20100805,3351.07102
20100804,2691.8259599999997
20100803,6379.7840400000005
20100802,3932.85612
20100730,4725.09942
20100729,1481.58912
20100728,4672.445
20100727,9447.96121
20100726,6728.990400000001
20100723,11184.64654
20100722,2793.6187400000003
20100721,1112.2432
20100720,1152.73573
20100719,2024.1403500000001
20100716,3703.1286600000003
20100715,1811.63558
20100714,8574.6386
20100713,8452.476509999999
20100712,11701.55155
20100709,43950.66552
20100708,2692.01925
20100707,6280.863799999999
20100706,12612.469840000002
20100705,1468.8459200000002
20100702,2539.34194
20100701,2445.0267999999996
20100630,3919.95771
20100629,1380.53667
20100628,6908.266299999999
20100625,4483.956979999999
20100624,4250.16456
20100623,5744.08104
20100622,3999.25194
20100621,8090.40155
20100618,5155.0286399999995
20100617,4467.670050000001
20100616,5251.0962
20100615,5224.871340000001
20100614,6656.4605
20100611,6359.668129999999
20100610,11499.76296
20100609,11859.23646
20100608,3808.3687399999994
20100607,3696.9475
20100604,2711.97492
20100603,3315.82875
20100602,7033.51417
20100601,3725.2489399999995
20100531,1763.3107799999998
20100528,1974.32444
20100527,1769.81253
20100526,1403.7084
20100525,2993.1116800000004
20100524,3213.44787
20100521,2897.1338
20100520,2780.84008
20100519,3190.06094
20100518,4673.35704
20100517,5337.767970000001
20100514,9635.444
20100513,21585.1229
20100512,16772.879200000003
20100511,1952.8781999999999
20100510,1711.7529100000002
20100507,1157.29864
20100506,4611.189410000001
20100505,4406.182680000001
20100504,1823.5106099999998
20100503,1479.0144599999999
20100430,2468.5632100000003
20100429,2218.64994
20100428,5342.4814
20100427,1513.50768
20100426,3334.35504
20100423,4290.57252
20100422,1611.99521
20100421,1280.6445599999997
20100420,3438.64722
20100419,3851.5185
20100416,1394.92773
20100415,2014.8895
20100413,2268.4175999999998
20100412,3381.2592
20100409,4842.552680000001
20100408,4235.4675
20100407,5897.8150000000005
20100406,2953.6629000000003
20100405,5481.279439999999
20100401,10977.53472
20100331,6498.4245599999995
20100330,2429.67055
20100329,2653.3573999999994
20100326,6622.56162
20100325,8966.27388
20100323,4646.939440000001
20100322,5272.5544
20100319,6911.12825
20100318,4650.8063
20100317,4159.10122
20100316,3825.2319199999997
20100315,5365.70528
20100312,4001.3127000000004
20100311,2608.06656
20100310,2369.18538
20100309,3233.4687
20100308,2930.8359599999994
20100305,8407.39166
20100304,3025.2017600000004
20100303,3460.2745
20100302,6414.4828
20100226,5248.19708
20100225,3254.5625
20100224,1889.3272899999997
20100223,3627.2836800000005
20100222,3639.3230999999996
20100219,8652.35965
20100218,6611.32493
20100217,12494.69563
20100216,36616.417140000005
20100215,24943.316040000005
20100211,5548.5599999999995
20100210,3938.4632000000006
20100209,4893.73638
20100208,3705.1976699999996
20100206,412.73865
20100205,2918.24676
20100204,2239.4255000000003
20100203,2133.68714
20100202,2542.5057999999995
20100201,2991.63921
20100129,4165.13601
20100128,3944.3254799999995
20100127,3840.2058800000004
20100125,5489.711399999999
20100122,7582.357380000001
20100121,4844.8512
20100120,9711.88204
20100119,3809.4837599999996
20100118,2068.6743
20100115,3843.16184
20100114,2968.17843
20100113,3361.68812
20100112,6651.88935
20100111,3570.55928
20100108,2170.1556800000003
20100107,3416.64538
20100106,3747.15072
20100105,5203.7174
20100104,3300.07888
20091231,3308.74116
20091230,2451.96861
20091229,2948.67958
20091224,4891.322660000001
20091223,5162.15319
20091222,6382.926269999999
20091221,6967.0398000000005
20091218,4185.5406
20091217,8198.368859999999
20091216,7601.04072
20091215,5998.195860000001
20091214,7271.655659999999
20091211,13615.114109999999
20091210,17317.683539999998
20091209,18621.10544
20091208,11359.93344
20091207,12196.06571
20091204,8979.713020000001
20091203,5729.585239999999
20091202,10614.03646
20091201,8437.64192
20091130,15064.4097
20091127,7201.0441200000005
20091126,6327.48636
20091125,4913.125569999999
20091124,6863.8562999999995
20091123,20465.017740000003
20091120,11189.725559999999
20091119,4250.3316
20091118,6071.806559999999
20091117,5750.4923
20091116,8538.685870000001
20091113,5591.203439999999
20091112,10221.909599999999
20091111,9968.70255
20091110,11034.664289999999
20091109,8491.39817
20091106,5802.742319999999
20091105,12532.784709999998
20091104,10360.319739999999
20091103,23395.805070000002
20091030,32122.829619999997
20091029,7514.619479999999
20091028,13226.2911
20091027,13722.642749999999
20091026,7083.43875
20091023,10078.712160000001
20091022,13710.8006
20091021,16364.44511
20091020,13861.494400000001
20091017,7407.245
20091016,16353.180599999998
20091015,27899.179630000002
20091014,22161.61868
20091012,12846.08223
20091009,26603.05826
20091008,45561.525460000004
20091007,32447.94798
20091006,91988.32635
20091005,42867.40305
20091001,49186.89874
20090930,4363.27528
20090929,7962.8207999999995
20090925,4652.6394
20090924,6651.072730000001
20090923,8135.189580000001
20090922,8890.46501
20090918,7294.327289999999
20090917,6089.634
20090916,5036.85175
20090915,4134.663
20090914,3007.33273
20090911,5860.57975
20090910,7864.24225
20090909,4583.21892
20090908,4169.49282
20090907,7029.6172799999995
20090904,41818.97602
20090903,4641.988039999999
20090902,3270.91618
20090901,2163.42784
20090831,3147.7622399999996
20090828,12090.195000000002
20090827,4211.88669
20090826,2961.0624000000003
20090825,38074.71074
20090824,3066.4719000000005
20090821,3734.62908
20090820,3062.17272
20090819,2499.19943
20090818,4012.2554399999995
20090817,2664.2397600000004
20090814,3022.57137
20090813,5177.6251999999995
20090812,6453.30916
20090811,5418.531820000001
20090810,22106.17444
20090807,6296.31544
20090806,15947.162600000001
20090805,7349.027159999999
20090804,13250.45358
20090803,4746.77466
20090731,6722.548169999999
20090730,2515.84453
20090729,2447.12962
20090728,6670.037600000001
20090727,2805.8844
20090724,6418.89426
20090723,30117.78816
20090722,3310.2719600000005
20090721,4843.4076
20090720,3063.84633
20090717,12283.2677
20090716,6586.57629
20090715,3637.7718
20090714,3503.38863
20090713,2911.44934
20090710,3971.36782
20090709,1455.0899399999998
20090708,3748.5825200000004
20090707,4356.36411
20090706,4887.7872
20090703,2146.25936
20090702,5198.232819999999
20090701,4064.19297
20090630,5850.787799999999
20090629,2976.99805
20090626,3768.5139999999997
20090625,9094.237019999999
20090624,5369.76765
20090623,4791.8286
20090622,5394.64264
20090619,4015.9445299999998
20090618,3956.6955999999996
20090617,5257.609839999999
20090616,7148.741760000001
20090615,66503.28947
20090612,6984.74194
20090611,12163.158
20090610,12753.71688
20090609,4822.26128
20090608,5275.82832
20090605,9963.54114
20090604,6429.3207
20090603,9747.54311
20090602,8658.58959
20090601,15213.23791
20090529,18582.050900000002
20090528,32114.803860000004
20090527,41214.86852
20090526,25090.809800000003
20090525,33151.02912
20090522,7954.902900000001
20090521,5039.3205
20090520,14877.183860000003
20090519,11584.88226
20090518,139.66785
20090515,5825.785140000001
20090514,4605.75368
20090513,5188.56819
20090512,4580.82712
20090511,2130.20022
20090508,1665.1409899999999
20090507,4955.68314
20090506,3630.39202
20090505,4920.383100000001
20090504,7840.07112
20090429,11805.547229999998
20090428,4213.22707
20090427,3750.9941
20090424,6771.50264
20090423,4777.02859
20090422,8901.25685
20090421,10585.6716
20090420,2944.5003
20090417,4491.527040000001
20090416,5573.48356
20090415,4446.8692200000005
20090413,3142.2252399999998
20090409,4647.8166
20090408,6625.84248
20090406,3391.03117
20090402,5692.7300000000005
20090401,7528.327800000001
20090331,4889.68704
20090330,3252.61971
20090327,4686.4580000000005
20090326,12608.32188
20090325,5664.87515
20090324,6555.544559999999
20090323,5530.75445
20090320,2961.7984
20090319,4059.23558
20090318,14653.45728
20090317,6673.61862
20090316,7415.1996
20090313,19279.57474
20090312,22645.7575
20090309,3755.5577800000005
20090306,5431.76123
20090305,7658.854420000001
20090304,10797.198480000001
20090303,7754.714550000001
20090302,4006.2747000000004
20090227,2825.4078600000003
20090226,2593.41654
20090225,2094.7893999999997
20090224,2244.5099999999998
20090220,4936.8449
20090219,2393.92
20090218,4023.47432
20090217,6170.4426
20090216,4640.75
20090213,5649.524020000001
20090212,5696.3883000000005
20090211,3097.0051200000003
20090210,2849.87392
20090209,3183.4275899999993
20090206,3377.77
20090205,4152.610000000001
20090204,5012.08108
20090203,3503.63541
20090202,5390.8567
20090130,5250.97002
20090129,6961.7809799999995
20090128,7167.08755
20090127,3809.96622
20090123,7581.271339999999
20090122,13749.173410000001
20090121,8866.7684
20090120,8183.84854
20090119,3996.8847899999996
20090116,4781.338099999999
20090115,6724.451800000001
20090114,3944.03176
20090113,9924.131099999999
20090112,11993.5775
20090109,8016.66807
20090107,13363.15995
20090106,15621.64977
20090105,14907.243999999999
20090102,9337.9689
20090101,3342.2794
20081231,4546.24608
20081230,4434.49749
20081229,2938.991
20081226,30222.295680000003
20081224,7912.668309999999
20081223,2801.64448
20081222,2736.8556
20081219,7274.320320000001
20081218,13687.090760000001
20081217,6025.806840000001
20081216,4428.108029999999
20081215,4772.77113
20081212,6619.754310000001
20081211,7278.5665
20081210,10232.338380000001
20081208,8419.3351
20081205,5468.69008
20081204,9686.09181
20081203,8925.83226
20081202,10134.160080000001
20081201,6620.77764
20081128,9563.353500000001
20081126,6192.903600000001
20081125,8836.500090000001
20081124,8865.54372
20081121,8536.9869
20081120,13776.824550000001
20081119,22191.02442
20081118,8314.32919
20081117,8088.55852
20081114,9303.9669
20081112,12014.723479999999
20081111,9193.9661
20081110,7281.7318399999995
20081107,7405.1558
20081106,12259.5811
20081105,9892.51114
20081104,13854.48148
20081103,6640.663530000001
20081031,13306.02801
20081029,9291.15452
20081028,980.1979
20081027,7564.18494
20081024,13147.684159999997
20081023,8882.30291
20081022,8202.6802
20081021,7934.807699999999
20081020,7024.798000000001
20081017,7331.38508
20081016,9819.16836
20081015,7717.35198
20081014,3890.36304
20081013,11108.89459
20081010,45748.64009999999
20081008,10421.41236
20081007,13697.605200000002
20081006,14187.697740000001
20081003,37183.960869999995
20081001,5987.0052
20080930,31155.256439999997
20080929,13924.88172
20080926,6421.878840000001
20080925,15494.251199999999
20080924,14233.2029
20080923,10136.08288
20080922,34455.96648
20080919,41937.47576
20080918,63772.698800000006
20080917,19823.148
20080916,41666.166880000004
20080915,14551.99265
20080912,13515.7806
20080911,15676.92342
20080910,4901.50906
20080909,6212.085440000001
20080908,6142.66608
20080905,5503.08315
20080904,4068.55968
20080902,4939.32727
20080901,4323.173220000001
20080829,138199.99326000002
20080828,6715.303100000001
20080827,3762.16222
20080826,1427.20488
20080825,2172.1474
20080822,2336.1016799999998
20080821,3205.1696
20080820,5723.3232
20080819,8778.503789999999
20080818,4387.99398
20080814,6414.52725
20080813,3992.82144
20080812,6687.3139200000005
20080811,5941.1352
20080808,3522.4875
20080807,11069.409780000002
20080806,13782.688040000001
20080805,7665.463
20080804,7519.06611
20080801,9475.01877
20080731,7795.54916
20080730,8510.83308
20080729,5309.60696
20080728,4297.12976
20080725,10549.7658
20080724,27815.658750000002
20080723,20830.25176
20080722,6610.84016
20080721,5696.1505799999995
20080718,12329.55576
20080717,8631.86204
20080716,7867.249739999999
20080715,7022.118869999999
20080714,5578.904100000001
20080711,11321.818379999999
20080710,11627.7018
20080709,8910.3627
20080708,6039.33538
20080707,3846.91545
20080704,4597.4178
20080703,13866.933149999999
20080702,17812.39588
20080701,12272.99684
20080630,3051.6134399999996
20080627,16558.15781
20080626,8426.741199999999
20080625,3928.06015
20080624,6261.7747500000005
20080623,13867.4151
20080620,11527.13226
20080619,13621.4798
20080618,7510.844349999999
20080617,1663.7638600000002
20080616,4680.12936
20080613,3415.45512
20080612,6883.52912
20080611,6995.26025
20080610,6764.317439999999
20080609,16317.002849999999
20080606,10994.9483
20080605,17806.28368
20080604,7895.243459999999
20080603,5561.3939199999995
20080602,4774.1017
20080530,2853.2235
20080529,3383.08077
20080528,7296.484650000001
20080527,12083.80464
20080526,7955.00024
20080523,6007.600240000001
20080522,7755.73468
20080521,4513.9972800000005
20080520,9071.25964
20080516,6192.316019999999
20080515,16226.64792
20080514,7370.58
20080513,7381.493699999999
20080512,6217.603279999999
20080509,19919.93472
20080508,9973.997379999999
20080507,27563.64925
20080506,28047.95355
20080505,7102.648
20080502,16818.6334
20080430,8800.671569999999
20080429,10384.88224
20080428,15784.453759999999
20080425,33688.525499999996
20080424,6055.42674
20080423,4417.060269999999
20080422,5221.97418
20080421,9297.1599
20080417,6848.285080000001
20080416,6524.96936
20080415,5289.26976
20080411,5092.725039999999
20080410,3735.9624500000004
20080409,2681.4609
20080408,4622.57202
20080407,6642.97786
20080404,9065.44002
20080403,3698.4945
20080402,14495.61911
20080401,3539.0336000000007
20080331,1930.8939999999998
20080328,5759.4726200000005
20080327,4928.81136
20080326,7554.02684
20080325,4907.64521
20080324,3530.8008000000004
20080319,5790.18343
20080318,7905.139679999999
20080317,7102.87556
20080314,7585.281660000001
20080313,2642.25753
20080312,3961.8179999999998
20080311,2870.0256
20080310,5848.68444
20080307,9200.919750000001
20080305,2954.1812800000002
20080304,4193.11837
20080303,3773.12824
20080229,4818.29436
20080228,935.25435
20080227,3368.2544399999997
20080226,4520.02064
20080225,2922.42174
20080222,2313.0783500000002
20080221,1908.4788800000001
20080220,4169.77662
20080219,2014.1498100000001
20080218,2504.3463
20080215,2469.8556
20080214,2198.6988
20080213,3069.2742799999996
20080212,2225.28943
20080211,7354.048959999999
20080208,3087.4783199999997
20080207,4875.4549799999995
20080206,5520.31008
20080205,6546.7725
20080204,4718.27631
20080201,4153.66627
20080131,8766.4362
20080130,6897.8863
20080129,20925.25251
20080128,4394.79118
20080125,5963.73063
20080124,22341.3936
20080123,8349.0545
20080122,7488.27756
20080121,7064.7502
20080118,14199.445969999999
20080117,6360.84495
20080116,12734.05724
20080115,20168.32034
20080114,15965.11616
20080111,9109.592349999999
20080110,4503.83745
20080109,3963.4975500000005
20080108,6330.315950000001
20080107,3565.14548
20080104,3074.139
20080103,6600.11564
20080102,2577.73857
20080101,3088.0310999999997
20071231,6272.126000000001
20071228,4900.69896
20071227,4152.05669
20071226,5428.74873
20071224,13970.74536
20071220,2291.8980300000003
20071219,4874.985720000001
20071218,2395.98054
20071217,10557.23358
20071214,6617.2136
20071213,11538.979800000001
20071212,4508.9321199999995
20071211,10040.919490000002
20071210,4463.2809
20071207,10739.365960000001
20071206,7298.45168
20071205,7268.75515
20071204,2165.20738
20071203,2486.45628
20071130,2293.60896
20071129,2277.1520800000003
20071128,5895.8719
20071127,3168.39945
20071126,4536.948350000001
20071123,2243.6113600000003
20071122,6736.98005
20071121,13552.29128
20071120,3589.10598
20071119,1554.81012
20071116,8091.324799999999
20071115,15653.387079999999
20071114,13601.46312
20071113,15999.621120000002
20071112,39638.39632
20071109,13165.56032
20071108,13378.298579999999
20071107,7017.790679999999
20071106,5040.732
20071105,8970.26825
20071102,22873.303799999998
20071101,14845.23143
20071031,7901.665680000001
20071030,6157.175719999999
20071029,7100.38586
20071026,6091.409519999999
20071025,15393.64464
20071024,21815.67228
20071023,16021.141440000001
20071022,11258.9596
20071019,23654.30225
20071018,13650.848399999999
20071017,24359.30709
20071016,5601.99536
20071015,3813.8268000000003
20071012,4594.224800000001
20071011,20960.33424
20071010,25685.27416
20071009,8702.87187
20071008,6116.26834
20071005,8114.0589199999995
20071004,4576.87827
20071003,3163.84998
20071001,2432.3208
20070928,2723.2375500000003
20070927,2732.3934
20070926,4165.713299999999
20070925,4644.78
20070924,5612.04875
20070921,3252.99564
20070920,3196.05747
20070919,4030.77125
20070918,1994.93544
20070917,3310.4226900000003
20070914,2084.70348
20070913,2958.2206
20070912,2015.79426
20070911,1917.5239700000002
20070910,1436.1150400000001
20070907,3266.6449199999997
20070906,2082.5375999999997
20070905,3968.16
20070904,1478.3791
20070903,3164.49686
20070831,2930.4366
20070830,1843.68706
20070829,2215.6449000000002
20070828,1322.40867
20070827,1919.19153
20070824,3290.46534
20070823,2979.5713499999997
20070822,2541.84948
20070821,3375.9687
20070820,1819.92412
20070817,8589.001320000001
20070816,6096.4107699999995
20070814,926.6022700000001
20070813,1591.91994
20070810,5038.42209
20070809,2326.8044
20070808,1391.0843
20070807,1283.6457
20070806,3084.9108600000004
20070803,1234.6970999999999
20070802,2893.52508
20070801,12908.640099999999
20070731,2221.9843800000003
20070730,2964.1295200000004
20070727,4603.74808
20070726,10907.76316
20070725,3588.67886
20070724,3004.63518
20070723,2387.70828
20070720,8600.5123
20070719,8455.15468
20070718,3177.43168
20070717,2539.0365
20070716,1536.53024
20070713,5602.95216
20070712,4602.7416
20070711,1053.2957
20070710,2699.97194
20070709,3320.99784
20070706,5618.54994
20070705,1086.53904
20070704,3655.62736
20070703,5138.952
20070702,955.6028999999999
20070629,1940.3624499999999
20070628,2633.5272
20070627,1405.25338
20070626,3865.8112499999997
20070625,2073.3218
20070622,1169.62118
20070621,1327.56316
20070620,1358.538
20070619,895.4299500000001
20070618,1318.10775
20070615,1125.1328
20070614,1780.5887000000002
20070613,2380.4705400000003
20070612,1642.1234
20070611,1824.58089
20070608,2890.8032000000003
20070607,1650.4144000000001
20070606,893.3116800000001
20070605,942.9849
20070604,665.93724
20070601,1554.5494399999998
20070531,1823.44384
20070530,2029.83986
20070529,4543.95274
20070528,761.8551
20070525,5545.045980000001
20070524,4054.95475
20070523,2780.61628
20070522,4610.63008
20070521,2586.41589
20070518,1328.03515
20070517,2410.80975
20070516,1460.29044
20070515,1786.22376
20070514,1556.2624
20070511,5161.989140000001
20070510,2764.1892
20070509,3369.52616
20070508,4153.746
20070507,1672.3006899999998
20070504,4377.659
20070503,3107.46282
20070430,9084.84192
20070427,13111.811280000002
20070426,2868.7569000000003
20070425,1830.54654
20070424,3169.17851
20070423,2572.8387000000002
20070420,3087.68438
20070419,1616.5801600000002
20070418,1658.8242000000002
20070417,2634.99676
20070416,2206.9083200000005
20070413,2252.014
20070412,1073.98008
20070411,1767.7208800000003
20070410,2283.72235
20070409,1169.56136
20070405,1251.49995
20070404,1466.646
20070403,2553.9078
20070402,2250.08664
20070330,1622.43684
20070329,2085.99573
20070328,2196.3501
20070326,2643.17025
20070323,3145.0577999999996
20070322,5449.50396
20070321,4559.789580000001
20070320,2357.06112
20070319,2472.75212
20070316,5456.57878
20070315,1825.2287999999999
20070314,4116.42
20070313,3055.394
20070312,5336.1135300000005
20070309,4522.39456
20070308,3951.1953599999997
20070307,3855.3543599999994
20070306,5154.266790000001
20070305,5555.06439
20070302,3451.8982
20070301,5606.43332
20070228,8386.164420000001
20070227,4230.344300000001
20070226,8363.03226
20070223,5733.5736
20070222,4618.6524
20070221,5045.40473
20070220,2543.6022000000003
20070219,2769.34944
20070215,2744.90366
20070214,3428.33029
20070213,5612.159640000001
20070212,5515.5844799999995
20070209,1103.28089
20070208,1399.96332
20070207,1400.24586
20070206,2238.9923400000002
20070205,4494.07464
20070202,6843.71532
20070201,1786.20219
20070131,1168.7143
20070129,1360.32588
20070125,5488.68645
20070124,2398.63675
20070123,4247.9668
20070122,876.3126000000001
20070119,1244.48855
20070118,1416.6287
20070117,1170.1685400000001
20070116,3239.4476799999998
20070115,1540.69164
20070112,2075.5114399999998
20070111,1589.2876499999998
20070110,1896.8435200000001
20070109,1726.8258299999998
20070108,2069.8177499999997
20070105,1625.4470000000001
20070104,1890.6575799999998
20070103,1955.746
20070102,566.54562
20061229,633.2466000000001
20061228,1799.2220399999999
20061227,1269.56128
20061226,952.89813
20061222,716.0929900000001
20061221,3378.65792
20061220,908.92373
20061219,1592.2853100000002
20061218,1284.68212
20061215,2978.91132
20061214,2212.42542
20061213,3034.2774999999997
20061212,3035.6679999999997
20061211,3372.41837
20061208,1386.36936
20061207,3512.49597
20061206,3252.50926
20061205,2376.37712
20061204,919.7903000000001
20061201,1466.3168099999998
20061130,2086.78275
20061129,2137.2754299999997
20061128,2681.2980500000003
20061127,2909.03925
20061124,1539.91992
20061123,2863.8246400000003
20061122,5992.17069
20061121,4350.16953
20061120,3313.83208
20061117,2494.32078
20061116,1761.3567600000001
20061115,2035.9718400000004
20061114,1874.49248
20061113,2822.6245
20061110,787.04985
20061109,2102.0076
20061108,672.8568
20061107,993.59319
20061106,1661.25758
20061103,773.3251200000001
20061102,1991.5245
20061101,1289.21272
20061031,2086.23223
20061030,4710.1298400000005
20061027,3968.08015
20061026,890.2005300000001
20061023,697.8538800000001
20061021,361.7235
20061020,1700.3094299999998
20061019,1347.50378
20061018,1224.6178200000002
20061017,879.72237
20061016,1221.11264
20061013,840.7676200000001
20061012,442.29372
20061011,2257.3855200000003
20061010,644.14896
20061009,1277.5399
20061006,1196.28816
20061005,846.28596
20061004,610.0926
20061003,500.34025999999994
20060929,1099.11996
20060928,712.4947199999999
20060927,5953.8761
20060926,1257.186
20060925,2202.89055
20060922,2406.10335
20060921,3045.2544000000003
20060920,3317.6217500000002
20060919,716.77359
20060918,608.66576
20060915,1970.31952
20060914,2720.7364000000002
20060913,3335.8808
20060912,853.42329
20060911,2522.47394
20060908,2409.70248
20060907,1292.4474500000001
20060906,3964.6596
20060905,1237.8961100000001
20060904,687.34425
20060901,481.76947
20060831,1153.52271
20060830,697.0784800000001
20060829,1032.06252
20060828,545.65682
20060825,702.38288
20060824,1243.9040000000002
20060823,553.16443
20060822,1357.4914800000001
20060821,726.2592
20060818,449.21382
20060817,2717.89416
20060816,1853.7293
20060814,1384.86194
20060811,838.2063499999999
20060810,2725.70571
20060809,1773.65744
20060808,1899.3125
20060807,613.81011
20060804,2497.56856
20060803,2130.5852400000003
20060802,1614.43464
20060801,956.6755999999999
20060731,1336.0699
20060728,895.9443
20060727,2360.0994
20060726,4484.18886
20060725,1296.04425
20060724,1313.6249599999999
20060721,579.5362200000001
20060720,2257.57009
20060719,1053.1309099999999
20060718,524.46964
20060717,1371.83928
20060714,2008.1099299999998
20060713,1411.19099
20060712,622.71876
20060711,969.3119999999999
20060710,3295.25168
20060707,2372.42406
20060706,2879.0405
20060705,1254.1443199999999
20060704,640.9284
20060703,889.6885199999999
20060630,1176.7914999999998
20060629,2316.8536599999998
20060628,1596.71304
20060627,2097.6924700000004
20060626,805.9487499999999
20060625,120.78450000000001
20060623,2333.40175
20060622,1309.5583199999999
20060621,1747.3456
20060620,1717.2155
20060619,470.46871999999996
20060616,820.12159
20060615,1141.21092
20060614,1795.85268
20060613,861.3394000000001
20060612,622.75467
20060609,907.06176
20060608,1450.0176
20060607,1972.6499600000002
20060606,677.8342200000001
20060605,308.93286
20060602,1173.3536100000001
20060601,1330.86781
20060531,907.9024499999999
20060530,867.85986
20060529,676.1556
20060526,772.9320000000001
20060525,1943.8858500000001
20060524,1284.6109199999999
20060523,1442.42298
20060522,1744.66188
20060519,1908.23292
20060518,2013.6013799999998
20060517,1478.4544500000002
20060516,1133.1936
20060515,679.51466
20060512,1113.72984
20060511,885.16172
20060510,951.4261200000001
20060509,1072.071
20060508,876.04608
20060505,935.31834
20060504,2037.24745
20060503,1100.70162
20060502,788.74812
20060429,305.10992999999996
20060428,2293.6038399999998
20060427,1914.6170399999999
20060426,1091.5249800000001
20060425,812.49987
20060424,351.01476
20060421,1019.0848000000001
20060420,717.29667
20060419,1516.0913999999998
20060418,1896.9305200000003
20060417,660.4116
20060413,679.4824900000001
20060412,1374.56583
20060410,1227.46096
20060407,3275.02272
20060405,1504.3595999999998
20060404,2298.43068
20060403,1838.6294400000002
20060331,1697.36265
20060330,3538.9807800000003
20060329,640.70682
20060328,692.32395
20060327,893.2736
20060324,478.58589
20060323,760.746
20060322,648.08596
20060321,574.36172
20060320,381.16200000000003
20060317,864.5395199999999
20060316,656.3100499999999
20060314,1689.4009800000001
20060313,1339.1807999999999
20060310,1228.33632
20060309,1422.6610500000002
20060308,1939.44375
20060307,2262.0422599999997
20060306,3522.76804
20060303,3844.0561199999997
20060302,3624.59472
20060301,2492.7552
20060228,804.1766700000001
20060227,964.44362
20060224,293.74487999999997
20060223,1139.9731199999999
20060222,798.18625
20060221,555.46918
20060220,385.55929000000003
20060217,480.89058
20060216,582.8892900000001
20060215,2153.6908
20060214,1520.7082500000001
20060213,856.9636200000001
20060210,1171.06906
20060208,886.5273599999999
20060207,1761.35316
20060206,1435.09824
20060203,2595.3675
20060202,1291.3074000000001
20060201,1186.0386600000002
20060131,638.472
20060130,1702.2656
20060127,2459.3587199999997
20060125,2077.24795
20060124,3343.19289
20060123,305.61875
20060120,1362.75938
20060119,1038.72736
20060118,906.82745
20060117,758.5083999999999
20060116,688.9102200000001
20060113,876.10839
20060112,1391.88542
20060110,1823.99232
20060109,1809.5422800000001
20060106,1271.5758
20060105,446.4575
20060104,912.2328
20060103,914.9355999999999
20060102,2596.76016
20051230,1592.10224
20051229,1010.7213299999999
20051228,8839.02925
20051227,1622.8529499999997
20051226,1652.1462
20051223,3083.6027799999997
20051222,578.88014
20051221,5604.98028
20051220,1570.55877
20051219,2827.9327599999997
20051216,695.78708
20051215,2329.06128
20051214,1354.9189999999999
20051213,1930.8681600000002
20051212,870.0844799999999
20051209,847.1619000000001
20051208,1631.57718
20051207,1553.11454
20051206,1869.7490599999999
20051205,1274.9035800000001
20051202,2633.1055800000004
20051201,1549.49769
20051130,1863.3185999999998
20051129,1472.1347199999998
20051128,3644.2791999999995
20051126,825.0286799999999
20051125,963.20056
20051124,1109.26448
20051123,4062.5615700000003
20051122,2224.62944
20051121,1067.3544
20051118,1596.0968599999999
20051117,1565.3288
20051116,1158.9875599999998
20051114,1762.2637499999998
20051111,1818.82602
20051110,700.78956
20051109,2024.77461
20051108,1177.0452
20051107,1246.24242
20051102,933.5871599999999
20051101,714.3314999999999
20051031,3038.82445
20051028,11190.818280000001
20051027,8396.2095
20051026,1035.48229
20051025,944.8344500000001
20051024,1046.89715
20051021,4635.19744
20051020,3216.2728800000004
20051019,1791.2562
20051018,858.0780400000001
20051017,3943.5043500000006
20051014,2545.6153799999997
20051013,1783.13059
20051011,1208.26976
20051010,1414.99398
20051007,1674.4643999999998
20051006,2253.2700400000003
20051005,1035.4144900000001
20051004,681.0372
20051003,1385.94278
20050930,2255.0301299999996
20050929,2966.98944
20050928,1537.13028
20050927,9484.433280000001
20050926,1364.28298
20050923,2419.2145600000003
20050922,982.09952
20050921,2090.56374
20050920,1436.2693000000002
20050919,1241.71368
20050916,3503.9519800000003
20050915,654.30423
20050914,1034.208
20050913,2849.60619
20050912,710.34108
20050909,1376.6707199999998
20050908,1797.1916800000001
20050906,1260.2258199999999
20050905,1373.85854
20050902,1835.3984
20050901,335.1504
20050831,570.51828
20050830,694.36452
20050829,1931.0697
20050826,1037.77344
20050825,1170.5765999999999
20050824,1060.1028900000001
20050823,622.51362
20050822,1822.16272
20050819,1645.39761
20050818,1608.88016
20050817,1231.96976
20050816,1859.24475
20050812,3315.95756
20050811,3007.36569
20050810,5170.2019199999995
20050809,8311.06122
20050808,11588.59086
20050805,5215.049400000001
20050804,1858.2465600000003
20050803,1965.4370400000003
20050802,1022.4186500000001
20050801,1642.6727899999998
20050729,5560.57658
20050727,825.40908
20050726,6553.86732
20050725,3151.80276
20050722,4606.49622
20050721,930.83928
20050720,713.01994
20050719,515.8
20050718,928.6682399999999
20050715,727.3131599999999
20050714,927.1282000000001
20050713,1035.5720199999998
20050712,4028.4658
20050711,3362.06688
20050708,7644.968
20050707,762.0263299999999
20050706,1296.80838
20050705,477.94311999999996
20050704,1030.0820999999999
20050701,928.4589
20050630,1229.927
20050629,2611.50162
20050628,2771.16888
20050627,1968.0437000000002
20050624,801.42672
20050623,1577.8491600000002
20050622,1682.7743799999998
20050621,461.09778000000006
20050620,1120.9261
20050617,760.97142
20050616,1013.37166
20050615,4068.6569999999997
20050614,1899.9033299999999
20050613,709.8199199999999
20050610,131.03388
20050609,19170.794400000002
20050608,259.43962
20050607,618.72588
20050606,226.85544
20050604,59.13864
20050603,137.4401
20050602,481.98915
20050601,1051.04766
20050531,755.03774
20050530,269.08965
20050527,1015.8051200000001
20050526,1666.9506
20050525,167.0148
20050524,960.6950999999999
20050523,396.16303999999997
20050520,328.39296
20050519,372.13344
20050518,1865.71288
20050517,569.90205
20050516,611.57929
20050513,414.14941
20050512,400.97508
20050511,557.9668800000001
20050510,877.7846999999999
20050509,1340.10016
20050506,781.58106
20050505,542.31388
20050504,803.27
20050503,497.89654
20050502,300.01779999999997
20050429,992.1074400000001
20050428,3362.3080800000002
20050427,616.3730400000001
20050426,339.52425
20050425,663.43877
20050422,341.36424
20050421,551.52294
20050420,532.10178
20050419,1743.87432
20050418,2121.10059
20050415,646.4622
20050413,414.82195999999993
20050412,230.29899999999998
20050411,233.10304
20050408,503.97398000000004
20050407,454.10225
20050406,336.67535999999996
20050405,721.9920000000001
20050404,424.2238
20050401,1010.15565
20050331,450.64222
20050330,1030.45796
20050329,617.13275
20050328,702.16354
20050324,1679.6528799999999
20050323,1377.27468
20050322,958.5925500000001
20050321,635.26384
20050318,1969.3310000000001
20050317,2841.78279
20050316,2088.45928
20050315,1961.17496
20050314,409219.9164
20050311,1644.33708
20050310,5076.427839999999
20050309,1568.26196
20050308,1391.09628
20050307,3807.0133199999996
20050304,4493.8406700000005
20050303,4025.02655
20050302,12339.5185
20050301,1692.37942
20050228,4949.93808
20050225,8858.85309
20050224,3931.5871599999996
20050223,1596.44585
20050222,659.1055799999999
20050221,1514.8653
20050218,5569.0309799999995
20050217,1860.1428799999999
20050216,1812.78555
20050215,23405.22444
20050214,2690.0832
20050211,1020.1470499999999
20050210,3777.69736
20050209,3654.80208
20050208,3081.7657
20050207,3417.31744
20050204,2746.3049600000004
20050203,6765.88928
20050202,261722.08831999998
20050201,3882.96466
20050131,7508.76027
20050128,5308.11512
20050127,8310.45394
20050125,757.6505999999999
20050124,2628.72474
20050120,2643.82088
20050119,710.29952
20050118,3805.09184
20050117,1864.9069600000003
20050114,9305.722890000001
20050113,11730.592499999999
20050112,1209.77376
20050111,4209.24735
20050110,3365.4758899999997
20050107,5579.53074
20050106,5455.02945
20050105,4739.237999999999
20050104,14403.75768
20050103,2150.1783
20041231,1048.17411
20041230,3147.66602
20041229,613.38603
20041228,1593.5930999999998
20041227,851.37632
20041224,853.08741
20041223,1581.6189200000001
20041222,2446.8864000000003
20041221,911.53832
20041220,2177.37212
20041217,3960.4547199999997
20041216,11392.688839999999
20041215,11324.761180000001
20041214,5633.444
20041213,759.51558
20041210,2268.2329600000003
20041209,5906.480549999999
20041208,27845.60165
20041207,845.55912
20041206,791.36772
20041203,2012.0469000000003
20041202,9104.43736
20041201,13781.01888
20041130,3784.0045600000003
20041129,2016.1545299999998
20041125,3076.6325099999995
20041124,1872.32724
20041123,2163.7714699999997
20041122,1446.2
20041119,888.4925
20041118,985.68036
20041117,1295.49885
20041116,1616.4941
20041112,362.15296
20041111,5332.82207
20041110,2010.55932
20041109,2759.7485399999996
20041108,894.74735
20041105,1196.55384
20041104,1452.3204800000003
20041103,1168.19391
20041102,1397.8384199999998
20041101,1220.38064
20041029,2149.91304
20041028,5478.95376
20041027,1552.43536
20041026,2187.3064900000004
20041025,1915.44505
20041021,219.6344
20041020,510.56712
20041019,1243.39984
20041018,599.99696
20041015,807.1151399999999
20041014,495.81712
20041012,1747.70706
20041011,1824.18102
20041009,351.39005000000003
20041008,8855.977050000001
20041007,5918.6545
20041006,1662.3148
20041005,1033.9995
20041004,873.7521599999999
20041001,1061.82655
20040930,1713.4054399999998
20040929,1746.79258
20040928,1709.9846400000001
20040927,1152.81705
20040924,916.10904
20040923,1026.0835200000001
20040922,1455.831
20040921,1281.4334399999998
20040920,1803.9229599999999
20040917,2535.0494400000002
20040916,1486.86078
20040915,2401.0436
20040914,4102.74072
20040913,1945.4581600000001
20040910,2442.2495
20040909,2600.3482400000003
20040908,1253.47715
20040907,1221.45496
20040906,1054.35223
20040903,1850.84904
20040902,929.91327
20040901,1360.37951
20040831,1689.4072800000001
20040830,2375.50117
20040827,2192.3678999999997
20040826,7414.7662199999995
20040825,4108.657109999999
20040824,4249.46109
20040823,2357.24567
20040820,3107.1780000000003
20040819,7260.678
20040818,7492.939739999999
20040817,1621.83135
20040816,4659.90822
20040813,165621.31417
20040812,6770.21152
20040811,3293.44062
20040810,4753.23224
20040809,1671.2824
20040806,1693.8074800000002
20040805,2151.77597
20040804,1483.4185499999999
20040803,705.32362
20040802,1423.3856
20040730,2245.05148
20040729,2400.1583199999995
20040728,1976.05203
20040727,3153.9689999999996
20040726,5440.68714
20040723,15876.765589999999
20040722,4560.22875
20040721,3402.2169000000004
20040720,2089.0289700000003
20040719,2159.5488
20040716,1799.40308
20040715,1589.5865800000001
20040714,1723.2617
20040713,1864.3932000000002
20040712,3289.93918
20040709,5009.76786
20040708,11149.19284
20040707,2321.43259
20040706,2034.1605900000002
20040705,2266.9333199999996
20040702,2717.40218
20040701,1686.10955
20040630,2165.46812
20040629,1242.5610599999998
20040628,1731.6303599999999
20040625,2363.9633000000003
20040624,2399.04182
20040623,1374.99232
20040622,2253.7944
20040621,1265.0610499999998
20040618,1720.83156
20040617,996.83152
20040616,1662.0983499999998
20040615,1337.02888
20040614,2982.4013200000004
20040611,2384.16255
20040610,3481.5381599999996
20040609,2858.4952
20040608,4385.16504
20040607,2665.4446199999998
20040604,5892.4026
20040603,1851.57346
20040602,1860.7622000000003
20040601,2332.82084
20040531,2462.733
20040528,1484.5845
20040527,1349.80967
20040526,3689.3839500000004
20040525,1472.5775999999998
20040524,1117.5718399999998
20040521,1590.89805
20040520,2064.04578
20040519,4256.91184
20040518,2896.87735
20040517,3496.4415599999998
20040514,4696.37817
20040513,7353.80254
20040512,2564.3904
20040511,4805.67934
20040510,3348.3813999999998
20040507,3626.91904
20040506,2235.5151
20040505,3123.6579200000006
20040504,3390.61935
20040503,2022.4621099999997
20040430,3042.75676
20040429,2705.13325
20040428,4320.4646
20040427,5837.06505
20040423,15960.823290000002
20040422,2178.2364
20040421,1658.50693
20040420,2520.09965
20040419,2303.0446
20040417,1399.25999
20040416,1492.07001
20040415,3740.237
20040413,3131.6448
20040412,1602.3364199999999
20040408,2334.85492
20040407,1827.24564
20040406,3613.0115000000005
20040405,4679.894310000001
20040402,6444.90474
20040401,5609.070089999999
20040331,1689.2774500000003
20040330,2978.44624
20040329,2277.79167
20040326,2074.4366999999997
20040325,2569.9228399999997
20040324,2155.2461000000003
20040323,2373.16842
20040322,1986.9609099999998
20040319,2974.0500399999996
20040318,2261.37182
20040317,2275.43892
20040316,3951.54253
20040315,3897.4686
20040312,5833.92327
20040311,3798.78789
20040310,4495.8074400000005
20040309,2767.296
20040308,4543.2597000000005
20040305,3724.5138600000005
20040304,4056.4414800000004
20040303,4692.43404
20040301,10830.663619999998
20040227,2188.5345
20040226,2377.2270999999996
20040225,2466.25995
20040224,3867.3789
20040223,2135.47818
20040220,4934.58399
20040219,5402.87059
20040218,2211.49227
20040217,3534.0975
20040216,4862.12337
20040213,9427.177440000001
20040212,6539.72172
20040211,3763.4311000000002
20040210,5783.364509999999
20040209,4171.14846
20040206,6655.307760000001
20040205,2387.77716
20040204,3048.24474
20040203,2982.3418
20040130,2735.90568
20040129,4567.2149
20040128,5298.7883600000005
20040127,15864.08616
20040123,2202.33585
20040122,4066.6
20040121,6950.158039999999
20040120,8063.3161199999995
20040119,3740.3264599999998
20040116,3945.1500899999996
20040115,4813.054
20040114,3263.94845
20040113,1467.0561400000001
20040112,1911.4617999999998
20040109,3384.182
20040108,3713.90714
20040107,1954.26293
20040106,5051.24193
20040105,1992.2123599999998
20040102,2698.8444
20040101,2613.74984
20031231,1471.8412799999999
20031230,2003.83634
20031229,1626.9876
20031226,5312.59472
20031224,10456.60392
20031223,4946.79245
20031222,4567.6035
20031219,1764.98524
20031218,10021.3962
20031217,1639.4922399999998
20031216,1879.30326
20031215,1395.5556
20031212,1856.519
20031211,471.85787999999997
20031210,839.2727199999999
20031209,3210.6202999999996
20031208,3291.0852299999997
20031205,803.50946
20031204,1074.07686
20031203,196.59008000000003
20031202,159.30726
20031201,410.14512
20031128,3098.85478
20031127,12713.845759999998
20031125,346.44711
20031124,356.55525000000006
20031121,627.06304
20031120,676.26444
20031119,2247.33292
20031118,645.8855
20031117,527.32347
20031115,246.81972000000002
20031114,3056.27916
20031113,1640.5018000000002
20031112,1922.30968
20031111,1717.021
20031110,994.5223200000001
20031107,667.2329000000001
20031106,1357.4466
20031105,712.0683
20031104,948.25044
20031103,1030.4854
20031031,2084.72836
20031030,2998.0435199999997
20031029,2230.34022
20031028,6123.276650000001
20031027,1967.935
20031025,630.48816
20031024,1177.1532
20031023,2539.7965999999997
20031022,944.3657399999998
20031021,1079.64336
20031020,962.5275399999999
20031017,1153.06473
20031016,480.92296999999996
20031015,2968.2880600000003
20031014,1160.80635
20031013,1415.4275000000002
20031010,885.20296
20031009,1367.84892
20031008,1549.6108599999998
20031007,1697.1244499999998
20031006,1456.4616299999998
20031003,1498.12278
20031001,2329.06842
20030930,1842.8598
20030929,1514.51874
20030926,3692.59161
20030925,1065.0806400000001
20030924,598.48005
20030923,58.47268
20030922,103.301
20030919,480.5871
20030918,453.77989
20030917,423.09736000000004
20030916,420.28353999999996
20030915,540.82116
20030912,350.07885
20030911,299.203
20030910,424.48428
20030909,715.29917
20030908,394.77468
20030905,399.53075
20030904,323.223
20030903,1347.7285200000001
20030902,536.33232
20030901,263.76084000000003
20030829,553.9579200000001
20030828,571.3701000000001
20030827,813.5367
20030826,677.86983
20030825,1185.88932
20030822,535.01238
20030821,966.55776
20030820,1190.4118799999999
20030819,1687.6531
20030818,940.24317
20030814,1956.4960799999997
20030813,1203.5492599999998
20030812,808.3543599999999
20030811,897.4864800000001
20030808,808.67565
20030807,1109.79948
20030806,1077.3482999999999
20030805,1453.77261
20030804,601.7783199999999
20030801,1108.98686
20030731,1867.55463
20030730,173.72248
20030729,201.65550000000002
20030728,668.9452
20030725,420.19092
20030724,864.4404499999999
20030723,1859.382
20030722,1010.54847
20030721,775.3400800000001
20030718,742.0699
20030717,1588.4407500000002
20030716,211.52326
20030715,129.4956
20030714,43.78626
20030711,57.135799999999996
20030710,24.510799999999996
20030709,154.41528
20030708,37.34213999999999
20030707,75.62796999999999
20030704,35.4822
20030703,111.1908
20030702,31.427200000000003
20030701,25.07161
20030630,39.07843
20030627,49.2342
20030626,50.449799999999996
20030625,330.85429999999997
20030624,50.8167
20030623,131.07924
20030620,22.10238
20030619,432.61760000000004
20030618,84.47919999999999
20030617,61.50408
20030616,47.657999999999994
20030613,157.35744
20030612,87.56224
20030611,66.78189
20030610,32.53824
20030609,25.28704
20030606,44.82205
20030605,142.0224
20030604,106.54865
20030603,253.9901
20030602,69.63942999999999
20030530,62.536590000000004
20030529,165.974
20030528,33.25488
20030527,184.12484
20030526,154.63782
20030523,1676.43378
20030522,398.1769
20030521,63.92595000000001
20030520,69.49206
20030519,38.071490000000004
20030516,63.266940000000005
20030515,12.142830000000002
20030514,114.27118
20030513,1402.74316
20030512,14.9328
20030509,21.97312
20030508,567.98716
20030507,12.55228
20030506,579.5946
20030505,55.039970000000004
20030502,209.03508
20030430,157.96544
20030429,22.954
20030428,28.268
20030425,23.162
20030424,130.4238
20030423,319.88208000000003
20030422,61.91532
20030421,84.376
20030417,161.05045
20030416,272.21964
20030415,270.97734
20030411,28.629010000000005
20030410,82.20088000000001
20030409,87.15870000000001
20030408,37.7525
20030407,66.74148
20030404,251.448
20030403,205.38771
20030402,107.47638
20030401,8.549100000000001
20030331,51.26355
20030328,34.404320000000006
20030327,63.99285
20030326,65.55046
20030325,34.32
20030324,9.37873
20030322,8.9865
20030321,46.8072
20030320,40.40865
20030319,45.75415
20030317,52.53066
20030313,8.1123
20030312,12.99564
20030311,15.705900000000002
20030310,13.266539999999999
20030307,50.66544
20030306,11.27028
20030305,168.11753
20030304,35.01708
20030303,86.27434
20030228,284.54036
20030227,41.42028
20030226,14.781679999999998
20030225,82.31662
20030224,34.3818
20030221,17.1873
20030220,34.0524
20030219,75.105
20030218,38.359880000000004
20030217,522.51795
20030214,46.47195
20030212,189.71504
20030211,62.40176
20030210,125.58963999999999
20030207,17.1873
20030206,21.86794
20030205,731.3098400000001
20030204,161.5187
20030203,149.34912
20030131,74.82690000000001
20030130,130.73568000000003
20030129,655.8100400000001
20030128,173.13281999999998
20030127,275.5252
20030124,139.99618
20030123,240.19866000000002
20030122,115.95
20030121,538.05696
20030120,405.74044000000004
20030117,12.02091
20030116,48.60966
20030115,48.96884000000001
20030114,13.601700000000001
20030113,27.37515
20030110,24.825440000000004
20030109,20.08686
20030108,12.495000000000001
20030107,15.92885
20030106,13.300349999999998
20030103,27.57203
20030102,28.92852
20030101,10.2636
20021231,79.74749999999999
20021230,49.28148
20021227,65.44368
20021226,22.04571
20021224,29.84102
20021223,23.94304
20021220,40.692499999999995
20021219,118.61840000000001
20021218,121.88669999999999
20021217,37.64772
20021216,25.97976
20021213,28.71715
20021212,32.2455
20021211,11.1378
20021210,13.44432
20021209,18.31167
20021206,18.99278
20021205,23.7481
20021204,14.12156
20021203,39.5488
20021202,43.3352
20021129,122.55906000000002
20021128,26.061320000000002
20021127,40.31446
20021126,155.1559
20021125,39.17196
20021122,21.3199
20021121,47.16288
20021120,38.655719999999995
20021118,35.03974
20021115,164.50656
20021114,35.31454
20021113,7.72395
20021112,3.1236
20021111,6.59148
20021108,5.68708
20021107,12.64068
20021105,10.468800000000002
20021104,3.9236999999999997
20021101,11.9044
20021031,26.429009999999998
20021030,77.07798
20021029,45.174479999999996
20021028,39.54409
20021025,20.4498
20021024,16.24325
20021023,21.250799999999998
20021022,15.8102
20021021,8.165000000000001
20021018,19.60152
20021017,22.88195
20021016,75.24783000000001
20021014,10.023439999999999
20021011,8.85773
20021010,11.797730000000001
20021009,9.2715
20021008,41.5255
20021007,39.28624
20021004,590.761
20021003,20.466
20021001,33.6285
20020930,20.58
20020927,23.005
20020926,30.65391
20020925,884.5750800000001
20020924,67.78461
20020923,15.8106
20020920,90.51711
20020919,332.32537
20020918,26.539920000000002
20020917,243.08586000000003
20020916,129.06740000000002
20020913,815.79932
20020912,145.6125
20020911,7.044
20020909,115.157
20020906,24.40401
20020905,27.83682
20020904,35.722440000000006
20020903,666.6145
20020902,56.266600000000004
20020830,82.75056000000001
20020829,697.15534
20020828,17.8825
20020827,15.326
20020826,7.40316
20020823,27.15388
20020822,26.401960000000003
20020821,26.2418
20020820,53.24436
20020819,47.9685
20020816,92.04601
20020814,7.5623
20020813,8.16249
20020812,15.4395
20020809,48.73516
20020808,21.27914
20020807,369.21930999999995
20020806,191.68433
20020805,55.51311
20020802,74.04191999999999
20020801,85.16304
20020731,71.40966
20020730,270.45504
20020729,56.14102999999999
20020726,239.43752
20020725,656.043
20020724,21.354300000000002
20020723,333.636
20020722,28.260749999999998
20020719,31.948
20020718,14.366309999999999
20020717,45.2695
20020716,631.16067
20020715,42.923
20020712,83.43608
20020711,93.99312
20020710,72.98948000000001
20020709,41.578500000000005
20020708,39.5539
20020705,112.22604
20020704,140.88368000000003
20020703,86.20315000000001
20020702,180.82955
20020701,316.24065
20020628,28.98272
20020627,19.835400000000003
20020626,20.31952
20020625,23.41092
20020624,55.71748
20020621,29.7864
20020620,21.65368
20020619,53.34498000000001
20020618,130.31032000000002
20020617,256.68944
20020614,50.211200000000005
20020613,80.73331
20020612,50.81269
20020611,55.75350000000001
20020610,45.543060000000004
20020607,139.57496000000003
20020606,230.26864000000003
20020605,49.956920000000004
20020604,71.83800000000001
20020603,19.98333
20020531,1340.669
20020530,1840.8425
20020529,36.52875
20020528,17.51136
20020527,24.99744
20020524,73.38062000000001
20020523,362.11136000000005
20020522,56.39652
20020521,171.00606
20020520,651.4866000000001
20020517,60.53994000000001
20020516,126.89568
20020515,90.16205000000001
20020514,94.74416000000001
20020513,94.61943
20020510,302.95378999999997
20020509,396.98733
20020508,36.24776
20020507,86.79333
20020506,363.09978000000007
20020503,377.61552
20020502,159.89600000000002
20020430,47.10090000000001
20020429,128.42840999999999
20020426,84.68824000000002
20020425,43.36446
20020424,20.386619999999997
20020423,74.68596
20020422,44.50456
20020419,30.832799999999995
20020418,29.0116
20020417,160.36848999999998
20020416,58.37754999999999
20020415,68.2098
20020412,95.95582999999999
20020411,123.78912999999999
20020410,100.52965999999999
20020409,60.0594
20020408,60.19236
20020405,48.709720000000004
20020404,119.12219999999999
20020403,83.47417999999999
20020402,125.454
20020401,58.6131
20020328,55.079339999999995
20020327,82.98378999999998
20020326,52.57848
20020322,56.633849999999995
20020321,44.46981
20020320,82.384
20020319,140.96478000000002
20020318,78.12948
20020315,148.6927
20020314,113.83709999999999
20020313,50.381099999999996
20020312,108.10517
20020311,62.3967
20020308,70.60149
20020307,233.17038999999997
20020306,1122.68664
20020305,712.7855
20020304,192.44927999999996
20020301,273.6492
20020228,1622.7907200000002
20020227,1137.1494899999998
20020226,185.9392
20020225,121.74503000000001
20020222,279.24327
20020221,381.62865000000005
20020220,712.2264600000001
20020219,1172.11197
20020218,5886.66055
