20160408,121.39414
20160407,1711.38569
20160406,614.978
20160405,489.43916
20160404,444.15216000000004
20160401,201.49128000000002
20160331,174.61656
20160330,398.26944
20160329,929.42619
20160328,1390.6608499999998
20160323,1852.3198000000002
20160322,1305.61828
20160321,1247.31735
20160318,488.87444000000005
20160317,142.85808000000003
20160316,75.55314999999999
20160315,720.3187999999999
20160314,109.65360000000001
20160311,121.25808
20160310,2996.34685
20160309,240.42528000000004
20160308,344.46225
20160304,552.91394
20160303,2615.91145
20160302,1768.4086
20160301,217.70397
20160229,624.6612899999999
20160226,424.43093
20160225,613.5675
20160224,277.19363
20160223,238.1792
20160222,90.10708
20160219,108.59452
20160218,421.38964000000004
20160217,210.27644999999998
20160216,282.84768
20160215,147.27572999999998
20160212,4159.581859999999
20160211,356.68600000000004
20160210,1004.72094
20160209,1834.9968000000003
20160208,168.86700000000002
20160205,181.32987
20160204,271.69857
20160203,213.02775
20160202,254.93853000000001
20160201,272.6016
20160129,685.56864
20160128,1302.3474600000002
20160127,539.73368
20160125,467.89037999999994
20160122,340.12451
20160121,399.39978999999994
20160120,446.2542
20160119,243.34345000000002
20160118,291.65885
20160115,252.03640000000001
20160114,469.22364000000005
20160113,4332.627649999999
20160112,212.09175000000002
20160111,1579.7196800000002
20160108,310.16386
20160107,360.00302000000005
20160106,183.653
20160105,334.85236000000003
20160104,341.32278
20160101,77.82600000000001
20151231,174.3891
20151230,118.98544
20151229,147.65418
20151228,275.73852
20151224,115.96914
20151223,200.92752000000002
20151222,259.30584000000005
20151221,528.4829
20151218,417.57782
20151217,159.89584000000002
20151216,178.02314
20151215,101.7
20151214,189.60521
20151211,100.15628999999998
20151210,109.54097999999999
20151209,104.51454999999999
20151208,89.18704
20151207,89.84374
20151204,147.28588000000002
20151203,141.85457
20151202,151.8783
20151201,272.95424
20151130,184.3485
20151127,120.91170000000001
20151126,185.9871
20151124,107.4672
20151123,154.86261
20151120,1403.4180000000001
20151119,311.10408
20151118,135.3604
20151117,319.11397
20151116,133.62882
20151113,145.80158
20151111,51.53
20151110,158.53932
20151109,293.51627999999994
20151106,205.35864
20151105,271.88304000000005
20151104,555.38424
20151103,307.92258
20151102,326.026
20151030,161.55552
20151029,259.238
20151028,291.30872
20151027,183.86550000000003
20151026,108.1143
20151023,136.49408
20151021,488.56838999999997
20151020,328.33288
20151019,129.04944
20151016,78.2914
20151015,154.76864
20151014,70.12639999999999
20151013,108.81538
20151012,141.89485
20151009,92.18234999999999
20151008,109.64424999999999
20151007,168.0836
20151006,148.24304999999998
20151005,146.83268
20151001,176.54406
20150930,247.97628
20150929,197.596
20150928,211.08384
20150924,221.258
20150923,239.21113999999997
20150922,264.6714
20150921,251.27356999999998
20150918,268.32789
20150916,200.09514000000001
20150915,206.068
20150914,208.29204
20150911,141.41882
20150910,277.81824
20150909,296.292
20150908,313.60233
20150907,323.37023999999997
20150904,283.19452
20150903,366.00102
20150902,347.50262000000004
20150901,208.02092999999996
20150831,187.53696000000002
20150828,289.30420999999996
20150827,247.95732
20150826,244.035
20150825,3623.58205
20150824,448.15497999999997
20150821,234.18512
20150820,186.42120000000003
20150819,141.06777
20150818,142.40966999999998
20150817,152.77246
20150814,127.57610000000001
20150813,163.48602
20150812,164.37632000000002
20150811,712.50648
20150810,372.9783800000001
20150807,157.79388
20150806,190.31836000000004
20150805,160.79680000000002
20150804,170.27031
20150803,213.004
20150731,139.94976
20150730,491.20500000000004
20150729,100.24098000000001
20150728,112.67984000000001
20150727,144.22100000000003
20150724,146.66960000000003
20150723,203.84928000000002
20150722,226.91240000000002
20150721,125.72328999999999
20150720,142.38021
20150717,199.26508000000004
20150716,150.65784
20150715,139.90752000000003
20150714,171.54284
20150713,158.88715
20150710,175.96578000000002
20150709,131.26337999999998
20150708,215.90460000000002
20150707,286.63948
20150706,136.24564
20150703,173.0652
20150702,238.359
20150701,303.84860000000003
20150630,149.10035
20150629,246.54672
20150626,216.55948999999998
20150625,292.43392000000006
20150624,139.42368000000002
20150623,207.5796
20150622,171.86244
20150619,208.3347
20150618,166.67433
20150617,128.28048
20150616,197.93926
20150615,192.89536000000004
20150612,271.24875000000003
20150611,200.02105
20150610,163.09295999999998
20150609,234.16866000000002
20150608,123.05699999999999
20150605,522.333
20150604,336.43564
20150603,350.3808
20150602,242.52716999999998
20150601,429.71187999999995
20150529,214.62516000000002
20150528,313.22202000000004
20150527,128.40321
20150526,239.61925
20150525,241.22780000000003
20150522,3443.10944
20150521,173.99448
20150520,259.07412999999997
20150519,1561.6730499999999
20150518,33785.26816
20150515,197.99632
20150514,344.79
20150513,913.6489000000001
20150512,220.79200000000003
20150511,287.06260000000003
20150508,1410.17166
20150507,234.62250000000003
20150506,204.75624
20150505,194.1165
20150504,148.51578
20150430,192.75005000000002
20150429,654.2428800000001
20150428,396.1305
20150427,215.96553
20150424,188.75892
20150423,337.91469
20150422,134.4097
20150421,215.17002
20150420,259.1157
20150417,314.15856
20150416,163.41156
20150415,623.2259600000001
20150413,469.7496
20150410,432.1820799999999
20150409,261.10912
20150408,441.66669999999993
20150407,603.8443199999999
20150406,1350.96031
20150401,111.24849999999999
20150331,135.29025
20150330,119.17696000000001
20150327,546.86802
20150326,1158.2685
20150325,195.68555999999998
20150324,441.51455999999996
20150323,964.86698
20150320,2171.0573999999997
20150319,253.6394
20150318,532.12464
20150317,568.29327
20150316,218.57149
20150313,246.96441000000002
20150312,727.9599599999999
20150311,271.5702
20150310,1309.03773
20150309,323.38963999999993
20150305,362.7432
20150304,1299.14554
20150303,283.72207000000003
20150302,542.65356
20150228,835.3765000000001
20150227,1743.1913399999999
20150226,972.37716
20150225,380.2293900000001
20150224,481.89217999999994
20150223,1040.33622
20150220,892.0121
20150219,459.46852
20150218,916.9092799999999
20150216,585.56538
20150213,1391.28225
20150212,1858.1517000000001
20150211,546.99627
20150210,372.59325
20150209,258.65398
20150206,228.81096000000002
20150205,258.56208
20150204,212.38146999999998
20150203,220.0226
20150202,270.60636
20150130,860.77761
20150129,300.0695
20150128,1204.06478
20150127,649.0432
20150123,783.4110900000001
20150122,1149.0977500000001
20150121,258.28979999999996
20150120,381.78986999999995
20150119,694.8231599999999
20150116,970.71955
20150115,934.0254000000001
20150114,157.02750000000003
20150113,325.81856
20150112,393.85844000000003
20150109,291.712
20150108,214.97451
20150107,1370.67204
20150106,394.10454000000004
20150105,453.3705
20150102,236.67544
20150101,152.24174999999997
20141231,357.5063
20141230,193.72988999999998
20141229,190.18822000000003
20141226,371.00615
20141224,261.16569
20141223,530.4866999999999
20141222,264.77335
20141219,298.60456999999997
20141218,389.45284999999996
20141217,349.2833
20141216,263.74698
20141215,218.77232
20141212,231.71597999999997
20141211,234.09040000000002
20141210,357.45320000000004
20141209,233.5347
20141208,292.62579
20141205,269.13401999999996
20141204,207.46744
20141203,269.43884
20141202,281.37790000000007
20141201,169.53640000000001
20141128,489.98131
20141127,279.38705999999996
20141126,345.47904
20141125,820.9204200000001
20141124,438.80928
20141121,1033.62456
20141120,303.98400000000004
20141119,306.5139
20141118,544.4997
20141117,451.53218
20141114,394.7529600000001
20141113,361.54321000000004
20141112,504.27443999999997
20141111,1026.7392
20141110,708.6254
20141107,524.8550299999999
20141105,311.09344000000004
20141103,612.1592400000001
20141031,1229.89216
20141030,713.08933
20141029,870.6737
20141028,583.21452
20141027,1463.1476
20141023,101.75544000000001
20141022,330.81064
20141021,590.1336
20141020,646.4304000000001
20141017,352.94480000000004
20141016,463.24431999999996
20141014,649.6119
20141013,6563.228700000001
20141010,230.42704
20141009,284.38908
20141008,704.67429
20141007,1160.79116
20141001,590.38488
20140930,445.75344
20140929,1550.96915
20140926,554.16196
20140925,566.26914
20140924,411.04488
20140923,1002.8167799999999
20140922,720.63463
20140919,530.08442
20140918,666.54284
20140917,719.2332000000001
20140916,380.96612
20140915,285.56951
20140912,473.15008
20140911,1818.9451600000002
20140910,717.4755
20140909,1220.5128
20140908,381.51277999999996
20140905,666.85216
20140904,2055.9612599999996
20140903,1284.6447999999998
20140902,651.2911499999999
20140901,387.72648000000004
20140828,549.174
20140827,644.99393
20140826,241.56048
20140825,1113.42816
20140822,407.2635
20140821,1710.5854399999998
20140820,2258.40632
20140819,1896.1852400000002
20140818,272.76496000000003
20140814,328.4979
20140813,794.4596
20140812,1217.8086
20140811,1483.10325
20140808,417.19944000000004
20140807,2035.5909
20140806,1397.4984
20140805,718.75254
20140804,1488.13749
20140801,510.48552
20140731,1394.6795200000001
20140730,410.45509999999996
20140728,606.04128
20140725,522.1509699999999
20140724,779.5641
20140723,1736.2354800000003
20140722,800.76004
20140721,524.37988
20140718,503.33888
20140717,761.1766
20140716,554.81606
20140715,495.05411999999995
20140714,932.8347
20140711,1283.7325
20140710,3052.05185
20140709,1091.55836
20140708,1634.6115
20140707,1788.9840000000002
20140704,1378.071
20140703,709.59
20140702,1084.73985
20140701,1820.93002
20140630,1594.6178400000001
20140627,1328.6247999999998
20140626,555.9887
20140625,1698.6340999999998
20140624,1407.58358
20140623,558.5921999999999
20140620,1428.49535
20140619,1541.04255
20140618,1268.1837
20140617,1238.1829199999997
20140616,1086.67536
20140613,1411.8875399999997
20140612,1300.27656
20140611,1513.89968
20140610,3346.29841
20140609,6929.25919
20140606,4757.33214
20140605,2397.75426
20140604,522.8196300000001
20140603,528.1379999999999
20140602,1365.17218
20140530,979.61565
20140529,501.74219999999997
20140528,793.0258
20140527,696.06504
20140526,1932.7484800000002
20140523,2326.9524599999995
20140522,2334.8714999999997
20140521,686.15746
20140520,1478.53384
20140519,3763.58976
20140516,3592.7529
20140515,1549.68046
20140514,526.736
20140513,1566.18804
20140512,1625.17566
20140509,621.0351999999999
20140508,205.51006
20140507,163.34388
20140506,259.96464000000003
20140505,154.5318
20140502,889.08992
20140430,462.33489999999995
20140429,201.12015
20140428,254.71988
20140425,293.09193
20140423,1059.1267599999999
20140422,271.051
20140421,1155.23882
20140417,427.5513
20140416,321.12368
20140415,501.42919
20140411,348.2182
20140410,1386.44362
20140409,265.92224999999996
20140407,149.57762
20140404,280.2928
20140403,770.79548
20140402,377.3196
20140401,2403.43824
20140331,364.6439
20140328,781.9297199999999
20140327,624.7138
20140326,665.36604
20140325,1070.56933
20140324,815.5952000000001
20140322,21.40008
20140321,643.0584200000001
20140320,368.93273000000005
20140319,845.8768200000001
20140318,1016.82048
20140314,385.44044
20140313,307.55448
20140312,234.30496
20140311,335.56128
20140310,353.25252
20140307,698.1849
20140306,444.46095
20140305,225.45284
20140304,634.54408
20140303,248.95335999999998
20140228,8092.6204800000005
20140226,263.85588
20140225,192.41711999999998
20140224,178.08496
20140221,184.00431
20140220,198.90717
20140219,109.78842
20140218,138.90540000000001
20140217,100.84276
20140214,122.41719
20140213,167.67512
20140212,117.50312000000001
20140211,569.9625000000001
20140210,191.49366999999998
20140207,505.66050000000007
20140206,1842.34544
20140205,1612.25152
20140204,292.42432
20140203,256.18356
20140131,208.70177999999999
20140130,641.8686
20140129,228.09516
20140128,270.03121000000004
20140127,690.688
20140124,357.33832
20140123,254.0273
20140122,296.1492
20140121,217.66096000000002
20140120,2733.86288
20140117,317.09094
20140116,564.64638
20140115,458.41095
20140114,1457.20134
20140113,2028.97643
20140110,3505.5558900000005
20140109,593.00046
20140108,510.90219
20140107,417.68188
20140106,371.10875000000004
20140103,1598.8162200000002
20140102,4316.12311
20140101,452.47761
20131231,1542.38546
20131230,3938.7471200000005
20131227,3429.0209800000002
20131226,4227.99129
20131224,1499.8544100000001
20131223,4604.38748
20131220,13169.399320000002
20131219,152475.89475
20131218,15605.86751
20131217,1223.07894
20131216,653.41557
20131213,493.70959999999997
20131212,10135.529209999999
20131211,715.7671799999999
20131210,1944.5166
20131209,2900.6754800000003
20131206,2585.19954
20131205,1390.17596
20131204,1582.9268699999998
20131203,1557.16805
20131202,1354.3145
20131129,788.1405
20131128,565.91644
20131127,265.70525
20131126,343.46295
20131125,153.75945
20131122,112.91875
20131121,156.33755
20131120,233.47716
20131119,292.99559999999997
20131118,98.15359999999998
20131114,200.66277
20131113,132.81668
20131112,118.4962
20131111,138.41552
20131108,307.16956
20131107,652.30408
20131106,195.4582
20131105,841.1530499999999
20131103,66.90128
20131101,447.21144
20131031,203.79542000000004
20131030,145.82245
20131029,235.27605
20131028,137.2525
20131025,193.3873
20131024,278.48808
20131023,191.2452
20131022,395.19132
20131021,144.22254
20131018,307.04058000000003
20131017,104.61373999999999
20131015,122.93512000000001
20131014,90.14454
20131011,106.25384
20131010,153.08568
20131009,1429.1148600000001
20131008,136.3212
20131007,189.33135000000001
20131004,191.16279
20131003,165.1265
20131001,121.60593
20130930,136.58414000000002
20130927,214.34027999999998
20130926,118.43986000000001
20130925,294.624
20130924,183.32622
20130923,145.55275
20130920,255.76566000000003
20130919,470.7904000000001
20130918,259.52004
20130917,240.37014000000002
20130916,426.31840000000005
20130913,116.62574
20130912,195.3217
20130911,255.5887
20130910,293.355
20130906,322.33124000000004
20130905,223.80666000000002
20130904,122.92649999999999
20130903,311.30330000000004
20130902,84.49425000000001
20130830,1666.92826
20130829,259.64148
20130828,371.12771000000004
20130827,303.31476000000004
20130826,5479.037600000001
20130823,130.09707
20130822,159.61520000000002
20130821,1283.91208
20130820,173.142
20130819,216.54306
20130816,1004.7093600000001
20130814,221.51247
20130813,1639.67199
20130812,3146.1767199999995
20130808,167.05731
20130807,1243.8309399999998
20130806,471.89645999999993
20130805,553.494
20130802,2664.17844
20130801,355.78400000000005
20130731,1874.5830000000003
20130730,108.87607999999999
20130729,91.16856
20130726,145.64749999999998
20130725,167.57999999999998
20130724,204.58479999999997
20130723,293.43372
20130722,306.64504
20130719,155.02877999999998
20130718,154.15843999999998
20130717,264.69692
20130716,134.83008
20130715,147.1797
20130712,604.2837
20130711,562.01886
20130710,201.96981
20130709,186.03689
20130708,91.52714999999999
20130705,237.31201000000001
20130704,120.07968
20130703,120.0319
20130702,117.04660999999999
20130701,153.41406
20130628,284.08552
20130627,129.59786
20130626,344.65534999999994
20130625,3969.5303999999996
20130624,287.06039999999996
20130621,123.2946
20130620,144.7743
20130619,147.32832
20130618,117.76765
20130617,84.22512
20130614,116.39712
20130613,82.95558
20130612,57.49127999999999
20130611,134.74479
20130610,89.88892
20130607,104.26364
20130606,65.53413
20130605,79.68852
20130604,101.79925
20130603,80.96394
20130531,299.67692999999997
20130530,181.82502
20130529,200.109
20130528,253.3825
20130527,161.95398
20130524,159.5008
20130523,154.64772
20130522,157.10111999999998
20130521,136.97728
20130520,182.9484
20130517,322.9506
20130516,399.95274
20130515,292.9613
20130514,272.49681
20130513,138.26388
20130511,17.464380000000002
20130510,130.72400000000002
20130509,210.72735
20130508,319.18056
20130507,236.81
20130506,684.09736
20130503,3530.49333
20130502,423.4353
20130430,309.9288
20130429,352.45323
20130426,136.9707
20130425,244.93859
20130423,91.72306
20130422,203.167
20130418,662.1408
20130417,332.07138
20130416,158.07184
20130415,112.14455000000001
20130412,200.28298999999998
20130411,78.13652
20130410,175.28875000000002
20130409,282.40076
20130408,300.92082
20130405,257.5962
20130404,160.34799
20130403,239.37276
20130402,167.86418
20130401,3382.9493599999996
20130328,196.1522
20130326,154.39572
20130325,182.28903
20130322,134.76999
20130321,197.54948
20130320,255.65959999999995
20130319,186.00456
20130318,131.88504
20130315,117.57161
20130314,216.83545
20130313,228.03799999999998
20130312,175.3482
20130311,560.9371
20130308,518.2418799999999
20130307,138.90912
20130306,119.24136
20130305,280.95815999999996
20130304,613.0120099999999
20130301,286.76256
20130228,420.86746
20130227,325.64243999999997
20130226,15868.362239999999
20130225,1477.7400499999999
20130222,3725.7612
20130221,241.41096
20130220,633.7044
20130219,230.72719999999998
20130218,612.2491200000001
20130215,1081.30125
20130214,585.072
20130213,450.10326
20130212,1461.8713200000002
20130211,187.96277
20130208,974.52354
20130207,181.9158
20130206,178.8145
20130205,127.14192
20130204,117.39688000000001
20130201,163.99755
20130131,235.33384
20130130,199.42056
20130129,415.1553
20130128,220.90196999999998
20130125,220.01896000000002
20130124,264.43223
20130123,254.20208
20130122,329.44125
20130121,311.40849000000003
20130118,667.65108
20130117,236.7618
20130116,350.28521
20130115,391.23204
20130114,263.396
20130111,251.35949999999997
20130110,260.83164
20130109,554.0976
20130108,343.71222
20130107,190.81422
20130104,246.00876
20130103,228.47088
20130102,1483.06752
20130101,234.33700000000002
20121231,131.99420999999998
20121228,310.24332000000004
20121227,173.16552000000001
20121226,195.01324000000002
20121224,108.48388
20121221,124.03752
20121220,148.3731
20121219,284.96459
20121218,273.55435
20121217,1993.1634000000001
20121214,1496.3967200000002
20121213,171.20931000000002
20121212,278.93866
20121211,124.31007000000001
20121210,147.79616000000001
20121207,337.5029
20121206,183.34980000000002
20121205,179.85642
20121204,502.09956000000005
20121203,415.53627
20121130,432.69069
20121129,1005.30501
20121127,1681.07358
20121126,148.9102
20121123,189.84276000000003
20121122,153.35945
20121121,285.35956
20121120,471.65252
20121119,204.388
20121116,272.3311
20121115,613.18805
20121113,98.25450000000001
20121112,252.0858
20121109,195.9696
20121108,142.45635000000001
20121107,536.13555
20121106,302.95416
20121105,113.68448000000001
20121102,388.22238
20121101,452.34253
20121031,213.74166
20121030,126.39569999999999
20121029,168.85792
20121026,220.3452
20121025,176.19238
20121023,785.9520600000001
20121022,163.50684
20121019,519.52995
20121018,298.47234000000003
20121017,195.61776
20121016,466.4032
20121015,244.40958
20121012,566.44626
20121011,627.2018
20121010,343.18980000000005
20121009,386.46315000000004
20121008,602.45096
20121005,729.24768
20121004,563.83398
20121003,1060.3860000000002
20121001,264.16464
20120928,598.1536800000001
20120927,414.43766
20120926,227.91158000000001
20120925,312.08792
20120924,301.8928
20120921,515.2014
20120920,166.94678000000002
20120918,420.57616
20120917,397.31088000000005
20120914,334.04049000000003
20120913,237.74103999999997
20120912,201.95626000000001
20120911,2686.9151100000004
20120910,160.35705
20120908,31.638599999999997
20120907,205.99488
20120906,401.12037
20120905,373.59218
20120904,1157.13339
20120903,233.19143999999997
20120831,448.28014
20120830,1297.85733
20120829,408.66147
20120828,466.60471999999993
20120827,546.31173
20120824,539.1440600000001
20120823,403.10325
20120822,149.52944000000002
20120821,697.3797
20120817,271.71996
20120816,388.92876
20120814,308.28198000000003
20120813,280.72085000000004
20120810,619.9928900000001
20120809,353.3019
20120808,439.83728
20120807,589.3726200000001
20120806,498.07079999999996
20120803,1086.74184
20120802,697.10007
20120801,320.93991000000005
20120731,871.48875
20120730,1268.35982
20120727,460.57878
20120726,368.70106000000004
20120725,479.25392000000005
20120724,218.5948
20120723,91.1259
20120720,120.72978
20120719,749.70415
20120718,187.31056
20120717,367.7403
20120716,171.2682
20120713,105.29088
20120712,2834.685
20120711,251.8384
20120710,125.66225
20120709,101.54292
20120706,154.72688
20120705,322.89756
20120704,187.92347999999998
20120703,113.93024999999999
20120702,177.1704
20120629,651.17536
20120628,146.2272
20120627,253.49211000000003
20120626,214.74154
20120625,421.4929
20120622,897.2736
20120621,106.41761
20120620,116.74350999999999
20120619,622.14984
20120618,559.49025
20120615,151.50976
20120614,173.4202
20120613,114.457
20120612,134.88994
20120611,129.57029
20120608,182.91208
20120607,149.243
20120606,713.70783
20120605,221.07525
20120604,184.11799
20120601,167.26986000000002
20120531,106.18508
20120530,171.78974999999997
20120529,664.1306099999999
20120528,151.5195
20120525,89.46936000000001
20120524,392.1617
20120523,101.22875
20120522,104.64356
20120521,93.96135
20120518,520.5502799999999
20120517,286.30463999999995
20120516,264.72258
20120515,188.62011
20120514,128.86089
20120511,152.77652
20120510,248.12406000000004
20120509,152.1838
20120508,475.29239999999993
20120507,1877.1686
20120504,724.38254
20120503,101.35436999999999
20120502,519.3711999999999
20120430,189.75039999999998
20120428,11.744879999999998
20120427,111.17665
20120426,251.23033
20120425,136.14165
20120424,1392.9488800000001
20120423,199.628
20120420,216.87279
20120419,254.74548000000001
20120418,626.76054
20120417,484.76925000000006
20120416,234.10187
20120413,311.9037
20120412,975.681
20120411,321.75352
20120410,173.4816
20120409,337.35222
20120404,214.79823
20120403,232.47639999999998
20120402,147.98448
20120330,5373.85125
20120329,248.71255999999997
20120328,339.5866
20120327,249.39585
20120326,303.7947
20120323,164.78488
20120322,284.55631
20120321,215.45338
20120320,981.8113699999999
20120319,218.24895999999998
20120316,314.95092
20120315,341.81952
20120314,472.95288
20120313,2107.85484
20120312,216.56637
20120309,342.68913
20120307,432.2879
20120306,266.64128
20120305,358.78643
20120303,32.928819999999995
20120302,263.77008
20120301,322.60900000000004
20120229,658.95025
20120228,701.00772
20120227,734.3729999999999
20120224,1059.10605
20120223,1939.15392
20120222,691.06753
20120221,911.8253199999999
20120217,959.39772
20120216,552.26098
20120215,2155.63728
20120214,543.9082000000001
20120213,913.971
20120210,439.38552
20120209,863.2616999999999
20120208,1258.7616
20120207,811.32168
20120206,1359.72984
20120203,1287.9541
20120202,1150.22254
20120201,283.1216
20120131,531.9024000000001
20120130,259.26222
20120127,826.9958200000001
20120125,439.31583000000006
20120124,288.36756
20120123,308.76369
20120120,279.29201
20120119,1500.17556
20120118,170.45496000000003
20120117,240.70176
20120116,246.22572
20120113,903.58838
20120112,112.57272000000002
20120111,145.96830000000003
20120110,271.94486
20120109,101.86644000000001
20120107,9.21074
20120106,114.64264999999999
20120105,280.03462
20120104,267.44008
20120103,334.94136
20120102,368.67754
20111230,135.3677
20111229,273.5905
20111228,201.0536
20111227,173.70385
20111226,167.98704
20111223,218.4078
20111222,294.65965
20111221,195.7
20111220,703.91016
20111219,255.01122
20111216,334.81656000000004
20111215,774.79659
20111214,163.7406
20111213,148.00914
20111212,244.31637999999998
20111209,139.20616
20111208,263.11797
20111207,310.84753
20111205,125.83260000000001
20111202,378.95520000000005
20111201,262.36080000000004
20111130,371.56815
20111129,182.9505
20111128,265.731
20111125,291.6855
20111124,510.75392
20111123,285.8175
20111122,372.25971
20111121,338.65485
20111118,392.12739000000005
20111117,367.32366
20111116,287.8983
20111115,263.0799
20111114,642.58152
20111111,561.09348
20111109,279.2706
20111108,155.5712
20111104,201.42549
20111103,278.76023000000004
20111102,423.7984000000001
20111101,142.67178
20111031,359.00982
20111028,870.23744
20111026,189.75708
20111025,507.37057000000004
20111024,372.8556
20111021,169.56632000000002
20111020,118.40136
20111019,301.78148
20111018,209.7144
20111017,151.33689
20111014,362.99186000000003
20111013,255.27656000000002
20111012,423.28368
20111011,186.47056
20111010,538.97487
20111007,166.288
20111005,745.45743
20111004,201.52912999999998
20111003,280.30129999999997
20110930,258.91072
20110929,223.32144
20110928,265.512
20110927,127.40549999999999
20110926,317.88328
20110923,258.80406
20110922,210.12632000000002
20110921,131.34285
20110920,270.26685000000003
20110919,492.32568000000003
20110916,495.88
20110915,253.50032
20110914,270.20805
20110913,800.71782
20110912,720.44624
20110909,1447.75403
20110908,329.90329
20110907,1389.396
20110906,1005.6825000000001
20110905,673.93134
20110902,307.80960000000005
20110830,295.06730000000005
20110829,392.00084
20110826,519.51438
20110825,647.7794600000001
20110824,311.9789
20110823,180.72320000000002
20110822,250.67145000000002
20110819,498.10764
20110818,264.91149
20110817,296.4493
20110816,226.71376
20110812,528.55334
20110811,445.11840000000007
20110810,325.744
20110809,1869.144
20110808,638.05428
20110805,6987.3822
20110804,848.5619999999999
20110803,1357.49986
20110802,341.14426
20110801,619.98249
20110729,1527.4429499999999
20110728,844.06905
20110727,512.17824
20110726,488.78517999999997
20110725,314.63376
20110722,394.0911
20110721,641.47776
20110720,439.1916
20110719,394.16369999999995
20110718,316.49877
20110715,734.52167
20110714,381.05105999999995
20110713,336.3909
20110712,364.68264
20110711,413.154
20110708,532.6151
20110707,2538.3771
20110706,1156.01408
20110705,1762.8082200000001
20110704,3545.2865699999998
20110701,2643.8331999999996
20110630,1665.96237
20110629,1572.466
20110628,2060.18436
20110627,2870.25312
20110624,667.488
20110623,329.67016
20110622,476.60176
20110621,763.19846
20110620,490.51818000000003
20110617,437.81168
20110616,181.34913
20110615,198.12480000000002
20110614,352.59520000000003
20110613,386.1836
20110610,448.07172
20110609,403.77636000000007
20110608,908.1789600000001
20110607,2447.57136
20110606,416.02860000000004
20110603,619.26138
20110602,591.84996
20110601,234.57235
20110531,453.92100000000005
20110530,2328.11712
20110527,209.90057000000002
20110526,418.76829999999995
20110525,699.7975200000001
20110524,959.18784
20110523,118.44635000000001
20110520,222.26724000000002
20110519,192.05025
20110518,478.33868
20110517,244.13054000000002
20110516,181.58149
20110513,190.22726000000003
20110512,214.0208
20110511,278.9008
20110510,199.08867
20110509,223.52480000000003
20110506,262.95897
20110505,248.04626000000002
20110504,323.57136
20110503,267.91821
20110502,1066.7462
20110429,534.74904
20110428,188.67520000000002
20110427,256.10431
20110426,253.05696
20110425,319.13676
20110421,626.1688800000001
20110420,286.4834
20110419,608.39002
20110418,538.93994
20110415,364.39146
20110413,747.0420399999999
20110411,363.38544
20110408,461.69676000000004
20110407,437.71108
20110406,641.62868
20110405,519.4372
20110404,1146.519
20110401,2367.93618
20110331,2679.02131
20110330,2162.67636
20110329,2940.34972
20110328,1033.02081
20110325,733.4729600000001
20110324,434.02534
20110323,702.51995
20110322,241.51846
20110321,325.37631
20110318,410.25863999999996
20110317,267.4972
20110316,1224.27234
20110315,1956.4315000000001
20110314,489.58136
20110311,637.0327599999999
20110310,544.98232
20110309,851.33224
20110308,645.93008
20110307,840.13136
20110304,913.85829
20110303,2957.13185
20110301,2500.0683400000003
20110228,8684.588800000001
20110225,5120.12424
20110224,1405.17916
20110223,3050.97716
20110222,545.54472
20110221,927.4371199999999
20110218,484.55472000000003
20110217,292.53463999999997
20110216,276.4196
20110215,712.97541
20110214,1081.27701
20110211,1333.0935
20110210,3537.8008699999996
20110209,1692.1305
20110208,677.5202400000001
20110207,836.82384
20110204,2528.28422
20110203,1124.6024
20110202,876.8940799999999
20110201,937.722
20110131,4349.8705899999995
20110128,2002.85992
20110127,1378.7778600000001
20110125,781.96923
20110124,852.18648
20110121,657.03976
20110120,508.91424
20110119,525.0079999999999
20110118,571.39384
20110117,872.9159000000001
20110114,1376.7430399999998
20110113,352.3185
20110112,756.3135
20110111,1042.1565
20110110,1534.4308800000001
20110107,2985.84132
20110106,3374.1702000000005
20110105,1216.76304
20110104,1401.96288
20110103,853.05592
20101231,1565.76264
20101230,2705.835
20101229,602.47107
20101228,398.20846
20101227,822.4124999999999
20101224,858.80646
20101223,744.11894
20101222,1266.49287
20101221,2240.32962
20101220,2988.31122
20101216,899.7365
20101215,4146.5205000000005
20101214,1467.8548799999999
20101213,1704.0576500000002
20101210,2209.4846
20101209,1893.56265
20101208,1436.25408
20101207,6056.33058
20101206,7802.74418
20101203,15221.79428
20101202,15109.33905
20101201,10884.33676
20101130,10571.28622
20101129,10483.063479999999
20101126,33077.40251
20101125,104077.53749999999
20101124,10727.34955
20101123,6528.5907
20101122,3002.85893
20101119,2401.5821100000003
20101118,1954.18842
20101116,1148.0672100000002
20101115,1552.18252
20101112,2489.29623
20101111,2590.93998
20101110,4245.571260000001
20101109,7408.978500000001
20101108,5252.40432
20101105,500.51714000000004
20101104,1150.7104
20101103,1277.34725
20101102,1460.30925
20101101,260.29814999999996
20101029,522.13176
20101028,1468.29242
20101027,534.35925
20101026,787.3216000000001
20101025,1049.32584
20101022,1063.87517
20101021,1077.07545
20101020,426.9622
20101019,451.25771999999995
20101018,514.28897
20101015,619.98416
20101014,788.2339
20101013,458.91099
20101012,300.3254
20101011,495.5147999999999
20101008,1979.9067
20101007,1300.8821500000001
20101006,962.3774999999999
20101005,1396.41621
20101004,952.0577999999999
20101001,630.06552
20100930,594.0012
20100929,2205.6378
20100928,822.24285
20100927,622.5948399999999
20100924,387.23094999999995
20100923,325.13446999999996
20100922,649.5138
20100921,836.5962
20100920,403.44619
20100917,446.92624
20100916,440.02449999999993
20100915,776.0147999999999
20100914,465.24764
20100913,603.99976
20100909,413.4112
20100908,338.6823
20100907,607.4708499999999
20100906,527.1633899999999
20100903,683.35344
20100902,391.87008
20100901,622.5824799999999
20100831,1330.8569
20100830,2457.65856
20100827,801.48276
20100826,1226.68095
20100825,390.52320000000003
20100824,290.89692
20100823,390.65684000000005
20100820,321.91020000000003
20100819,438.65226000000007
20100818,573.3133799999999
20100817,904.44585
20100816,2977.14945
20100813,563.26105
20100812,143.39556000000002
20100811,492.73822
20100810,336.73276000000004
20100809,797.38416
20100806,805.11132
20100805,240.6173
20100804,470.49475
20100803,307.7463
20100802,230.48035000000002
20100730,290.7138
20100729,325.12659
20100728,461.66336
20100727,380.90988000000004
20100726,324.81800000000004
20100723,400.61690000000004
20100722,1872.87986
20100721,355.51362
20100720,753.33624
20100719,449.00076000000007
20100716,273.9984
20100715,647.2128
20100714,402.4067
20100713,286.28964
20100712,685.01848
20100709,412.6012
20100708,332.136
20100707,1093.86366
20100706,197.62166000000002
20100705,405.62208
20100702,283.23281000000003
20100701,319.91827
20100630,267.1872
20100629,450.78873000000004
20100628,505.87122000000005
20100625,190.5666
20100624,263.90582
20100623,122.04868
20100622,176.3408
20100621,336.24160000000006
20100618,226.6368
20100617,169.59894
20100616,207.49970000000002
20100615,291.70617
20100614,581.84301
20100611,253.10652
20100610,417.51969
20100609,134.92422000000002
20100608,544.5164900000001
20100607,233.55142999999998
20100604,200.62365999999997
20100603,259.70138
20100602,157.66408
20100601,457.616
20100531,273.50067
20100528,235.512
20100527,302.64000000000004
20100526,346.97440000000006
20100525,681.5872400000001
20100524,782.4816000000001
20100521,532.6346900000001
20100520,386.76869000000005
20100519,305.61181
20100518,208.61092000000002
20100517,196.65666000000002
20100514,242.91987
20100513,329.30062
20100512,223.35719999999998
20100511,162.39915
20100510,232.53580999999997
20100507,345.75464
20100506,305.13953999999995
20100505,362.2784
20100504,217.4185
20100503,220.97256999999996
20100430,418.20273
20100429,871.05375
20100428,1104.44075
20100427,1454.7438399999999
20100426,411.44480999999996
20100423,385.67152
20100422,692.65773
20100421,806.11965
20100420,347.47356
20100419,224.16806
20100416,294.52384
20100415,298.39059
20100413,221.44583999999998
20100412,204.6205
20100409,434.07984
20100408,1660.63219
20100407,2114.36028
20100406,1484.84676
20100405,440.93584000000004
20100401,250.49731999999997
20100331,314.87377999999995
20100330,166.86944999999997
20100329,296.66835
20100326,524.4521
20100325,343.85074
20100323,294.7383
20100322,769.3425599999999
20100319,2223.13728
20100318,225.10312
20100317,457.8141999999999
20100316,253.45386000000002
20100315,623.95768
20100312,296.83004999999997
20100311,679.0276
20100310,425.85127
20100309,397.53479999999996
20100308,645.9048
20100305,293.42376
20100304,245.52360000000002
20100303,312.79416000000003
20100302,192.52347999999998
20100226,330.28853999999995
20100225,272.1873
20100224,223.78125
20100223,171.95475
20100222,238.94372
20100219,225.33504
20100218,581.39042
20100217,267.37786
20100216,382.6119
20100215,524.25124
20100211,170.86712
20100210,264.57142
20100209,245.13216
20100208,531.2664
20100206,93.68199
20100205,719.18496
20100204,825.60368
20100203,484.82424
20100202,1402.0081
20100201,427.99925
20100129,877.27675
20100128,2568.0109700000003
20100127,1622.6892
20100125,598.8454
20100122,998.6233799999999
20100121,748.1880000000001
20100120,745.65846
20100119,1299.11517
20100118,1132.8567500000001
20100115,2827.9243300000003
20100114,1908.09164
20100113,766.26132
20100112,645.10582
20100111,755.7183100000001
20100108,1042.99456
20100107,1188.98511
20100106,1773.71216
20100105,1363.4984000000002
20100104,1508.39556
20091231,1464.924
20091230,593.2116
20091229,1038.52233
20091224,1064.8004
20091223,3001.0678
20091222,723.8236499999999
20091221,513.6962599999999
20091218,516.74274
20091217,594.71854
20091216,341.77302000000003
20091215,622.9402200000001
20091214,510.08242
20091211,536.9589599999999
20091210,750.98175
20091209,2080.40724
20091208,692.2211400000001
20091207,594.6128
20091204,721.6342000000001
20091203,536.6656
20091202,1345.8288000000002
20091201,1343.91729
20091130,2628.3328
20091127,817.84118
20091126,493.08826000000005
20091125,426.32317000000006
20091124,1509.5822799999999
20091123,740.1289499999999
20091120,1209.4190099999998
20091119,1382.01876
20091118,934.4871499999998
20091117,976.26568
20091116,1450.8358799999999
20091113,997.40927
20091112,2590.4225699999997
20091111,916.62626
20091110,650.00454
20091109,303.51772
20091106,858.72618
20091105,624.9490499999999
20091104,623.4403000000001
20091103,838.8716400000001
20091030,549.58948
20091029,873.68889
20091028,509.41464
20091027,1030.21048
20091026,704.4426
20091023,508.3220999999999
20091022,485.6742
20091021,638.92014
20091020,703.62816
20091017,373.716
20091016,1076.3777499999999
20091015,2386.58175
20091014,2331.13492
20091012,447.10075
20091009,1482.20352
20091008,1500.3408
20091007,1246.2666
20091006,946.8353999999999
20091005,785.30592
20091001,1088.31069
20090930,1907.7280899999998
20090929,791.091
20090925,1475.93393
20090924,2791.411
20090923,3086.26996
20090922,816.76896
20090918,883.6761
20090917,778.89802
20090916,918.11089
20090915,1170.6996
20090914,636.31008
20090911,1261.59816
20090910,1566.48004
20090909,1516.576
20090908,1114.81272
20090907,971.3827199999998
20090904,793.2506999999999
20090903,670.67952
20090902,1361.1902799999998
20090901,1097.98659
20090831,1218.01338
20090828,2155.30896
20090827,838.321
20090826,1431.55899
20090825,1563.8844
20090824,666.1300799999999
20090821,532.5296599999999
20090820,382.68885
20090819,565.19177
20090818,892.71854
20090817,1272.67605
20090814,1584.87
20090813,830.7114
20090812,1392.42051
20090811,528.82294
20090810,837.30912
20090807,849.7896
20090806,1035.6289199999999
20090805,800.41998
20090804,1283.73768
20090803,1081.64163
20090731,1917.26238
20090730,2611.7934
20090729,2127.22328
20090728,1458.9
20090727,1696.65328
20090724,1394.91222
20090723,2419.88384
20090722,1091.2182599999999
20090721,896.5275200000001
20090720,933.86825
20090717,1541.94102
20090716,1500.1927500000002
20090715,1753.30092
20090714,1721.06974
20090713,1913.05314
20090710,1729.8608000000002
20090709,961.2464
20090708,3243.1056000000003
20090707,1685.2721999999999
20090706,6000.841420000001
20090703,3619.19775
20090702,3466.9595999999997
20090701,2543.5213
20090630,4305.15575
20090629,7287.71334
20090626,8030.439199999999
20090625,3649.7623
20090624,2619.32496
20090623,1804.28804
20090622,3274.1941699999998
20090619,2654.3125999999997
20090618,2734.93184
20090617,3246.2175199999997
20090616,1795.7166
20090615,2065.2183
20090612,3135.1449599999996
20090611,3466.6389799999997
20090610,2276.6112
20090609,2075.4636
20090608,2735.2466400000003
20090605,5498.5083700000005
20090604,5201.1882
20090603,7902.8547
20090602,3214.31308
20090601,5295.224700000001
20090529,3190.31358
20090528,2729.4505
20090527,2968.09304
20090526,2844.86931
20090525,2195.4236
20090522,2533.39758
20090521,3966.97259
20090520,2947.75728
20090519,6662.1696
20090518,96.52416000000001
20090515,1773.32128
20090514,2625.43476
20090513,2556.70228
20090512,2618.87964
20090511,2501.19408
20090508,3042.4655500000003
20090507,1707.8251
20090506,2310.19784
20090505,2387.0840000000003
20090504,786.72064
20090429,1690.236
20090428,1553.0504999999998
20090427,1187.4751500000002
20090424,1278.1269
20090423,1673.7752500000001
20090422,2394.83718
20090421,2227.4987300000003
20090420,6186.4096
20090417,7086.519990000001
20090416,3616.99504
20090415,1997.364
20090413,1442.36408
20090409,2401.1236000000004
20090408,3596.43248
20090406,1428.45927
20090402,1930.93322
20090401,1410.90916
20090331,721.55783
20090330,898.44732
20090327,1019.1451
20090326,1403.57369
20090325,948.60312
20090324,1854.7176000000002
20090323,1963.2654400000001
20090320,976.5029999999999
20090319,1550.05876
20090318,1062.56284
20090317,1510.23
20090316,1481.39972
20090313,1552.03041
20090312,1356.2082
20090309,707.54766
20090306,1216.62112
20090305,1329.70409
20090304,1404.36864
20090303,1543.07952
20090302,2101.5081999999998
20090227,5992.00785
20090226,1689.79668
20090225,1916.88354
20090224,2385.5989299999997
20090220,648.96795
20090219,1547.04081
20090218,775.9926600000001
20090217,535.02128
20090216,750.8781499999999
20090213,2389.63602
20090212,1843.0518899999997
20090211,357.60580000000004
20090210,695.844
20090209,636.309
20090206,504.59174
20090205,1310.56068
20090204,948.06523
20090203,1619.32554
20090202,2101.66784
20090130,1267.13355
20090129,1760.4904399999998
20090128,1908.22773
20090127,2644.99347
20090123,1684.3277400000002
20090122,2608.529
20090121,3899.06098
20090120,5542.9601600000005
20090119,650.25279
20090116,571.45512
20090115,881.0763599999999
20090114,512.5871999999999
20090113,852.0142
20090112,1783.4868
20090109,1367.69076
20090107,3311.74528
20090106,1055.0904
20090105,975.6648
20090102,1141.6938200000002
20090101,552.4909
20081231,1233.23097
20081230,1526.5305600000002
20081229,754.5793900000001
20081226,1633.39218
20081224,3182.7012799999998
20081223,1277.7167000000002
20081222,2172.8525
20081219,2190.2933
20081218,2036.6590800000001
20081217,2796.2949
20081216,1882.4471999999998
20081215,1400.71192
20081212,1411.5674999999999
20081211,1598.4960599999997
20081210,1761.7349000000002
20081208,2501.0056
20081205,1593.0612500000002
20081204,1280.01668
20081203,1294.12152
20081202,1446.3615799999998
20081201,1717.09352
20081128,1134.4985599999998
20081126,1188.3343399999999
20081125,1568.3202999999999
20081124,1522.1528
20081121,2374.52553
20081120,997.7936400000001
20081119,1240.94472
20081118,2022.1001999999999
20081117,1621.37782
20081114,1097.2092
20081112,1411.23044
20081111,2582.2702999999997
20081110,1101.0096
20081107,2486.93102
20081106,1263.3899999999999
20081105,1506.4052299999998
20081104,1300.16016
20081103,1127.7168000000001
20081031,1260.5175000000002
20081029,1173.97862
20081028,323.529
20081027,1823.00155
20081024,2012.7585600000002
20081023,1613.5879999999997
20081022,1144.52992
20081021,2291.4658
20081020,2901.75061
20081017,1596.44518
20081016,1707.25184
20081015,1253.09334
20081014,1727.4633000000001
20081013,1756.68626
20081010,2844.1349999999998
20081008,2389.2428
20081007,2629.96019
20081006,1988.3540000000003
20081003,1445.9984
20081001,1122.3409900000001
20080930,2138.06036
20080929,1946.2209
20080926,1930.0799100000002
20080925,2244.6878399999996
20080924,1536.36635
20080923,2093.42562
20080922,1518.1618
20080919,2150.8077599999997
20080918,1490.2982299999999
20080917,1512.55276
20080916,1112.07158
20080915,1476.93024
20080912,1649.2295499999998
20080911,711.4335
20080910,833.8917600000001
20080909,1221.58752
20080908,2223.62083
20080905,1185.90425
20080904,1133.06752
20080902,1645.0785
20080901,914.59368
20080829,833.28624
20080828,1413.23328
20080827,1043.67168
20080826,451.82137
20080825,529.24032
20080822,1180.5738
20080821,1415.95056
20080820,661.27395
20080819,745.2768
20080818,588.69072
20080814,824.9685000000001
20080813,812.99608
20080812,1298.19382
20080811,990.5864
20080808,1260.5793
20080807,1655.03364
20080806,3088.7157700000002
20080805,3186.01312
20080804,1554.80248
20080801,1691.6454500000002
20080731,1201.98416
20080730,1597.6902400000001
20080729,1368.798
20080728,1434.2026
20080725,3144.49177
20080724,2572.27446
20080723,4480.20183
20080722,3278.40128
20080721,2871.4388
20080718,1779.83865
20080717,1138.33216
20080716,1364.16168
20080715,998.93248
20080714,1282.18302
20080711,1594.4272999999998
20080710,1771.75113
20080709,1512.3693000000003
20080708,1210.00936
20080707,1224.99513
20080704,784.2244599999999
20080703,943.42131
20080702,1256.6174
20080701,1558.9385899999997
20080630,1239.06875
20080627,2143.3932800000002
20080626,2561.38476
20080625,1007.18008
20080624,1253.9280700000002
20080623,1072.45082
20080620,1275.2753999999998
20080619,874.6933999999999
20080618,1716.85943
20080617,1438.35369
20080616,1189.99884
20080613,892.2231
20080612,784.72527
20080611,732.23764
20080610,1483.46088
20080609,1184.1525000000001
20080606,1580.7679999999998
20080605,1943.6313300000002
20080604,1698.22374
20080603,1590.20064
20080602,1246.08096
20080530,1109.81412
20080529,3556.7854800000005
20080528,1399.1044000000002
20080527,754.35555
20080526,838.45762
20080523,1009.11756
20080522,1027.07742
20080521,1212.2656000000002
20080520,966.9839400000002
20080516,1153.4193900000002
20080515,723.3192600000001
20080514,969.0835200000001
20080513,1692.7819800000002
20080512,2214.09508
20080509,3382.9014100000004
20080508,1155.0968400000002
20080507,1379.23265
20080506,1500.78532
20080505,2626.93171
20080502,2528.2961999999998
20080430,2525.65576
20080429,2394.90432
20080428,1803.06648
20080425,1581.50783
20080424,3159.4843499999997
20080423,2258.68335
20080422,3632.7820399999996
20080421,3346.3557699999997
20080417,6277.404490000001
20080416,1610.06797
20080415,2317.0268
20080411,1436.9355
20080410,1775.53328
20080409,1241.45012
20080408,1716.7259999999999
20080407,1243.78902
20080404,1641.49495
20080403,1422.0785
20080402,2566.65628
20080401,1640.84228
20080331,2658.5203500000002
20080328,3833.8207600000005
20080327,4460.82669
20080326,3977.5715999999998
20080325,5698.80191
20080324,3856.09077
20080319,6054.57261
20080318,4663.9859
20080317,6448.86671
20080314,12566.72865
20080313,13729.02671
20080312,6636.2158
20080311,7412.687699999999
20080310,3698.14923
20080307,4768.47476
20080305,4217.86351
20080304,4916.682279999999
20080303,3688.1577599999996
20080229,7106.17914
20080228,8823.04444
20080227,14927.13775
20080226,1229.29135
20080225,1706.8471399999999
20080222,1246.89714
20080221,1599.2032
20080220,1882.2736000000002
20080219,2202.4763799999996
20080218,2922.99865
20080215,5824.1648
20080214,4870.11315
20080213,3620.4629999999997
20080212,3589.5530200000003
20080211,6156.970049999999
20080208,5942.86641
20080207,4805.3147
20080206,5076.41133
20080205,5725.75892
20080204,4259.292869999999
20080201,3531.79904
20080131,9551.5128
20080130,3635.4438
20080129,3074.9730400000003
20080128,4283.77404
20080125,4891.419
20080124,10445.594250000002
20080123,11541.808920000001
20080122,18376.128180000003
20080121,14506.1403
20080118,5424.7009800000005
20080117,6864.761200000001
20080116,7767.41034
20080115,5656.86675
20080114,4991.3198
20080111,6713.20191
20080110,10456.371379999999
20080109,7861.01625
20080108,6439.35955
20080107,7268.44836
20080104,15207.664799999999
20080103,15984.35514
20080102,5118.2329199999995
20080101,7105.9209599999995
20071231,4626.50518
20071228,5426.40748
20071227,10334.493120000001
20071226,8622.08694
20071224,6722.715840000001
20071220,7623.41734
20071219,8661.56946
20071218,9999.550959999999
20071217,11794.61682
20071214,6367.574
20071213,6441.59412
20071212,4481.32628
20071211,5244.37985
20071210,4430.013
20071207,6704.92434
20071206,13655.7528
20071205,12380.75202
20071204,7696.89155
20071203,8551.38258
20071130,8624.48579
20071129,10451.11048
20071128,8184.30035
20071127,6145.70346
20071126,10957.616890000001
20071123,15911.03826
20071122,19095.14412
20071121,15791.789390000002
20071120,16511.895149999997
20071119,23108.9955
20071116,10024.7728
20071115,14664.151020000001
20071114,21859.635120000003
20071113,22979.18718
20071112,21220.279199999997
20071109,5364.8150000000005
20071108,14607.163359999999
20071107,19082.109200000003
20071106,45774.162
20071105,22172.13277
20071102,17665.856099999997
20071101,33568.24828
20071031,27834.43236
20071030,45062.874959999994
20071029,25897.64736
20071026,32317.5116
20071025,17531.6203
20071024,35804.84154
20071023,35251.76376
20071022,33308.1606
20071019,57479.457389999996
20071018,82631.0719
20071017,102531.55855
20071016,70432.62732
20071015,16509.9366
20071012,47980.21305
20071011,93463.21116
20071010,19913.190660000004
20071009,41657.809160000004
20071008,44865.3712
20071005,167553.46271999998
