20160408,2277.65556
20160407,658.6232000000001
20160406,715.77138
20160405,1312.2972
20160404,577.9290000000001
20160401,622.50955
20160331,1055.4778000000001
20160330,1145.35264
20160329,839.4337
20160328,1705.7628
20160323,2746.9381
20160322,652.4050000000001
20160321,1359.54064
20160318,1002.0318
20160317,1183.38792
20160316,12683.738379999999
20160315,32195.2491
20160314,1196.8077700000001
20160311,1015.65854
20160310,730.63987
20160309,1211.68495
20160308,580.56284
20160304,1289.38674
20160303,1032.70011
20160302,1441.796
20160301,971.62626
20160229,3156.0278399999997
20160226,1254.70227
20160225,1528.95927
20160224,1273.9271999999999
20160223,2455.8447499999997
20160222,1465.2507600000001
20160219,898.8765599999999
20160218,2901.81792
20160217,1474.02476
20160216,2092.06348
20160215,3712.43432
20160212,3639.52644
20160211,1748.59062
20160210,913.8254400000001
20160209,1163.69949
20160208,502.23800000000006
20160205,677.9691
20160204,1370.6397299999999
20160203,428.45649000000003
20160202,612.2025
20160201,669.28185
20160129,688.905
20160128,662.2643999999999
20160127,1316.14425
20160125,2176.3336
20160122,1333.3216499999999
20160121,1163.91072
20160120,2727.40357
20160119,4403.16116
20160118,3232.5470800000003
20160115,3297.6781599999995
20160114,1177.9557
20160113,7698.44394
20160112,565.3045999999999
20160111,1522.4132399999999
20160108,432.24985000000004
20160107,2489.0585000000005
20160106,803.7892799999998
20160105,863.4200799999999
20160104,991.3622399999999
20160101,506.70554999999996
20151231,662.80997
20151230,571.9168
20151229,302.50062
20151228,880.3644
20151224,328.50095000000005
20151223,811.78996
20151222,4604.243039999999
20151221,445.69613
20151218,704.1721999999999
20151217,1118.1359
20151216,789.9044400000001
20151215,454.88736
20151214,583.3449
20151211,507.81312
20151210,777.3126799999999
20151209,674.0662500000001
20151208,493.15754
20151207,709.7955599999999
20151204,562.6334999999999
20151203,542.15463
20151202,423.05736
20151201,628.23194
20151130,845.22564
20151127,652.5843000000001
20151126,521.6305600000001
20151124,461.76819000000006
20151123,487.31802
20151120,1023.8071799999999
20151119,540.11718
20151118,1107.41
20151117,1244.1269800000002
20151116,1157.53907
20151113,997.3878299999999
20151111,512.51382
20151110,1574.05735
20151109,2699.29695
20151106,439.67609999999996
20151105,469.62989999999996
20151104,857.6235300000001
20151103,802.9224
20151102,972.288
20151030,1518.1360799999998
20151029,1020.6993999999999
20151028,4537.9284
20151027,5533.70042
20151026,4622.1432
20151023,6278.246400000001
20151021,4306.96002
20151020,1999.5976000000003
20151019,2336.82218
20151016,4210.43085
20151015,2714.34965
20151014,2482.5688800000003
20151013,444.8704
20151012,942.8249000000001
20151009,1902.9680999999996
20151008,366.2067200000001
20151007,1152.7593900000002
20151006,3495.2159
20151005,2672.08172
20151001,832.3221599999999
20150930,1832.06517
20150929,2025.12072
20150928,974.8425599999999
20150924,719.67066
20150923,966.3342
20150922,1410.1764299999998
20150921,652.08894
20150918,1598.1354499999998
20150916,786.8077
20150915,764.7919999999999
20150914,667.6441199999999
20150911,1376.34249
20150910,1020.6718200000001
20150909,1367.74787
20150908,1560.9203
20150907,1098.90912
20150904,1556.7450000000001
20150903,2880.8831999999998
20150902,1253.4871799999999
20150901,2053.78224
20150831,817.71258
20150828,1610.11124
20150827,1664.26555
20150826,1139.39591
20150825,2635.46068
20150824,3938.68344
20150821,1305.1665
20150820,881.65476
20150819,807.72798
20150818,681.4643399999999
20150817,1030.6616999999999
20150814,1433.23086
20150813,1184.3760599999998
20150812,986.9774400000001
20150811,764.9193600000001
20150810,1289.71521
20150807,648.07792
20150806,1759.1388
20150805,1239.98792
20150804,1460.5104
20150803,1179.8512
20150731,2292.8822499999997
20150730,2882.95862
20150729,3767.6428
20150728,3967.37168
20150727,1615.58946
20150724,3703.11375
20150723,2530.70532
20150722,4701.186739999999
20150721,3749.07475
20150720,3639.75135
20150717,2972.5207999999993
20150716,4278.61896
20150715,2822.1362400000003
20150714,1340.86365
20150713,2447.9320000000002
20150710,1192.8957500000001
20150709,1043.6112
20150708,1361.71429
20150707,937.0499
20150706,967.4191999999999
20150703,1294.19345
20150702,1693.8296400000002
20150701,1577.53028
20150630,1250.0409399999999
20150629,2374.18566
20150626,1027.3509000000001
20150625,1220.6736
20150624,841.97994
20150623,1445.8745299999998
20150622,2348.56188
20150619,1239.46752
20150618,1786.79025
20150617,3393.74466
20150616,2270.89128
20150615,1476.31064
20150612,1212.39972
20150611,780.37353
20150610,949.12608
20150609,847.22346
20150608,698.44759
20150605,1945.11294
20150604,2850.40188
20150603,1044.5216400000002
20150602,1762.752
20150601,1129.8300000000002
20150529,1185.14674
20150528,767.3467999999999
20150527,730.512
20150526,1142.6094
20150525,700.61755
20150522,1068.5408300000001
20150521,830.4278400000001
20150520,1037.74014
20150519,1842.9940800000002
20150518,1405.98604
20150515,1098.2673
20150514,1664.74816
20150513,3166.5437099999995
20150512,6672.845479999999
20150511,3210.24264
20150508,2754.3351
20150507,2457.76505
20150506,1599.2071999999998
20150505,1334.0151
20150504,957.22704
20150430,2092.2835999999998
20150429,1780.3591999999999
20150428,2202.1910000000003
20150427,2980.2056700000003
20150424,2374.85409
20150423,5507.70918
20150422,1574.89944
20150421,1419.5577899999998
20150420,1520.71687
20150417,1303.4256200000002
20150416,1737.7939600000002
20150415,979.54264
20150413,1059.1385
20150410,845.5030899999999
20150409,1155.16368
20150408,570.08772
20150407,1947.96576
20150406,1263.00075
20150401,914.8919999999999
20150331,1210.144
20150330,1822.20441
20150327,3168.60366
20150326,2857.16136
20150325,2134.3385000000003
20150324,3441.85176
20150323,1711.4599799999999
20150320,5048.531639999999
20150319,2061.8612
20150318,2178.7384
20150317,3979.3572
20150316,3746.2722000000003
20150313,2521.28868
20150312,2749.01988
20150311,5902.9684
20150310,2285.829
20150309,1682.2108
20150305,4417.32675
20150304,7654.947
20150303,3983.7800899999997
20150302,5029.946999999999
20150228,6913.07028
20150227,6787.83204
20150226,1611.50916
20150225,1419.5620399999998
20150224,867.1266499999999
20150223,1291.89632
20150220,1658.87128
20150219,1649.7063600000001
20150218,1605.2431499999998
20150216,6825.98159
20150213,2502.18149
20150212,1786.25408
20150211,1103.73538
20150210,2240.91662
20150209,1592.74072
20150206,4986.04986
20150205,2561.7144000000003
20150204,1894.41408
20150203,10161.245249999998
20150202,2182.24362
20150130,3608.9608799999996
20150129,6383.306880000001
20150128,6721.6925
20150127,3941.92816
20150123,7035.7352
20150122,3713.07748
20150121,3889.44297
20150120,9136.18874
20150119,3121.1946000000003
20150116,2729.5646
20150115,10053.31365
20150114,945.1644699999999
20150113,3486.6689
20150112,1600.85705
20150109,3115.75264
20150108,2532.64242
20150107,681.23132
20150106,1133.05246
20150105,3483.062
20150102,3351.6934499999998
20150101,783.0785599999999
20141231,4953.6106199999995
20141230,913.12825
20141229,1743.5561
20141226,917.70134
20141224,2519.32744
20141223,2382.59896
20141222,2321.4737800000003
20141219,1671.7875999999999
20141218,5046.6125600000005
20141217,1959.04476
20141216,1295.51357
20141215,1549.89384
20141212,1594.9152
20141211,798.05501
20141210,1214.15625
20141209,956.02843
20141208,930.57385
20141205,3046.5051
20141204,2305.63688
20141203,2147.06904
20141202,1267.28601
20141201,1998.5368199999998
20141128,2194.72605
20141127,2283.6055499999998
20141126,1742.0192499999998
20141125,3449.966
20141124,2991.82218
20141121,2323.7792400000003
20141120,1171.3877
20141119,976.49365
20141118,3716.33844
20141117,4418.41206
20141114,2107.7997499999997
20141113,1916.49015
20141112,4614.30085
20141111,3242.26635
20141110,3705.21726
20141107,2687.28317
20141105,5218.61905
20141103,3299.1165200000005
20141031,7645.1953
20141030,5106.965899999999
20141029,2385.5429099999997
20141028,1609.9517
20141027,1902.7381499999997
20141023,453.89026000000007
20141022,3714.9835199999998
20141021,5518.91277
20141020,5620.91064
20141017,6210.46436
20141016,1172.5710000000001
20141014,5302.55202
20141013,1533.6
20141010,1080.85176
20141009,2085.2511
20141008,1135.7572
20141007,2896.32744
20141001,3750.7940000000003
20140930,6681.82752
20140929,4720.383
20140926,3591.68733
20140925,3985.1575199999997
20140924,8476.330530000001
20140923,1602.17946
20140922,3328.98552
20140919,3704.1032000000005
20140918,3443.44596
20140917,4156.08592
20140916,3558.8381400000003
20140915,2629.2307800000003
20140912,2130.6384
20140911,1619.11088
20140910,1573.73312
20140909,2969.9184600000003
20140908,3998.1915
20140905,996.45537
20140904,3388.7487
20140903,3180.6292499999995
20140902,3430.8017600000003
20140901,1262.5755
20140828,1592.0154300000002
20140827,1553.1499399999998
20140826,1023.8061899999999
20140825,1957.87136
20140822,2357.01656
20140821,2096.3226
20140820,3077.6263999999996
20140819,3516.3981
20140818,1207.5506400000002
20140814,3938.8928
20140813,1052.7442
20140812,1054.33746
20140811,924.33575
20140808,2260.3574
20140807,628.299
20140806,994.9668300000001
20140805,1470.12984
20140804,1121.34684
20140801,1680.96
20140731,2149.07404
20140730,1709.6978499999998
20140728,2216.42261
20140725,3208.52816
20140724,6348.06037
20140723,4054.8576599999997
20140722,1681.67405
20140721,4255.87163
20140718,1317.8670799999998
20140717,796.5826
20140716,1889.9318
20140715,1119.5520000000001
20140714,801.0502499999999
20140711,21311.62128
20140710,2444.00896
20140709,1500.623
20140708,1458.8334
20140707,2522.535
20140704,2828.6279999999997
20140703,733.81809
20140702,1414.8133999999998
20140701,1848.2687
20140630,1856.3712
20140627,2372.5581300000003
20140626,2853.9991200000004
20140625,1297.9827599999999
20140624,2568.39219
20140623,1422.64301
20140620,1859.7683199999997
20140619,1355.99276
20140618,1718.1828999999998
20140617,2578.01788
20140616,1633.3121
20140613,2746.3927799999997
20140612,3291.808
20140611,1622.60728
20140610,2298.9098
20140609,2240.59866
20140606,3347.0636700000005
20140605,2255.90015
20140604,2379.43376
20140603,1186.29597
20140602,1437.0779499999999
20140530,4683.42
20140529,2674.7261999999996
20140528,2093.28616
20140527,3133.15392
20140526,1727.3591699999997
20140523,2510.09174
20140522,1233.37501
20140521,915.7084199999999
20140520,1941.90039
20140519,2366.7972
20140516,10344.327510000001
20140515,3110.51584
20140514,1465.8144200000002
20140513,3268.80971
20140512,3786.20814
20140509,2822.39853
20140508,625.7224
20140507,559.84968
20140506,663.7152900000001
20140505,770.0155199999999
20140502,972.9159000000002
20140430,2935.2936600000003
20140429,1920.3830400000002
20140428,1606.00836
20140425,2243.5318
20140423,2710.5738899999997
20140422,4245.8435500000005
20140421,1187.9975399999998
20140417,1963.80611
20140416,885.51
20140415,815.7926
20140411,755.5167999999999
20140410,2213.21186
20140409,2795.02412
20140407,1044.88566
20140404,1302.08424
20140403,889.9878399999999
20140402,3214.6410800000003
20140401,3798.3039999999996
20140331,10147.727700000001
20140328,5985.817760000001
20140327,2045.7850699999997
20140326,2257.66212
20140325,1499.9166
20140324,6548.791079999999
20140322,63.25786999999999
20140321,3017.42658
20140320,738.9644499999999
20140319,2035.7973000000002
20140318,2395.2025999999996
20140314,3957.40809
20140313,2233.1534599999995
20140312,1291.5758099999998
20140311,5125.3244
20140310,5382.5899500000005
20140307,4156.086
20140306,794.8792800000001
20140305,586.66201
20140304,608.18846
20140303,472.6638
20140228,2770.77615
20140226,479.50919999999996
20140225,1054.0816
20140224,1847.10512
20140221,1366.4083
20140220,775.86244
20140219,665.47395
20140218,853.87764
20140217,1089.9225000000001
20140214,541.30464
20140213,342.34986000000004
20140212,2994.52036
20140211,374.50805
20140210,905.57
20140207,1097.95224
20140206,5134.34
20140205,1392.6422499999999
20140204,547.72574
20140203,460.23900000000003
20140131,3683.5196399999995
20140130,880.2452499999999
20140129,4170.09354
20140128,5733.67277
20140127,4796.61171
20140124,4164.03042
20140123,2067.8088000000002
20140122,938.6020799999999
20140121,1199.60775
20140120,1027.47741
20140117,4356.7164
20140116,1530.6609599999997
20140115,644.9309999999999
20140114,414.5752
20140113,864.6456
20140110,1280.48718
20140109,1180.99968
20140108,2581.84692
20140107,2100.79653
20140106,5159.35238
20140103,1889.9565
20140102,920.99081
20140101,549.04874
20131231,3411.12464
20131230,2078.53212
20131227,727.16052
20131226,1035.17876
20131224,535.30624
20131223,1392.1947599999999
20131220,710.64612
20131219,1441.45064
20131218,3088.4720100000004
20131217,3764.62948
20131216,1566.47124
20131213,1906.27482
20131212,2451.8874299999998
20131211,2610.4462799999997
20131210,4804.128809999999
20131209,7674.205
20131206,1885.5349299999998
20131205,6241.873139999999
20131204,2068.2558
20131203,3637.7924599999997
20131202,2500.5393599999998
20131129,736.63023
20131128,687.4494
20131127,494.52634
20131126,3910.2375
20131125,4103.6966999999995
20131122,687.2067
20131121,1310.70334
20131120,729.83664
20131119,1151.7699899999998
20131118,4189.4788100000005
20131114,975.45
20131113,1033.6144
20131112,899.9196599999999
20131111,1198.15675
20131108,1503.47056
20131107,1735.5552
20131106,742.33439
20131105,1209.5575000000001
20131103,313.13625
20131101,1838.26442
20131031,2143.2307299999998
20131030,1502.89545
20131029,2885.34586
20131028,1156.5212900000001
20131025,1234.88784
20131024,1989.1655
20131023,1492.2242399999998
20131022,2131.83349
20131021,1871.2606
20131018,3266.8567400000006
20131017,2793.2089499999997
20131015,3969.91845
20131014,2165.85978
20131011,1627.9442099999999
20131010,1188.21703
20131009,1287.31603
20131008,2116.40688
20131007,2647.92501
20131004,1784.35392
20131003,1670.82216
20131001,1808.7803800000002
20130930,4223.541980000001
20130927,3002.74832
20130926,2415.8705999999997
20130925,3588.7935
20130924,4898.2976
20130923,1873.2826600000003
20130920,3289.1313000000005
20130919,4720.54815
20130918,2870.78196
20130917,676.4646399999999
20130916,1532.2593399999998
20130913,4641.24112
20130912,5500.338760000001
20130911,2086.92778
20130910,3348.7734499999997
20130906,2646.8062199999995
20130905,4474.309950000001
20130904,1451.5780800000002
20130903,8105.5091
20130902,1742.8200000000002
20130830,4872.96927
20130829,3723.3996800000004
20130828,4719.308
20130827,6516.814229999999
20130826,3562.95528
20130823,3875.4595600000002
20130822,2824.9124899999997
20130821,6178.7275199999995
20130820,2869.6210200000005
20130819,2843.454
20130816,8919.842200000001
20130814,3745.2872599999996
20130813,1757.5879200000002
20130812,1465.7897699999999
20130808,1613.7935
20130807,1610.2421999999997
20130806,1736.2251299999998
20130805,995.24214
20130802,855.49051
20130801,3233.01303
20130731,2363.06986
20130730,976.30633
20130729,1982.44256
20130726,2155.7541
20130725,1418.96704
20130724,1393.1731
20130723,680.24286
20130722,1061.2174300000001
20130719,1239.17696
20130718,1397.75292
20130717,3644.15956
20130716,1480.4337600000001
20130715,830.9286400000001
20130712,960.3978300000001
20130711,1422.66812
20130710,515.83158
20130709,552.90284
20130708,439.82568000000003
20130705,1118.56052
20130704,4187.20815
20130703,2037.5911599999997
20130702,1600.0089
20130701,830.77181
20130628,1972.2759099999998
20130627,1241.3455999999999
20130626,706.4475300000001
20130625,1399.4426599999997
20130624,777.91671
20130621,3274.3330199999996
20130620,2235.75065
20130619,9779.3405
20130618,833.57436
20130617,1334.2929000000001
20130614,882.9080799999999
20130613,874.69119
20130612,1349.14136
20130611,688.6759400000001
20130610,803.2037300000001
20130607,1808.5329900000002
20130606,1456.34982
20130605,1044.9312
20130604,547.11492
20130603,908.7001
20130531,891.56639
20130530,2862.10236
20130529,1156.65875
20130528,1367.1612
20130527,2312.78143
20130524,1023.8385499999999
20130523,679.7817
20130522,952.5076499999999
20130521,1247.2108799999999
20130520,1333.3577400000001
20130517,1223.47278
20130516,2504.1828800000003
20130515,2218.4251799999997
20130514,718.6993899999999
20130513,1478.23905
20130511,203.99084999999997
20130510,2213.98328
20130509,1149.5898
20130508,1332.31362
20130507,1953.8555999999999
20130506,1489.0572
20130503,1473.0734200000002
20130502,2456.19854
20130430,1369.01706
20130429,1046.95808
20130426,1900.0984500000002
20130425,4205.46738
20130423,5254.90011
20130422,2724.2568
20130418,1628.6531400000001
20130417,1251.87792
20130416,1209.72288
20130415,822.04064
20130412,1384.145
20130411,1496.8841999999997
20130410,1570.3315
20130409,6249.60999
20130408,2389.51692
20130405,3516.5004300000005
20130404,1004.7359999999999
20130403,1263.8624399999999
20130402,2007.41728
20130401,898.14672
20130328,1722.5213600000002
20130326,1274.7289999999998
20130325,3255.47175
20130322,2432.2795200000005
20130321,1535.0158000000001
20130320,1696.6972799999999
20130319,4709.31128
20130318,2623.17518
20130315,3616.78959
20130314,6698.66226
20130313,1596.00918
20130312,975.1291200000001
20130311,770.2835
20130308,1648.9870800000003
20130307,916.1795000000001
20130306,3474.81972
20130305,1100.4435
20130304,1038.06063
20130301,1717.3578400000001
20130228,2432.74752
20130227,793.37715
20130226,637.1838
20130225,409.31253000000004
20130222,481.63725
20130221,1338.35522
20130220,1015.6004700000001
20130219,246.31101
20130218,416.40237
20130215,3767.3154
20130214,4959.03737
20130213,2899.33236
20130212,2390.35125
20130211,832.58526
20130208,1745.3034
20130207,1378.65938
20130206,896.22072
20130205,1493.1072799999997
20130204,1099.68921
20130201,4425.15328
20130131,5218.873879999999
20130130,2109.27112
20130129,1396.5617599999998
20130128,771.70265
20130125,615.50766
20130124,1413.7215299999998
20130123,1291.7178
20130122,744.72876
20130121,1000.5758400000001
20130118,2760.8880599999998
20130117,2608.64651
20130116,810.1419899999999
20130115,1237.36588
20130114,865.1462399999999
20130111,943.4920000000001
20130110,686.7301
20130109,1247.53068
20130108,1664.82092
20130107,901.9604999999999
20130104,1057.9904999999999
20130103,1240.8832799999998
20130102,1605.7515999999998
20130101,792.20748
20121231,526.5877800000001
20121228,528.41277
20121227,943.5878
20121226,715.80302
20121224,387.377
20121221,331.69559999999996
20121220,4230.89968
20121219,802.4836
20121218,1795.1956599999999
20121217,3286.13742
20121214,3953.18064
20121213,1875.5244900000002
20121212,1839.2015999999999
20121211,958.43624
20121210,1498.73104
20121207,2288.1032999999998
20121206,3673.86625
20121205,805.16011
20121204,1425.8991199999998
20121203,2921.1040199999998
20121130,1194.89965
20121129,4445.84062
20121127,1524.35852
20121126,440.80848
20121123,626.6097
20121122,1613.96544
20121121,2121.14432
20121120,1367.28144
20121119,425.30768
20121116,1777.4579600000002
20121115,872.49
20121113,240.34752
20121112,9719.232039999999
20121109,261.41248
20121108,326.15894
20121107,1967.0367999999999
20121106,478.39733999999993
20121105,1047.15798
20121102,433.73321999999996
20121101,1233.12108
20121031,648.8149799999999
20121030,2263.48608
20121029,1367.2833200000002
20121026,445.88975999999997
20121025,802.78485
20121023,2959.95455
20121022,881.418
20121019,492.14916
20121018,526.4168000000001
20121017,990.99288
20121016,813.53504
20121015,1016.8518299999998
20121012,3301.3416199999997
20121011,2023.68306
20121010,1172.9243700000002
20121009,528.2988
20121008,1054.0405500000002
20121005,2041.45508
20121004,2744.13786
20121003,1125.1808
20121001,2181.04761
20120928,1829.3656
20120927,760.7666399999999
20120926,1097.78491
20120925,1140.9858
20120924,2921.81571
20120921,2633.0744999999997
20120920,793.8294000000001
20120918,824.5324300000001
20120917,3906.1148399999997
20120914,4233.170260000001
20120913,448.83775
20120912,1009.50356
20120911,557.3035600000001
20120910,2224.56186
20120908,18.73476
20120907,1386.0627200000001
20120906,1237.70845
20120905,2319.0013
20120904,1279.08955
20120903,911.84099
20120831,914.25919
20120830,1995.87147
20120829,932.3322800000001
20120828,1403.23485
20120827,808.1314500000001
20120824,1980.4811
20120823,1585.9569
20120822,1931.41872
20120821,2495.3574000000003
20120817,543.3304999999999
20120816,736.8267500000001
20120814,2918.0335099999998
20120813,1727.59902
20120810,4852.13934
20120809,974.63834
20120808,2050.355
20120807,5701.00365
20120806,1975.88954
20120803,540.4652400000001
20120802,4537.58495
20120801,662.83866
20120731,624.17926
20120730,593.35252
20120727,1445.5022000000001
20120726,533.89611
20120725,418.23655
20120724,619.2962799999999
20120723,466.72116
20120720,395.55054
20120719,742.16214
20120718,692.2746
20120717,1241.23465
20120716,1092.47568
20120713,2715.258
20120712,845.94983
20120711,795.3782100000001
20120710,1356.12801
20120709,898.4699999999999
20120706,1263.0089500000001
20120705,4599.958250000001
20120704,1823.76497
20120703,878.40838
20120702,2199.57015
20120629,1605.6426099999999
20120628,516.7712
20120627,722.496
20120626,2771.32035
20120625,936.3926799999999
20120622,668.05375
20120621,2388.35028
20120620,487.27347000000003
20120619,726.6596400000001
20120618,794.5537600000001
20120615,457.70269999999994
20120614,713.08138
20120613,3286.2189999999996
20120612,1293.59008
20120611,651.81603
20120608,961.19334
20120607,1182.5684999999999
20120606,1012.3822499999999
20120605,2108.0864699999997
20120604,957.30503
20120601,872.69636
20120531,1499.71905
20120530,374.71601999999996
20120529,486.2748
20120528,467.16912
20120525,1218.12175
20120524,729.18636
20120523,651.7056600000001
20120522,717.3730199999999
20120521,483.8886
20120518,859.63
20120517,625.9031299999999
20120516,2477.75515
20120515,1034.85522
20120514,1018.54516
20120511,2075.2389000000003
20120510,1331.8477699999999
20120509,975.6861599999999
20120508,805.035
20120507,1691.79995
20120504,685.8294099999999
20120503,1870.9338400000001
20120502,1192.1014400000001
20120430,443.6847
20120428,47.5146
20120427,535.2312000000001
20120426,436.3668
20120425,1115.0113
20120424,497.43108000000007
20120423,980.0865
20120420,1847.2654200000002
20120419,2980.2906000000003
20120418,1763.3238300000003
20120417,1434.07312
20120416,589.63707
20120413,1003.2100399999999
20120412,475.04383
20120411,581.0787
20120410,481.65029999999996
20120409,316.96919999999994
20120404,312.96435
20120403,1493.30775
20120402,1841.83524
20120330,8049.484800000001
20120329,779.3505299999999
20120328,1216.45524
20120327,1382.1427399999998
20120326,501.804
20120323,670.46364
20120322,1420.22972
20120321,1932.94272
20120320,533.5747200000001
20120319,676.4665600000001
20120316,983.36985
20120315,1099.75285
20120314,4151.79745
20120313,2295.65715
20120312,815.5801999999999
20120309,958.3262599999999
20120307,818.6704299999999
20120306,957.90789
20120305,2212.26348
20120303,50.35612999999999
20120302,715.41936
20120301,2770.5438
20120229,1095.8230800000001
20120228,1511.6453999999999
20120227,1375.92604
20120224,1009.7057800000001
20120223,799.70087
20120222,2422.54525
20120221,3513.4936199999997
20120217,1809.5136400000001
20120216,1188.27495
20120215,3089.77244
20120214,753.0614
20120213,3074.02792
20120210,2542.2501399999996
20120209,3249.8406400000003
20120208,2055.2531200000003
20120207,2385.7812
20120206,1548.6890600000002
20120203,2192.6576200000004
20120202,2873.20701
20120201,2835.50976
20120131,706.5415999999999
20120130,502.6395
20120127,1033.71054
20120125,1382.3267
20120124,1897.63784
20120123,1242.0491200000001
20120120,1274.47006
20120119,2301.8866000000003
20120118,1249.73005
20120117,552.84262
20120116,1586.3904
20120113,1003.7653399999999
20120112,915.29384
20120111,910.62221
20120110,1163.23866
20120109,498.28639999999996
20120107,121.80432
20120106,1224.29559
20120105,1039.6439699999999
20120104,1505.28564
20120103,1201.22616
20120102,1344.56016
20111230,1310.54252
20111229,1468.43256
20111228,626.688
20111227,557.6216900000001
20111226,588.2095
20111223,1737.98634
20111222,1578.28795
20111221,1754.9257499999999
20111220,2395.10854
20111219,3266.55324
20111216,3045.53189
20111215,1574.5938
20111214,1600.29254
20111213,2964.23712
20111212,2534.66844
20111209,2236.16448
20111208,851.7384
20111207,891.63975
20111205,908.097
20111202,1344.8592
20111201,1380.6780999999999
20111130,2009.7236799999998
20111129,1272.1957
20111128,2129.02524
20111125,3598.1562900000004
20111124,2749.1206
20111123,3803.0836000000004
20111122,3862.7924399999997
20111121,4914.691919999999
20111118,1351.15548
20111117,874.67094
20111116,1419.6566999999998
20111115,943.96785
20111114,822.65414
20111111,894.7622200000001
20111109,1157.5075600000002
20111108,1514.2083599999999
20111104,990.63
20111103,2086.8940000000002
20111102,845.51335
20111101,1255.2404199999999
20111031,1252.38645
20111028,1711.25864
20111026,637.5051
20111025,7001.1074499999995
20111024,1118.94676
20111021,669.30912
20111020,1410.61651
20111019,4168.58739
20111018,1227.7414
20111017,5182.90999
20111014,805.4570500000001
20111013,1533.3789600000002
20111012,1262.5749
20111011,927.4765500000001
20111010,1978.2822399999998
20111007,1150.2168000000001
20111005,1691.291
20111004,2327.0746499999996
20111003,968.682
20110930,1555.66413
20110929,1895.0297799999998
20110928,13968.11403
20110927,1293.67161
20110926,8320.16466
20110923,3054.5376300000003
20110922,2003.22272
20110921,862.0938
20110920,1114.3106699999998
20110919,993.93049
20110916,1451.2493700000002
20110915,1461.13809
20110914,1118.25958
20110913,1018.7508399999999
20110912,1342.15844
20110909,822.20049
20110908,923.9591399999999
20110907,2176.9865
20110906,2926.9058
20110905,2461.02381
20110902,1509.2391599999999
20110830,2684.6559799999995
20110829,1395.5885700000001
20110826,1274.5586700000001
20110825,995.1648
20110824,2033.5465000000002
20110823,3468.27911
20110822,1632.64668
20110819,1758.8285
20110818,1909.9719999999998
20110817,3210.19209
20110816,1230.85854
20110812,1844.89712
20110811,1169.98164
20110810,1876.05572
20110809,2162.92113
20110808,2585.89296
20110805,2308.3777499999997
20110804,1162.5919999999999
20110803,1046.452
20110802,1105.69014
20110801,2329.60686
20110729,3597.7788499999997
20110728,1499.74225
20110727,1187.0597500000001
20110726,1450.38432
20110725,1966.6374
20110722,1975.4661
20110721,2515.4532000000004
20110720,2011.69896
20110719,4358.3612299999995
20110718,3569.24652
20110715,969.67248
20110714,2223.6446
20110713,2802.13395
20110712,1698.5901
20110711,2923.74025
20110708,1371.67825
20110707,2512.2993
20110706,2367.9139400000004
20110705,1662.6299999999999
20110704,2035.8595599999999
20110701,3024.8911
20110630,2239.88017
20110629,2959.4904999999994
20110628,2428.35432
20110627,2390.4883800000002
20110624,1122.6984100000002
20110623,701.064
20110622,784.4897500000001
20110621,1807.6666
20110620,1042.21251
20110617,907.4884
20110616,967.27692
20110615,882.94428
20110614,740.56224
20110613,1149.96546
20110610,711.1402200000001
20110609,967.7779199999999
20110608,3938.4902399999996
20110607,1925.13876
20110606,1351.9005399999999
20110603,1238.7843
20110602,798.2499600000001
20110601,1485.809
20110531,2229.968
20110530,939.0456300000001
20110527,979.1415599999999
20110526,1305.0903400000002
20110525,830.4349199999999
20110524,3145.7805000000003
20110523,1689.0703999999998
20110520,2041.6107599999998
20110519,1415.12294
20110518,1939.0574000000001
20110517,1310.16096
20110516,1360.04184
20110513,1552.26903
20110512,3771.29064
20110511,1638.12286
20110510,1792.30995
20110509,1384.55786
20110506,1834.86985
20110505,34351.07679
20110504,2254.3974900000003
20110503,3264.60318
20110502,1668.4296000000002
20110429,2520.0392
20110428,1403.1266400000002
20110427,1865.5326599999999
20110426,1844.0112
20110425,2582.22644
20110421,8568.27972
20110420,5226.9263200000005
20110419,4398.37554
20110418,6034.969549999999
20110415,3905.68608
20110413,2175.08732
20110411,2543.7663
20110408,2017.5464099999997
20110407,1719.94954
20110406,2498.5182400000003
20110405,2865.5053199999998
20110404,1828.355
20110401,2071.86552
20110331,3050.4392000000003
20110330,2528.7160000000003
20110329,2614.84562
20110328,2602.63443
20110325,3958.36
20110324,2800.296
20110323,1290.6169200000002
20110322,1316.8745600000002
20110321,1744.0296499999997
20110318,1319.2185600000003
20110317,3389.5382199999995
20110316,1623.52821
20110315,4782.23496
20110314,2749.4165000000003
20110311,2920.0547699999997
20110310,2997.26098
20110309,3458.01148
20110308,3024.19208
20110307,2273.55762
20110304,2273.1404300000004
20110303,4807.79964
20110301,3498.3039
20110228,2500.1411
20110225,2461.4683
20110224,1920.226
20110223,2370.08058
20110222,2510.11402
20110221,1682.2021599999998
20110218,5905.062019999999
20110217,3742.41678
20110216,1021.2444
20110215,2464.2702699999995
20110214,1494.1391800000001
20110211,1762.1056600000002
20110210,1834.8908099999999
20110209,1813.3229400000002
20110208,2337.10907
20110207,5458.46427
20110204,2577.4017599999997
20110203,1976.4993000000002
20110202,8904.85134
20110201,3151.2473299999997
20110131,3131.2255200000004
20110128,5343.82138
20110127,3658.5262000000002
20110125,6333.6768600000005
20110124,3097.8129599999997
20110121,2380.60728
20110120,2113.5217700000003
20110119,3158.23478
20110118,2950.0392
20110117,2804.2837499999996
20110114,6911.26492
20110113,4251.63662
20110112,3715.4015999999997
20110111,4822.1356
20110110,4982.0364
20110107,2080.75028
20110106,10124.19974
20110105,1683.8260200000002
20110104,2517.816
20110103,1875.65547
20101231,2479.4611199999995
20101230,1592.4183600000001
20101229,3705.01791
20101228,1373.7488
20101227,1237.1832
20101224,1017.0759899999999
20101223,1208.9756999999997
20101222,1429.9866200000001
20101221,1877.5669999999998
20101220,1045.76124
20101216,4365.647999999999
20101215,3127.9267800000002
20101214,1911.4509600000001
20101213,1957.0076999999999
20101210,5389.33824
20101209,4289.038149999999
20101208,2284.5388000000003
20101207,1320.59004
20101206,1484.5615
20101203,1542.7022
20101202,2905.66346
20101201,1598.77256
20101130,1529.48824
20101129,1031.39015
20101126,2272.05374
20101125,1131.1307
20101124,1381.00054
20101123,1794.08704
20101122,1601.5060799999999
20101119,1774.1282800000001
20101118,1553.52906
20101116,1570.9184
20101115,1978.5152
20101112,1660.49742
20101111,1075.6411
20101110,1729.7256
20101109,1906.9525500000002
20101108,830.9064000000001
20101105,315.79080000000005
20101104,1546.9607999999998
20101103,1091.94054
20101102,1583.5403999999999
20101101,1545.7038
20101029,1913.87262
20101028,4328.19317
20101027,1992.76334
20101026,1699.94556
20101025,2290.11618
20101022,1293.7717799999998
20101021,2769.47622
20101020,1870.4397399999998
20101019,3082.3914
20101018,1376.25488
20101015,1578.7594800000002
20101014,1939.1312
20101013,1947.85052
20101012,1237.4943500000002
20101011,2101.80054
20101008,2734.0452800000003
20101007,1842.4623
20101006,1460.6522599999998
20101005,9988.367839999999
20101004,1448.83726
20101001,2627.6957399999997
20100930,2268.41447
20100929,2361.5905500000003
20100928,2770.6175599999997
20100927,2465.28
20100924,6116.02458
20100923,1445.2746
20100922,3286.5184099999997
20100921,6333.236
20100920,2881.2696600000004
20100917,5280.0409
20100916,12675.059899999998
20100915,4960.101049999999
20100914,4817.6020499999995
20100913,2280.47509
20100909,6276.7815
20100908,715.3519800000001
20100907,995.97888
20100906,1533.0798399999999
20100903,702.78848
20100902,1050.1575
20100901,736.6924499999999
20100831,714.76506
20100830,1429.25553
20100827,1532.84376
20100826,1070.71016
20100825,1722.34071
20100824,2252.14752
20100823,926.3700000000001
20100820,1494.51579
20100819,2716.3095000000003
20100818,4504.148700000001
20100817,2367.33525
20100816,782.50053
20100813,2274.9974399999996
20100812,1484.6054399999998
20100811,1395.1925
20100810,1760.98752
20100809,1765.98228
20100806,793.52967
20100805,1405.94122
20100804,1633.1306399999999
20100803,1943.30052
20100802,2523.46752
20100730,2829.4535499999997
20100729,2912.33171
20100728,1969.4447
20100727,3102.5286499999997
20100726,972.46856
20100723,2085.44634
20100722,1448.27176
20100721,1122.4164700000001
20100720,3398.8580400000005
20100719,4446.74625
20100716,1477.82928
20100715,974.8098799999999
20100714,4089.7588499999997
20100713,2114.6259
20100712,3433.7758
20100709,7287.174440000001
20100708,1305.6433200000001
20100707,1385.5357999999999
20100706,1583.49675
20100705,1117.00445
20100702,1337.2392
20100701,971.09992
20100630,1979.6133599999996
20100629,3168.34062
20100628,1206.86592
20100625,2358.63252
20100624,1259.84865
20100623,1379.01008
20100622,1637.1501
20100621,3523.55454
20100618,2563.5930399999997
20100617,7162.074750000001
20100616,2336.85716
20100615,1854.1614
20100614,2362.74374
20100611,6848.7811
20100610,4646.0874
20100609,3352.96496
20100608,1430.3619999999999
20100607,2297.04792
20100604,825.38511
20100603,1270.18849
20100602,1116.03048
20100601,840.24168
20100531,650.30784
20100528,1738.5766999999998
20100527,2256.04062
20100526,931.6377600000001
20100525,1314.124
20100524,1659.0395199999998
20100521,2312.64726
20100520,1189.59528
20100519,1453.28072
20100518,1246.68495
20100517,1274.2928000000002
20100514,1043.46335
20100513,1960.72272
20100512,3460.31238
20100511,4970.67
20100510,2436.3856000000005
20100507,2507.57056
20100506,1620.47676
20100505,2023.01068
20100504,5297.99068
20100503,932.0728
20100430,2136.38648
20100429,2037.0379199999998
20100428,3121.248
20100427,1644.01848
20100426,3971.39282
20100423,1739.79144
20100422,3776.2361800000003
20100421,1102.91715
20100420,1566.29209
20100419,2210.1750700000002
20100416,1674.80936
20100415,2311.40154
20100413,1480.98483
20100412,1565.3498
20100409,1997.31744
20100408,1873.36656
20100407,1029.9958800000002
20100406,1163.64672
20100405,1477.07865
20100401,2932.6441
20100331,2498.2957499999998
20100330,3161.65592
20100329,3082.2200500000004
20100326,2900.93276
20100325,4315.56026
20100323,3326.2482
20100322,3991.37608
20100319,1520.5519000000002
20100318,980.03345
20100317,2014.13872
20100316,1632.20167
20100315,1058.5224
20100312,1721.17804
20100311,2739.0896399999997
20100310,2150.092
20100309,3546.8451200000004
20100308,1349.0124799999999
20100305,3260.24829
20100304,1671.54512
20100303,2074.6184
20100302,2021.4678399999998
20100226,1811.20042
20100225,1230.67675
20100224,943.8543999999999
20100223,1746.6813099999997
20100222,1509.6753
20100219,23182.8118
20100218,2676.44
20100217,2992.41144
20100216,1743.86608
20100215,1101.4376
20100211,2423.0751999999998
20100210,3532.2136
20100209,2037.2335
20100208,2117.54354
20100206,221.03805
20100205,1521.48538
20100204,3228.7
20100203,3005.42074
20100202,2987.85816
20100201,1516.8804
20100129,5561.0422499999995
20100128,3772.6712199999997
20100127,4507.58952
20100125,3186.71045
20100122,4827.43064
20100121,1721.1078499999999
20100120,2257.69731
20100119,6755.777459999999
20100118,7564.2715499999995
20100115,3997.5902
20100114,8300.48544
20100113,4952.69632
20100112,1832.4788
20100111,957.0875599999999
20100108,534.0969699999999
20100107,1369.4178
20100106,1075.73784
20100105,1240.98396
20100104,997.8397799999999
20091231,1023.36454
20091230,926.13684
20091229,1061.86257
20091224,912.0232800000001
20091223,2326.85037
20091222,2337.85062
20091221,2356.0806
20091218,1655.6478399999999
20091217,1442.1374400000002
20091216,4683.800109999999
20091215,3596.2208
20091214,1119.28115
20091211,2137.0344
20091210,5380.396000000001
20091209,3794.1126
20091208,4188.7405
20091207,1724.33238
20091204,1455.72756
20091203,1362.3604500000001
20091202,2684.4615000000003
20091201,2946.41874
20091130,4456.04688
20091127,3951.5677599999995
20091126,1034.6922299999999
20091125,3161.69109
20091124,1222.40748
20091123,3020.34256
20091120,1878.0792399999998
20091119,1049.64594
20091118,5441.2481
20091117,2321.2574
20091116,2183.1722099999997
20091113,1964.87538
20091112,2586.7628
20091111,3214.1730000000002
20091110,2658.86516
20091109,2955.11289
20091106,1305.52036
20091105,1806.0138599999998
20091104,1836.7634400000002
20091103,1469.36485
20091030,1772.56035
20091029,2576.75262
20091028,2061.24149
20091027,2514.0609999999997
20091026,794.18635
20091023,1068.4818
20091022,1522.07928
20091021,1701.31092
20091020,1675.3413600000001
20091017,455.01111999999995
20091016,2492.5771999999997
20091015,3298.9364100000003
20091014,5100.855460000001
20091012,1758.7073
20091009,1068.86
20091008,1737.0661
20091007,3034.8682
20091006,2215.5467099999996
20091005,1057.79364
20091001,1871.4043199999999
20090930,2358.98852
20090929,1590.5485199999998
20090925,2011.8328999999997
20090924,6741.004799999999
20090923,3436.6692000000003
20090922,1906.092
20090918,1402.5868999999998
20090917,1988.3964600000002
20090916,1573.53567
20090915,5647.03128
20090914,2994.01518
20090911,1263.33627
20090910,1972.32448
20090909,1882.09989
20090908,1502.70615
20090907,2114.48224
20090904,1450.2871200000002
20090903,1643.7999
20090902,914.62076
20090901,2463.07644
20090831,1756.0224
20090828,1329.20634
20090827,2189.508
20090826,2164.9619399999997
20090825,1505.41855
20090824,2127.399
20090821,1561.68325
20090820,1975.3372800000002
20090819,1618.7015800000001
20090818,3812.1196800000002
20090817,4054.28935
20090814,3193.64504
20090813,4350.808
20090812,3659.9757999999997
20090811,2010.19036
20090810,3026.2437400000003
20090807,3318.01059
20090806,3797.39788
20090805,3685.9221599999996
20090804,3244.89336
20090803,2246.6149
20090731,4109.86036
20090730,1980.0037599999998
20090729,2522.88102
20090728,2413.1067199999998
20090727,2124.71056
20090724,1696.54524
20090723,16785.01266
20090722,2643.9797999999996
20090721,2063.2032
20090720,2796.7580000000003
20090717,9738.99486
20090716,5418.27468
20090715,6692.16048
20090714,9879.62339
20090713,1382.7523600000002
20090710,1842.94592
20090709,1236.82887
20090708,1587.6207900000002
20090707,1395.3985799999998
20090706,4091.15823
20090703,2037.4051499999998
20090702,2284.96275
20090701,1421.7377999999999
20090630,3555.9260400000003
20090629,3805.3473400000003
20090626,1614.4066200000002
20090625,2256.392
20090624,3381.7277599999998
20090623,3143.19075
20090622,2358.01944
20090619,2346.7164
20090618,4686.11248
20090617,4466.42768
20090616,3092.21016
20090615,2061.3723800000002
20090612,4429.25548
20090611,5797.6854
20090610,4401.87525
20090609,1482.9976000000001
20090608,1590.77824
20090605,2413.98654
20090604,1906.3347199999998
20090603,2319.548
20090602,4063.0971999999997
20090601,1762.40037
20090529,3230.17335
20090528,8082.31875
20090527,15326.995809999999
20090526,3743.18902
20090525,1718.44618
20090522,2087.81756
20090521,3269.59398
20090520,5190.594
20090519,11107.334
20090518,36.20302
20090515,2626.5056999999997
20090514,3303.1600700000004
20090513,5972.3757000000005
20090512,4983.81309
20090511,2572.10564
20090508,247178.94815999997
20090507,1286.2625399999997
20090506,1822.8726
20090505,2555.1642599999996
20090504,4310.0676
20090429,5260.45581
20090428,6559.58328
20090427,3681.9327600000006
20090424,5898.13914
20090423,4329.2865600000005
20090422,2619.96048
20090421,4166.456639999999
20090420,3241.7145900000005
20090417,5954.97486
20090416,6568.518599999999
20090415,8789.170279999998
20090413,3111.16614
20090409,2355.4072
20090408,4223.76808
20090406,3055.1861
20090402,4025.2927600000003
20090401,3854.9449499999996
20090331,5465.9079
20090330,2613.96668
20090327,3060.0804
20090326,5009.67386
20090325,8078.02424
20090324,12904.62586
20090323,5309.46147
20090320,7434.974619999999
20090319,12914.969489999998
20090318,11184.25833
20090317,12784.34812
20090316,5875.92822
20090313,14302.042159999999
20090312,14959.432320000002
20090309,3684.03995
20090306,5389.425
20090305,6786.363240000001
20090304,4980.0392
20090303,4269.5835
20090302,4434.52002
20090227,2635.27024
20090226,3074.40456
20090225,1390.0892000000001
20090224,1838.98323
20090220,2675.9843
20090219,1820.6254600000002
20090218,3551.4497399999996
20090217,3843.68784
20090216,2930.2905
20090213,2965.8004
20090212,1889.1845400000002
20090211,2484.65124
20090210,3492.6585600000003
20090209,2543.0615599999996
20090206,2531.95056
20090205,2595.99648
20090204,2900.2637600000003
20090203,2819.5860000000002
20090202,3990.4491
20090130,1892.5761999999997
20090129,3337.4425499999998
20090128,1810.1986599999998
20090127,4064.1306600000003
20090123,4793.38192
20090122,3633.2538
20090121,4374.2298599999995
20090120,3053.3247
20090119,3042.9159799999998
20090116,2948.53284
20090115,7891.48305
20090114,12127.2795
20090113,4719.38454
20090112,6157.57275
20090109,6320.50666
20090107,7577.895779999999
20090106,6383.626199999999
20090105,3085.8873
20090102,3163.46232
20090101,1932.13664
20081231,3593.79363
20081230,5065.95083
20081229,4177.4097600000005
20081226,2937.9525
20081224,4032.69752
20081223,3100.8391699999997
20081222,3493.4281199999996
20081219,5766.13633
20081218,6562.75172
20081217,6469.8972
20081216,5026.28075
20081215,3279.93768
20081212,3712.2657
20081211,7589.0362000000005
20081210,6638.5728
20081208,7971.136
20081205,7303.34825
20081204,5596.16935
20081203,6299.538
20081202,4894.175
20081201,5650.8750900000005
20081128,4574.58906
20081126,6935.91545
20081125,4479.85188
20081124,5284.57797
20081121,9505.4196
20081120,7797.1005000000005
20081119,7424.35764
20081118,7889.689920000001
20081117,14695.5303
20081114,9766.6156
20081112,5656.58847
20081111,4688.4255
20081110,5355.6917
20081107,4769.78892
20081106,4327.8769999999995
20081105,5246.2346800000005
20081104,7992.2375999999995
20081103,9518.07237
20081031,7818.58098
20081029,4291.4045
20081028,735.06816
20081027,4030.09984
20081024,9059.55952
20081023,6101.01037
20081022,4127.64
20081021,3792.20239
20081020,5813.215840000001
20081017,6398.360099999999
20081016,7249.351199999999
20081015,4631.56075
20081014,13493.30065
20081013,6154.39275
20081010,22061.51208
20081008,6363.953399999999
20081007,14883.456599999998
20081006,5385.35316
20081003,4006.5423199999996
20081001,7639.99824
20080930,6581.92062
20080929,5683.29189
20080926,6061.59234
20080925,4072.0933499999996
20080924,4214.66826
20080923,3089.6525
20080922,3557.1048199999996
20080919,9987.4908
20080918,21325.568760000002
20080917,5233.67526
20080916,16390.41768
20080915,5719.9948
20080912,6418.90954
20080911,5403.10146
20080910,5500.02068
20080909,6351.5721
20080908,10463.7258
20080905,10996.400619999999
20080904,12044.20386
20080902,19043.77332
20080901,3283.04154
20080829,4851.64675
20080828,2712.60822
20080827,5238.708140000001
20080826,6233.567540000001
20080825,2957.1047
20080822,3735.5715
20080821,3324.67542
20080820,3314.51498
20080819,3557.74202
20080818,3877.3496
20080814,3216.6070999999997
20080813,7404.33843
20080812,5914.66389
20080811,7978.348070000001
20080808,7137.69456
20080807,9319.54968
20080806,16749.7994
20080805,6241.60906
20080804,3046.43283
20080801,10695.81438
20080731,2813.02252
20080730,3594.50175
20080729,12540.0525
20080728,7101.8814999999995
20080725,6968.58206
20080724,4295.17228
20080723,6377.47189
20080722,6624.31312
20080721,4072.61127
20080718,5735.181340000001
20080717,3284.9941599999997
20080716,3550.5373200000004
20080715,6911.8986
20080714,3063.05544
20080711,3839.6998200000003
20080710,3165.4996600000004
20080709,10979.1112
20080708,8443.039079999999
20080707,3359.8136999999997
20080704,2863.69164
20080703,5992.29342
20080702,4437.729299999999
20080701,1432.51826
20080630,1957.1957100000002
20080627,3710.2992799999997
20080626,2188.81272
20080625,3910.3536000000004
20080624,996.6696
20080623,3460.65174
20080620,2285.3774999999996
20080619,2156.696
20080618,5416.975600000001
20080617,6949.14462
20080616,1266.48129
20080613,1968.6408
20080612,2162.89683
20080611,1916.96945
20080610,7923.134580000001
20080609,1166.30976
20080606,1148.91292
20080605,2375.9089599999998
20080604,1407.06792
20080603,1203.94548
20080602,1676.95758
20080530,1067.9736599999999
20080529,1711.35225
20080528,1310.9518
20080527,2269.9899
20080526,1375.21783
20080523,2256.6495
20080522,3523.77088
20080521,4508.38249
20080520,1068.128
20080516,1484.54915
20080515,670.52553
20080514,2335.81434
20080513,1313.59645
20080512,1068.12325
20080509,2285.11444
20080508,930.68688
20080507,1121.3311800000001
20080506,944.9394000000001
20080505,1245.84075
20080502,1489.63617
20080430,1416.5184800000002
20080429,2847.2107
20080428,1650.12695
20080425,2432.49994
20080424,3921.67153
20080423,1762.78532
20080422,1932.1355700000001
20080421,1836.92415
20080417,5990.858
20080416,1396.66947
20080415,2391.10248
20080411,2216.81332
20080410,1324.79446
20080409,2355.99685
20080408,1335.8961000000002
20080407,1889.3413
20080404,3012.93844
20080403,1385.12058
20080402,2620.84628
20080401,1480.94902
20080331,3405.96228
20080328,2315.8815
20080327,3017.46276
20080326,6132.13904
20080325,3105.1214800000002
20080324,1413.17003
20080319,1814.65878
20080318,3734.0704799999994
20080317,2645.0907199999997
20080314,965.73997
20080313,1056.4695000000002
20080312,1202.41
20080311,2613.69345
20080310,1155.54123
20080307,2263.878
20080305,1173.74725
20080304,1747.2170999999998
20080303,1182.25386
20080229,1721.22366
20080228,2532.8204400000004
20080227,1091.3676
20080226,2076.90938
20080225,16710.939
20080222,1241.21386
20080221,974.4094500000001
20080220,770.29039
20080219,332.41748
20080218,519.56088
20080215,893.1178
20080214,1464.50478
20080213,989.53712
20080212,1787.16792
20080211,2135.10631
20080208,770.58556
20080207,25599.199679999998
20080206,3305.5677899999996
20080205,2112.00418
20080204,1868.74485
20080201,1449.3582000000001
20080131,790.89682
20080130,557.64576
20080129,8407.16715
20080128,1288.4742
20080125,2656.4230700000003
20080124,2487.3306000000002
20080123,3145.3331700000003
20080122,4391.95403
20080121,2416.74866
20080118,3231.31158
20080117,1917.39514
20080116,4641.86944
20080115,9963.353070000001
20080114,4952.49768
20080111,1374.74775
20080110,1904.815
20080109,4693.90446
20080108,4868.94147
20080107,1683.6670199999999
20080104,2062.37178
20080103,12833.96538
20080102,1157.4461999999999
20080101,267.61969
20071231,505.01266
20071228,748.42586
20071227,1305.3933
20071226,745.4724199999999
20071224,1024.63536
20071220,1899.0522399999998
20071219,932.1690499999999
20071218,1043.385
20071217,1795.7101199999997
20071214,1309.29792
20071213,1847.17928
20071212,4716.33426
20071211,1573.02972
20071210,3420.64383
20071207,1610.69225
20071206,1533.10318
20071205,2081.1533400000003
20071204,893.4219
20071203,1089.0477
20071130,2621.22124
20071129,2526.28959
20071128,2566.0894399999997
20071127,1518.88934
20071126,1301.8601
20071123,1596.1509200000003
20071122,1705.9927500000001
20071121,1842.0507599999999
20071120,1076.5240199999998
20071119,2615.0329599999995
20071116,2962.52462
20071115,1584.69964
20071114,4631.357
20071113,3414.25
20071112,1329.23476
20071109,255.42719
20071108,1638.11066
20071107,1319.9806400000002
20071106,593.53976
20071105,1585.68606
20071102,1745.0025600000001
20071101,1091.24998
20071031,964.6465000000001
20071030,2133.53384
20071029,1353.1091999999999
20071026,1081.35861
20071025,22743.312
20071024,2503.7642
20071023,1363.36896
20071022,1274.8663199999999
20071019,1776.46599
20071018,1810.5048000000002
20071017,4523.35158
20071016,1475.88345
20071015,2929.09316
20071012,1741.0719
20071011,2183.3370999999997
20071010,1346.9847
20071009,2906.42723
20071008,4452.96955
20071005,397.0877
20071004,807.8628099999999
20071003,1968.8216400000001
20071001,581.70852
20070928,1461.1373999999998
20070927,4106.2621500000005
20070926,2345.8755
20070925,1595.4720599999998
20070924,1350.3085500000002
20070921,851.68734
20070920,1643.05622
20070919,5828.284449999999
20070918,661.6582
20070917,531.45222
20070914,1169.7099799999999
20070913,877.8940399999999
20070912,246.63408
20070911,1645.3323
20070910,3700.4955299999997
20070907,988.58988
20070906,349.36736
20070905,990.1485000000001
20070904,1452.2950799999999
20070903,519.2798
20070831,1329.75624
20070830,3043.6102800000003
20070829,1632.35646
20070828,1055.29634
20070827,413.49784
20070824,709.1271
20070823,2773.63832
20070822,983.0921099999999
20070821,758.73897
20070820,1023.4244800000001
20070817,2326.1990399999995
20070816,5085.444640000001
20070814,430.7515000000001
20070813,606.98261
20070810,1730.34582
20070809,1186.00394
20070808,1540.8952
20070807,1281.23682
20070806,2235.4839
20070803,734.50098
20070802,1225.85344
20070801,2782.98811
20070731,2323.35252
20070730,1169.59292
20070727,2910.90549
20070726,2073.1183199999996
20070725,591.93756
20070724,1221.78516
20070723,1246.62396
20070720,1048.7232
20070719,1812.7008899999998
20070718,406.88287999999994
20070717,808.2503
20070716,1230.2695999999999
20070713,3824.26164
20070712,6291.5781799999995
20070711,1742.0387500000002
20070710,2648.38525
20070709,1166.5834
20070706,747.35328
20070705,2464.9514999999997
20070704,1119.97202
20070703,850.9885800000001
20070702,1346.71436
20070629,1305.76274
20070628,5851.6783000000005
20070627,498.219
20070626,1678.2966000000001
20070625,893.707
20070622,701.03701
20070621,1575.2789499999997
20070620,1089.7404
20070619,870.434
20070618,609.1841599999999
20070615,576.5096
20070614,1095.8278899999998
20070613,1618.0129299999999
20070612,682.02882
20070611,2353.3977600000003
20070608,1025.9711
20070607,995.8566199999999
20070606,1162.6276500000001
20070605,656.91615
20070604,1118.5997100000002
20070601,1426.4678400000003
20070531,2256.2356700000005
20070530,1854.3288
20070529,1395.548
20070528,2009.98
20070525,1474.57626
20070524,439.67825999999997
20070523,834.29007
20070522,1323.3103
20070521,2759.64071
20070518,6637.46538
20070517,3527.5431099999996
20070516,26451.86055
20070515,742.2479999999999
20070514,1115.33934
20070511,653.96624
20070510,1691.9659900000001
20070509,449.8778
20070508,3670.86764
20070507,7427.81859
20070504,1256.04372
20070503,982.72568
20070430,842.5942200000001
20070427,732.17164
20070426,1313.5430399999998
20070425,1951.58946
20070424,20559.351899999998
20070423,848.6136
20070420,5133.662
20070419,570.22643
20070418,716.4192
20070417,950.1386000000001
20070416,1164.9196
20070413,1023.37488
20070412,386.2137
20070411,1530.18856
20070410,1152.40104
20070409,5361.331840000001
20070405,916.67511
20070404,17574.82292
20070403,687.91099
20070402,2352.3955
20070330,3107.43404
20070329,20016.90957
20070328,959.8158
20070326,1377.6662999999999
20070323,1859.1860000000001
20070322,1882.6947
20070321,5572.50048
20070320,826.2950000000001
20070319,381.22344000000004
20070316,649.10192
20070315,1217.3749899999998
20070314,629.85348
20070313,1027.25692
20070312,765.72645
20070309,1032.2589400000002
20070308,793.3827
20070307,1296.8950499999999
20070306,1615.1758999999997
20070305,1336.39092
20070302,635.67852
20070301,2047.05336
20070228,2639.59714
20070227,6680.11589
20070226,864.2197199999999
20070223,1424.43012
20070222,27598.216940000002
20070221,843.57754
20070220,3488.16066
20070219,24030.64411
20070215,1497.7872
20070214,12300.03971
20070213,1001.0765599999999
20070212,664.4876
20070209,1315.8851999999997
20070208,1178.9500799999998
20070207,1069.5495999999998
20070206,726.00624
20070205,1063.0933599999998
20070202,3618.3993299999997
20070201,1683.4389599999997
20070131,4842.715990000001
20070129,690.7991000000001
20070125,2389.43628
20070124,440.15656000000007
20070123,1378.5741200000002
20070122,858.1585600000001
20070119,540.6885000000001
20070118,1359.6818
20070117,1206.71275
20070116,3098.165
20070115,4949.75869
20070112,2151.10802
20070111,3030.4347000000002
20070110,1064.5908
20070109,2045.2423999999999
20070108,778.57535
20070105,16088.962560000002
20070104,415.2811
20070103,482.7635
20070102,178.49106
20061229,637.64817
20061228,674.1925500000001
20061227,501.59227999999996
20061226,388.36216
20061222,765.20818
20061221,1290.16088
20061220,1746.3401099999999
20061219,3851.5604399999997
20061218,1117.5250999999998
20061215,1238.85132
20061214,654.70197
20061213,1737.46588
20061212,1636.8512
20061211,1417.45805
20061208,628.39542
20061207,677.80649
20061206,417.09994
20061205,1128.6831800000002
20061204,4628.41566
20061201,645.68826
20061130,1235.1803099999997
20061129,534.8372400000001
20061128,617.21328
20061127,445.2048
20061124,1495.15884
20061123,921.0987199999998
20061122,2365.21
20061121,2564.89816
20061120,2090.1784
20061117,1765.323
20061116,7143.009720000001
20061115,3287.1036000000004
20061114,2782.71097
20061113,2218.1328
20061110,2637.1468800000002
20061109,838.45125
20061108,1764.6762
20061107,882.53112
20061106,352.8917
20061103,404.50215000000003
20061102,670.8573299999999
20061101,1347.60585
20061031,1654.68926
20061030,965.85776
20061027,1138.67796
20061026,2838.8206
20061023,291.06176
20061021,137.1148
20061020,938.32836
20061019,1258.21752
20061018,2969.4571199999996
20061017,11849.239459999999
20061016,4594.4852
20061013,1515.19316
20061012,1615.14968
20061011,1564.11385
20061010,302.86819999999994
20061009,448.38989999999995
20061006,862.5926400000001
20061005,1466.67
20061004,1271.6809
20061003,604.55274
20060929,846.0329200000001
20060928,3358.0275399999996
20060927,1669.23072
20060926,947.7989399999999
20060925,1997.93439
20060922,731.28
20060921,652.12
20060920,749.34422
20060919,1217.08356
20060918,424.37005000000005
20060915,1194.65587
20060914,982.8492
20060913,1140.21765
20060912,1704.5594400000002
20060911,2209.79367
20060908,1679.0582399999998
20060907,2065.5959700000003
20060906,861.4825
20060905,308.5335
20060904,720.4648000000001
20060901,1370.01782
20060831,629.59542
20060830,239.28552000000002
20060829,9009.80199
20060828,365.99921
20060825,651.2841
20060824,476.70131999999995
20060823,998.5360200000001
20060822,639.73184
20060821,560.0810399999999
20060818,425.40246
20060817,3511.72782
20060816,2461.61377
20060814,326.73444
20060811,291.9818
20060810,956.43696
20060809,523.6938
20060808,492.84707999999995
20060807,9972.250940000002
20060804,431.93702
20060803,1068.73089
20060802,2976.0296399999997
20060801,999.78984
20060731,1457.81058
20060728,2275.76272
20060727,2042.9253
20060726,651.9636
20060725,1048.8240600000001
20060724,722.3858
20060721,608.93552
20060720,777.6170399999999
20060719,901.5574399999999
20060718,402.45128
20060717,1982.9147900000003
20060714,2420.3994000000002
20060713,652.1242400000001
20060712,657.5776999999999
20060711,401.21557999999993
20060710,275.16105
20060707,440.89758
20060706,6461.1820800000005
20060705,16553.2626
20060704,342.47205
20060703,1887.1106900000002
20060630,1645.1136
20060629,2415.51639
20060628,4796.60391
20060627,843.5277600000001
20060626,1399.6464
20060625,32.853
20060623,1266.45363
20060622,803.7580200000001
20060621,696.3710000000001
20060620,585.6203
20060619,456.8571
20060616,4106.43732
20060615,2640.4538000000002
20060614,2910.0474
20060613,946.5113799999999
20060612,718.3829400000001
20060609,1536.693
20060608,2794.8683400000004
20060607,442.60656
20060606,574.8672
20060605,343.10720000000003
20060602,1163.7260999999999
20060601,238.45917000000003
20060531,778.5339999999999
20060530,666.84816
20060529,885.29301
20060526,635.58492
20060525,1400.6163600000002
20060524,1404.0291200000001
20060523,1372.76196
20060522,2180.65494
20060519,1358.4841199999998
20060518,1048.125
20060517,661.71168
20060516,1935.1729200000002
20060515,1603.19368
20060512,843.0464
20060511,1461.7913400000002
20060510,4722.9973899999995
20060509,3699.8748799999994
20060508,19695.6421
20060505,1334.33692
20060504,1647.2646399999999
20060503,1075.32837
20060502,989.2271999999999
20060429,127.01042
20060428,6147.99984
20060427,1253.721
20060426,2905.7135099999996
20060425,6843.408850000001
20060424,1062.6200199999998
20060421,9755.324920000001
20060420,1146.4959000000001
20060419,1886.9296100000001
20060418,899.38704
20060417,1729.69782
20060413,640.5713999999999
20060412,496.89115999999996
20060410,238.47975
20060407,756.7170000000001
20060405,2237.007
20060404,2143.09328
20060403,895.9708
20060331,1382.2810200000001
20060330,833.3077499999999
20060329,2031.13232
20060328,1379.7267000000002
20060327,18671.0331
20060324,648.3584999999999
20060323,2286.58144
20060322,3507.8954899999994
20060321,7922.22222
20060320,1613.2214099999999
20060317,3407.1119999999996
20060316,1097.36712
20060314,1065.5526399999999
20060313,1147.31412
20060310,1594.39766
20060309,137257.4336
20060308,3917.2452300000004
20060307,600.18336
20060306,1914.6456
20060303,2624.30982
20060302,3447.36368
20060301,401.50333
20060228,1670.04834
20060227,1536.7085
20060224,1184.2593399999998
20060223,999.02885
20060222,1349.55402
20060221,1892.2886899999999
20060220,1293.80742
20060217,1149.0132
20060216,538.53635
20060215,493.68039
20060214,2309.5633000000003
20060213,671.46191
20060210,1395.9537
20060208,972.9798000000001
20060207,4246.07892
20060206,2321.20176
20060203,616.85064
20060202,1016.3307000000001
20060201,1190.87496
20060131,1024.69508
20060130,1041.05088
20060127,3737.96352
20060125,4227.78576
20060124,1323.59048
20060123,1435.46292
20060120,1555.0702999999999
20060119,1859.8612
20060118,1149.2859600000002
20060117,856.41048
20060116,663.13805
20060113,711.20939
20060112,802.1025
20060110,2734.94782
20060109,1296.7846200000001
20060106,3689.9562
20060105,1254.04136
20060104,1510.81242
20060103,335.13456
20060102,446.18252
20051230,406.94579999999996
20051229,464.02815
20051228,1069.57942
20051227,700.23884
20051226,638.0985000000001
20051223,632.25216
20051222,1447.44005
20051221,1290.18912
20051220,5499.745510000001
20051219,1128.677
20051216,1991.9879100000003
20051215,986.8474800000001
20051214,3241.03142
20051213,2757.0009200000004
20051212,762.50174
20051209,207.08336
20051208,715.7673
20051207,556.506
20051206,355.56090000000006
20051205,225.53894999999997
20051202,1574.8677
20051201,511.59654
20051130,1160.1684
20051129,510.7544000000001
20051128,583.72818
20051126,198.59028
20051125,886.6384999999999
20051124,1361.9418899999998
20051123,618.57768
20051122,1469.05416
20051121,1011.68928
20051118,761.76893
20051117,1504.51515
20051116,2139.40665
20051114,3377.6306400000003
20051111,8413.2593
20051110,5338.716600000001
20051109,3294.46686
20051108,2615.82378
20051107,105651.67599
20051102,1203.51566
20051101,144.55134
20051031,573.81318
20051028,432.3858000000001
20051027,1649.8293800000001
20051026,756.69584
20051025,772.7247
20051024,1050.29418
20051021,631.95
20051020,921.7353599999999
20051019,535.82364
20051018,2121.5095
20051017,1115.33098
20051014,543.8731200000001
20051013,438.89014
20051011,416.28366000000005
20051010,835.82982
20051007,1261.1886299999999
20051006,1444.0479599999999
20051005,1720.70874
20051004,2370.709
20051003,729.7643999999999
20050930,721.43922
20050929,1853.27765
20050928,1773.32586
20050927,699.9084
20050926,993.91701
20050923,952.3058000000001
20050922,715.7617499999999
20050921,1498.98216
20050920,1337.3262
20050919,693.8152200000001
20050916,479.43731999999994
20050915,814.66352
20050914,1223.03535
20050913,659.47014
20050912,545.6459
20050909,847.35414
20050908,465.83371999999997
20050906,88.6744
20050905,101.09472000000001
20050902,526.5729
20050901,319.01689999999996
20050831,156.1077
20050830,392.65312
20050829,712.1314199999999
20050826,1571.31135
20050825,671.90692
20050824,1983.8219400000003
20050823,387.47148
20050822,391.13344
20050819,171.38319
20050818,457.00106000000005
20050817,848.95344
20050816,458.76404
20050812,451.81513
20050811,2749.85424
20050810,1101.5719
20050809,493.54424000000006
20050808,2032.27512
20050805,605.1013999999999
20050804,392.32756
20050803,11601.553859999998
20050802,501.28563
20050801,743.6587999999999
20050729,4507.9784500000005
20050727,980.91084
20050726,1219.9742099999999
20050725,5856.76008
20050722,898.37964
20050721,170.42718000000002
20050720,643.78557
20050719,525.596
20050718,2334.9676
20050715,925.19532
20050714,7990.184160000001
20050713,821.9969999999998
20050712,937.6865399999999
20050711,579.72975
20050708,2793.0483400000003
20050707,3894.5027999999998
20050706,3651.2599999999998
20050705,2922.4776
20050704,1059.83006
20050701,3330.11385
20050630,136401.45584
20050629,2770.54971
20050628,3355.46497
20050627,522.70434
20050624,334.68791999999996
20050623,841.68105
20050622,474.49603999999994
20050621,546.5342400000001
20050620,148.18890000000002
20050617,428.67468
20050616,15593.827319999999
20050615,607.1632
20050614,1277.5779
20050613,186.48
20050610,400.50636000000003
20050609,183.80928
20050608,939.7063999999999
20050607,946.8252
20050606,288.47477000000003
20050604,29.690340000000003
20050603,3302.54292
20050602,188.51648
20050601,57.35418
20050531,1873.08894
20050530,155.30372
20050527,282.22272
20050526,1258.68114
20050525,274.51204000000007
20050524,136.19851
20050523,116.6467
20050520,105.6275
20050519,510.72312
20050518,758.8773
20050517,90.97352
20050516,387.09642
20050513,363.20070000000004
20050512,872.52507
20050511,421.773
20050510,217.05083999999997
20050509,724.0452
20050506,147.54654
20050505,520.0187999999999
20050504,173.23026000000002
20050503,1475.52948
20050502,260.21268000000003
20050429,218.96850000000003
20050428,131.72652
20050427,122.12096000000001
20050426,194.11245
20050425,316.90646000000004
20050422,191.37366
20050421,393.55074
20050420,385.76784999999995
20050419,1299.47272
20050418,2178.3522000000003
20050415,650.00425
20050413,1645.61796
20050412,371.39115999999996
20050411,2139.5392
20050408,4188.77987
20050407,211.68
20050406,226.74553999999998
20050405,277.39712
20050404,304.66752
20050401,281.01285
20050331,264.9751
20050330,555.03324
20050329,219.91584
20050328,127.44575999999998
20050324,1120.4502
20050323,1128.57776
20050322,654.68832
20050321,383.19232000000005
20050318,776.43956
20050317,3899.9962
20050316,427.90668999999997
20050315,138.13146
20050314,374.4376
20050311,486.52556
20050310,113444.75445000001
20050309,804.4530999999998
20050308,1140.0054699999998
20050307,1401.74153
20050304,1341.4338000000002
20050303,713.87313
20050302,462.86771999999996
20050301,963.10518
20050228,1826.2883800000002
20050225,257.0765
20050224,1669.3552000000002
20050223,4090.4227399999995
20050222,444.09346
20050221,407.01472000000007
20050218,1366.50248
20050217,242.28484
20050216,2249.37801
20050215,535.8970999999999
20050214,361.85856
20050211,594.74992
20050210,514.43586
20050209,1410.14918
20050208,383.2758
20050207,384.60400000000004
20050204,888.8488700000001
20050203,640.6347999999999
20050202,377.88264
20050201,737.53946
20050131,1996.65713
20050128,1491.5521499999998
20050127,3295.4648399999996
20050125,3560.3929000000003
20050124,1240.7813999999998
20050120,1896.94176
20050119,510.15265000000005
20050118,394.51408000000004
20050117,1089.2244
20050114,723.73554
20050113,1181.7701499999998
20050112,239.22912000000002
20050111,213.24901
20050110,1658.6097
20050107,399.7717
20050106,932.1312
20050105,761.6511
20050104,552.17065
20050103,192.35593
20041231,156.04904
20041230,276.95008
20041229,260.42648
20041228,586.208
20041227,284.84819999999996
20041224,600.29175
20041223,187.8912
20041222,1204.2820800000002
20041221,532.8378
20041220,1083.7164
20041217,726.20708
20041216,616.2173600000001
20041215,287.82
20041214,713.30545
20041213,2964.8049600000004
20041210,696.02256
20041209,1332.40222
20041208,395.51428
20041207,1398.88368
20041206,970.8771499999999
20041203,2174.5579799999996
20041202,965.7244
20041201,856.41992
20041130,415.0293
20041129,917.5535
20041125,695.8834800000001
20041124,228.18688
20041123,423.22605
20041122,727.6095200000001
20041119,2042.52226
20041118,1242.6122
20041117,1273.21536
20041116,920.68845
20041112,51.345439999999996
20041111,476.50235
20041110,1308.50029
20041109,1169.93508
20041108,1118.1273999999999
20041105,310.10157000000004
20041104,430.21846
20041103,998.81727
20041102,4768.60755
20041101,774.07528
20041029,1452.98636
20041028,2022.4617
20041027,1208.4379999999999
20041026,193.59879999999998
20041025,597.2544899999999
20041021,343.84704
20041020,342.7264
20041019,881.52378
20041018,264.89648
20041015,763.2523600000001
20041014,233.39449000000002
20041012,165.93649
20041011,750.45946
20041009,27.1444
20041008,454.9901
20041007,796.58766
20041006,630.5000799999999
20041005,652.3631
20041004,1176.41122
20041001,1160.34646
20040930,427.04628
20040929,730.0038999999999
20040928,1950.99446
20040927,772.2312
20040924,2907.0045999999998
20040923,622.97754
20040922,1257.55266
20040921,1425.92745
20040920,1355.7915
20040917,1475.30672
20040916,614.754
20040915,1304.0912
20040914,677.7579900000001
20040913,588.77504
20040910,1103.0221900000001
20040909,3148.1967600000003
20040908,2914.15432
20040907,525.54208
20040906,327.57941999999997
20040903,130.72625
20040902,100.19375000000001
20040901,174.32453
20040831,46.308099999999996
20040830,57.31776
20040827,79.23711999999999
20040826,342.43496000000005
20040825,306.87257999999997
20040824,216.2472
20040823,87.85184
20040820,47.85599
20040819,67.6648
20040818,1453.2031800000002
20040817,92.34326
20040816,129.23102
20040813,465.50204
20040812,58.2705
20040811,232.57564000000002
20040810,299.59474
20040809,8250.00748
20040806,251.20574
20040805,266.3647
20040804,646.67936
20040803,643.7574
20040802,241.26912
20040730,353.78512
20040729,516.403
20040728,392.63874999999996
20040727,2038.6349
20040726,213.96313999999998
20040723,304.4883
20040722,494.21781
20040721,1005.6650999999999
20040720,296.39571
20040719,112.55389
20040716,667.5817599999999
20040715,4029.5840300000004
20040714,230.27576
20040713,745.8408
20040712,87.44316
20040709,132.21284
20040708,624.5839599999999
20040707,333.51538999999997
20040706,163.89702
20040705,1672.76682
20040702,1543.1507600000002
20040701,296.80879999999996
20040630,206.8638
20040629,542.95384
20040628,1779.3633
20040625,2646.4347
20040624,930.1531200000002
20040623,306.53557
20040622,682.2378600000001
20040621,239.9364
20040618,287.13552
20040617,569.0643600000001
20040616,736.90405
20040615,397.8165
20040614,2635.5224
20040611,348.08384
20040610,3870.30726
20040609,246.09727999999998
20040608,244.39903999999999
20040607,180.02192
20040604,158.51745
20040603,192.26526
20040602,299.30404000000004
20040601,359.85978
20040531,401.89191999999997
20040528,349.2702
20040527,229.96566
20040526,520.4456
20040525,212.05904
20040524,205.10618999999997
20040521,209.4012
20040520,252.19047999999998
20040519,513.5623300000001
20040518,1243.55294
20040517,559.1552499999999
20040514,317.88323
20040513,406.76804999999996
20040512,254.42919
20040511,3012.87352
20040510,261.81363
20040507,267.834
20040506,386.27008
20040505,424.27272
20040504,2557.1140499999997
20040503,149.776
20040430,102.08415000000001
20040429,117.43504
20040428,200.75312
20040427,408.00276
20040423,374.59353000000004
20040422,160.1786
20040421,542.4819
20040420,381.906
20040419,1492.0732
20040417,399.5041
20040416,1441.67364
20040415,539.2332
20040413,195.18380000000002
20040412,245.24193
20040408,1734.66
20040407,271.09655999999995
20040406,246.60405
20040405,837.04575
20040402,525.08848
20040401,676.8958
20040331,330.86732000000006
20040330,272.15484000000004
20040329,223.24236000000002
20040326,865.36416
20040325,717.5616
20040324,213.0163
20040323,253.13624000000002
20040322,287.32860000000005
20040319,156.72384
20040318,119.12519999999999
20040317,518.40004
20040316,665.3584
20040315,465.00250000000005
20040312,800.89992
20040311,416.00519999999995
20040310,310.21965
20040309,201.22672
20040308,555.19076
20040305,312.27279
20040304,356.00836
20040303,1383.5901000000001
20040301,928.45254
20040227,648.12874
20040226,479.85652
20040225,292.8015
20040224,329.30954
20040223,255.88991999999996
20040220,787.8758399999999
20040219,644.80455
20040218,385.89852
20040217,1163.1571999999999
20040216,272.55735
20040213,554.4219899999999
20040212,1112.60303
20040211,616.7495299999999
20040210,1103.76036
20040209,619.7447999999999
20040206,1399.11592
20040205,944.8747000000001
20040204,460.27296
20040203,1308.2470799999999
20040130,771.53622
20040129,376.96155000000005
20040128,1183.46541
20040127,495.33904000000007
20040123,575.3614200000001
20040122,1089.0208800000003
20040121,738.90826
20040120,1722.08406
20040119,4845.6786
20040116,2957.23781
20040115,4121.36578
20040114,2126.4497300000003
20040113,620.2138799999999
20040112,1119.53026
20040109,2107.9122899999998
20040108,1281.8320800000001
20040107,1031.91144
20040106,806.94925
20040105,703.87741
20040102,688.0746399999999
20040101,270.25934
20031231,295.5796
20031230,377.56068
20031229,621.80662
20031226,249.0354
20031224,486.98475
20031223,397.4376
20031222,211.47287999999998
20031219,388.40385999999995
20031218,304.74986
20031217,338.73222
20031216,328.4112
20031215,248.26047999999997
20031212,2079.08018
20031211,1540.73798
20031210,987.56592
20031209,375.57072
20031208,348.52798
20031205,487.40847
20031204,8791.40676
20031203,1618.06519
20031202,703.97328
20031201,1662.5787199999997
20031128,543.1600900000001
20031127,488.433
20031125,559.9719
20031124,323.51577
20031121,334.21409
20031120,142.53645
20031119,1070.8308
20031118,83.59778999999999
20031117,237.38435000000004
20031115,39.85212
20031114,285.69192
20031113,208.52676
20031112,354.88674999999995
20031111,530.544
20031110,597.576
20031107,605.9956
20031106,454.20417
20031105,284.38644
20031104,360.954
20031103,710.2556999999999
20031031,571.02705
20031030,553.93296
20031029,616.07243
20031028,670.64067
20031027,244.71678
20031025,74.7552
20031024,209.21375
20031023,177.01635
20031022,283.71903
20031021,301.05768
20031020,802.86374
20031017,1524.255
20031016,7361.053549999999
20031015,474.2352
20031014,965.6185199999999
20031013,1022.5593
20031010,1592.5867999999998
20031009,540.43686
20031008,459.18345
20031007,1068.6325
20031006,987.21933
20031003,875.48404
20031001,496.97613
20030930,881.98125
20030929,961.7117200000001
20030926,264.01297999999997
20030925,228.80493000000004
20030924,121.02453000000001
20030923,160.34216
20030922,185.19907999999998
20030919,112.81819999999999
20030918,382.5654
20030917,745.8823
20030916,255.73977
20030915,173.05081
20030912,616.1875200000001
20030911,243.05184000000003
20030910,283.78333
20030909,359.43179999999995
20030908,155.15144999999998
20030905,335.66407000000004
20030904,1269.62921
20030903,703.23727
20030902,124.78098
20030901,549.65861
20030829,524.34
20030828,357.89182
20030827,367.4988
20030826,94.4384
20030825,317.65458
20030822,191.6865
20030821,233.6517
20030820,215.70929999999998
20030819,220.91902
20030818,184.32145999999997
20030814,299.9395
20030813,591.00684
20030812,69.74441999999999
20030811,68.82668
20030808,646.46208
20030807,141.81498000000002
20030806,324.44386999999995
20030805,1325.7756
20030804,135.78771
20030801,1758.34184
20030731,280.74060000000003
20030730,443.0958
20030729,602.21182
20030728,171.69795
20030725,226.09685
20030724,379.07795999999996
20030723,7150.3288999999995
20030722,99.94842
20030721,216.69386999999998
20030718,127.48408000000002
20030717,239.34665999999999
20030716,337.99327999999997
20030715,409.15621999999996
20030714,566.62914
20030711,497.67424
20030710,96.59316999999999
20030709,684.53418
20030708,1711.86032
20030707,281.61819
20030704,398.52865
20030703,9389.16528
20030702,396.12468
20030701,426.95091
20030630,389.324
20030627,224.97238
20030626,674.8344
20030625,275.0209
20030624,1359.85125
20030623,1117.05216
20030620,398.42158
20030619,206.90547
20030618,88.28779999999999
20030617,410.7362
20030616,133.91750000000002
20030613,743.2810000000001
20030612,131.97074
20030611,203.476
20030610,77.05678
20030609,242.31409999999997
20030606,510.49035
20030605,361.50795
20030604,271.25224000000003
20030603,292.11105000000003
20030602,73.52979
20030530,254.95544
20030529,161.45819999999998
20030528,3944.3787
20030527,44.13348
20030526,2684.63682
20030523,34.30148
20030522,66.78671
20030521,115.05842
20030520,238.00689
20030519,152.48961
20030516,128.24176
20030515,54.60864
20030514,14.95352
20030513,60.53866
20030512,154.01858000000001
20030509,30.00228
20030508,70.32311999999999
20030507,814.806
20030506,447.55465000000004
20030505,1008.6206500000001
20030502,959.34666
20030430,544.26215
20030429,229.57435999999998
20030428,24.101599999999998
20030425,67.28319
20030424,36.28917
20030423,24.58302
20030422,135.19219999999999
20030421,145.91232
20030417,191.0955
20030416,50.024519999999995
20030415,1142.9030400000001
20030411,187.23132
20030410,113.72036
20030409,30.85578
20030408,638.9244
20030407,170.08128
20030404,50.301840000000006
20030403,3279.17502
20030402,352.05555
20030401,8.4527
20030331,79.84496
20030328,69.9864
20030327,23.565360000000002
20030326,429.4955
20030325,36.44157
20030324,245.76512000000002
20030322,20.54928
20030321,41.5522
20030320,809.37376
20030319,191.2452
20030317,1007.68365
20030313,3384.1828
20030312,31.927680000000002
20030311,395.50896
20030310,192.0264
20030307,1055.4691500000001
20030306,184.25532
20030305,34.962979999999995
20030304,661.83104
20030303,57.73653
20030228,39624.66684
20030227,55.149339999999995
20030226,62.7264
20030225,20.10156
20030224,42.07665
20030221,70.45272
20030220,164.02452000000002
20030219,653.1126399999999
20030218,86.29775
20030217,45.63072
20030214,739.9272599999999
20030212,245.15328
20030211,180.50256
20030210,81.0844
20030207,512.897
20030206,102.75889000000001
20030205,73.08312000000001
20030204,468.5336
20030203,405.81881999999996
20030131,307.30208
20030130,131.20655
20030129,72.18968
20030128,361.65924
20030127,145.02069
20030124,346.05557999999996
20030123,331.20692
20030122,693.34104
20030121,141.31259999999997
20030120,167.42056
20030117,145.46235
20030116,73.32571999999999
20030115,157.49188
20030114,53.860800000000005
20030113,55.24778
20030110,136.87181
20030109,320.9707
20030108,111.93676
20030107,243.13968
20030106,42.09658
20030103,50.67552
20030102,66.25083
20030101,31.001360000000002
20021231,223.96894
20021230,132.74016
20021227,181.2049
20021226,74.596
20021224,53.9648
20021223,107.34528
20021220,183.23334
20021219,308.69874000000004
20021218,319.86967999999996
20021217,309.08203999999995
20021216,474.58117999999996
20021213,1145.04705
20021212,734.59017
20021211,101.76480000000001
20021210,113.06099999999999
20021209,112.13972
20021206,872.7823800000001
20021205,28.529699999999995
20021204,239.55919999999998
20021203,435.49281999999994
20021202,283.30722
20021129,247.79704
20021128,351.89609
20021127,215.68800000000002
20021126,197.8402
20021125,915.3143600000001
20021122,155.7414
20021121,132.10042
20021120,35.373000000000005
20021118,170.754
20021115,228.37815
20021114,177.963
20021113,155.48687999999999
20021112,17.720499999999998
20021111,49.10804999999999
20021108,60.78656
20021107,69.88919
20021105,47.337
20021104,23.3172
20021101,560.0915100000001
20021031,113.34728
20021030,219.2088
20021029,410.6498399999999
20021028,152.8478
20021025,233.988
20021024,191.02363
20021023,225.68045999999998
20021022,185.52168
20021021,1131.74406
20021018,218.95333000000002
20021017,1222.3648
20021016,257.93488
20021014,1001.7677600000001
20021011,55.622879999999995
20021010,324.512
20021009,249.691
20021008,141.00565
20021007,164.34563
20021004,214.19125
20021003,245.75099999999998
20021001,138.48804
20020930,211.34802
20020927,813.4651500000001
20020926,12.97209
20020925,126.08121
20020924,56.87886
20020923,303.892
20020920,29.141399999999997
20020919,37.40758
20020918,115.5708
20020917,138.90375999999998
20020916,27.54936
20020913,51.35796
20020912,30.815399999999997
20020911,45.2968
20020909,23.21136
20020906,36.316159999999996
20020905,42.774879999999996
20020904,46.64233
20020903,38.679249999999996
20020902,27.267500000000002
20020830,36.74125
20020829,18.41292
20020828,17.15675
20020827,24.87746
20020826,44.044
20020823,144.8356
20020822,93.09506
20020821,302.75208
20020820,82.14547999999999
20020819,34.859179999999995
20020816,71.57329999999999
20020814,32.45116
20020813,144.92656
20020812,90.25344000000001
20020809,126.66456000000001
20020808,335.55368000000004
20020807,121.32090000000001
20020806,56.95719999999999
20020805,5349.73824
20020802,18.9216
20020801,277.88985
20020731,48.1985
20020730,123.16850000000001
20020729,37.02566
20020726,3625.79889
20020725,37.44934
20020724,3364.2773999999995
20020723,28777.201699999998
20020722,387.93862
20020719,78.9435
20020718,48.44034
20020717,54.626400000000004
20020716,71.7765
20020715,31.9137
20020712,348.87996000000004
20020711,56.93652
20020710,46.04925
20020709,367.19271999999995
20020708,64.69726
20020705,72.78714000000001
20020704,188.03904
20020703,41.91248
20020702,171.4271
20020701,191.8021
20020628,367.98098
20020627,235.23508
20020626,12.92224
20020625,70.93899
20020624,272.61615
20020621,56.576
20020620,121.85712000000001
20020619,72.57198
20020618,101.4251
20020617,369.04868
20020614,72.68352
20020613,219.4326
20020612,33.93291
20020611,61.806239999999995
20020610,35.235530000000004
20020607,524.22271
20020606,310.27230000000003
20020605,346.55595
20020604,48.09147
20020603,103.37235
20020531,557.79622
20020530,43.04565
20020529,736.4628
20020528,62.830740000000006
20020527,35.061620000000005
20020524,194.9753
20020523,63.885090000000005
20020522,153.21202
20020521,113.57796
20020520,85.42276
20020517,66.02025
20020516,387.18885
20020515,769.9355300000001
20020514,37.8454
20020513,73.35456
20020510,241.00552
20020509,260.47679999999997
20020508,144.72755999999998
20020507,116.64587
20020506,228.67824
20020503,405.3835
20020502,358.28860000000003
20020430,175.66615000000002
20020429,415.62904
20020426,141.95342
20020425,65.02433
20020424,26.607680000000002
20020423,71.91768
20020422,517.81704
20020419,176.48114999999999
20020418,112.0451
20020417,57.141000000000005
20020416,185.02614
20020415,1066.33449
20020412,127.75350000000002
20020411,543.36204
20020410,181.49120000000002
20020409,21.8592
20020408,298.095
20020405,267.71441000000004
20020404,236.24832
20020403,178.57398
20020402,28.64174
20020401,76.34705000000001
20020328,69.07518
20020327,230.01472
20020326,81.10848
20020322,140.41255999999998
20020321,131.78972
20020320,190.12084000000002
20020319,146.86144000000002
20020318,154.13266
20020315,104.44616
20020314,178.56529999999998
20020313,469.41191
20020312,167.93720000000002
20020311,91.75005
20020308,525.4576500000001
20020307,186.21904
20020306,277.31726000000003
20020305,336.24528
20020304,135.69237
20020301,147.19424999999998
20020228,518.375
20020227,154.27212
20020226,302.44579
20020225,189.912
20020222,233.3619
20020221,70.78044000000001
20020220,66.23616
20020219,277.03155999999996
20020218,542.0455
20020215,232.65395999999998
20020214,41.06995
20020213,36.73887
20020212,63.331199999999995
20020211,41.04984
20020208,369.70617000000004
20020207,93.80532
20020206,397.257
20020205,424.67744000000005
20020204,157.30826
20020201,28.50632
20020131,154.56348
20020130,279.705
20020129,47.406699999999994
20020128,9.88612
20020125,42.1911
20020124,60.472500000000004
20020123,172.56044
20020122,165.12474000000003
20020121,145.89522
20020118,113.76744000000001
20020117,58.3704
20020116,193.33709
20020115,791.7194999999999
20020114,382.01397
20020111,281.952
20020110,283.41983999999997
20020109,299.4976
20020108,79.28244000000001
20020107,148.51248
20020104,133.81992
20020103,50.69142
20020102,190.05087999999998
20020101,39.33444
20011231,43.93848
20011228,61.39023
20011227,117.22488
20011226,128.50979999999998
20011224,37.109019999999994
20011221,226.67327999999998
20011220,184.57845
20011219,207.1224
20011218,241.81593999999998
20011214,147.37452
20011213,66.21221
20011212,665.0020499999999
20011211,445.50725
20011210,233.50563000000002
20011207,472.44813000000005
20011206,760.57696
20011205,168.96564
20011204,132.85936
20011203,609.16008
20011129,691.97232
20011128,822.9652
20011127,5958.80412
20011126,110.62146
20011123,196.185
20011122,761.18736
20011121,469.40328
20011120,117.12635999999999
20011119,653.2308
20011115,384.87064
20011114,31.73064
20011113,140.68912
20011112,364.79663999999997
20011109,556.8888
20011108,108.9036
20011107,239.15433
20011106,343.02304
20011105,261.54449999999997
20011102,620.25376
20011101,441.37296
20011031,272.48900000000003
20011030,451.96081000000004
20011029,1407.5929600000002
20011025,479.58176000000003
20011024,140.27903999999998
20011023,288.18366
20011022,395.14458
20011019,146.85252
20011018,145.78777000000002
20011017,2075.46306
20011016,29.31828
20011015,6880.14424
20011012,365.64534000000003
20011011,151.43469
20011010,25.22536
20011009,34.39421
20011008,101.18339
20011005,637.64502
20011004,578.33874
20011003,188.32775999999998
20011001,365.28576
20010928,137.95132
20010927,128.61347999999998
20010926,254.09288
20010925,83.80558
20010924,303.28847999999994
20010921,165.168
20010920,196.2259
20010919,189.40138
20010918,162.56492
20010917,411.23235999999997
20010914,340.22935
20010913,120.52284
20010912,129.99284999999998
20010911,19.05097
20010910,18.309919999999998
20010907,15.9984
20010906,197.96869999999998
20010905,230.38766
20010904,78.52245
20010903,26.0097
20010831,92.49186
20010830,126.29818000000002
20010829,262.8584
20010828,29.92572
20010827,258.07758
20010824,26.23038
20010823,36.43794
20010821,150.49216
20010820,37.9542
20010817,486.61692000000005
20010816,332.28
20010814,77.56786000000001
20010813,69.71139
20010810,51.1776
20010809,61.27548
20010808,128.70185999999998
20010807,361.77332
20010806,85.49924
20010803,81.06266000000001
20010802,25.03535
20010801,217.39979
20010731,206.15538
20010730,98.59678000000001
20010727,150.8904
20010726,164.38275
20010725,167.13945999999999
20010724,173.9745
20010723,0.0173
20010720,88.98453
20010719,94.50571000000001
20010718,194.56548
20010717,1561.5514799999999
20010716,42.5247
20010713,71.52448000000001
20010712,87.50131999999999
20010711,14.65941
20010710,21.8048
20010709,46.59736
20010706,37.2855
20010705,198.24525
20010704,208.57079
20010703,196.43148000000002
20010702,17.16235
20010629,122.6024
20010628,54.86965000000001
20010627,56.263250000000006
20010626,742.8759
20010625,74.303
20010622,295.3998
20010622,20.22
20010621,317.73465
20010620,444.47242000000006
20010619,1188.75288
20010618,349.57566
20010615,431.41729
20010614,187.06400000000002
20010613,192.26592000000002
20010612,176.843
20010611,172.81734
20010608,213.43958999999998
20010607,269.19809999999995
20010606,105.91378999999999
20010605,157.0644
20010604,149.86800000000002
20010601,312.13012000000003
20010531,254.1019
20010531,345.47922
20010530,705.6466
20010529,479.92755
20010528,224.29407
20010525,384.60604
20010524,74.98974000000001
20010523,150.83952
20010522,443.39944
20010521,893.1325800000001
20010518,122.24600999999998
20010517,365.82919999999996
20010516,318.5925
20010515,162.04672000000002
20010514,173.97303
20010511,220.83595
20010510,314.21819
20010510,0.17400000000000002
20010509,187.1648
20010508,142.94496
20010507,184.62504
20010504,188.42256
20010504,0.373
20010503,128.8137
20010502,84.47646
20010430,120.1644
20010427,213.29161
20010426,36.13392
20010425,27.460160000000002
20010424,152.30292
20010423,114.74249999999999
20010423,0.342
20010420,160.39875
20010419,597.2302599999999
20010418,144.14588
20010417,231.6951
20010416,303.63745
20010412,491.93854000000005
20010411,258.28236
20010410,241.70561999999995
20010409,162.1755
20010406,160.34298
20010404,76.97544
20010403,938.39818
20010402,256.9905
20010330,283.11658
20010329,359.5156
20010328,69.73482
20010327,82.89972
20010326,49.04324999999999
20010326,0.758
20010323,386.57478999999995
20010322,441.18738
20010321,423.50499
20010320,222.89813999999998
20010320,0.01685
20010319,105.51055
20010316,466.89412
20010315,465.62744
20010314,678.1936
20010314,0.369
20010313,1079.3824
20010312,370.48749000000004
20010309,418.644
20010308,298.7199
20010307,444.73259999999993
20010305,560.7773199999999
20010302,1332.5802
20010301,1575.7046100000002
20010228,1650.13545
20010227,282.17282
20010226,242.69544000000002
20010223,801.34028
20010222,766.8343199999999
20010221,1014.89133
20010220,476.9622
20010219,670.5643200000001
20010216,806.3394099999999
20010215,272.48807
20010214,906.3924000000001
20010213,621.39779
20010212,899.7166599999999
20010209,2574.7927
20010208,604.936
20010208,0.794
20010207,540.17224
20010206,446.58438000000007
20010205,2508.2848400000003
20010205,0.51
20010202,519.94007
20010201,357.56672
20010131,960.41176
20010130,374.3586
20010130,0.397
20010129,663.1432500000001
20010125,497.03308000000004
20010124,392.7
20010123,360.19203999999996
20010123,0.398
20010122,2005.056
20010119,1382.00384
20010119,0.06324
20010118,498.71968
20010117,811.6185
20010116,1395.5251
20010115,2079.5364
20010112,1574.3013999999998
20010111,624.97848
20010110,1068.27348
20010109,1040.8854
20010108,602.4917499999999
20010105,570.24326
20010104,857.67474
20010103,1393.52498
20010103,0.342
20010102,488.60591999999997
20010101,413.54072
20001229,687.9921
20001228,578.61675
20001227,435.2933
20001226,445.37246
20001222,555.67538
20001221,503.13763000000006
20001220,843.9920500000001
20001219,749.02152
20001218,674.56688
20001215,723.9480299999999
20001215,0.342
20001214,302.38989
20001213,1591.61684
20001213,1.476
20001212,1259.64448
20001211,137.20000000000002
20001211,676.8929
20001208,716.73753
20001208,0.323
20001207,186.2887
20001206,554.45145
20001205,474.04845
20001204,469.62734
20001201,641.2806400000001
20001130,271.98713999999995
20001129,377.65554
20001128,580.15317
20001127,522.5960900000001
20001124,717.63514
20001123,872.8828
20001122,372.246
20001121,379.76576
20001120,366.72446
20001117,704.73942
20001116,1275.58056
20001115,560.8990200000001
20001115,0.00337
20001114,773.5479600000001
20001113,134.42752000000002
20001110,184.63819999999998
20001110,15335.779999999999
20001109,140.15861999999998
20001108,218.08896
20001107,695.59516
20001106,990.49167
20001103,333.0538
20001102,301.1697
20001101,213.22928000000002
20001031,405.43775999999997
20001030,314.88728
20001027,546.08112
20001027,0.8039999999999999
20001026,67.35000000000001
20001025,197.1333
20001024,135.2299
20001023,203.22363
20001023,882.18
20001020,466.16569999999996
20001019,457.48196
20001019,146.38944
20001018,326.508
20001017,436.35984
20001016,941.76108
20001013,420.41646
20001012,254.35170000000002
20001011,537.3651600000001
20001010,478.245
20001009,759.3122
20001006,1624.3518
20001005,240.22109999999998
20001005,3820.0
20001004,144.97968
20001003,336.27708
20000929,694.4756400000001
20000928,424.7425
20000927,205.64037
20000926,253.23393999999996
20000925,186.51108
20000922,529.37145
20000921,322.26363
20000920,423.89114
20000919,1861.7002400000001
20000918,0.00364
20000918,1943.83908
20000915,868.5610099999999
20000915,0.00383
20000914,247.75113000000002
20000913,109.77704
20000912,249.09509999999997
20000911,239.11690000000002
20000908,266.33719
20000907,183.62336
20000906,222.72894
20000905,323.18702
20000904,298.27703999999994
20000831,653.23454
20000830,93.07014
20000829,227.55835000000002
20000829,1.564
20000828,233.24399
20000825,1067.78196
20000824,112.16596
20000823,291.3503
20000822,435.50055000000003
20000821,1332.26712
20000818,808.2486
20000817,467.8324
20000816,94.41512
20000814,138.48408
20000814,261.8
20000811,215.57406
20000810,131.20512
20000809,309.55456
20000808,1104.16924
20000807,605.38555
20000804,511.46887000000004
20000803,1386.39865
20000802,307.07730000000004
20000801,355.07959999999997
20000731,114.84957
20000728,1275.7416799999999
20000727,162.76597999999998
20000726,255.37374000000003
20000725,629.9263500000001
20000724,821.01238
20000721,467.20905
20000720,596.88288
20000719,144.29332
20000718,401.36487999999997
20000717,582.85554
20000714,401.81085999999993
20000713,485.75800000000004
20000712,783.7732800000001
20000711,356.73924000000005
20000710,618.09246
20000707,805.1248800000001
20000706,378.2664
20000705,1089.5284
20000704,1814.124
20000704,4230.0
20000703,1248.9723599999998
20000630,173.32995
20000629,309.91527
20000628,156.53084
20000627,180.2612
20000626,214.3006
20000623,498.596
20000622,175.79263000000003
20000621,619.10472
20000620,427.956
20000619,210.23288000000002
20000616,310.7277
20000615,225.16876000000002
20000614,180.01568
20000613,449.2561
20000612,231.10655999999997
20000609,418.88385
20000608,219.62177999999997
20000607,278.78249999999997
20000606,339.88608
20000605,699.64965
20000602,749.3865999999999
20000601,403.49106
20000531,520.35328
20000530,466.1982
20000530,343.0
20000529,647.43226
20000526,548.28475
20000525,820.6158
20000524,935.0447399999999
20000523,973.47786
20000522,576.6684
20000519,752.78788
20000518,326.71716000000004
20000517,294.74639999999994
20000516,303.724
20000515,648.9566399999999
20000512,701.8687500000001
20000511,1053.7072
20000510,788.83536
20000509,419.7684
20000508,978.43704
20000505,973.4448
20000504,536.94592
20000503,7540.0
20000503,701.41824
20000502,918.51765
20000502,3850.0
20000428,893.0496
20000427,1663.44808
20000426,1120.67847
20000425,785.7216
20000424,850.8572800000001
20000420,396.676
20000419,398.1438
20000418,365.39676
20000417,457.4894
20000413,510.67984
20000412,446.73594
20000411,449.53885999999994
20000410,36.379999999999995
20000407,135.77360000000002
20000406,266.33585999999997
20000405,461.3801399999999
20000404,513.4028
20000403,842.7128999999999
20000331,377.50333
20000330,353.5772799999999
20000329,343.90935
20000328,281.14991999999995
20000327,239.48945999999998
20000324,316.60398
20000323,1109.20374
20000323,623.5
20000322,369.47149999999993
20000321,385.26876999999996
20000316,597.40317
20000315,396.54744
20000314,516.79914
20000313,850.7905000000001
20000310,838.97019
20000309,586.11465
20000308,1714.8882800000001
20000307,802.19284
20000306,895.84495
20000303,388.72193
20000302,255.75029999999998
20000301,325.50648
20000229,1222.0348800000002
20000228,375.56756999999993
20000225,733.38594
20000224,299.464
20000223,387.81054
20000222,614.9717099999999
20000221,456.55571999999995
20000218,703.02952
20000217,1525.32561
20000216,1458.05568
20000215,306.06014
20000214,871.8755
20000211,1785.17485
20000210,1155.3607
20000209,1117.028
20000208,970.07653
20000207,1596.22144
20000204,1384.2432000000001
20000203,981.3879999999999
20000202,1532.1714399999998
20000201,1228.03506
20000131,3647.6968699999998
20000128,1958.2261500000002
20000127,2634.7007399999998
20000127,992.75
20000125,1281.844
20000124,1768.46478
20000121,1394.9763300000002
20000120,719.99356
20000119,1823.9850199999998
20000118,1181.05522
20000117,447.0858
20000114,195.28154999999998
20000113,226.64572999999996
20000112,167.77984
20000111,248.91066
20000110,276.98825
20000107,477.69786
20000106,184.80483999999998
20000105,397.00234
20000104,950.73984
20000103,300.47892
