20160408,111989.592
20160407,86848.39199999999
20160406,316956.844
20160405,206709.83200000002
20160404,416041.089
20160401,302138.38599999994
20160331,984644.486
20160330,515835.885
20160329,716124.2330000001
20160328,0.0
20160324,255873.24899999998
20160323,828349.5419999999
20160322,691140.64
20160321,125684.75700000001
20160318,2636229.29
20160317,179082.825
20160316,148971.19
20160315,159129.342
20160314,211201.2
20160311,161253.576
20160310,190737.612
20160309,105990.902
20160308,295735.264
20160307,317055.498
20160304,131751.935
20160303,151069.635
20160302,140563.39800000002
20160301,179060.7
20160229,156967.155
20160226,129348.943
20160225,81043.505
20160224,95224.14899999999
20160223,136626.308
20160222,147697.28
20160219,106186.43000000001
20160218,115916.382
20160217,69474.482
20160216,21148.83
20160215,71933.992
20160212,42165.551999999996
20160211,57052.754
20160210,41157.952
20160209,77482.102
20160208,98588.6
20160205,150095.22
20160204,108892.17899999999
20160203,155923.636
20160202,39985.896
20160201,82240.04800000001
20160129,728507.15
20160128,109127.52599999998
20160127,45153.259999999995
20160126,12995.460000000001
20160125,22438.922000000002
20160122,20213.598
20160121,30516.500999999997
20160120,83120.72
20160119,92070.082
20160118,25556.55
20160115,45291.828
20160114,65807.754
20160113,49517.287
20160112,28378.896
20160111,60617.375
20160108,72361.58399999999
20160107,202469.004
20160106,47730.920000000006
20160105,73349.451
20160104,198665.12
20151231,48733.705
20151230,50646.232
20151229,43937.240000000005
20151228,0.0
20151225,0.0
20151224,41946.530000000006
20151223,73989.682
20151222,30079.504000000004
20151221,45243.880000000005
20151218,77324.52
20151217,269519.79600000003
20151216,239568.48
20151215,123772.37600000002
20151214,128918.73000000001
20151211,81457.488
20151210,93627.318
20151209,114205.82799999998
20151208,125950.842
20151207,255668.92199999996
20151204,37168.744
20151203,66966.81
20151202,97260.52799999999
20151201,56721.53599999999
20151130,57442.479999999996
20151127,18949.144
20151126,8224.352
20151125,24801.969
20151124,7686.753999999999
20151123,17862.224
20151120,8410.914
20151119,39401.312
20151118,36451.017
20151117,27152.496
20151116,64064.143
20151113,32450.543999999998
20151112,9399.168
20151111,24940.303999999996
20151110,9001.82
20151109,14225.375999999998
20151106,36819.688
20151105,20183.624
20151104,35990.85
20151103,11744.532000000001
20151102,6220.476000000001
20151030,14666.138
20151029,15917.184000000001
20151028,10008.591999999999
20151027,16762.719
20151026,6858.566000000001
20151023,38365.588
20151022,10747.425
20151021,8378.721000000001
20151020,41998.928
20151019,51379.882
20151016,45002.018
20151015,133766.36800000002
20151014,45926.490000000005
20151013,15754.276
20151012,16019.307999999999
20151009,14350.194
20151008,11011.77
20151007,31678.900999999998
20151006,86581.06599999999
20151005,157273.53600000002
20151002,15221.976
20151001,30151.628
20150930,81742.27600000001
20150929,26884.44
20150928,6818.784000000001
20150925,12108.390000000001
20150924,18137.874000000003
20150923,7603.650000000001
20150922,30442.264
20150921,41670.236
20150918,30674.309999999998
20150917,28349.528000000002
20150916,71283.04
20150915,44733.96200000001
20150914,48688.08
20150911,47240.928
20150910,40050.82
20150909,54188.045999999995
20150908,60727.659
20150907,173993.715
20150904,280453.225
20150903,47043.828
20150902,43440.475
20150901,78678.018
20150831,0.0
20150828,174168.13
20150827,53618.646
20150826,49855.788
20150825,17109.75
20150824,95114.21600000001
20150821,58546.584
20150820,37336.896
20150819,83799.76599999999
20150818,58512.201
20150817,79231.68
20150814,26218.68
20150813,38390.183999999994
20150812,90113.02500000001
20150811,387149.95200000005
20150810,55894.63999999999
20150807,433109.0
20150806,124571.57999999999
20150805,149688.85400000002
20150804,221319.94
20150803,138024.02
20150731,23157.059999999998
20150730,55482.774
20150729,64353.731999999996
20150728,79323.19
20150727,128984.09199999999
20150724,79511.59999999999
20150723,206035.104
20150722,90878.28400000001
20150721,70528.95
20150720,361083.258
20150717,737849.9289999999
20150716,55526.719999999994
20150715,33183.756
20150714,61937.58
20150713,31399.592
20150710,20866.992
20150709,23091.974000000002
20150708,176508.792
20150707,391864.0
20150706,117716.004
20150703,58371.84
20150702,70624.63100000001
20150701,68496.922
20150630,64390.38
20150629,66082.52
20150626,39594.324
20150625,70800.768
20150624,18090.709
20150623,39848.656
20150622,34405.922
20150619,71791.704
20150618,37896.03
20150617,81105.92
20150616,47834.71
20150615,76004.406
20150612,24427.843999999997
20150611,69202.029
20150610,24567.420000000002
20150609,42879.689999999995
20150608,15754.276
20150605,39496.706999999995
20150604,77116.94
20150603,166169.9
20150602,32476.391999999996
20150601,72406.4
20150529,128947.27299999999
20150528,184704.016
20150527,104222.976
20150526,30709.056
20150525,0.0
20150522,47813.58
20150521,88144.43400000001
20150520,32963.004
20150519,255618.96299999996
20150518,116302.14
20150515,167217.64800000002
20150514,30695.68
20150513,54009.78
20150512,76311.499
20150511,36672.71799999999
20150508,58006.53
20150507,105298.704
20150506,110931.822
20150505,452921.298
20150504,0.0
20150501,50490.726
20150430,147190.527
20150429,200896.0
20150428,315068.292
20150427,102752.19900000001
20150424,75536.385
20150423,38390.700000000004
20150422,29563.686
20150421,31662.323
20150420,47281.083
20150417,40144.670999999995
20150416,98438.095
20150415,117650.66
20150414,55931.797
20150413,73412.234
20150410,60561.38399999999
20150409,37914.672
20150408,35195.875
20150407,47937.129
20150406,0.0
20150403,0.0
20150402,80312.84799999998
20150401,36030.369999999995
20150331,50464.608
20150330,290082.114
20150327,27873.152
20150326,108131.40000000001
20150325,62286.37400000001
20150324,168188.788
20150323,172528.27200000003
20150320,36502.19
20150319,24893.291999999998
20150318,74454.74399999999
20150317,12045.264
20150316,39505.41
20150313,52270.102
20150312,30420.852000000003
20150311,21170.578
20150310,30347.267999999996
20150309,66767.0
20150306,72083.70400000001
20150305,42180.844999999994
20150304,59199.735
20150303,37026.329999999994
20150302,74658.122
20150227,96133.12
20150226,126259.965
20150225,39695.939999999995
20150224,105248.11499999999
20150223,213533.76
20150220,108759.98
20150219,158188.591
20150218,141675.042
20150217,349904.299
20150216,1388206.3360000001
20150213,291431.7
20150212,224680.933
20150211,573030.728
20150210,2182274.045
20150209,70009.18999999999
20150206,62214.61499999999
20150205,109734.76799999998
20150204,128049.00800000002
20150203,95824.65000000001
20150202,69601.792
20150130,67643.44
20150129,33225.024
20150128,54327.038
20150127,143514.204
20150126,97788.75600000001
20150123,47918.367999999995
20150122,71499.12000000001
20150121,46138.92
20150120,83640.48
20150119,200970.825
20150116,18657.048
20150115,42278.446
20150114,24800.144
20150113,20433.791999999998
20150112,87788.778
20150109,16489.386
20150108,45650.729
20150107,40894.41
20150106,23947.649999999998
20150105,75787.578
20150102,25397.576
20150101,0.0
20141231,14619.783
20141230,20781.056
20141229,26388.405000000002
20141226,0.0
20141225,0.0
20141224,14312.362000000001
20141223,18151.168
20141222,48182.381
20141219,45765.081
20141218,36163.907999999996
20141217,58157.274999999994
20141216,106667.59699999998
20141215,55585.344
20141212,84764.442
20141211,37475.426
20141210,54193.448
20141209,72602.88
20141208,190971.06600000002
20141205,55416.636
20141204,75459.735
20141203,88657.55099999999
20141202,235313.45599999998
20141201,47796.458
20141128,72711.408
20141127,22437.28
20141126,203475.09
20141125,114724.636
20141124,70378.912
20141121,72276.92
20141120,165003.36000000002
20141119,99869.986
20141118,85008.5
20141117,57603.13199999999
20141114,193695.28
20141113,393772.512
20141112,698438.304
20141111,36837.625
20141110,316838.304
20141107,131550.45299999998
20141106,75051.3
20141105,112184.06399999998
20141104,182082.586
20141103,96779.02
20141031,88973.568
20141030,40082.84
20141029,31638.112999999998
20141028,31309.261999999995
20141027,25100.229
20141024,24902.270999999997
20141023,37267.668
20141022,33041.479
20141021,73588.095
20141020,70743.62999999999
20141017,66904.724
20141016,159961.574
20141015,166916.63999999998
20141014,287860.83
20141013,71512.2
20141010,86414.69900000001
20141009,72077.848
20141008,88458.48
20141007,84645.10600000001
20141006,142216.629
20141003,95454.8
20141002,92030.294
20141001,357075.12
20140930,125457.8
20140929,42970.72
20140926,55054.215
20140925,50103.549999999996
20140924,58504.639
20140923,79234.638
20140922,43103.58
20140919,169304.958
20140918,159759.405
20140917,49158.200000000004
20140916,171234.816
20140915,93586.146
20140912,372298.248
20140911,77817.78099999999
20140910,121526.02
20140909,63135.072
20140908,16665.363
20140905,89945.344
20140904,189386.82
20140903,1760464.797
20140902,138192.20100000003
20140901,463867.18500000006
20140829,21397.468
20140828,482059.369
20140827,209251.875
20140826,411259.005
20140825,0.0
20140822,97690.06000000001
20140821,104017.375
20140820,124724.88
20140819,77790.273
20140818,69657.33
20140815,91074.25799999999
20140814,256028.75999999998
20140813,283234.35
20140812,118831.284
20140811,211174.546
20140808,53209.554000000004
20140807,120386.271
20140806,40889.768
20140805,150002.006
20140804,90441.90000000001
20140801,80138.23199999999
20140731,51418.57199999999
20140730,42748.86
20140729,46947.318
20140728,88348.98000000001
20140725,91459.983
20140724,132301.428
20140723,1166223.7249999999
20140722,129197.15200000002
20140721,212416.012
20140718,73790.152
20140717,240880.728
20140716,170381.82
20140715,106959.51199999999
20140714,286584.13
20140711,175574.328
20140710,302954.234
20140709,944017.75
20140708,56059.501
20140707,104360.508
20140704,84017.614
20140703,160314.13199999998
20140702,139690.464
20140701,464754.28099999996
20140630,260291.793
20140627,116509.75199999998
20140626,178512.04799999998
20140625,130425.01199999999
20140624,174327.72
20140623,89406.75
20140620,416962.86000000004
20140619,115232.89799999999
20140618,80743.11
20140617,178827.245
20140616,261014.85799999998
20140613,174277.64500000002
20140612,86486.75
20140611,97965.99999999999
20140610,91082.05900000001
20140609,50636.159
20140606,67007.211
20140605,65859.056
20140604,103043.004
20140603,85866.3
20140602,53319.93
20140530,101629.19600000001
20140529,189747.6
20140528,95008.224
20140527,77154.92799999999
20140526,0.0
20140523,44945.808
20140522,51302.329000000005
20140521,152046.88199999998
20140520,92975.35500000001
20140519,81181.185
20140516,133123.31100000002
20140515,127360.0
20140514,68850.912
20140513,42050.623999999996
20140512,51819.456000000006
20140509,127251.84
20140508,125866.46800000001
20140507,91576.23599999999
20140506,63191.28400000001
20140505,0.0
20140502,79719.77999999998
20140501,34595.562
20140430,57855.012
20140429,35552.608
20140428,66505.89
20140425,46531.043000000005
20140424,55517.23
20140423,33778.998
20140422,55554.488
20140421,0.0
20140418,0.0
20140417,51774.228
20140416,121199.86200000001
20140415,110580.984
20140414,156161.432
20140411,126003.654
20140410,351565.664
20140409,141673.72799999997
20140408,153265.544
20140407,392883.372
20140404,224797.91999999995
20140403,459904.672
20140402,203068.188
20140401,192681.43600000002
20140331,172605.69
20140328,133265.52
20140327,1277721.555
20140326,659333.372
20140325,524368.467
20140324,266006.16
20140321,88037.59999999999
20140320,131685.75
20140319,103953.11400000002
20140318,125706.43800000001
20140317,61621.242000000006
20140314,136326.21600000001
20140313,118238.97600000001
20140312,78822.848
20140311,57996.018
20140310,68364.64600000001
20140307,61930.932
20140306,91496.78
20140305,87372.82400000001
20140304,135843.44199999998
20140303,113780.31999999999
20140228,82576.90500000001
20140227,113859.64199999999
20140226,183682.068
20140225,169432.45200000002
20140224,116980.602
20140221,84503.1
20140220,161614.42500000002
20140219,92189.055
20140218,69236.193
20140217,41271.42600000001
20140214,72438.63
20140213,126075.009
20140212,110260.19399999999
20140211,262205.04
20140210,109741.527
20140207,56865.200000000004
20140206,111427.20000000001
20140205,103678.88399999999
20140204,114379.14799999999
20140203,692615.9700000001
20140131,253631.491
20140130,530622.4
20140129,600997.3200000001
20140128,167021.339
20140127,212760.485
20140124,182165.70500000002
20140123,91667.26800000001
20140122,102618.472
20140121,123501.69200000001
20140120,30453.696000000004
20140117,64181.381
20140116,95929.04
20140115,235493.04900000003
20140114,75313.39199999999
20140113,191384.142
20140110,96643.678
20140109,144655.632
20140108,153853.23799999998
20140107,177984.95
20140106,80249.46399999999
20140103,157235.868
20140102,176106.637
20140101,0.0
20131231,129753.12000000001
20131230,290539.722
20131227,68261.424
20131226,0.0
20131225,0.0
20131224,14935.800000000001
20131223,39303.591
20131220,49144.03799999999
20131219,111308.95999999999
20131218,69648.278
20131217,63215.21400000001
20131216,296712.72400000005
20131213,76818.522
20131212,241342.088
20131211,132041.43000000002
20131210,72146.88
20131209,99966.2
20131206,27512.760000000002
20131205,115250.73599999999
20131204,219415.35
20131203,61919.85800000001
20131202,137721.065
20131129,162749.85
20131128,98517.135
20131127,108893.078
20131126,84193.017
20131125,48844.147999999994
20131122,1094064.2299999997
20131121,177055.72
20131120,211223.748
20131119,57938.862
20131118,34512.422
20131115,53587.84
20131114,63206.75200000001
20131113,939272.873
20131112,593647.852
20131111,672512.625
20131108,175440.915
20131107,87669.648
20131106,54288.78
20131105,171052.791
20131104,54461.565
20131101,313946.729
20131031,121998.70800000001
20131030,1369427.148
20131029,299559.15
20131028,198653.14800000002
20131025,91951.092
20131024,148496.50199999998
20131023,93915.86
20131022,206615.76
20131021,182681.063
20131018,203245.505
20131017,200752.728
20131016,129003.77599999998
20131015,110501.56
20131014,98936.608
20131011,192808.066
20131010,115410.08
20131009,33194.020000000004
20131008,61365.392
20131007,128571.98000000001
20131004,103240.323
20131003,63188.727
20131002,100967.397
20131001,79640.1
20130930,88411.833
20130927,144623.59100000001
20130926,51274.908
20130925,110121.176
20130924,387873.0
20130923,250084.042
20130920,67301.715
20130919,84903.67199999999
20130918,89675.39
20130917,416678.16000000003
20130916,501004.69200000004
20130913,1077690.2400000002
20130912,189810.805
20130911,285888.498
20130910,318696.027
20130909,136295.685
20130906,61984.44600000001
20130905,45986.934
20130904,125915.64600000001
20130903,112947.93599999999
20130902,137922.55
20130830,211960.94
20130829,134048.44
20130828,320247.904
20130827,100684.52
20130826,0.0
20130823,56553.136
20130822,91675.83600000001
20130821,59044.208000000006
20130820,106053.34999999999
20130819,122982.36599999998
20130816,57874.32
20130815,158024.26799999998
20130814,34674.343
20130813,81101.61300000001
20130812,64074.14400000001
20130809,28453.888
20130808,29448.98
20130807,48690.854
20130806,232521.6
20130805,106560.58200000001
20130802,97959.065
20130801,182243.25
20130731,217223.406
20130730,97360.55399999999
20130729,37727.13
20130726,79579.344
20130725,50067.78
20130724,44206.064
20130723,68316.504
20130722,45967.96600000001
20130719,176665.392
20130718,102527.04
20130717,93797.26199999999
20130716,23876.874
20130715,48672.83
20130712,136094.733
20130711,44445.32000000001
20130710,85420.25200000001
20130709,107863.704
20130708,106577.08
20130705,58887.971999999994
20130704,94542.336
20130703,79838.64
20130702,90412.208
20130701,60593.832
20130628,205953.35
20130627,190398.945
20130626,106088.71
20130625,48267.089
20130624,95323.911
20130621,89081.08000000002
20130620,231045.24400000004
20130619,67157.664
20130618,72861.194
20130617,172267.444
20130614,166176.86200000002
20130613,521377.606
20130612,110348.826
20130611,138342.6
20130610,104527.859
20130607,182481.75
20130606,146207.32
20130605,45839.859
20130604,67395.25
20130603,99671.572
20130531,115754.17599999999
20130530,82156.53600000001
20130529,155354.535
20130528,123648.205
20130527,0.0
20130524,170225.142
20130523,327136.37
20130522,289671.642
20130521,118500.36
20130520,145285.476
20130517,100454.46399999999
20130516,122936.07999999999
20130515,93167.70999999999
20130514,145134.688
20130513,208658.24399999998
20130510,188316.567
20130509,261512.28
20130508,117218.14399999999
20130507,172795.345
20130506,0.0
20130503,406917.32999999996
20130502,109728.34400000001
20130501,68198.104
20130430,99428.92
20130429,98391.00600000001
20130426,118317.64199999999
20130425,135352.50300000003
20130424,197024.445
20130423,321715.83
20130422,174125.367
20130419,91072.90199999999
20130418,283158.82399999996
20130417,126872.54
20130416,121445.19099999999
20130415,91881.888
20130412,373121.177
20130411,129278.25499999999
20130410,186666.016
20130409,112768.72099999999
20130408,210877.43600000002
20130405,366426.9
20130404,262978.664
20130403,252299.52999999997
20130402,369904.87
20130401,0.0
20130329,0.0
20130328,155654.688
20130327,234993.716
20130326,240912.045
20130325,185793.176
20130322,241299.552
20130321,207867.44
20130320,111282.66
20130319,161992.329
20130318,341058.336
20130315,661459.278
20130314,804461.349
20130313,794956.422
20130312,332774.44200000004
20130311,415569.14999999997
20130308,400107.89
20130307,518336.938
20130306,546457.414
20130305,594068.16
20130304,470115.328
20130301,560943.096
20130228,359017.596
20130227,355534.01
20130226,241976.016
20130225,601504.086
20130222,207096.912
20130221,82698.05
20130220,146248.314
20130219,38795.12
20130218,97477.776
20130215,64056.72
20130214,84734.37700000001
20130213,92012.193
20130212,94410.9
20130211,223058.07
20130208,736799.22
20130207,56581.200000000004
20130206,43017.513
20130205,61233.13
20130204,160058.42400000003
20130201,148555.45799999998
20130131,51856.13399999999
20130130,190490.58
20130129,39578.702
20130128,53895.9
20130125,34147.575
20130124,91807.72
20130123,138220.244
20130122,16630.957000000002
20130121,20349.188000000002
20130118,23085.228
20130117,30741.249
20130116,41261.79
20130115,109020.463
20130114,29181.531
20130111,19348.32
20130110,47234.504
20130109,92840.67
20130108,17731.115999999998
20130107,38091.108
20130104,35667.216
20130103,54653.129
20130102,174730.31800000003
20130101,0.0
20121231,43475.267
20121228,31992.395999999997
20121227,46352.81
20121226,0.0
20121225,0.0
20121224,14271.645999999999
20121221,37529.153999999995
20121220,180300.50999999998
20121219,25869.886000000002
20121218,20432.480999999996
20121217,74010.32
20121214,150481.047
20121213,143809.12
20121212,368085.74399999995
20121211,19843.043999999998
20121210,29752.100000000002
20121207,74250.582
20121206,21849.922
20121205,11744.25
20121204,45802.575000000004
20121203,55717.24999999999
20121130,56650.92
20121129,29796.408
20121128,35851.68
20121127,32629.467
20121126,39689.882
20121123,12282.269999999999
20121122,18150.72
20121121,19717.446
20121120,64949.606999999996
20121119,28217.42
20121116,78870.66
20121115,168067.9
20121114,145746.90899999999
20121113,129540.54400000001
20121112,51318.835
20121109,23940.096
20121108,49769.945
20121107,70039.047
20121106,158415.84
20121105,115700.10900000001
20121102,57379.606
20121101,60368.048
20121031,41431.445999999996
20121030,13983.97
20121029,29213.14
20121026,49186.305
20121025,42573.219
20121024,46810.155
20121023,53347.212
20121022,109194.96599999999
20121019,208740.28799999997
20121018,411628.677
20121017,843012.3219999999
20121016,42939.172
20121015,54411.207
20121012,93321.594
20121011,6720.808
20121010,26603.710000000003
20121009,96500.16
20121008,43305.867000000006
20121005,69100.83
20121004,55057.768
20121003,200219.217
20121002,101237.568
20121001,19875.856
20120928,8717.368
20120927,49362.6
20120926,15949.405
20120925,56646.54000000001
20120924,59142.379
20120921,45686.848
20120920,118276.75200000001
20120919,294324.75800000003
20120918,70671.84300000001
20120917,63372.176
20120914,158668.75
20120913,143089.928
20120912,964295.3250000001
20120911,30201.684
20120910,63706.0
20120907,338152.714
20120906,52751.406
20120905,43271.352999999996
20120904,8991.556
20120903,22112.337999999996
20120831,198095.209
20120830,171057.834
20120829,527990.75
20120828,92722.41
20120827,0.0
20120824,6778.9259999999995
20120823,17582.488
20120822,10297.671999999999
20120821,27261.765
20120820,14371.632
20120817,9024.84
20120816,14030.6
20120815,9930.336
20120814,21348.558
20120813,54956.955
20120810,11911.847999999998
20120809,23025.149
20120808,29319.428
20120807,27206.807999999997
20120806,44766.666000000005
20120803,21557.484
20120802,150739.68
20120801,51476.242000000006
20120731,54843.24
20120730,11541.446
20120727,13290.015
20120726,48439.296
20120725,47750.687
20120724,19014.602
20120723,79085.28
20120720,37655.223999999995
20120719,148943.07
20120718,133104.696
20120717,109210.26299999999
20120716,186389.44
20120713,212383.864
20120712,1549628.5240000002
20120711,15098.59
20120710,31806.684000000005
20120709,15204.294000000002
20120706,29378.412
20120705,10809.985999999999
20120704,38208.492
20120703,24879.089999999997
20120702,29222.046
20120629,27247.468999999997
20120628,91786.665
20120627,68033.81
20120626,79858.35
20120625,23685.288
20120622,23251.668
20120621,24489.893999999997
20120620,40982.200000000004
20120619,51967.314
20120618,13696.968
20120615,29758.085000000003
20120614,46757.23
20120613,13540.401
20120612,248088.64
20120611,176530.06
20120608,17879.014
20120607,55443.208
20120606,47524.752
20120605,0.0
20120604,0.0
20120601,80275.356
20120531,46541.88
20120530,119106.216
20120529,27051.885
20120528,13960.965
20120525,41657.7
20120524,58567.170000000006
20120523,48576.827999999994
20120522,19815.012
20120521,47833.104
20120518,97165.33600000001
20120517,85903.042
20120516,54162.35
20120515,70820.512
20120514,141998.88400000002
20120511,124724.67700000001
20120510,91258.8
20120509,141867.819
20120508,224556.906
20120507,0.0
20120504,42158.376
20120503,148294.944
20120502,239892.6
20120501,70804.352
20120430,94155.02599999998
20120427,182938.884
20120426,203018.03699999998
20120425,75016.629
20120424,182133.29200000002
20120423,179748.192
20120420,159826.784
20120419,190543.578
20120418,117845.50600000001
20120417,102147.64
20120416,194864.813
20120413,122092.19399999999
20120412,118233.59999999999
20120411,46002.045
20120410,91608.576
20120409,0.0
20120406,0.0
20120405,144918.21300000002
20120404,101568.62299999999
20120403,170776.05399999997
20120402,73870.16
20120330,127921.25799999999
20120329,99789.248
20120328,89471.36
20120327,330254.19
20120326,181011.019
20120323,47615.504
20120322,67431.76000000001
20120321,241317.55999999997
20120320,46847.02
20120319,81544.65
20120316,43618.96
20120315,6802.893999999999
20120314,51697.198000000004
20120313,67756.234
20120312,43125.48
20120309,59370.681000000004
20120308,17322.998
20120307,21897.809999999998
20120306,54979.661
20120305,84831.84
20120302,32520.258999999995
20120301,91908.312
20120229,50493.52399999999
20120228,36865.584
20120227,101644.90800000001
20120224,63113.61
20120223,38371.136
20120222,55045.57699999999
20120221,34728.29
20120220,51985.369999999995
20120217,57489.37599999999
20120216,126236.418
20120215,87824.11
20120214,97315.57
20120213,157527.138
20120210,142726.76
20120209,84297.84
20120208,183363.438
20120207,334430.958
20120206,307878.688
20120203,118073.12000000001
20120202,183784.14299999998
20120201,114940.252
20120131,482657.385
20120130,41274.93
20120127,45255.474
20120126,20546.336
20120125,20512.576
20120124,40876.569
20120123,11636.346000000001
20120120,78990.015
20120119,71080.83000000002
20120118,25018.686
20120117,55635.671
20120116,12791.789999999999
20120113,35747.514
20120112,161466.851
20120111,125013.88900000001
20120110,115406.211
20120109,9862.632
20120106,40066.488
20120105,44217.852
20120104,51359.176
20120103,115684.706
20120102,0.0
20111230,54185.418000000005
20111229,107843.484
20111228,153539.221
20111227,0.0
20111226,0.0
20111223,3857.9040000000005
20111222,19585.839
20111221,27528.592000000004
20111220,33553.598
20111219,68030.014
20111216,33797.54
20111215,28877.120999999996
20111214,28260.052
20111213,15080.632000000001
20111212,11591.67
20111209,3643.7949999999996
20111208,9116.824
20111207,3720.64
20111206,5563.712
20111205,8983.744
20111202,5795.0
20111201,28459.05
20111130,21265.775999999998
20111129,6954.563999999999
20111128,14311.066
20111125,5226.726
20111124,7217.145
20111123,16773.458000000002
20111122,8010.749999999999
20111121,5423.035
20111118,33959.454
20111117,26680.192
20111116,5540.808
20111115,11005.0
20111114,24172.563
20111111,277.03499999999997
20111110,11873.16
20111109,17261.748
20111108,7183.816
20111107,19125.27
20111104,27252.213999999996
20111103,22974.56
20111102,96003.78899999999
20111101,107397.02
20111031,9775.722
20111028,2077.9399999999996
20111027,6733.884999999999
20111026,5592.96
20111025,14370.8
20111024,12634.044
20111021,7169.695
20111020,22079.872
20111019,22016.800000000003
20111018,34545.224
20111017,16328.202
20111014,25366.770000000004
20111013,43238.03800000001
20111012,9116.624
20111011,8727.296
20111010,9931.281
20111007,23919.564
20111006,20987.135000000002
20111005,23102.469
20111004,9979.281
20111003,13757.445000000002
20110930,27313.461
20110929,11146.842
20110928,6235.728
20110927,11725.464
20110926,6058.794
20110923,15586.23
20110922,12878.002999999999
20110921,8361.42
20110920,12229.836
20110919,4675.795999999999
20110916,44522.116
20110915,20253.12
20110914,39314.88
20110913,6388.668
20110912,20572.164
20110909,23408.326
20110908,30858.246
20110907,49453.119999999995
20110906,22140.316
20110905,23039.822
20110902,4920.5650000000005
20110901,14694.9
20110831,51783.937000000005
20110830,69166.332
20110826,7787.289999999999
20110825,14155.722
20110824,8783.871
20110823,14638.398000000001
20110822,15083.625
20110819,37840.772
20110818,17455.577
20110817,4574.291
20110816,16200.801
20110815,20226.402000000002
20110812,7272.18
20110811,32931.304000000004
20110810,17185.221999999998
20110809,53169.039
20110808,82211.57100000001
20110805,186351.48
20110804,113465.00000000001
20110803,72291.17
20110802,25233.002
20110801,26086.55
20110729,11686.566
20110728,10240.54
20110727,12475.481
20110726,47845.368
20110725,24695.654
20110722,69041.20999999999
20110721,193923.206
20110720,30300.402
20110719,31454.605
20110718,38953.53
20110715,41994.126
20110714,110752.25999999998
20110713,27396.389
20110712,47827.775
20110711,80264.628
20110708,40350.312000000005
20110707,47922.018
20110706,38004.165
20110705,17310.0
20110704,19662.404000000002
20110701,49619.487
20110630,59819.41199999999
20110629,80962.11200000001
20110628,92738.25099999999
20110627,21102.767
20110624,18898.532
20110623,110420.82199999999
20110622,37101.585
20110621,20599.578
20110620,34545.357
20110617,56941.67700000001
20110616,39910.19500000001
20110615,21153.574999999997
20110614,14680.511999999999
20110613,8787.55
20110610,27833.714999999997
20110609,16385.361
20110608,16966.952
20110607,52898.574
20110606,44482.404
20110603,33030.0
20110602,16914.246
20110601,49187.356
20110531,32775.759
20110527,11000.807999999999
20110526,42110.0
20110525,38758.72
20110524,52817.909
20110523,57089.945
20110520,63077.548
20110519,101738.774
20110518,70630.42
20110517,317698.602
20110516,421636.32
20110513,39299.112
20110512,21984.501999999997
20110511,39915.378000000004
20110510,8427.12
20110509,52729.725
20110506,53988.6
20110505,53217.0
20110504,81904.248
20110503,54961.095
20110428,62975.34799999999
20110427,48598.29
20110426,75622.014
20110421,28644.616
20110420,80091.80399999999
20110419,103642.028
20110418,1596510.1460000002
20110415,695959.988
20110414,101033.82500000001
20110413,103654.652
20110412,57751.322
20110411,161753.619
20110408,36031.34
20110407,106730.67199999999
20110406,121357.53600000001
20110405,141741.18
20110404,226316.352
20110401,1104606.8
20110331,129493.826
20110330,39820.113
20110329,94297.38500000001
20110328,95980.181
20110325,165225.207
20110324,77717.448
20110323,15728.58
20110322,74991.43999999999
20110321,28047.514
20110318,106075.07900000001
20110317,88499.36
20110316,31944.8
20110315,174276.70799999998
20110314,31502.784999999996
20110311,20261.696
20110310,76142.885
20110309,29529.594999999998
20110308,28207.054
20110307,48456.231999999996
20110304,24201.325
20110303,123986.96199999998
20110302,256853.41999999998
20110301,48356.952000000005
20110228,95561.088
20110225,12314.589
20110224,45892.18
20110223,47646.808
20110222,106531.309
20110221,122319.23199999999
20110218,35884.28200000001
20110217,79167.948
20110216,58251.518000000004
20110215,43399.708
20110214,22297.568
20110211,38434.329
20110210,65154.155999999995
20110209,120139.89600000001
20110208,102707.78799999999
20110207,210229.926
20110204,121768.05600000001
20110203,64015.587999999996
20110202,51449.742999999995
20110201,66226.476
20110131,123400.428
20110128,117805.35599999999
20110127,304197.57000000007
20110126,128710.23999999999
20110125,122400.43199999999
20110124,228279.24899999998
20110121,64214.231
20110120,199205.68500000003
20110119,150633.96699999998
20110118,82536.766
20110117,293820.075
20110114,664522.65
20110113,80256.128
20110112,329275.625
20110111,180701.245
20110110,262896.36
20110107,177681.13199999998
20110106,119033.06999999999
20110105,172577.74399999998
20110104,252790.871
20101231,4020.9819999999995
20101230,61300.61899999999
20101229,102782.89599999998
20101227,0.0
20101224,10717.965
20101223,64644.71200000001
20101222,197806.288
20101221,277123.562
20101220,1780770.944
20101217,434362.2640000001
20101216,111015.48
20101215,125541.16600000001
20101214,69303.648
20101213,43334.844000000005
20101210,47982.9
20101209,88570.462
20101208,118911.562
20101207,102835.39199999999
20101206,33784.4
20101203,284596.52499999997
20101202,167579.94799999997
20101201,247170.88400000002
20101130,53137.32
20101129,154001.895
20101126,10126.414
20101125,24678.818000000003
20101124,213299.54799999998
20101123,119950.02300000002
20101122,167379.875
20101119,60122.799999999996
20101118,46472.679000000004
20101117,20505.518
20101116,62462.16900000001
20101115,31516.32
20101112,27584.2
20101111,62514.88399999999
20101110,77579.43600000002
20101109,37127.416
20101108,42620.32
20101105,52099.443
20101104,32390.1
20101103,67839.849
20101102,62430.329999999994
20101101,39978.956999999995
20101029,94468.56
20101028,23236.818999999996
20101027,40937.597
20101026,83119.014
20101025,225369.63299999997
20101022,80697.12
20101021,68468.042
20101020,64699.09700000001
20101019,216501.08800000002
20101018,219682.83400000003
20101015,227100.44499999998
20101014,99164.46299999999
20101013,103630.79499999998
20101012,191292.471
20101011,33253.030999999995
20101008,41676.95599999999
20101007,71282.923
20101006,68919.592
20101005,38082.74799999999
20101004,33248.306000000004
20101001,26851.916
20100930,120351.45
20100929,61868.44900000001
20100928,39327.28999999999
20100927,19078.842
20100924,30783.005
20100923,69290.28600000001
20100922,35943.53400000001
20100921,124416.74700000002
20100920,25866.09
20100917,18394.467
20100916,19920.24
20100915,19275.3
20100914,101554.60699999999
20100913,83860.72
20100910,199062.24
20100909,206734.54
20100908,224819.195
20100907,168579.63
20100906,233215.29
20100903,37883.96
20100902,138761.174
20100901,95231.451
20100831,277619.58400000003
20100830,0.0
20100827,80965.176
20100826,52944.56399999999
20100825,19948.929
20100824,8765.84
20100823,15318.32
20100820,4123.04
20100819,40472.952
20100818,43391.2
20100817,74496.852
20100816,34139.128000000004
20100813,36173.397999999994
20100812,53394.024999999994
20100811,50287.704
20100810,26402.64
20100809,24844.528
20100806,104283.347
20100805,147758.716
20100804,79146.144
20100803,168173.75
20100802,99280.0
20100730,70831.243
20100729,472085.817
20100728,14474.148
20100727,32968.99
20100726,104447.232
20100723,66451.11
20100722,10031.145999999999
20100721,72246.4
20100720,66643.744
20100719,72075.76299999999
20100716,107703.96
20100715,82597.424
20100714,16887.984
20100713,41842.943999999996
20100712,148242.41400000002
20100709,160230.20400000003
20100708,308602.24399999995
20100707,33978.945
20100706,54674.905
20100705,11574.192000000001
20100702,45412.45799999999
20100701,51476.03799999999
20100630,28542.781000000003
20100629,54662.4
20100628,35418.43199999999
20100625,62481.576
20100624,52287.651
20100623,57988.700000000004
20100622,68581.992
20100621,97830.866
20100618,154665.83
20100617,120988.16
20100616,142115.232
20100615,84008.98400000001
20100614,30782.275
20100611,61402.592
20100610,129307.28800000002
20100609,95352.6
20100608,61378.108
20100607,41665.825
20100604,127323.315
20100603,70119.42
20100602,94500.42300000001
20100601,153585.36000000002
20100531,0.0
20100528,539950.4249999999
20100527,218335.28399999999
20100526,84179.512
20100525,119300.78599999998
20100524,51435.143
20100521,52019.8
20100520,51677.321
20100519,101070.398
20100518,289558.004
20100517,152142.95
20100514,164775.38700000002
20100513,87992.86499999999
20100512,185427.30000000002
20100511,0.0
20100510,177647.544
20100507,318209.974
20100506,499476.15900000004
20100505,551982.2000000001
20100504,921205.572
20100503,0.0
20100430,459152.772
20100429,360935.36
20100428,1032046.3439999999
20100427,219284.34
20100426,100730.388
20100423,84846.933
20100422,52297.2
20100421,179213.272
20100420,141785.628
20100419,152121.24000000002
20100416,213905.23799999998
20100415,58970.361
20100414,66107.048
20100413,254639.33
20100412,70271.698
20100409,97536.51199999999
20100408,67218.984
20100407,113194.09199999999
20100406,90870.4
20100405,0.0
20100402,0.0
20100401,108471.312
20100331,370272.378
20100330,14599.634999999998
20100329,101406.41699999999
20100326,55115.292
20100325,126306.6
20100324,123630.464
20100323,584391.718
20100322,71147.55200000001
20100319,86977.456
20100318,111241.12299999999
20100317,229264.023
20100316,34358.549999999996
20100315,241235.987
20100312,132380.828
20100311,283224.48
20100310,140639.65
20100309,116432.211
20100308,114951.34799999998
20100305,150526.584
20100304,118308.425
20100303,209724.724
20100302,59219.93600000001
20100301,31423.726000000002
20100226,34529.174999999996
20100225,32303.815
20100224,18754.016
20100223,22719.425
20100222,98012.43000000001
20100219,11319.672
20100218,13061.744
20100217,104115.011
20100216,239026.52800000002
20100215,30874.620000000003
20100212,30548.138
20100211,585069.4500000001
20100210,369392.046
20100209,615289.6980000001
20100208,36336.789
20100205,61449.648
20100204,26695.704
20100203,23793.912
20100202,29561.984999999997
20100201,109480.51400000001
20100129,70789.68800000001
20100128,25941.695
20100127,309914.93
20100126,74113.59
20100125,64123.2
20100122,163889.67200000002
20100121,41331.10800000001
20100120,198393.852
20100119,36994.818
20100118,5148.904
20100115,20347.436
20100114,44566.5
20100113,43723.788
20100112,18772.626
20100111,49230.03199999999
20100108,50312.795
20100107,388031.062
20100106,149850.344
20100105,167957.712
20100104,117714.69
20100101,0.0
20091231,60286.32
20091230,49041.475999999995
20091229,38415.0
20091224,25632.064
20091223,56404.964
20091222,32920.195
20091221,16881.323
20091218,47404.896
20091217,17729.712
20091216,167847.07499999998
20091215,36531.148
20091214,67535.52
20091211,68924.191
20091210,41866.96
20091209,34837.06
20091208,57971.04
20091207,50228.549999999996
20091204,44829.124
20091203,44694.542
20091202,62381.179
20091201,78678.78899999999
20091130,208963.23
20091127,484802.27100000007
20091126,94171.03600000001
20091125,252666.57799999998
20091124,221698.08000000002
20091123,157977.89099999997
20091120,89104.96800000001
20091119,119278.896
20091118,126538.2
20091117,160408.87200000003
20091116,154662.75499999998
20091113,107897.139
20091112,103611.84
20091111,75313.34400000001
20091110,141885.9
20091109,141963.97600000002
20091106,66971.366
20091105,27036.864
20091104,59113.845
20091103,43664.72
20091102,69173.41799999999
20091030,444359.664
20091029,126486.61600000001
20091028,253866.552
20091027,182182.44999999998
20091026,163640.04
20091023,61938.261000000006
20091022,269630.18
20091021,67754.22
20091020,109855.292
20091019,44294.53599999999
20091016,86799.6
20091015,166102.808
20091014,173144.15
20091013,208516.032
20091012,60288.592000000004
20091009,146564.648
20091008,153310.004
20091007,101752.875
20091006,357048.31799999997
20091005,0.0
20091002,207148.888
20091001,177472.052
20090930,114648.26499999998
20090929,37423.001
20090928,59011.75499999999
20090925,67490.80799999999
20090924,193774.581
20090923,117862.619
20090922,135462.25
20090921,115864.11200000001
20090918,201364.592
20090917,126494.074
20090916,158939.718
20090915,134007.0
20090914,190578.18
20090911,1674349.17
20090910,45967.71400000001
20090909,29938.53
20090908,0.0
20090907,119823.952
20090904,297598.224
20090903,327718.608
20090902,70840.524
20090901,128913.125
20090831,0.0
20090828,147112.155
20090827,216905.25
20090826,158743.1
20090825,201055.71199999997
20090824,141320.87
20090821,137185.104
20090820,1433357.92
20090819,632693.9199999999
20090818,65769.45300000001
20090817,8393.54
20090814,77102.996
20090813,121480.91100000001
20090812,141830.24
20090811,115775.598
20090810,90287.1
20090807,111897.61200000001
20090806,124438.36900000002
20090805,176626.128
20090804,136658.92
20090803,723328.603
20090731,194990.133
20090730,70231.88799999999
20090729,117020.918
20090728,75907.33799999999
20090727,43598.520000000004
20090724,78918.84000000001
20090723,27348.0
20090722,130232.325
20090721,242555.03999999998
20090720,20817.774999999998
20090717,152917.11500000002
20090716,30088.994000000002
20090715,14463.279999999999
20090714,14100.096
20090713,45732.894
20090710,32416.818000000003
20090709,7342.632
20090708,26407.458
20090707,239275.385
20090706,21525.307999999997
20090703,178057.95
20090702,106910.54400000001
20090701,70671.3
20090630,27743.796000000002
20090629,106441.884
20090626,229249.724
20090625,112316.04800000001
20090624,69088.725
20090623,29380.272
20090622,336700.82
20090619,155582.856
20090618,164816.47999999998
20090617,149379.24300000002
20090616,230236.16
20090615,236253.696
20090612,531918.223
20090611,70710.75899999999
20090610,381424.197
20090609,203683.286
20090608,111003.00899999999
20090605,66862.16
20090604,54289.224
20090603,76821.696
20090602,350474.022
20090601,56286.066
20090529,171882.88
20090528,345452.06
20090527,48282.532999999996
20090526,117048.20000000001
20090525,0.0
20090522,622262.22
20090521,11682.202
20090520,135692.788
20090519,39314.88
20090518,48793.2
20090515,44646.381
20090514,73343.1
20090513,80393.36699999998
20090512,158184.722
20090511,149942.376
20090508,85439.2
20090507,521540.47
20090506,767162.334
20090505,171509.996
20090504,0.0
20090501,141995.51200000002
20090430,351890.95200000005
20090429,169130.04
20090428,73198.998
20090427,153560.61
20090424,25842.944
20090423,60316.98
20090422,107699.382
20090421,116390.61600000001
20090420,195612.76
20090417,28513.800000000003
20090416,76737.6
20090415,27962.879999999997
20090414,35564.213
20090413,0.0
20090410,0.0
20090409,363609.2040000001
20090408,142804.206
20090407,418821.774
20090406,198709.056
20090403,200944.36800000002
20090402,440905.546
20090401,139616.688
20090331,56657.490000000005
20090330,258146.388
20090327,80597.47499999999
20090326,16916.582
20090325,174053.88
20090324,211306.275
20090323,109364.58
20090320,58345.98000000001
20090319,40869.780000000006
20090318,26888.820000000003
20090317,16470.989999999998
20090316,41418.74
20090313,55642.020000000004
20090312,62497.125
20090311,183093.41700000002
20090310,141506.12
20090309,328253.552
20090306,55511.61
20090305,245688.216
20090304,90425.21
20090303,43708.89599999999
20090302,13015.608
20090227,53647.734000000004
20090226,56329.354999999996
20090225,190199.88
20090224,757858.26
20090223,282064.554
20090220,354877.81999999995
20090219,65265.431
20090218,291075.32
20090217,148755.75
20090216,9202.599
20090213,171463.80800000002
20090212,106580.0
20090211,101247.00999999998
20090210,93267.52
20090209,360368.87999999995
20090206,141110.241
20090205,0.0
20090204,68927.72499999999
20090203,0.0
20090202,72305.64000000001
20090130,41297.146
20090129,15060.046
20090128,15272.184
20090127,8999.891
20090126,31027.92
20090123,28248.440000000002
20090122,23435.19
20090121,137867.80000000002
20090120,69731.79
20090119,112470.561
20090116,34886.700000000004
20090115,49152.36
20090114,160527.0
20090113,115000.296
20090112,21263.732
20090109,129307.674
20090108,66445.47600000001
20090107,24449.598000000005
20090106,56924.816
20090105,106604.52799999999
20090102,15700.256000000001
20090101,0.0
20081231,30257.208000000002
20081230,53218.314
20081229,26202.181999999997
20081226,0.0
20081225,0.0
20081224,16095.916000000001
20081223,28060.399999999998
20081222,245484.108
20081219,143216.364
20081218,331186.4
20081217,209724.954
20081216,313642.784
20081215,67835.62400000001
20081212,21465.653000000002
20081211,19285.14
20081210,200281.48599999998
20081209,30433.116
20081208,94308.06
20081205,34952.4
20081204,265191.75999999995
20081203,61063.04
20081202,37963.716
20081201,36100.763
20081128,45940.5
20081127,201402.697
20081126,158272.75999999998
20081125,87029.87
20081124,104167.35
20081121,128465.83799999999
20081120,30623.747
20081119,360764.92
20081118,852125.68
20081117,221154.96
20081114,322732.854
20081113,21280.23
20081112,418188.238
20081111,422515.82399999996
20081110,29445.863999999998
20081107,242546.15
20081106,91999.70999999999
20081105,356163.058
20081104,97969.0
20081103,101911.48199999999
20081031,417120.111
20081030,159495.616
20081029,168269.526
20081028,261798.73200000002
20081027,295738.545
20081024,208876.88799999998
20081023,100437.2
20081022,64694.64399999999
20081021,105317.09999999999
20081020,91457.95
20081017,95420.49
20081016,246394.19900000002
20081015,213352.71999999997
20081014,191164.66199999998
20081013,162344.335
20081010,95433.25600000001
20081009,102643.84
20081008,202989.056
20081007,159032.69
20081006,63101.27999999999
20081003,69213.122
20081002,166277.351
20081001,276847.61600000004
20080930,194683.402
20080929,154382.298
20080926,114195.708
20080925,108040.0
20080924,86902.508
20080923,289377.33
20080922,219963.6
20080919,303133.376
20080918,301500.512
20080917,340714.944
20080916,188877.47199999998
20080915,77368.31999999999
20080912,101546.06599999999
20080911,847518.174
20080910,59156.060999999994
20080909,137658.144
20080908,50103.695999999996
20080905,298407.648
20080904,223603.38
20080903,71769.698
20080902,72427.875
20080901,61162.101
20080829,82770.48
20080828,115316.32
20080827,85941.002
20080826,116369.154
20080825,0.0
20080822,112136.486
20080821,68576.277
20080820,47424.304
20080819,46230.462
20080818,23279.009
20080815,38585.61
20080814,89381.56499999999
20080813,172442.42500000002
20080812,214442.19999999998
20080811,294577.19200000004
20080808,86759.04
20080807,140141.736
20080806,126113.787
20080805,438644.663
20080804,247097.56399999998
20080801,136326.704
20080731,207220.72
20080730,65601.888
20080729,231938.59300000002
20080728,25454.224000000002
20080725,80999.77799999999
20080724,54700.725
20080723,245868.38
20080722,434325.03400000004
20080721,56406.64599999999
20080718,369468.45
20080717,180510.41999999998
20080716,84571.11
20080715,116241.91500000001
20080714,30732.489
20080711,106950.568
20080710,95002.2
20080709,97214.454
20080708,328416.123
20080707,151898.838
20080704,0.0
20080703,127270.75499999999
20080702,0.0
20080701,176630.435
20080630,204834.05800000002
20080627,112404.81600000002
20080626,442580.73600000003
20080625,252281.138
20080624,502320.15400000004
20080623,112354.227
20080620,300402.3
20080619,56072.322
20080618,235813.2
20080617,451798.825
20080616,129623.47200000001
20080613,123559.8
20080612,105078.24399999999
20080611,137113.856
20080610,639395.172
20080609,85311.45
20080606,49275.659999999996
20080605,80818.73800000001
20080604,104022.412
20080603,281604.681
20080602,212843.18
20080530,393076.53
20080529,349168.344
20080528,21410.389
20080527,23164.286999999997
20080526,0.0
20080523,51693.928
20080522,53891.082
20080521,65382.886
20080520,126494.40000000001
20080519,119464.896
20080516,43823.92
20080515,42363.75
20080514,365169.287
20080513,326936.048
20080512,76535.336
20080509,256300.11999999997
20080508,346605.16799999995
20080507,211568.235
20080506,311555.094
20080505,0.0
20080502,70671.96800000001
20080501,52396.918000000005
20080430,96973.2
20080429,48686.119999999995
20080428,57683.87
20080425,105684.947
20080424,95492.96500000001
20080423,340781.95800000004
20080422,190179.6
20080421,352375.742
20080418,282263.842
20080417,298958.31
20080416,265548.888
20080415,61226.304
20080414,72005.01
20080411,73076.796
20080410,147827.619
20080409,96627.618
20080408,270596.39999999997
20080407,68413.218
20080404,395539.696
20080403,168027.75
20080402,39225.528
20080401,130496.844
20080331,254361.2
20080328,317087.91
20080327,166314.99599999998
20080326,166763.828
20080325,125002.28000000001
20080324,0.0
20080321,0.0
20080320,349706.5
20080319,85950.2
20080318,217099.34999999998
20080317,482835.067
20080314,166918.24
20080313,43203.006
20080312,105339.0
20080311,148602.332
20080310,90988.368
20080307,249724.556
20080306,73887.242
20080305,224876.938
20080304,210712.108
20080303,210699.15
20080229,293252.68
20080228,194482.22
20080227,34502.975999999995
20080226,336065.282
20080225,41975.92
20080222,197685.748
20080221,158474.24
20080220,227250.92599999998
20080219,585954.648
20080218,120279.31999999999
20080215,143444.635
20080214,345516.738
20080213,209439.25199999998
20080212,368826.00299999997
20080211,262200.743
20080208,42279.702000000005
20080207,151669.18
20080206,639847.9199999999
20080205,164467.098
20080204,731786.04
20080201,112656.08200000001
20080131,200261.77599999998
20080130,30075.708000000002
20080129,221547.005
20080128,44173.759999999995
20080125,30346.804
20080124,75854.59199999999
20080123,50248.35800000001
20080122,40475.507
20080121,70070.364
20080118,23426.941
20080117,51155.42
20080116,0.0
20080115,26868.672
20080114,32793.903000000006
20080111,210201.748
20080110,407183.634
20080109,326818.08
20080108,1370713.063
20080107,302349.94
20080104,32316.564
20080103,58670.100000000006
20080102,56407.39200000001
20080101,0.0
20071231,52742.208
20071228,34277.88
20071227,25682.13
20071226,0.0
20071225,0.0
20071224,778.2
20071221,88046.322
20071220,9742.872
20071219,53209.425
20071218,1372592.364
20071217,23191.807999999997
20071214,40681.44
20071213,5614.759
20071212,30716.355999999996
20071211,9981.73
20071210,9100.18
20071207,20542.054
20071206,40168.98
20071205,34512.21
20071204,22515.519999999997
20071203,37984.454999999994
20071130,19414.35
20071129,46662.161
20071128,102594.49199999998
20071127,41974.416000000005
20071126,19131.84
20071123,51530.700000000004
20071122,69768.97200000001
20071121,73094.462
20071120,66236.55
20071119,119498.08000000002
20071116,82069.666
20071115,52918.23600000001
20071114,63074.33599999999
20071113,46032.25
20071112,39568.452
20071109,82657.608
20071108,216507.12300000002
20071107,119556.626
20071106,78588.734
20071105,70112.12
20071102,333999.09
20071101,385486.428
20071031,129815.93
20071030,966951.7749999999
20071029,349643.282
20071026,116880.40000000001
20071025,450165.3
20071024,147037.184
20071023,150912.608
20071022,187372.02
20071019,28774.170000000002
20071018,1993560.6500000001
20071017,96405.77100000001
20071016,71244.551
20071015,20108.265
20071012,26418.7
20071011,17730.239999999998
20071010,176412.676
20071009,67629.564
20071008,222992.09399999998
20071005,81911.698
20071004,2547698.2189999996
20071003,101777.768
20071002,461701.78599999996
20071001,162145.41
20070928,438681.455
20070927,580117.109
20070926,96338.83
20070925,211850.745
20070924,263749.146
20070921,323736.312
20070920,81885.56000000001
20070919,59981.35499999999
20070918,80656.82400000001
20070917,103336.46399999999
20070914,521442.5040000001
20070913,39245.384000000005
20070912,771142.474
20070911,179290.26299999998
20070910,381022.324
20070907,360762.058
20070906,563779.7459999999
20070905,278938.00800000003
20070904,249747.381
20070903,215374.69799999997
20070831,211637.95
20070830,191304.902
20070829,37034.725
20070828,28667.1
20070827,0.0
20070824,50731.35
20070823,91274.81999999999
20070822,210445.86000000002
20070821,49938.132
20070820,232009.336
20070817,232144.74499999997
20070816,89082.65999999999
20070815,77821.212
20070814,118607.04199999999
20070813,438996.888
20070810,201601.18
20070809,545945.8439999999
20070808,1145920.42
20070807,45672.0
20070806,170318.052
20070803,125186.82399999998
20070802,107091.568
20070801,74569.20800000001
20070731,102855.54000000001
20070730,341151.77600000007
20070727,1018373.4330000001
20070726,110846.12000000001
20070725,263541.096
20070724,70587.35
20070723,51089.853
20070720,92103.735
20070719,156022.566
20070718,189599.323
20070717,401426.795
20070716,48991.176
20070713,42118.195
20070712,59614.72
20070711,54282.07000000001
20070710,42226.85
20070709,19862.57
20070706,330077.165
20070705,7924.880000000001
20070704,131746.538
20070703,195137.54099999997
20070702,225123.498
20070629,5161629.396
20070628,236069.882
20070627,320516.282
20070626,100513.116
20070625,223357.37
20070622,214883.5
20070621,197330.826
20070620,100009.198
20070619,146489.68399999998
20070618,119106.688
20070615,108413.75999999998
20070614,320464.23600000003
20070613,132590.484
20070612,108945.31599999999
20070611,45796.842000000004
20070608,197175.341
20070607,358170.12
20070606,259122.844
20070605,790030.528
20070604,164228.39200000002
20070601,624150.219
20070531,472954.73600000003
20070530,132091.088
20070529,55809.96
20070528,0.0
20070525,59530.77
20070524,55968.735
20070523,100873.444
20070522,200149.872
20070521,200148.48
20070518,258256.18800000002
20070517,92524.03199999999
20070516,50497.896
20070515,324695.751
20070514,274680.75
20070511,281451.5
20070510,86961.25
20070509,342255.55
20070508,495323.25
20070507,0.0
20070504,349061.034
20070503,241397.27999999997
20070502,784677.334
20070501,358064.56200000003
20070430,653594.4389999999
20070427,631930.34
20070426,1023600.844
20070425,321927.372
20070424,311867.82599999994
20070423,3869833.2399999998
20070420,630714.525
20070419,170708.74800000002
20070418,172300.114
20070417,165913.524
20070416,166259.98200000002
20070413,46178.047999999995
20070412,300814.02
20070411,0.0
20070410,372639.00299999997
20070409,0.0
20070406,0.0
20070405,166210.543
20070404,109235.44799999999
20070403,80897.432
20070402,297748.75
20070330,431030.252
20070329,105439.068
20070328,114695.04000000001
20070327,141663.8
20070326,172857.87999999998
20070323,455391.72
20070322,167978.72
20070321,823067.7
20070320,516443.61000000004
20070319,172904.47999999998
20070316,116249.43400000001
20070315,200691.59999999998
20070314,755795.28
20070313,220184.93600000002
20070312,219924.76400000002
20070309,349524.182
20070308,842624.6919999999
20070307,740589.8179999999
20070306,369207.0630000001
20070305,272114.946
20070302,135768.984
20070301,125197.22700000001
20070228,230802.34
20070227,301183.51999999996
20070226,0.0
20070223,1799684.549
20070222,388291.834
20070221,894531.0499999999
20070220,241173.02
20070219,264298.64999999997
20070216,278134.67199999996
20070215,84185.352
20070214,348105.026
20070213,280411.98
20070212,245860.78800000003
20070209,148934.892
20070208,154445.07799999998
20070207,43135.664
20070206,298821.1589999999
20070205,110073.79499999998
20070202,65688.028
20070201,120602.13200000001
20070131,76849.72799999999
20070130,74115.44
20070129,268093.705
20070126,67738.45199999999
20070125,45066.602000000006
20070124,196554.90899999999
20070123,239659.68000000002
20070122,468534.44000000006
20070119,54707.612
20070118,128502.484
20070117,452962.07999999996
20070116,140374.95200000002
20070115,63274.068
20070112,93767.113
20070111,48277.96599999999
20070110,222590.168
20070109,107312.92
20070108,67379.0
20070105,266238.976
20070104,200580.64
20070103,160308.522
20070102,266188.587
20070101,0.0
20061229,0.0
20061228,49096.441999999995
20061227,24432.734999999997
20061226,0.0
20061225,0.0
20061222,140276.07
20061221,108404.124
20061220,103283.59199999999
20061219,73325.895
20061218,97402.075
20061215,60784.732
20061214,22147.908
20061213,55571.302
20061212,102912.56
20061211,446097.63200000004
20061208,227621.59199999998
20061207,180893.56200000003
20061206,83452.14
20061205,54262.944
20061204,94157.298
20061201,26820.045
20061130,154281.12
20061129,173915.78399999999
20061128,483661.2079999999
20061127,58238.67
20061124,78023.118
20061123,103205.48
20061122,250763.54099999997
20061121,435812.5889999999
20061120,169666.256
20061117,477750.69
20061116,710938.167
20061115,180038.66999999998
20061114,459983.196
20061113,92390.844
20061110,81295.86600000001
20061109,334942.104
20061108,691598.496
20061107,365682.696
20061106,936633.727
20061103,467582.73900000006
20061102,269396.28
20061101,163370.508
20061031,163707.19199999998
20061030,613690.56
20061027,346549.10400000005
20061026,136599.5
20061025,118830.00000000001
20061024,155913.984
20061023,314887.61699999997
20061020,96811.117
20061019,384242.80000000005
20061018,919666.921
20061017,5849104.5600000005
20061016,502536.672
20061013,1873399.0
20061012,480591.60000000003
20061011,515648.744
20061010,476152.30000000005
20061009,605477.476
20061006,452449.62000000005
20061005,244719.47499999998
20061004,1063441.2240000002
20061003,1403806.184
20061002,3411951.79
20060929,252689.646
20060928,370584.135
20060927,206635.844
20060926,200810.152
20060925,204360.58
20060922,212509.278
20060921,452602.92000000004
20060920,498029.267
20060919,186190.15
20060918,262200.962
20060915,692247.75
20060914,840084.0
20060913,582957.195
20060912,381748.171
20060911,144626.432
20060908,883857.501
20060907,2044331.7119999998
20060906,168220.908
20060905,84293.473
20060904,58292.901000000005
20060901,52954.832
20060831,180543.938
20060830,129277.744
20060829,124229.21
20060828,0.0
20060825,74493.434
20060824,190156.71300000002
20060823,143499.312
20060822,86177.376
20060821,104155.08600000001
20060818,349197.082
20060817,251215.19199999998
20060816,177585.786
20060815,106114.128
20060814,107893.124
20060811,91714.41600000001
20060810,126808.22699999998
20060809,183454.176
20060808,456385.05
20060807,490725.783
20060804,864781.5950000001
20060803,250034.49
20060802,927872.778
20060801,259826.71
20060731,412929.61000000004
20060728,293163.912
20060727,356482.944
20060726,342670.468
20060725,0.0
20060724,768718.032
20060721,385613.346
20060720,666066.016
20060719,1559974.72
20060718,1365798.318
20060717,449833.592
20060714,311155.19999999995
20060713,289662.54
20060712,330157.82999999996
20060711,371309.536
20060710,412189.83
20060707,385643.232
20060706,135991.554
20060705,253434.858
20060704,87789.65400000001
20060703,699810.339
20060630,447476.568
20060629,69291.6
20060628,86435.65000000001
20060627,53836.77
20060626,46719.27
20060623,44984.920000000006
20060622,136412.472
20060621,36396.340000000004
20060620,353333.797
20060619,42078.66
20060616,562054.74
20060615,196336.128
20060614,189286.08000000002
20060613,250988.892
20060612,796703.02
20060609,64455.642
20060608,1201817.9249999998
20060607,1980494.0880000002
20060606,200611.008
20060605,57153.525
20060602,152473.494
20060601,649429.462
20060531,2045371.8070000003
20060530,202739.688
20060529,0.0
20060526,592479.68
20060525,886233.87
20060524,618947.217
20060523,410811.29600000003
20060522,210244.11299999998
20060519,358314.66000000003
20060518,142679.37600000002
20060517,189521.888
20060516,213689.98
20060515,479399.76
20060512,747144.7799999999
20060511,407109.96
20060510,902559.665
20060509,518005.81
20060508,142838.80800000002
20060505,64105.255
20060504,563701.62
20060503,223321.308
20060502,477870.78199999995
20060501,0.0
20060428,445583.13099999994
20060427,1146879.056
20060426,62664.221999999994
20060425,177871.26499999998
20060424,74186.98000000001
20060421,195225.404
20060420,174995.016
20060419,200526.10900000003
20060418,565092.416
20060417,0.0
20060414,0.0
20060413,550675.5
20060412,381938.92000000004
20060411,118064.04599999999
20060410,420571.98000000004
20060407,596239.18
20060406,2378234.88
20060405,1023122.5940000002
20060404,731159.604
20060403,301960.07999999996
20060331,194904.15999999997
20060330,117292.193
20060329,266323.564
20060328,135962.062
20060327,229272.55999999997
20060324,933599.9199999999
20060323,754278.0480000001
20060322,1160677.662
20060321,3476557.5480000004
20060320,363662.713
20060317,482647.53
20060316,2117221.92
20060315,461714.926
20060314,585836.388
20060313,619537.568
20060310,500588.448
20060309,126908.52900000001
20060308,229610.55
20060307,243326.95799999998
20060306,554700.421
20060303,556194.7379999999
20060302,318489.94800000003
20060301,411483.553
20060228,109742.47200000002
20060227,707778.8
20060224,277458.4
20060223,525504.375
20060222,162519.608
20060221,1265801.312
20060220,426566.448
20060217,193403.28
20060216,900030.3539999999
20060215,743621.216
20060214,1820485.744
20060213,125951.28000000001
20060210,447865.22000000003
20060209,480675.80000000005
20060208,292972.76399999997
20060207,407129.833
20060206,237285.04
20060203,364012.97400000005
20060202,1559450.404
20060201,1211654.0
20060131,1810716.0159999998
20060130,943950.59
20060127,751479.5199999999
20060126,481566.4
20060125,910093.92
20060124,564353.008
20060123,1332924.52
20060120,920479.776
20060119,625781.112
20060118,617481.4500000001
20060117,1126213.778
20060116,123812.745
20060113,205004.148
20060112,342716.01999999996
20060111,1420602.192
20060110,283302.624
20060109,458332.325
20060106,522086.656
20060105,1693062.338
20060104,977940.704
20060103,1338289.2899999998
20060102,0.0
