20160408,21523.319999999996
20160407,5118.1759999999995
20160406,4701.2
20160405,82098.72
20160404,36056.452
20160401,15464.904
20160331,11414.572
20160330,8795.039999999999
20160329,5584.5
20160328,0.0
20160324,73739.052
20160323,24311.336000000003
20160322,5759.335
20160321,31988.600000000002
20160318,55923.84
20160317,2023.5600000000002
20160316,72190.13799999999
20160315,14358.224
20160314,5811.384000000001
20160311,16316.960000000001
20160310,18579.96
20160309,22611.896
20160308,6346.62
20160307,4694.9220000000005
20160304,5097.735999999999
20160303,11479.104
20160302,4307.0
20160301,15083.552000000001
20160229,13187.304
20160226,166.44000000000003
20160225,7843.2660000000005
20160224,1003.896
20160223,47768.864
20160222,4226.7
20160219,24072.334000000003
20160218,12888.150000000001
20160217,4215.75
20160216,1187.5639999999999
20160215,5658.96
20160212,16882.272
20160211,81555.6
20160210,59184.75
20160209,23040.99
20160208,3518.6
20160205,24702.469999999998
20160204,9121.349999999999
20160203,5503.616
20160202,14420.420000000002
20160201,50220.496
20160129,133172.44
20160128,67762.68800000001
20160127,4509.648
20160126,45713.183999999994
20160125,60093.6
20160122,7008.0
20160121,498984.2
20160120,138145.2
20160119,12048.504
20160118,57237.84
20160115,53847.136000000006
20160114,18904.08
20160113,47834.71
20160112,18834.0
20160111,10170.36
20160108,57632.04000000001
20160107,11212.8
20160106,15452.64
20160105,32902.56
20160104,3826.368
20151231,1854.2
20151230,5716.338000000001
20151229,4298.24
20151228,0.0
20151225,0.0
20151224,0.0
20151223,4140.268
20151222,25296.543999999998
20151221,57244.263999999996
20151218,19162.208
20151217,5580.12
20151216,8549.467999999999
20151215,219549.69
20151214,8350.470000000001
20151211,8363.61
20151210,3032.128
20151209,45305.406
20151208,7953.204
20151207,2397.174
20151204,13175.186
20151203,23510.088
20151202,8123.732
20151201,2029.9840000000002
20151130,4244.512
20151127,6289.388
20151126,2381.9900000000002
20151125,1825.0
20151124,6195.071999999999
20151123,185719.3
20151120,0.0
20151119,3807.972
20151118,12295.536
20151117,0.0
20151116,12812.375999999998
20151113,140543.25
20151112,6167.04
20151111,6167.04
20151110,2233.7999999999997
20151109,170615.016
20151106,18615.0
20151105,32861.68
20151104,10718.736
20151103,7971.6
20151102,5326.664
20151030,18339.79
20151029,3775.56
20151028,387621.82399999996
20151027,6330.852
20151026,598340.85
20151023,217185.22
20151022,132958.112
20151021,203354.64
20151020,8692.11
20151019,33517.07399999999
20151016,508715.1
20151015,3221.636
20151014,3371.724
20151013,3162.0679999999998
20151012,8616.627999999999
20151009,253410.156
20151008,9322.392
20151007,4976.775000000001
20151006,71499.12
20151005,178.996
20151002,8495.156
20151001,7784.72
20150930,2715.6000000000004
20150929,2711.2200000000003
20150928,41128.200000000004
20150925,345479.508
20150924,111507.5
20150923,235203.08
20150922,6396.552
20150921,1062.588
20150918,31656.449999999997
20150917,2104.152
20150916,4738.284000000001
20150915,3161.4840000000004
20150914,1932.0180000000003
20150911,60141.488000000005
20150910,1410.9440000000002
20150909,2821.8880000000004
20150908,2469.152
20150907,8958.56
20150904,1576.8
20150903,17241.14
20150902,11063.296000000002
20150901,5302.72
20150831,0.0
20150828,2089.6980000000003
20150827,3661.6800000000003
20150826,26538.274
20150825,212955.59999999998
20150824,115547.90400000001
20150821,7750.190999999999
20150820,2161.968
20150819,148960.296
20150818,22752.786
20150817,14924.411999999998
20150814,17155.0
20150813,490565.83999999997
20150812,7197.216
20150811,4117.784000000001
20150810,8338.352
20150807,12086.172
20150806,16201.766000000001
20150805,6302.528
20150804,18447.1
20150803,232799.628
20150731,28235.232
20150730,38161.772
20150729,132871.68
20150728,1507.815
20150727,2507.55
20150724,680.0680000000001
20150723,0.0
20150722,67749.402
20150721,3479.91
20150720,2820.7929999999997
20150717,4464.3150000000005
20150716,12457.012
20150715,18453.231999999996
20150714,22498.600000000002
20150713,32348.927999999996
20150710,10632.887999999999
20150709,14333.55
20150708,168.192
20150707,6919.816
20150706,5603.334
20150703,10152.84
20150702,11967.912
20150701,7827.936
20150630,5008.384
20150629,8078.909999999999
20150626,1442.115
20150625,1133.398
20150624,14267.412
20150623,1813.174
20150622,3497.8680000000004
20150619,96973.2
20150618,430076.14200000005
20150617,13680.054
20150616,6446.922
20150615,1844.856
20150612,8527.86
20150611,314600.50800000003
20150610,583985.9839999999
20150609,1263.776
20150608,3366.468
20150605,7259.995999999999
20150604,8412.228000000001
20150603,43741.6
20150602,35718.024
20150601,5953.003999999999
20150529,3989.45
20150528,7923.055000000001
20150527,3220.76
20150526,12692.217999999999
20150525,0.0
20150522,7848.96
20150521,39139.68
20150520,12461.1
20150519,4047.8500000000004
20150518,3022.2000000000003
20150515,59691.80799999999
20150514,15111.365000000002
20150513,2295.12
20150512,11214.552000000001
20150511,52032.064
20150508,11845.418000000001
20150507,2382.7200000000003
20150506,10679.9
20150505,22016.800000000003
20150504,0.0
20150501,17768.346
20150430,152098.128
20150429,14299.824
20150428,10685.74
20150427,15974.736
20150424,18559.519999999997
20150423,6075.0599999999995
20150422,19733.36
20150421,15940.28
20150420,4023.7599999999998
20150417,2762.0280000000002
20150416,6629.567999999999
20150415,945.204
20150414,23342.042
20150413,4821.504
20150410,27131.471999999998
20150409,414186.6699999999
20150408,1989.104
20150407,11595.32
20150406,0.0
20150403,0.0
20150402,207014.568
20150401,3420.7800000000007
20150331,87972.3
20150330,8849.06
20150327,5242.860000000001
20150326,15816.471999999998
20150325,41359.901999999995
20150324,20853.18
20150323,17952.16
20150320,43537.2
20150319,57849.288
20150318,33622.924
20150317,55262.46
20150316,36485.4
20150313,154045.476
20150312,24307.248
20150311,2336.0
20150310,18250.0
20150309,233281.71999999997
20150306,129631.50200000001
20150305,156770.274
20150304,203149.584
20150303,104837.49
20150302,19254.48
20150227,37841.886
20150226,521.5120000000001
20150225,3764.026
20150224,4932.172
20150223,5159.64
20150220,0.0
20150219,2466.086
20150218,256.96
20150217,3340.48
20150216,13858.32
20150213,64576.968
20150212,10738.883999999998
20150211,4732.152
20150210,2797.6520000000005
20150209,5646.696
20150206,2650.5570000000002
20150205,3226.6000000000004
20150204,4646.304
20150203,82609.136
20150202,2969.2999999999997
20150130,385.878
20150129,46926.152
20150128,15202.25
20150127,336918.652
20150126,7399.426000000001
20150123,12290.572000000002
20150122,2236.4280000000003
20150121,2704.504
20150120,2743.0480000000002
20150119,2730.2000000000003
20150116,2824.0779999999995
20150115,17046.960000000003
20150114,5270.892000000001
20150113,3271.86
20150112,6820.973999999999
20150109,4108.44
20150108,5050.651
20150107,58239.108
20150106,2973.85
20150105,64611.57
20150102,3067.168
20150101,0.0
20141231,1410.36
20141230,1868.8000000000002
20141229,7264.151999999999
20141226,0.0
20141225,0.0
20141224,30642.48
20141223,4716.968
20141222,7078.664000000001
20141219,16783.284
20141218,2102.4
20141217,3007.6
20141216,3504.0
20141215,9811.2
20141212,120452.92
20141211,24304.5
20141210,36669.36
20141209,132376.01
20141208,1220.2
20141205,17149.16
20141204,853.3699999999999
20141203,67174.016
20141202,8635.9
20141201,242456.21399999998
20141128,28442.989999999998
20141127,1399.416
20141126,8937.390000000001
20141125,2660.3869999999997
20141124,6491.16
20141121,7516.079999999999
20141120,0.0
20141119,114.099
20141118,341.64
20141117,1381.452
20141114,1621.914
20141113,1024.92
20141112,8189.14
20141111,6605.04
20141110,1150.12
20141107,683.28
20141106,1953.9630000000002
20141105,3651.168
20141104,39313.784999999996
20141103,22131.264
20141031,8850.303000000002
20141030,17246.25
20141029,4240.57
20141028,19712.92
20141027,158431.535
20141024,730180.3099999999
20141023,602.688
20141022,5309.874
20141021,4108.4400000000005
20141020,1866.902
20141017,104880.414
20141016,6407.21
20141015,129518.279
20141014,36832.88
20141013,16901.69
20141010,4553.01
20141009,3765.1940000000004
20141008,36833.61
20141007,5526.684
20141006,5321.992
20141003,635.538
20141002,3023.076
20141001,351208.329
20140930,2491.6359999999995
20140929,166424.894
20140926,56294.67999999999
20140925,3720.518
20140924,5081.311000000001
20140923,3783.9550000000004
20140922,6145.7970000000005
20140919,7865.604
20140918,15093.732000000002
20140917,6306.571999999999
20140916,326.64
20140915,1747.328
20140912,2721.0750000000003
20140911,1952.604
20140910,0.0
20140909,1294.728
20140908,3291.57
20140905,324.339
20140904,6137.475
20140903,6458.376000000001
20140902,5764.81
20140901,142788.0
20140829,5365.5
20140828,20271.734999999997
20140827,12146.396999999999
20140826,36450.944
20140825,0.0
20140822,2735.675
20140821,89620.713
20140820,14016.0
20140819,12643.869
20140818,209.58400000000003
20140815,1970.9269999999997
20140814,833.368
20140813,14092.650000000001
20140812,11593.349
20140811,20239.103999999996
20140808,16064.818000000001
20140807,3819.2140000000004
20140806,617.5799999999999
20140805,16665.754000000004
20140804,1341.8860000000002
20140801,2558.65
20140731,4457.379999999999
20140730,33658.11
20140729,31052.010000000002
20140728,4201.514999999999
20140725,2548.503
20140724,1039.8850000000002
20140723,189.216
20140722,4865.960999999999
20140721,568.524
20140718,94.316
20140717,1830.84
20140716,1238.445
20140715,0.0
20140714,69199.62
20140711,2989.4230000000002
20140710,1906.76
20140709,1148.436
20140708,7117.5
20140707,11980.332
20140704,754.8240000000001
20140703,1976.037
20140702,1213.771
20140701,468.66
20140630,37726.4
20140627,56567.7
20140626,3186.085
20140625,8036.789000000001
20140624,2675.888
20140623,5813.136
20140620,17112.368
20140619,101450.144
20140618,1299.984
20140617,27312.512000000002
20140616,1892.16
20140613,20327.58
20140612,8107.088000000001
20140611,1992.9
20140610,10473.456
20140609,15184.876
20140606,10830.937
20140605,4707.332
20140604,1240.343
20140603,98546.34999999999
20140602,783.7280000000001
20140530,2480.175
20140529,27914.615999999998
20140528,1392.9859999999999
20140527,3290.6939999999995
20140526,0.0
20140523,900.7470000000001
20140522,8874.902
20140521,4201.974
20140520,6000.6
20140519,400.04
20140516,141829.875
20140515,1508.91
20140514,3143.3070000000002
20140513,82703.89
20140512,11081.4
20140509,45633.468
20140508,710.29
20140507,6798.490000000001
20140506,59803.644
20140505,0.0
20140502,208158.40500000003
20140501,3587.2200000000003
20140430,4529.942
20140429,10872.182
20140428,973268.9959999999
20140425,2836.05
20140424,5824.962
20140423,8478.585000000001
20140422,921.99
20140421,0.0
20140418,0.0
20140417,71177.628
20140416,993.311
20140415,13654.65
20140414,5570.7029999999995
20140411,21397.176
20140410,12744.632
20140409,6790.7519999999995
20140408,1067.99
20140407,3869.0730000000003
20140404,98116.668
20140403,17670.379999999997
20140402,2815.6099999999997
20140401,23583.088
20140331,116111.61
20140328,16706.853
20140327,8626.41
20140326,12022.881000000001
20140325,1013.97
20140324,14267.12
20140321,8726.42
20140320,516.475
20140319,0.0
20140318,21181.68
20140317,14916.09
20140314,4572.72
20140313,8935.784
20140312,26585.14
20140311,2049.84
20140310,54025.986
20140307,3574.4449999999997
20140306,10349.94
20140305,145737.19999999998
20140304,9066.599999999999
20140303,1901.577
20140228,2143.134
20140227,6685.997
20140226,202.64800000000002
20140225,10833.199999999999
20140224,3004.0229999999997
20140221,4953.05
20140220,4155.16
20140219,3020.0099999999998
20140218,6651.76
20140217,8736.64
20140214,3464.58
20140213,8885.048999999999
20140212,5128.25
20140211,16328.64
20140210,2340.526
20140207,1229.472
20140206,61714.638
20140205,15840.051
20140204,3602.6399999999994
20140203,4159.467
20140131,20703.676
20140130,11587.29
20140129,4697.842
20140128,13536.098000000002
20140127,57554.441
20140124,200017.664
20140123,912.5730000000001
20140122,4187.206999999999
20140121,15332.992999999999
20140120,13401.34
20140117,1954.94
20140116,478.515
20140115,4714.486
20140114,4013.3940000000002
20140113,5794.74
20140110,4080.846
20140109,2038.89
20140108,3631.166
20140107,2505.36
20140106,23173.412
20140103,2201.169
20140102,11615.76
20140101,0.0
20131231,2147.222
20131230,4905.6
20131227,6600.66
20131226,0.0
20131225,0.0
20131224,4445.991999999999
20131223,1941.8
20131220,6842.29
20131219,4146.619
20131218,3568.021
20131217,7028.002
20131216,16620.275
20131213,10383.885
20131212,19199.292
20131211,654.591
20131210,1778.134
20131209,20685.28
20131206,1543.8039999999999
20131205,1656.954
20131204,21591.648
20131203,10935.253999999999
20131202,808.11
20131129,8043.286
20131128,1538.8400000000001
20131127,0.0
20131126,91.57900000000001
20131125,1086.24
20131122,0.0
20131121,1810.4
20131120,905.2
20131119,2625.08
20131118,2828.75
20131115,456.25
20131114,2917.007
20131113,13263.516
20131112,23244.879
20131111,9263.7
20131108,7681.79
20131107,3416.4
20131106,3603.426
20131105,15108.663999999999
20131104,3052.8599999999997
20131101,5431.200000000001
20131031,82545.11499999999
20131030,16948.774999999998
20131029,8435.295999999998
20131028,9190.7
20131025,8146.8
20131024,6145.14
20131023,797.5980000000001
20131022,3506.92
20131021,16102.632
20131018,1885.4440000000002
20131017,1107.483
20131016,13291.11
20131015,11188.71
20131014,7796.400000000001
20131011,12694.773
20131010,5010.72
20131009,3276.24
20131008,746.352
20131007,2383.742
20131004,3777.5310000000004
20131003,1273.1200000000001
20131002,341514.44
20131001,2335.051
20130930,3363.402
20130927,642.4000000000001
20130926,1781.0540000000003
20130925,8146.799999999999
20130924,1704.6960000000001
20130923,2093.494
20130920,172350.80999999997
20130919,8999.367
20130918,3412.02
20130917,5326.080000000001
20130916,4699.74
20130913,134502.5
20130912,13422.655999999999
20130911,1177.125
20130910,4552.134
20130909,6002.936
20130906,156.14800000000002
20130905,0.0
20130904,550.858
20130903,8158.115
20130902,2376.1499999999996
20130830,4966.92
20130829,5055.104
20130828,158.556
20130827,2434.9880000000003
20130826,0.0
20130823,954.84
20130822,2286.3599999999997
20130821,5869.2
20130820,1399.41
20130819,3606.4919999999997
20130816,43455.44
20130815,2040.3500000000001
20130814,3118.56
20130813,7841.295
20130812,8978.124
20130809,13651.0
20130808,12263.27
20130807,40839.119999999995
20130806,11891.699999999999
20130805,18717.93
20130802,106259.384
20130801,1158375.68
20130731,393702.724
20130730,26244.960000000003
20130729,3433.92
20130726,7473.375
20130725,14384.358
20130724,13980.303000000002
20130723,8605.386
20130722,1071.0559999999998
20130719,842.3470000000001
20130718,3242.587
20130717,3408.21
20130716,2132.928
20130715,2570.1279999999997
20130712,268756.8
20130711,150891.73
20130710,12275.387999999999
20130709,6452.615999999999
20130708,8128.404
20130705,678.681
20130704,3398.296
20130703,1474.6
20130702,1848.725
20130701,2302.618
20130628,4644.99
20130627,135393.027
20130626,79688.625
20130625,291185.685
20130624,92309.95999999999
20130621,10932.480000000001
20130620,6054.911999999999
20130619,744822.139
20130618,8278.2
20130617,3124.4
20130614,656202.11
20130613,114647.065
20130612,3766.8
20130611,46011.316
20130610,11317.92
20130607,12732.660000000002
20130606,6180.18
20130605,42144.36
20130604,5010.72
20130603,27823.949999999997
20130531,958.49
20130530,1353.42
20130529,107747.27
20130528,1241.0
20130527,0.0
20130524,12509.28
20130523,4686.381
20130522,25934.524999999998
20130521,7594.1900000000005
20130520,15925.99
20130517,19296.09
20130516,9088.208
20130515,10795.385999999999
20130514,280539.0
20130513,2915.328
20130510,2580.5499999999997
20130509,4598.416
20130508,12521.544000000002
20130507,12460.369999999999
20130506,0.0
20130503,17774.478000000003
20130502,1027547.9999999999
20130501,264187.0
20130430,12681.56
20130429,2069.55
20130426,4646.45
20130425,3041.764
20130424,7638.719999999999
20130423,335608.00999999995
20130422,2787.2209999999995
20130419,15933.71
20130418,4168.446000000001
20130417,5345.04
20130416,4566.88
20130415,24847.74
20130412,8860.807999999999
20130411,6162.076
20130410,2825.1
20130409,1598.7
20130408,6586.644
20130405,8249.292000000001
20130404,3405.674
20130403,2441.12
20130402,9964.5
20130401,0.0
20130329,0.0
20130328,5912.2699999999995
20130327,18864.66
20130326,13835.544
20130325,9092.880000000001
20130322,1708.7839999999999
20130321,3723.0
20130320,1054.85
20130319,5085.179999999999
20130318,1241.0
20130315,12534.1
20130314,4636.2300000000005
20130313,21999.863999999998
20130312,60449.84
20130311,47580.231999999996
20130308,566943.243
20130307,515012.08
20130306,361843.48000000004
20130305,39986.48
20130304,13265.560000000001
20130301,6851.269
20130228,268.275
20130227,1566.5800000000002
20130226,12067.776
20130225,1553.8780000000002
20130222,1811.86
20130221,3876.8839999999996
20130220,216.08000000000004
20130219,3598.9
20130218,1111.8029999999999
20130215,4657.400000000001
20130214,846.8000000000001
20130213,3133.1600000000003
20130212,3943.46
20130211,10391.55
20130208,6980.99
20130207,4368.32
20130206,42994.08
20130205,5329.0
20130204,18841.3
20130201,34638.5
20130131,3329.676
20130130,47461.68
20130129,23447.6
20130128,50688.572
20130125,1806.75
20130124,30274.56
20130123,17955.08
20130122,11117.535000000002
20130121,3889.4400000000005
20130118,5113.3460000000005
20130117,1492.12
20130116,5571.36
20130115,19819.5
20130114,4623.528
20130111,76567.948
20130110,14092.066000000003
20130109,5625.526
20130108,140709.69
20130107,93607.754
20130104,788.4000000000001
20130103,1904.205
20130102,12814.784999999998
20130101,0.0
20121231,6064.109999999999
20121228,616.704
20121227,0.0
20121226,0.0
20121225,0.0
20121224,2466.816
20121221,20449.927999999996
20121220,151.10999999999999
20121219,51.83
20121218,456.615
20121217,2084.88
20121214,4779.456
20121213,2470.3199999999997
20121212,105368.2
20121211,13445.578000000001
20121210,7774.499999999999
20121207,1710.3899999999996
20121206,16300.9
20121205,271706.292
20121204,7020.702
20121203,6186.531000000001
20121130,2439.514
20121129,6006.44
20121128,99.28
20121127,37905.25
20121126,58022.736
20121123,7562.8
20121122,2021.3699999999997
20121121,6690.45
20121120,21497.04
20121119,13245.12
20121116,2619.2400000000002
20121115,6094.7699999999995
20121114,13599.900000000001
20121113,32039.7
20121112,1303.0500000000002
20121109,3862.4300000000007
20121108,1379.7
20121107,7724.8600000000015
20121106,9555.699999999999
20121105,11126.952
20121102,193121.208
20121101,17018.636
20121031,59841.128000000004
20121030,1473.432
20121029,3708.984
20121026,984.7699999999999
20121025,1451.2399999999998
20121024,3025.6380000000004
20121023,12410.244
20121022,7897.428000000001
20121019,22432.899999999998
20121018,15752.018
20121017,131122.74599999998
20121016,104305.425
20121015,732.5550000000001
20121012,976.74
20121011,537.207
20121010,1219.1
20121009,21716.04
20121008,8391.654
20121005,4352.990000000001
20121004,24925.485
20121003,5251.62
20121002,5515.434
20121001,9417.73
20120928,169267.97999999998
20120927,571.1519999999999
20120926,3062.5280000000002
20120925,5475.876
20120924,10824.075
20120921,14040.82
20120920,2855.541
20120919,27193.960000000003
20120918,992.8
20120917,101662.72
20120914,3772.64
20120913,8705.980000000001
20120912,84761.03000000001
20120911,7992.04
20120910,27512.532
20120907,9106.02
20120906,18314.24
20120905,18067.5
20120904,8376.093
20120903,22565.76
20120831,45285.842000000004
20120830,263.676
20120829,4029.0249999999996
20120828,3096.66
20120827,0.0
20120824,6195.51
20120823,744.6
20120822,7770.412
20120821,14322.6
20120820,4048.58
20120817,1397.2199999999998
20120816,889.14
20120815,1033.6799999999998
20120814,1033.6799999999998
20120813,3170.025
20120810,3190.1
20120809,12975.969000000001
20120808,94947.45
20120807,10860.210000000001
20120806,984.6239999999999
20120803,42698.138
20120802,138175.568
20120801,72407.97
20120731,4686.6
20120730,898.265
20120727,2798.8199999999997
20120726,0.0
20120725,265.72
20120724,0.0
20120723,119.355
20120720,2708.2999999999997
20120719,15103.408
20120718,543.956
20120717,9754.771
20120716,4558.485
20120713,3809.578
20120712,8993.746
20120711,2272.928
20120710,19641.964
20120709,5189.862
20120706,0.0
20120705,5718.528
20120704,646.05
20120703,1444.5240000000001
20120702,10585.0
20120629,4902.972
20120628,7726.32
20120627,9061.052
20120626,5038.46
20120625,383.031
20120622,58121.505
20120621,108567.498
20120620,10626.172
20120619,3985.143
20120618,6471.45
20120615,29546.138000000003
20120614,3922.144
20120613,4327.4400000000005
20120612,7113.12
20120611,2794.4399999999996
20120608,28367.654
20120607,7697.85
20120606,6520.36
20120605,0.0
20120604,0.0
20120601,15334.38
20120531,2730.2
20120530,486.17999999999995
20120529,32882.850000000006
20120528,5666.367
20120525,3000.3
20120524,0.0
20120523,5262.57
20120522,1620.6
20120521,39147.695999999996
20120518,11617.220000000001
20120517,5469.525
20120516,7620.204
20120515,12018.72
20120514,6329.1
20120511,8891.4
20120510,10119.259999999998
20120509,30550.682999999997
20120508,556.99
20120507,0.0
20120504,9788.57
20120503,10735.380000000001
20120502,876.8760000000001
20120501,29831.449999999997
20120430,87486.85
20120427,84202.58
20120426,16249.8
20120425,2353.52
20120424,5731.96
20120423,925.129
20120420,4902.315
20120419,1164.35
20120418,11749.349999999999
20120417,5651.514
20120416,11242.584
20120413,704.8879999999999
20120412,43601.191999999995
20120411,10901.82
20120410,11187.527999999998
20120409,0.0
20120406,0.0
20120405,11782.199999999999
20120404,18796.624
20120403,13185.625
20120402,8044.599999999999
20120330,9766.816
20120329,165460.924
20120328,8206.952000000001
20120327,48912.335999999996
20120326,51289.799999999996
20120323,48479.299999999996
20120322,23084.352
20120321,5949.354
20120320,113760.207
20120319,12572.351999999999
20120316,41983.76
20120315,4660.320000000001
20120314,20104.2
20120313,24519.24
20120312,12535.56
20120309,11786.58
20120308,11339.966
20120307,46357.92
20120306,15202.25
20120305,18505.5
20120302,1309.9850000000001
20120301,991.3399999999999
20120229,4829.972000000001
20120228,2714.9429999999998
20120227,2347.68
20120224,10582.08
20120223,5420.9800000000005
20120222,16777.59
20120221,14723.369999999999
20120220,372.3
20120217,10148.679
20120216,39923.408
20120215,2809.0400000000004
20120214,2802.725
20120213,12477.684
20120210,11584.224
20120209,3035.34
20120208,24933.15
20120207,10573.32
20120206,7714.056
20120203,17457.803999999996
20120202,567.21
20120201,13541.207999999999
20120131,11425.960000000001
20120130,6491.160000000001
20120127,607.36
20120126,1757.4750000000001
20120125,14465.096
20120124,5574.134
20120123,3616.274
20120120,77627.616
20120119,56466.741
20120118,35987.175
20120117,14541.599999999999
20120116,6796.3
20120113,23648.350000000002
20120112,13895.112000000001
20120111,10227.471999999998
20120110,21861.894
20120109,2333.664
20120106,7046.143
20120105,27229.438
20120104,130.232
20120103,4270.5
20120102,0.0
20111230,1419.558
20111229,1024.92
20111228,10331.478000000001
20111227,0.0
20111226,0.0
20111223,65.408
20111222,0.0
20111221,686.7840000000001
20111220,9614.976
20111219,10694.207999999999
20111216,11830.380000000001
20111215,9778.131
20111214,11248.497000000001
20111213,4047.12
20111212,2409.0
20111209,32.12
20111208,3822.28
20111207,171.915
20111206,722.043
20111205,532.6080000000001
20111202,481.36199999999997
20111201,1702.9439999999997
20111130,3142.796
20111129,390.69599999999997
20111128,421.356
20111125,9866.679999999998
20111124,2100.6479999999997
20111123,706.64
20111122,3341.9399999999996
20111121,674.52
20111118,1031.928
20111117,2184.16
20111116,1938.15
20111115,1670.24
20111114,4237.650000000001
20111111,2787.1400000000003
20111110,513.92
20111109,3759.792
20111108,1121.28
20111107,103.806
20111104,1502.34
20111103,6743.594
20111102,2454.8039999999996
20111101,15302.84
20111031,10685.01
20111028,2344.03
20111027,5676.48
20111026,4902.68
20111025,2890.8
20111024,3308.36
20111021,1813.3200000000002
20111020,4639.88
20111019,15312.480000000001
20111018,5898.9839999999995
20111017,38004.384000000005
20111014,3896.886
20111013,10138.969999999998
20111012,62.196000000000005
20111011,178129.34399999998
20111010,335.654
20111007,5267.68
20111006,3483.9249999999997
20111005,8589.91
20111004,14433.122
20111003,521.22
20110930,930.75
20110929,695.398
20110928,2471.196
20110927,90469.995
20110926,6157.404
20110923,18344.024
20110922,335.654
20110921,8914.759999999998
20110920,4415.040000000001
20110919,62790.58500000001
20110916,11039.79
20110915,3087.9
20110914,928.56
20110913,1004.48
20110912,8039.0520000000015
20110909,6874.409999999999
20110908,1477.5199999999998
20110907,24236.292
20110906,1813.3200000000002
20110905,5321.7
20110902,57656.86
20110901,167.9
20110831,2081.96
20110830,1056.8210000000001
20110826,1086.24
20110825,1561.4699999999998
20110824,3514.95
20110823,3886.1549999999993
20110822,1712.58
20110819,2744.8
20110818,13029.039999999999
20110817,36842.44300000001
20110816,1282.9750000000001
20110815,8689.92
20110812,7354.0199999999995
20110811,3536.266
20110810,3151.045
20110809,19328.280000000002
20110808,13286.348
20110805,41730.304000000004
20110804,47672.54400000001
20110803,210564.12000000002
20110802,6984.401
20110801,1124.1999999999998
20110729,1565.85
20110728,1960.1960000000001
20110727,18068.23
20110726,865.6340000000001
20110725,2089.26
20110722,3057.678
20110721,1238.08
20110720,516.256
20110719,2659.5359999999996
20110718,11202.288
20110715,562.0999999999999
20110714,2606.538
20110713,14649.202
20110712,3429.5399999999995
20110711,7931.741999999999
20110708,1770.6150000000002
20110707,0.0
20110706,35134.608
20110705,210314.752
20110704,16102.632
20110701,59208.84
20110630,18816.48
20110629,3985.07
20110628,72572.22
20110627,26303.870999999996
20110624,23627.471999999998
20110623,78198.768
20110622,41553.06
20110621,43719.7
20110620,106562.48000000001
20110617,325696.80000000005
20110616,97171.76
20110615,135602.632
20110614,115908.312
20110613,58377.73499999999
20110610,143638.44999999998
20110609,156446.884
20110608,13227.016
20110607,9205.008
20110606,434.42300000000006
20110603,4818.146
20110602,7436.583
20110601,1193.5500000000002
20110531,1863.033
20110527,826.2870000000001
20110526,629.5520000000001
20110525,3934.7000000000003
20110524,0.0
20110523,7239.848
20110520,12451.463999999998
20110519,6602.12
20110518,11366.1
20110517,11037.6
20110516,1345.536
20110513,68846.59199999999
20110512,0.0
20110511,40829.484
20110510,8105.409
20110509,3151.5559999999996
20110506,3435.2340000000004
20110505,8200.235999999999
20110504,5192.344
20110503,4678.059
20110428,29419.0
20110427,26954.374
20110426,4943.268
20110421,2733.777
20110420,2621.4300000000003
20110419,0.0
20110418,1557.528
20110415,1797.552
20110414,14180.25
20110413,0.0
20110412,5104.889999999999
20110411,40966.067
20110408,5277.023999999999
20110407,0.0
20110406,0.0
20110405,727.08
20110404,10912.77
20110401,0.0
20110331,52348.299999999996
20110330,2322.495
20110329,22915.284
20110328,1752.876
20110325,0.0
20110324,1701.6299999999999
20110323,0.0
20110322,59215.62900000001
20110321,4226.992
20110318,4012.956
20110317,3627.9539999999997
20110316,2276.505
20110315,6190.107999999999
20110314,15544.62
20110311,4802.378
20110310,6951.790000000001
20110309,1818.43
20110308,78656.77
20110307,9208.22
20110304,115799.17
20110303,1449.123
20110302,36373.71
20110301,5053.352
20110228,2000.2730000000001
20110225,10869.408000000001
20110224,1998.5940000000003
20110223,2738.8140000000003
20110222,11907.394999999999
20110221,1992.5349999999999
20110218,2233.8
20110217,87198.5
20110216,51817.590000000004
20110215,178.85
20110214,6832.070000000001
20110211,269061.94
20110210,17417.07
20110209,0.0
20110208,405.515
20110207,4534.395
20110204,5360.974
20110203,376.68
20110202,7985.616
20110201,0.0
20110131,0.0
20110128,20755.068
20110127,1506.72
20110126,65450.340000000004
20110125,19359.600000000002
20110124,1860.0400000000002
20110121,6440.79
20110120,5752.035
20110119,2631.65
20110118,5639.25
20110117,1794.4130000000002
20110114,4560.675
20110113,15943.2
20110112,2518.2080000000005
20110111,9836.75
20110110,1747.6200000000001
20110107,1011.634
20110106,4660.32
20110105,4280.866
20110104,354.78
20101231,197.1
20101230,551.88
20101229,591.3
20101227,0.0
20101224,0.0
20101223,15074.646
20101222,5099.049999999999
20101221,13580.262999999999
20101220,8372.224
20101217,14555.616
20101216,0.0
20101215,835.704
20101214,870.525
20101213,7556.156999999999
20101210,955.9350000000001
20101209,3151.045
20101208,5641.0019999999995
20101207,1290.129
20101206,1744.992
20101203,545.3100000000001
20101202,145.41600000000003
20101201,1054.266
20101130,290.83200000000005
20101129,290.83200000000005
20101126,436.248
20101125,689.3389999999999
20101124,6566.861000000001
20101123,1596.364
20101122,2125.468
20101119,1282.61
20101118,36.646
20101117,2088.822
20101116,5350.316
20101115,787.9620000000001
20101112,5547.927
20101111,8731.895
20101110,14030.208
20101109,4526.73
20101108,5164.0199999999995
20101105,10272.122000000001
20101104,20081.424
20101103,21679.248000000003
20101102,150.38
20101101,339.66900000000004
20101029,4690.25
20101028,6153.608
20101027,10554.047999999999
20101026,7002.963
20101025,186.15
20101022,4279.041
20101021,10236.060000000001
20101020,16952.352000000003
20101019,3270.6919999999996
20101018,876.0
20101015,3759.5000000000005
20101014,13556.538000000002
20101013,2609.166
20101012,15178.89
20101011,4195.821
20101008,5676.48
20101007,22495.242
20101006,23720.984999999997
20101005,3360.555
20101004,17394.294
20101001,7761.578999999999
20100930,8842.125
20100929,513.774
20100928,20188.296000000002
20100927,7219.7
20100924,0.0
20100923,6453.929999999999
20100922,2637.125
20100921,347128.14
20100920,9964.5
20100917,7659.963
20100916,179.142
20100915,31528.992
20100914,3124.3999999999996
20100913,3713.875
20100910,0.0
20100909,7573.75
20100908,5503.908
20100907,92.199
20100906,4568.34
20100903,6163.8279999999995
20100902,1003.75
20100901,0.0
20100831,2882.0400000000004
20100830,0.0
20100827,1957.5680000000002
20100826,372.3
20100825,1706.375
20100824,2057.2859999999996
20100823,350.911
20100820,1882.159
20100819,16046.203
20100818,13911.537000000002
20100817,59.86000000000001
20100816,0.0
20100813,3651.46
20100812,10636.538
20100811,3218.1319999999996
20100810,14973.03
20100809,7369.131
20100806,384839.06399999995
20100805,6890.762
20100804,101852.52
20100803,13827.660000000002
20100802,29528.500000000004
20100730,1393.57
20100729,31991.519999999997
20100728,60931.129
20100727,4552.499
20100726,1830.1829999999998
20100723,3030.3029999999994
20100722,1800.1799999999998
20100721,1376.78
20100720,16611.15
20100719,1096.606
20100716,12092.303999999998
20100715,11205.134999999998
20100714,40852.625
20100713,0.0
20100712,0.0
20100709,6870.686999999999
20100708,50454.096
20100707,1608.336
20100706,605.9
20100705,8543.92
20100702,288.35
20100701,1903.1100000000001
20100630,2483.46
20100629,9000.9
20100628,66260.348
20100625,967.98
20100624,580.788
20100623,0.0
20100622,3589.41
20100621,1752.657
20100618,1157.415
20100617,26852.028000000002
20100616,4284.735
20100615,15495.345000000001
20100614,621875.32
20100611,5846.935
20100610,0.0
20100609,272.655
20100608,3241.5649999999996
20100607,1073.1000000000001
20100604,55860.111000000004
20100603,6175.8
20100602,61.75800000000001
20100601,216.153
20100531,0.0
20100528,16512.016
20100527,4006.2400000000002
20100526,306.74600000000004
20100525,2774.0
20100524,1465.2559999999999
20100521,12856.760000000002
20100520,6790.898
20100519,0.0
20100518,3643.7220000000007
20100517,5255.562
20100514,386.316
20100513,4261.01
20100512,8194.25
20100511,3293.322
20100510,2127.585
20100507,26278.029
20100506,122136.592
20100505,3722.7079999999996
20100504,5261.256
20100503,0.0
20100430,1458.54
20100429,53109.836
20100428,13554.640000000001
20100427,3608.682
20100426,6614.530000000001
20100423,5373.968
20100422,1127.412
20100421,3382.1629999999996
20100420,1683.015
20100419,2581.28
20100416,15978.24
20100415,11350.989
20100414,3926.8890000000006
20100413,201721.99499999997
20100412,20259.69
20100409,0.0
20100408,4982.25
20100407,802.27
20100406,227.76
20100405,0.0
20100402,0.0
20100401,1981.5119999999997
20100331,825.192
20100330,0.0
20100329,10693.332
20100326,1142.45
20100325,7558.42
20100324,62051.46
20100323,2794.44
20100322,1618.264
20100319,0.0
20100318,688.025
20100317,1560.229
20100316,77871.728
20100315,344745.42000000004
20100312,7679.161999999999
20100311,12615.494999999999
20100310,746.352
20100309,5721.375
20100308,17954.715
20100305,998.64
20100304,41.902
20100303,1361.815
20100302,8468.0
20100301,4455.044
20100226,22658.908
20100225,32915.700000000004
20100224,700.8
20100223,1314.0
20100222,0.0
20100219,0.0
20100218,0.0
20100217,0.0
20100216,1051.1999999999998
20100215,1788.5
20100212,0.0
20100211,0.0
20100210,0.0
20100209,0.0
20100208,0.0
20100205,772.6320000000001
20100204,0.0
20100202,0.0
20100201,0.0
20100129,699.048
20100128,0.0
20100127,0.0
20100126,0.0
20100125,0.0
20100122,0.0
20100121,0.0
20100120,1839.6000000000001
20100119,735.84
20100118,0.0
20100115,1876.1000000000001
20100114,93.805
20100113,0.0
20100112,365.0
20100111,0.0
20100108,919.8000000000001
20100107,55.188
20100106,80482.5
20100105,0.0
20100104,16826.5
20100101,0.0
20091231,0.0
20091230,0.0
20091228,0.0
20091224,0.0
20091223,0.0
20091222,0.0
20091221,0.0
20091218,0.0
20091217,0.0
20091216,0.0
20091215,0.0
20091214,0.0
20091211,0.0
20091210,6570.0
20091209,0.0
20091208,0.0
20091207,0.0
20091204,0.0
20091203,0.0
20091202,0.0
20091201,0.0
20091130,0.0
20091127,357.7
20091126,0.0
20091125,0.0
20091124,493.48
20091123,584.73
20091120,1927.2
20091119,0.0
20091118,0.0
20091117,0.0
20091116,0.0
20091112,573.78
20091111,0.0
20091110,0.0
20091109,0.0
20091106,0.0
20091105,0.0
20091104,0.0
20091103,211.7
20091102,0.0
20091030,387.63
20091029,2153.5
20091028,0.0
20091027,0.0
20091026,0.0
20091023,0.0
20091022,0.0
20091021,0.0
20091020,0.0
20091019,0.0
20091016,0.0
20091015,0.0
20091014,0.0
20091013,0.0
20091012,0.0
20091009,0.0
20091008,0.0
20091007,0.0
20091006,0.0
20091005,0.0
20091002,0.0
20091001,0.0
20090930,0.0
20090929,0.0
20090928,0.0
20090925,0.0
20090924,0.0
20090923,0.0
20090922,0.0
20090921,0.0
20090918,0.0
20090917,0.0
20090916,0.0
20090915,0.0
20090914,0.0
20090911,0.0
20090910,0.0
20090909,0.0
20090908,0.0
20090907,0.0
20090904,0.0
20090903,0.0
20090902,0.0
20090901,0.0
20090831,0.0
20090828,0.0
20090827,0.0
20090826,0.0
20090825,0.0
20090824,0.0
20090821,0.0
20090820,0.0
20090819,0.0
20090818,0.0
20090817,0.0
20090814,0.0
20090813,0.0
20090812,0.0
20090811,4239.839999999999
20090810,0.0
20090807,1902.4530000000002
20090806,114.975
20090805,481.79999999999995
20090804,11635.47
20090803,0.0
20090731,597.87
20090730,773.8
20090729,15476.0
20090728,0.0
20090727,0.0
20090724,9130.84
20090723,0.0
20090722,0.0
20090721,2244.75
20090720,157163.16000000003
20090717,269.37
20090716,1533.0
20090715,271.99800000000005
20090714,9504.6
20090713,275.502
20090710,113.442
20090709,0.0
20090708,0.0
20090707,0.0
20090706,126.72800000000001
20090703,0.0
20090702,0.0
20090701,0.0
20090630,129.648
20090629,1591.3999999999999
20090626,0.0
20090625,17123.463999999996
20090624,0.0
20090623,315.36
20090622,261.165
20090619,709.56
20090618,75.04400000000001
20090617,4304.08
20090616,0.0
20090615,203.67000000000002
20090612,35183.728
20090611,6986.684
20090610,0.0
20090609,0.0
20090608,267.61800000000005
20090605,0.0
20090604,0.0
20090603,0.0
20090602,595.6800000000001
20090601,1352.325
20090529,0.0
20090528,219.0
20090527,452.6
20090526,496.254
20090525,0.0
20090522,10070.35
20090521,0.0
20090520,2089.2599999999998
20090519,0.0
20090518,0.0
20090515,0.0
20090514,692.04
20090513,692.04
20090512,361.35
20090511,5485.22
20090508,7341.317999999999
20090507,25024.984
20090506,0.0
20090505,0.0
20090504,0.0
20090501,314.265
20090430,4036.608
20090429,483.99
20090428,391.86400000000003
20090427,1139.968
20090424,212.86799999999997
20090423,3654.234
20090422,1423.8650000000002
20090421,169.0
20090420,335.8
20090417,11161.699999999999
20090416,0.0
20090415,0.0
20090414,150.38
20090413,0.0
20090410,0.0
20090409,0.0
20090408,709.257
20090407,0.0
20090406,0.0
20090403,2369.9449999999997
20090402,252.288
20090401,0.0
20090331,0.0
20090330,0.0
20090327,670.16
20090326,0.0
20090325,144.832
20090324,573.78
20090323,126.72799999999998
20090320,72.12400000000001
20090319,414.71299999999997
20090318,0.0
20090317,0.0
20090316,0.0
20090313,315.36
20090312,156663.84
20090311,0.0
20090310,0.0
20090309,846.8000000000001
20090306,0.0
20090305,0.0
20090304,0.0
20090303,0.0
20090302,112.41999999999999
20090227,80.3
20090226,160.6
20090225,26631.495
20090224,63.145
20090223,24790.727000000003
20090220,1894.3500000000001
20090219,0.0
20090218,0.0
20090217,876.0
20090216,0.0
20090213,2959.8579999999997
20090212,0.0
20090211,1443.94
20090210,529.98
20090209,0.0
20090206,0.0
20090205,1261.44
20090204,0.0
20090203,0.0
20090202,0.0
20090130,707.662
20090129,0.0
20090128,0.0
20090127,0.0
20090126,0.0
20090123,154203.448
20090122,0.0
20090121,0.0
20090120,13700.64
20090119,2585.96
20090116,0.0
20090115,0.0
20090114,1173.84
20090113,0.0
20090112,9657.9
20090109,0.0
20090108,24978.848
20090107,0.0
20090106,0.0
20090105,0.0
20090102,1235.16
20090101,0.0
20081231,4161.0
20081230,1173.84
20081229,0.0
20081226,0.0
20081225,0.0
20081224,0.0
20081223,373.76
20081222,0.0
20081219,0.0
20081218,1139.9679999999998
20081217,280.32
20081216,91.435
20081215,0.0
20081212,0.0
20081211,0.0
20081210,0.0
20081209,148.048
20081208,927.027
20081205,1052.1779999999999
20081204,0.0
20081203,0.0
20081202,122.63999999999999
20081201,0.0
20081128,1752.0
20081127,94672.24
20081126,0.0
20081125,713.648
20081124,29.784
20081121,744.5999999999999
20081120,15184.0
20081119,6073.6
20081118,0.0
20081117,0.0
20081114,1051.565
20081113,173.01
20081112,1107.264
20081111,71.54
20081110,72.70800000000001
20081107,90.52
20081106,1264.287
20081105,2399.364
20081104,0.0
20081103,0.0
20081031,1879.02
20081030,2956.5
20081029,15.768
20081028,473.04
20081027,3581.3799999999997
20081024,986.2299999999999
20081023,0.0
20081022,2197.2999999999997
20081021,1003.02
20081020,872.35
20081017,0.0
20081016,1895.08
20081015,411.35499999999996
20081014,538.74
20081013,213.744
20081010,1851.15
20081009,1007.765
20081008,0.0
20081007,2316.5820000000003
20081006,443.25600000000003
20081003,0.0
20081002,0.0
20081001,557.793
20080930,1239.54
20080929,1069.4499999999998
20080926,216.08
20080925,131.838
20080924,0.0
20080923,0.0
20080922,22.01
20080919,21.754
20080918,8498.49
20080917,186329.58000000002
20080916,1886.2469999999998
20080915,0.0
20080912,3702.56
20080911,0.0
20080910,0.0
20080909,1933.551
20080908,218.781
20080905,6508.607
20080904,1001.56
20080903,0.0
20080902,24.236000000000004
20080901,5840.876000000001
20080829,670.14
20080828,972.36
20080827,432.16
20080826,1588.188
20080825,0.0
20080822,417.56
20080821,246.15599999999998
20080820,205.13
20080819,918.6320000000001
20080818,205.13
20080815,1425.471
20080814,1543.95
20080813,1053.609
20080812,4077.7800000000007
20080811,3251.785
20080808,4324.885
20080807,234863.776
20080806,19140.381
20080805,548.793
20080804,17951.868
20080801,0.0
20080731,182.28100000000003
20080730,0.0
20080729,15653.025
20080728,101.178
20080725,50.150999999999996
20080724,50.150999999999996
20080723,1422.6240000000003
20080722,886.0009999999999
20080721,986.303
20080718,348.94
20080717,52.341
20080716,52.341
20080715,34.894
20080714,3646.423
20080711,383.0420000000001
20080710,9832.224
20080709,9192.89
20080708,244.842
20080707,18.907
20080704,1956.3999999999999
20080703,480.048
20080702,0.0
20080701,204.4
20080630,7402.2
20080627,0.0
20080626,5347.25
20080625,769.7850000000001
20080624,0.0
20080623,0.0
20080620,1040.25
20080619,0.0
20080618,0.0
20080617,361.13100000000003
20080616,0.0
20080613,0.0
20080612,2138.8999999999996
20080611,85.556
20080610,1096.398
20080609,192.501
20080606,149.72299999999998
20080605,941.116
20080604,128.33399999999997
20080603,0.0
20080602,2416.957
20080530,419.02
20080529,1614.687
20080528,43.582
20080527,913.668
20080526,0.0
20080523,2345.49
20080522,23173.12
20080521,0.0
20080520,0.0
20080519,280.32
20080516,0.0
20080515,0.0
20080514,0.0
20080513,0.0
20080512,18418.995
20080509,2529.45
20080508,381.93600000000004
20080507,87320.118
20080506,332.15
20080505,0.0
20080502,0.0
20080501,23154.87
20080430,0.0
20080429,501.29100000000005
20080428,1647.0990000000002
20080425,119.355
20080424,0.0
20080423,4678.716
20080422,0.0
20080421,0.0
20080418,0.0
20080417,2090.355
20080416,0.0
20080415,0.0
20080414,0.0
20080411,7190.208
20080410,0.0
20080409,0.0
20080408,1241.0
20080407,951.4819999999999
20080404,53215.905
20080403,25639.059999999998
20080402,2347.545
20080401,23032.96
20080331,0.0
20080328,5583.477999999999
20080327,3835.785
20080326,29992.05
20080325,18921.6
20080324,0.0
20080321,0.0
20080320,14833.965
20080319,1054.12
20080318,4795.589
20080317,378.14
20080314,7017.709
20080313,1407.2939999999999
20080312,0.0
20080311,27417.997
20080310,1059.668
20080307,8951.406
20080306,35543.346
20080305,16329.005000000001
20080304,295844.472
20080303,6697.750000000001
20080229,10687.2
20080228,7075.889999999999
20080227,52122.0
20080226,105382.8
20080225,972.3600000000001
20080222,157.242
20080221,1077.48
20080220,0.0
20080219,133.225
20080218,322.368
20080215,0.0
20080214,729.2700000000001
20080213,0.0
20080212,4018.6500000000005
20080211,376.09599999999995
20080208,672.525
20080207,6294.834
20080206,812.49
20080205,622.848
20080204,459.17
20080201,392059.93200000003
20080131,389.82
20080130,4005.6559999999995
20080129,144958.728
20080128,3571.96
20080125,393.65999999999997
20080124,946.6450000000001
20080123,974.75
20080122,6971.427
20080121,0.0
20080118,355.224
20080117,987.6899999999999
20080116,0.0
20080115,0.0
20080114,228.41699999999997
20080111,0.0
20080110,2001.66
20080109,0.0
20080108,64.24
20080107,46086.944
20080104,78801.748
20080103,73067.775
20080102,174288.13199999998
20080101,0.0
20071231,2363.0099999999998
20071228,7589.445
20071227,3712.05
20071226,0.0
20071225,0.0
20071224,9817.039999999999
20071221,122026.8
20071220,84258.79000000001
20071219,147813.408
20071218,25497.367
20071217,2787.578
20071214,1110.768
20071213,27172.206
20071212,1292.1000000000001
20071211,76635.4
20071210,658.8249999999999
20071207,107.748
20071206,2241.8300000000004
20071205,0.0
20071204,57.524
20071203,14107.688
20071130,0.0
20071129,0.0
20071128,1820.62
20071127,8275.279999999999
20071126,7747.715999999999
20071123,33822.36
20071122,8225.421
20071121,3851.991
20071120,2553.5399999999995
20071119,556917.0730000001
20071116,4493.88
20071115,0.0
20071114,12003.39
20071113,612.105
20071112,92.054
20071109,0.0
20071108,9175.005
20071107,408.8
20071106,0.0
20071105,4405.549999999999
20071102,829.28
20071101,838016.6400000001
20071031,5045.76
20071030,6950.695
20071029,6240.405000000001
20071026,0.0
20071025,0.0
20071024,2038.8899999999996
20071023,1397.0249999999999
20071022,0.0
20071019,4244.22
20071018,0.0
20071017,11798.698
20071016,4927.2080000000005
20071015,15677.48
20071012,6170.7080000000005
20071011,8484.06
20071010,1854.93
20071009,13941.758999999998
20071008,1236.6200000000001
20071005,3372.6000000000004
20071004,8058.907999999999
20071003,2360.82
20071002,0.0
20071001,1284.8000000000002
20070928,31799.895000000004
20070927,445.00800000000004
20070926,1695.06
20070925,113.004
20070924,4255.316
20070921,11706.28
20070920,52756.223999999995
20070919,1830.8399999999997
20070918,196209.4
20070917,4004.4150000000004
20070914,1550.666
20070913,0.0
20070912,424.12999999999994
20070911,2193.485
20070910,1365.1000000000001
20070907,80481.62400000001
20070906,1261.44
20070905,1261.44
20070904,2901.312
20070903,227099.93399999998
20070831,125.852
20070830,1950.7060000000001
20070829,248.20000000000002
20070828,0.0
20070827,0.0
20070824,6928.065
20070823,248.20000000000002
20070822,0.0
20070821,1165.08
20070820,0.0
20070817,8265.79
20070816,4108.4400000000005
20070815,32284.688
20070814,2207.5200000000004
20070813,3104.35
20070810,14209.449999999999
20070809,15178.89
20070808,0.0
20070807,22552.036
20070806,3669.71
20070803,202.794
20070802,135.196
20070801,137205.69
20070731,276.232
20070730,15116.621000000001
20070727,0.0
20070726,73870.16
20070725,268189.59
20070724,30291.788
20070723,2003.8500000000001
20070720,0.0
20070719,3834.544
20070718,9145.44
20070717,10119.552
20070716,1305.167
20070713,9490.0
20070712,4616.5199999999995
20070711,141794.39700000003
20070710,0.0
20070709,275457.908
20070706,0.0
20070705,1461.46
20070704,2294.39
20070703,3380.312
20070702,646.05
20070629,9426.417000000001
20070628,53600.469000000005
20070627,102176.64
20070626,8966.59
20070625,3264.56
20070622,12745.8
20070621,3730.154
20070620,72613.83
20070619,27602.760000000002
20070618,33512.840000000004
20070615,4669.299000000001
20070614,0.0
20070613,1759.4460000000001
20070612,1962.459
20070611,14460.57
20070608,270392.0
20070607,6144.775
20070606,3600.131
20070605,208128.84
20070604,22345.592
20070601,67.306
20070531,8345.944
20070530,0.0
20070529,0.0
20070528,0.0
20070525,161534.4
20070524,4240.277999999999
20070523,2945.404
20070522,153121.15
20070521,0.0
20070518,89988.12199999999
20070517,150294.298
20070516,4778.726
20070515,33177.04
20070514,4365.400000000001
20070511,3828.1200000000003
20070510,49873.74599999999
20070509,57129.799999999996
20070508,1642.5
20070507,0.0
20070504,3492.32
20070503,3321.5
20070502,3230.6879999999996
20070501,0.0
20070430,6648.84
20070427,133.298
20070426,199.947
20070425,14502.18
20070424,5265.271000000001
20070423,66.649
20070420,0.0
20070419,148614.422
20070418,1388.8980000000001
20070417,8201.112000000001
20070416,6657.6
20070413,8730.800000000001
20070412,271.56
20070411,19543.56
20070410,2750.567
20070409,0.0
20070406,0.0
20070405,874.978
20070404,172397.89500000002
20070403,24711.96
20070402,1328.6
20070330,10317.528
20070329,169521.33
20070328,10611.28
20070327,2706.84
20070326,2506.5280000000002
20070323,0.0
20070322,3425.16
20070321,5830.218
20070320,6175.8
20070319,6898.5
20070316,0.0
20070315,6622.56
20070314,4460.3
20070313,3568.2400000000002
20070312,754.8200000000002
20070309,756.426
20070308,13753.199999999999
20070307,0.0
20070306,4460.3
20070305,2882.0400000000004
20070302,8900.159999999998
20070301,2873.2799999999997
20070228,3328.07
20070227,7614.192
20070226,3818.703
20070223,71.83200000000001
20070222,0.0
20070221,0.0
20070220,0.0
20070219,1077.48
20070216,3369.242
20070215,1290.348
20070214,0.0
20070213,5182.416
20070212,7877.430000000001
20070209,1499.2740000000001
20070208,5347.9800000000005
20070207,5477.628
20070206,1188.878
20070205,29388.924
20070202,29892.989000000005
20070201,0.0
20070131,18672.378
20070130,20344.37
20070129,35040.0
20070126,2324.685
20070125,1198.8059999999998
20070124,20330.208
20070123,66570.52500000001
20070122,63204.495
20070119,3139.0
20070118,0.0
20070117,6700.743
20070116,486092.838
20070115,17034.915
20070112,59295.564
20070111,11185.936
20070110,353.685
20070109,707.37
20070108,0.0
20070105,20133.108
20070104,10845.099000000002
20070103,9903.18
20070102,18835.460000000003
20070101,0.0
20061229,715.04
20061228,9913.4
20061227,10203.94
20061226,0.0
20061225,0.0
20061222,0.0
20061221,29455.573
20061220,10768.744
20061219,171916.752
20061218,30775.339999999997
20061215,370124.6
20061214,118811.442
20061213,467689.027
20061212,144493.949
20061211,186296.00000000003
20061208,113189.274
20061207,51930.375
20061206,10759.908000000001
20061205,7358.400000000001
20061204,4847.2
20061201,45852.759999999995
20061130,97387.10999999999
20061129,6051.116
20061128,7003.62
20061127,1153.4
20061124,692.0400000000001
20061123,288.35
20061122,115.34000000000002
20061121,9284.87
20061120,23097.857
20061117,6715.854
20061116,10957.446000000002
20061115,19144.542
20061114,0.0
20061113,1496.5
20061110,5447.26
20061109,54173.3
20061108,4728.9400000000005
20061107,8100.8099999999995
20061106,5587.7119999999995
20061103,23448.33
20061102,20724.7
20061101,27141.4
20061031,12876.032
20061030,20626.515
20061027,83475.938
20061026,8683.35
20061025,55259.248
20061024,587905.5
20061023,1847.7029999999997
20061020,167.97299999999998
20061019,0.0
20061018,2407.613
20061017,24860.003999999997
20061016,4647.253
20061013,5879.054999999999
20061012,14258.068
20061011,226.88400000000001
20061010,6239.31
20061009,1815.0720000000001
20061006,850.815
20061005,0.0
20061004,850.815
20061003,226.88400000000001
20061002,0.0
20060929,7146.8460000000005
20060928,0.0
20060927,0.0
20060926,0.0
20060925,677.1479999999999
20060922,3160.0239999999994
20060921,4609.219999999999
20060920,5840.73
20060919,1387.0
20060918,721.24
20060915,0.0
20060914,29486.524999999998
20060913,6104.260000000001
20060912,914.617
20060911,17485.325
20060908,3816.075
20060907,233872.947
20060906,73691.31
20060905,2457.18
20060904,0.0
20060901,0.0
20060831,580.788
20060830,5227.092000000001
20060829,1460.73
20060828,0.0
20060825,344.92499999999995
20060824,0.0
20060823,3350.7
20060822,3971.2
20060821,0.0
20060818,126212.62000000001
20060817,0.0
20060816,755.55
20060815,1477.666
20060814,867.459
20060811,5095.400000000001
20060810,968.126
20060809,5491.133
20060808,8928.703000000001
20060807,2786.994
20060804,3819.2140000000004
20060803,11509.253
20060802,112162.38299999999
20060801,25433.2
20060731,0.0
20060728,0.0
20060727,0.0
20060726,6241.792
20060725,734.745
20060724,0.0
20060721,0.0
20060720,4126.836
20060719,4876.4
20060718,731.46
20060717,5339.95
20060714,99.28
20060713,1489.1999999999998
20060712,1985.6
20060711,0.0
20060710,0.0
20060707,297.84
20060706,1141.7199999999998
20060705,5956.799999999999
20060704,1241.0
20060703,9637.095
20060630,6580.657999999999
20060629,0.0
20060628,4325.103999999999
20060627,0.0
20060626,0.0
20060623,0.0
20060622,752.192
20060621,281.196
20060620,0.0
20060619,0.0
20060616,5876.5
20060615,3213.606
20060614,0.0
20060613,237.25
20060612,48076.194
20060609,11696.79
20060608,16280.022
20060607,962.14
20060606,2068.6009999999997
20060605,0.0
20060602,0.0
20060601,0.0
20060531,1202.675
20060530,144.321
20060529,0.0
20060526,68326.24799999999
20060525,48253.0
20060524,4825.299999999999
20060523,1785.3609999999999
20060522,7816.985999999999
20060519,438.21900000000005
20060518,5258.628000000001
20060517,2072.616
20060516,14831.775000000001
20060515,50483.004
20060512,7863.925
20060511,3652.92
20060510,0.0
20060509,35260.825000000004
20060508,8472.745
20060505,8168.335000000001
20060504,4261.740000000001
20060503,114965.51000000001
20060502,9395.976
20060501,0.0
20060428,2137.002
20060427,712.334
20060426,4160.2699999999995
20060425,3145.57
20060424,4058.8
20060421,11567.580000000002
20060420,44545.33
20060419,40029.91500000001
20060418,212439.636
20060417,0.0
20060414,0.0
20060413,49448.886
20060412,45486.957
20060411,138918.27
20060410,184761.102
20060407,13572.963000000002
20060406,4672.0
20060405,8035.475
20060404,6920.400000000001
20060403,20841.354
20060331,4086.54
20060330,5357.908
20060329,5857.374
20060328,9762.29
20060327,0.0
20060324,0.0
20060323,1436.64
20060322,12974.654999999999
20060321,1000.5380000000001
20060320,91.25
20060317,173511.875
20060316,8896.875
20060315,23816.25
20060314,52560.0
20060313,170637.5
20060310,0.0
20060309,0.0
20060308,5383.75
20060307,12141.359999999999
20060306,7220.429999999999
20060303,41115.06
20060302,1331.593
20060301,6290.629
20060228,0.0
20060227,91.688
20060224,2292.2
20060223,275.06399999999996
20060222,19178.049
20060221,46777.962
20060220,0.0
20060217,10664.643
20060216,10664.643
20060215,71996.25
20060214,49753.077
20060213,0.0
20060210,5464.1230000000005
20060209,0.0
20060208,553.632
20060207,0.0
20060206,14670.08
20060203,4540.6
20060202,8309.298
20060201,317.842
20060131,5721.156
20060130,1310.423
20060127,0.0
20060126,3117.9030000000002
20060125,23135.744000000002
20060124,77553.73999999999
20060123,36568.619999999995
20060120,0.0
20060119,1795.8
20060118,20831.28
20060117,42090.048
20060116,4504.902999999999
20060113,1789.96
20060112,1208.2230000000002
20060111,984.4780000000001
20060110,4414.018000000001
20060109,42113.335
20060106,35762.554000000004
20060105,16565.16
20060104,0.0
20060103,46866.0
20060102,0.0
