20160408,5752.5
20160407,4505.358
20160406,17978.48
20160405,1123.655
20160404,3673.93
20160401,154.934
20160331,6973.564
20160330,2071.6670000000004
20160329,2772.705
20160328,0.0
20160324,3451.5
20160323,4060.4979999999996
20160322,8176.22
20160321,813.02
20160318,14072.916
20160317,5.369
20160316,4142.567
20160315,383.5
20160314,0.0
20160311,3104.8160000000003
20160310,3451.5
20160309,383.5
20160308,2365.205
20160307,229.333
20160304,306.03299999999996
20160303,746.504
20160302,1408.9789999999998
20160301,308.924
20160229,2166.956
20160226,149.15
20160225,679.025
20160224,678.24
20160223,1976.63
20160222,2445.275
20160219,0.0
20160218,1397.474
20160217,4203.76
20160216,3285.0
20160215,130.67
20160212,958.49
20160211,0.0
20160210,0.0
20160209,8995.06
20160208,751.9
20160205,128.48000000000002
20160204,1679.0
20160203,0.0
20160202,355.51
20160201,0.0
20160129,1522.78
20160128,5110.7300000000005
20160127,312865.61000000004
20160126,0.0
20160125,0.0
20160122,149.139
20160121,187.245
20160120,341.64
20160119,2108.025
20160118,971.9189999999999
20160115,1400.6879999999999
20160114,7697.393999999999
20160113,16414.632
20160112,6860.808
20160111,5261.84
20160108,3039.084
20160107,870.2760000000001
20160106,5896.918000000001
20160105,41.296
20160104,4405.856
20151231,0.0
20151230,1150.5919999999999
20151229,3604.144
20151224,0.0
20151223,233.53599999999997
20151222,1535.072
20151221,9212.568000000001
20151218,0.0
20151217,0.0
20151216,2467.652
20151215,2136.2880000000005
20151214,2825.196
20151211,262.97499999999997
20151210,0.0
20151209,9.42
20151208,83.21
20151207,171.915
20151204,0.0
20151203,75.36
20151202,452.945
20151201,62261.49
20151130,496.905
20151127,1016.5749999999999
20151126,759.095
20151125,839.165
20151124,316.38199999999995
20151123,634.633
20151120,518.051
20151119,1384.2060000000001
20151118,747.931
20151117,57.470000000000006
20151116,21717.092
20151113,1292.2540000000001
20151112,410.50000000000006
20151111,212.78400000000002
20151110,245.388
20151109,10238.514
20151106,489.68399999999997
20151105,247.03199999999998
20151104,1458.54
20151103,0.0
20151102,8791.926000000001
20151030,45.474
20151029,552.552
20151028,665.76
20151027,326.748
20151026,483.552
20151023,17520.0
20151022,399187.944
20151021,310.104
20151020,140181.9
20151019,736.6560000000001
20151016,14144.868
20151015,562.3259999999999
20151014,357.59999999999997
20151013,2314.4550000000004
20151012,0.0
20151009,65.262
20151008,2032.062
20151007,33.971999999999994
20151006,0.0
20151005,3306.9059999999995
20151002,3519.678
20151001,17.88
20150930,0.0
20150929,4218.785999999999
20150928,57.722
20150925,666.596
20150924,0.0
20150923,0.0
20150922,3596.2729999999997
20150921,119302.056
20150918,3767.506
20150917,113346.905
20150916,259.156
20150915,0.0
20150914,10684.383000000002
20150911,493.0
20150910,403.27399999999994
20150909,1715.6399999999999
20150908,4615.491
20150907,1021.124
20150904,688.025
20150903,2573.688
20150902,901.5500000000001
20150901,226.81099999999998
20150831,0.0
20150828,1138.8
20150827,6455.554
20150826,426.101
20150825,7839.689
20150824,13685.528999999999
20150821,678.8340000000001
20150820,703.0179999999999
20150819,2043.978
20150818,388.484
20150817,1469.1399999999999
20150814,10052.269999999999
20150813,7201.744
20150812,949.0
20150811,6435.169000000001
20150810,1891.452
20150807,1114.126
20150806,4414.748
20150805,3305.206
20150804,2205.7879999999996
20150803,7330.96
20150731,1583.92
20150730,1701.8359999999998
20150729,679.63
20150728,13594.462000000001
20150727,6.132
20150724,17520.0
20150723,384.38399999999996
20150722,600.6
20150721,10278.84
20150720,1937.364
20150717,1998.2820000000002
20150716,120.12
20150715,952.38
20150714,1156.584
20150713,24.881999999999998
20150710,6924.918000000001
20150709,204.204
20150708,9221.784
20150707,477.906
20150706,5644.782
20150703,894.0
20150702,621.3299999999999
20150701,3974.724
20150630,4006.86
20150629,5651.646000000001
20150626,5124.599999999999
20150625,4497.714
20150624,0.0
20150623,278.057
20150622,0.0
20150619,3500.861
20150618,2496.794
20150617,12.818
20150616,70.992
20150615,618.222
20150612,49.3
20150611,3133.08
20150610,393.569
20150609,531.85
20150608,0.0
20150605,394.53599999999994
20150604,1034.69
20150603,4572.942999999999
20150602,2078.083
20150601,4707.356
20150529,224.84
20150528,2315.852
20150527,830.96
20150526,15158.0
20150525,0.0
20150522,6412.64
20150521,5697.33
20150520,5306.652
20150519,1790.5759999999998
20150518,100881.60399999999
20150515,9624.846000000001
20150514,3834.6000000000004
20150513,525.888
20150512,6622.902
20150511,8666.254
20150508,6637.099
20150507,7582.656
20150506,560887.4960000002
20150505,1343.2
20150504,0.0
20150501,1780.47
20150430,0.0
20150429,1777.139
20150428,42.185
20150427,2517.294
20150424,0.0
20150423,685.305
20150422,105.19
20150421,0.0
20150420,848.5849999999999
20150417,956.1299999999999
20150416,113.03999999999999
20150415,17.27
20150414,489.84
20150413,901.18
20150410,917.665
20150409,10635.179999999998
20150408,14239.676000000001
20150407,1764.336
20150406,0.0
20150403,0.0
20150402,9382.024000000001
20150401,13760.112
20150331,5855.344
20150330,3449.0280000000002
20150327,719.576
20150326,630.564
20150325,956.6920000000001
20150324,2268.684
20150323,801.8560000000001
20150320,718.08
20150319,2815.657
20150318,10956.704
20150317,1183.336
20150316,986.6120000000001
20150313,3973.3760000000007
20150312,1403.248
20150311,407.66
20150310,9947.652000000002
20150309,3764.86
20150306,5284.543
20150305,4053.544
20150304,963.5999999999999
20150303,4364.304999999999
20150302,411.93899999999996
20150227,6715.488999999999
20150226,1570.0
20150225,2381.6899999999996
20150224,203.60800000000003
20150223,7090.156000000001
20150220,4536.8460000000005
20150219,9339.12
20150218,6301.175000000001
20150217,1544.3010000000002
20150216,1720.3200000000002
20150213,4557.514
20150212,4819.061
20150211,2704.442
20150210,931.905
20150209,839.865
20150206,3068.7670000000003
20150205,3416.985
20150204,2470.6440000000002
20150203,1419.7169999999999
20150202,1349.392
20150130,951.42
20150129,913.74
20150128,4496.799999999999
20150127,1847.16
20150126,835.692
20150123,83321.616
20150122,0.0
20150121,471.9
20150120,5482.884
20150119,12357.732
20150116,367.02600000000007
20150115,474.81
20150114,852.796
20150113,1331.3300000000002
20150112,2406.635
20150109,1699.075
20150108,310.954
20150107,3066.714
20150106,3624.3160000000003
20150105,29302.933999999997
20150102,392.42799999999994
20150101,0.0
20141231,82.824
20141230,76.90799999999999
20141229,5015.781999999999
20141226,0.0
20141225,0.0
20141224,329.32399999999996
20141223,226.77999999999997
20141222,23492.435999999998
20141219,150194.422
20141218,2636.564
20141217,5328.17
20141216,1262.902
20141215,3513.111
20141212,3769.366
20141211,1711.59
20141210,4128.123
20141209,1211.651
20141208,1865.343
20141205,1558.4940000000001
20141204,98.686
20141203,4478.110000000001
20141202,456.50000000000006
20141201,772.633
20141128,1223.2549999999999
20141127,56.202
20141126,959.3779999999999
20141125,3585.096
20141124,14573.95
20141121,4566.48
20141120,2129.7540000000004
20141119,17495.088
20141118,2539.2
20141117,770.2239999999999
20141114,1103.76
20141113,7478.996
20141112,6072.724000000001
20141111,9056.964000000002
20141110,13905.4
20141107,4140.214
20141106,3538.2529999999997
20141105,190.74900000000002
20141104,4947.137
20141103,3766.465
20141031,31516.463999999996
20141030,3195.5000000000005
20141029,2860.4290000000005
20141028,0.0
20141027,881.0450000000001
20141024,337.81
20141023,508.54100000000005
20141022,10440.155
20141021,3574.956
20141020,34.164
20141017,725.328
20141016,1944.72
20141015,1219.416
20141014,1181.868
20141013,22646.352
20141010,1467.95
20141009,785.0
20141008,1440.5819999999999
20141007,880.0879999999999
20141006,1661.407
20141003,137.107
20141002,3624.7150000000006
20141001,145.317
20140930,5886.570000000001
20140929,22093.5
20140926,93.86999999999999
20140925,6342.929999999999
20140924,51.852
20140923,473.84700000000004
20140922,178.94800000000004
20140919,223.68500000000003
20140918,1378.63
20140917,23341.758
20140916,828.0910000000001
20140915,1547.2
20140912,2137.648
20140911,4687.111
20140910,5861.351999999999
20140909,180.614
20140908,4546.073
20140905,49239.761999999995
20140904,1243.2
20140903,1483.944
20140902,4913.4839999999995
20140901,3924.48
20140829,4849.73
20140828,148.031
20140827,14662.739
20140826,400829.86
20140825,0.0
20140822,0.0
20140821,979.0
20140820,0.0
20140819,187.0
20140818,101.72800000000001
20140815,0.0
20140814,820.556
20140813,869.176
20140812,482.443
20140811,458.43999999999994
20140808,5373.325
20140807,455.28000000000003
20140806,787.08
20140805,436.722
20140804,2357.784
20140801,1675.6740000000002
20140731,274.68000000000006
20140730,4215.96
20140729,6630.12
20140728,1435.5600000000002
20140725,184.69
20140724,1001.3409999999999
20140723,585.373
20140722,2611.3559999999998
20140721,2752.68
20140718,7130.838000000001
20140717,2712.996
20140716,980.694
20140715,3596.856
20140714,4475.4839999999995
20140711,683.016
20140710,456.50000000000006
20140709,54.78
20140708,1027.125
20140707,1893.5620000000001
20140704,73.04
20140703,482.97700000000003
20140702,1227.0720000000001
20140701,1946.516
20140630,1300.607
20140627,160.52200000000002
20140626,1004.7130000000001
20140625,370.361
20140624,193.4
20140623,483.5
20140620,1236.7930000000001
20140619,523.8480000000001
20140618,146023.769
20140617,4367.939
20140616,4710.2570000000005
20140613,56.21
20140612,2308.6980000000003
20140611,689.8499999999999
20140610,4102.964999999999
20140609,3136.4959999999996
20140606,274592.221
20140605,4767.776
20140604,433.84
20140603,814.4359999999999
20140602,3041.81
20140530,1355.75
20140529,2584.791
20140528,996.977
20140527,967.967
20140526,0.0
20140523,2070.7400000000002
20140522,2264.714
20140521,48061.943999999996
20140520,487.08399999999995
20140519,7755.9
20140516,9818.115999999998
20140515,880.5079999999999
20140514,183279.196
20140513,10822.116
20140512,1067.625
20140509,1935.72
20140508,440.336
20140507,3349.2639999999997
20140506,1527.94
20140505,0.0
20140502,3875.2800000000007
20140501,101.88
20140430,64.524
20140429,2153.064
20140428,3690.35
20140425,14929.2
20140424,1299.1990000000003
20140423,1466.278
20140422,5226.925
20140421,0.0
20140418,0.0
20140417,17305.915
20140416,2558.6279999999997
20140415,1899.0400000000002
20140414,28674.984
20140411,14140.1
20140410,5176.5
20140409,2707.556
20140408,9135.249
20140407,1678.124
20140404,7434.028
20140403,25912.81
20140402,5629.5199999999995
20140401,18204.16
20140331,8277.98
20140328,6753.214
20140327,7130.64
20140326,2058.6
20140325,7345.548
20140324,5786.721
20140321,559.792
20140320,4535.263999999999
20140319,731.762
20140318,1464.075
20140317,1417.457
20140314,3386.689
20140313,7692.959
20140312,1314.219
20140311,7849.325
20140310,2101.0130000000004
20140307,563.803
20140306,9294.800000000001
20140305,1768.458
20140304,2128.969
20140303,70.50399999999999
20140228,3794.6880000000006
20140227,192065.486
20140226,7614.776000000001
20140225,152.339
20140224,5542.1179999999995
20140221,348.743
20140220,1617.815
20140219,727.226
20140218,178940.09
20140217,2038.741
20140214,1746.233
20140213,709.29
20140212,10084.698
20140211,3855.7259999999997
20140210,466.46999999999997
20140207,462.636
20140206,127927.79999999999
20140205,4035.924
20140204,13573.637999999999
20140203,2156.785
20140131,2704.625
20140130,1157.712
20140129,1958.5700000000002
20140128,146074.6
20140127,2516.018
20140124,6117.37
20140123,6799.03
20140122,1662.75
20140121,6763.328
20140120,2830.37
20140117,29083.2
20140116,2145.435
20140115,1009.7359999999999
20140114,2651.9439999999995
20140113,223.56799999999998
20140110,2266.8239999999996
20140109,6256.374
20140108,11985.165
20140107,12932.388
20140106,113964.75300000001
20140103,32257.24
20140102,11997.44
20140101,0.0
20131231,1499.68
20131230,1396.5700000000002
20131227,1431.974
20131226,0.0
20131225,0.0
20131224,21645.0
20131223,1509.156
20131220,13685.310000000001
20131219,58137.93
20131218,2198.214
20131217,5002.092
20131216,509.328
20131213,976.392
20131212,3301.074
20131211,129001.95000000001
20131210,1051.2
20131209,2518.938
20131206,9031.824
20131205,13784.006
20131204,11537.065999999999
20131203,8574.434
20131202,29891.236999999997
20131129,13268.348
20131128,20463.798
20131127,20114.274
20131126,15961.595999999998
20131125,43033.062
20131122,13677.984000000002
20131121,6406.074
20131120,143.526
20131119,9902.035
20131118,41980.698000000004
20131115,2832.168
20131114,263.968
20131113,3508.6719999999996
20131112,2151.404
20131111,5810.213999999999
20131108,2697.9950000000003
20131107,6291.305
20131106,2585.2000000000003
20131105,5176.150000000001
20131104,2142.112
20131101,9075.36
20131031,397.12
20131030,3681.5359999999996
20131029,2584.784
20131028,930.896
20131025,2493.68
20131024,206.736
20131023,5473.2480000000005
20131022,28692.898
20131021,3584.875
20131018,1635.1509999999998
20131017,7160.57
20131016,3936.893
20131015,906.48
20131014,5003.16
20131011,3317.2419999999997
20131010,983.1940000000001
20131009,4753.76
20131008,1979.434
20131007,2891.468
20131004,15431.23
20131003,3159.5039999999995
20131002,10859.460000000001
20131001,2896.056
20130930,1915.8120000000001
20130927,27296.352
20130926,1398.132
20130925,4717.473
20130924,19034.532
20130923,8325.45
20130920,0.0
20130919,1494.018
20130918,4662.0
20130917,3988.008
20130916,1138.8600000000001
20130913,17827.038
20130912,861.84
20130911,3737.9709999999995
20130910,2518.157
20130909,15493.253999999999
20130906,593.0
20130905,929.055
20130904,255.577
20130903,1768.895
20130902,4779.719999999999
20130830,3386.7
20130829,104.976
20130828,509.328
20130827,2557.278
20130826,0.0
20130823,0.0
20130822,3426.318
20130821,4857.678
20130820,2785.6800000000003
20130819,12876.3
20130816,1690.6150000000002
20130815,1205.0
20130814,4883.865000000001
20130813,1331.52
20130812,3358.0
20130809,460.0
20130808,585.35
20130807,5120.95
20130806,4299.4400000000005
20130805,13440.570000000002
20130802,61.903999999999996
20130801,1429.632
20130731,18870.350000000002
20130730,6931.05
20130729,5173.849999999999
20130726,7333.871999999999
20130725,2297.4559999999997
20130724,1675.818
20130723,3663.2000000000003
20130722,2496.76
20130719,2456.9950000000003
20130718,2032.05
20130717,975.1999999999999
20130716,31284.204000000005
20130715,692.99
20130712,8416.39
20130711,17987.058
20130710,897.184
20130709,2997.291
20130708,1025.073
20130705,518.658
20130704,4863.99
20130703,687.8340000000001
20130702,1603.833
20130701,22520.442000000003
20130628,32303.081999999995
20130627,4883.7
20130626,71162.138
20130625,7207.2
20130624,111311.122
20130621,3034.344
20130620,6686.016
20130619,3648.876
20130618,0.0
20130617,29059.11
20130614,4675.65
20130613,1469.3360000000002
20130612,6057.05
20130611,6920.3099999999995
20130610,5812.803
20130607,7438.172
20130606,4718.736000000001
20130605,1468.3680000000002
20130604,6215.4
20130603,32891.076
20130531,8902.35
20130530,3369.096
20130529,95177.254
20130528,113184.79199999999
20130527,0.0
20130524,97195.072
20130523,713.864
20130522,509.762
20130521,294.81399999999996
20130520,223.82199999999997
20130517,1035.3
20130516,0.0
20130515,11.831999999999999
20130514,1822.128
20130513,0.0
20130510,1474.746
20130509,2399.187
20130508,632.026
20130507,98.6
20130506,0.0
20130503,1731.416
20130502,0.0
20130501,6603.643
20130430,4596.956
20130429,2477.2799999999997
20130426,3179.3039999999996
20130425,0.0
20130424,947.13
20130423,3568.6739999999995
20130422,1816.737
20130419,4636.897
20130418,1812.96
20130417,3808.944
20130416,30711.311999999998
20130415,3657.395
20130412,3198.057
20130411,5974.174
20130410,8026.549
20130409,259.90000000000003
20130408,607.1999999999999
20130405,3313.15
20130404,8355.9
20130403,6117.3279999999995
20130402,6710.787
20130401,0.0
20130329,0.0
20130328,2115.54
20130327,446.78
20130326,13477.696
20130325,3567.2000000000003
20130322,6212.96
20130321,17117.36
20130320,5060.64
20130319,3846.96
20130318,2702.96
20130315,26018.72
20130314,15881.502
20130313,3701.3599999999997
20130312,2867.356
20130311,16304.196
20130308,27514.97
20130307,14236.771999999999
20130306,71706.024
20130305,138572.688
20130304,221983.21200000003
20130301,3140.241
20130228,5105.62
20130227,8663.421
20130226,213633.508
20130225,74623.142
20130222,8438.859
20130221,20938.632
20130220,11486.160000000002
20130219,6129.28
20130218,1665.6000000000001
20130215,2706.6000000000004
20130214,237.34800000000004
20130213,2721.1740000000004
20130212,69.4
20130211,416.40000000000003
20130208,936.28
20130207,0.0
20130206,25267.456000000002
20130205,431.59600000000006
20130204,2849.132
20130201,2036.056
20130131,269.28000000000003
20130130,4747.5560000000005
20130129,1892.44
20130128,2891.53
20130125,3500.192
20130124,748.0
20130123,1176.604
20130122,1279.0800000000002
20130121,264.98999999999995
20130118,5.109999999999999
20130117,1241.0
20130116,12653.82
20130115,703.4279999999999
20130114,10554.324999999999
20130111,17902.547
20130110,12433.256000000001
20130109,1075.006
20130108,662.85
20130107,7280.549999999999
20130104,140.96699999999998
20130103,1428.921
20130102,1530.144
20130101,0.0
20121231,687.447
20121228,4126.023
20121227,102.2
20121225,0.0
20121224,25.47
20121221,594.3000000000001
20121220,616.374
20121219,292.05600000000004
20121218,1981.0
20121217,22.074
20121214,3018.9320000000002
20121213,96.44800000000002
20121212,6372.144
20121211,140.836
20121210,7395.26
20121207,235.93599999999998
20121206,195.64
20121205,5630.344
20121204,883.959
20121203,254.478
20121130,468.076
20121129,1886.612
20121128,1474.43
20121127,434.122
20121126,166.152
20121123,78.25999999999999
20121122,1346.072
20121121,3880.008
20121120,224.54599999999996
20121119,7025.994000000001
20121116,5332.04
20121115,2031.3600000000001
20121114,321.575
20121113,64.6
20121112,3657.025
20121109,4137.400000000001
20121108,318.93600000000004
20121107,607.1840000000001
20121106,294.276
20121105,3571.864
20121102,985.3040000000001
20121101,177.004
20121031,522.418
20121030,538.79
20121029,158.92799999999997
20121026,382.536
20121025,256.239
20121024,778.941
20121023,31.95
20121022,5694.768
20121019,588.5189999999999
20121018,1893.9959999999999
20121017,2609.442
20121016,634.808
20121015,494.06399999999996
20121012,2921.1679999999997
20121011,1439.904
20121010,27.400000000000002
20121009,464.15600000000006
20121008,2047.788
20121005,1868.216
20121004,11085.372
20121003,19092.878
20121002,219.0
20121001,1514.02
20120928,41.747
20120927,957.5
20120926,852.9409999999999
20120925,912.1379999999999
20120924,44.62199999999999
20120921,200.99999999999997
20120920,0.0
20120919,713.5290000000001
20120918,202.60799999999998
20120917,574.8599999999999
20120914,1765.182
20120913,1308.1599999999999
20120912,1001.2679999999999
20120911,763.8720000000001
20120910,371.54400000000004
20120907,1151.348
20120906,39.015
20120905,257.295
20120904,0.0
20120903,204.25499999999997
20120831,1448.3999999999999
20120830,762.268
20120829,512.654
20120828,81.926
20120827,0.0
20120824,70.96600000000001
20120823,740.896
20120822,1085.656
20120821,2.628
20120820,3833.668
20120817,3.948
20120816,49.35
20120815,363.216
20120814,0.658
20120813,0.0
20120810,473.10200000000003
20120809,336.896
20120808,318.14300000000003
20120807,16.45
20120806,0.0
20120803,246.09199999999998
20120802,459.61299999999994
20120801,6.2509999999999994
20120731,0.658
20120730,1138.669
20120727,0.0
20120726,1287.706
20120725,516.11
20120724,4.745
20120723,0.0
20120720,187.24499999999998
20120719,76.285
20120718,1.095
20120717,1941.435
20120716,857.75
20120713,1094.2540000000001
20120712,0.0
20120711,397.12
20120710,41.374
20120709,0.0
20120706,0.0
20120705,58865.338
20120704,0.0
20120703,58.36200000000001
20120702,0.0
20120629,291.262
20120628,829.5
20120627,90.27
20120626,666.8249999999999
20120625,0.0
20120622,0.0
20120621,140.562
20120620,163.51999999999998
20120619,0.0
20120618,975.28
20120615,3247.04
20120614,815.2639999999999
20120613,106.267
20120612,90.475
20120611,116.56
20120608,2.303
20120607,24.017
20120606,136.864
20120605,0.0
20120604,0.0
20120601,28.294
20120531,594.174
20120530,0.0
20120529,2.429
20120528,5075.222
20120525,0.0
20120524,91.25
20120523,273.02
20120522,638.75
20120521,298.767
20120518,1599.323
20120517,1121.424
20120516,115.666
20120515,1215.6479999999997
20120514,847.818
20120511,0.0
20120510,30.400000000000002
20120509,0.0
20120508,491.625
20120507,0.0
20120504,113.05
20120503,427.5
20120502,615.6
20120501,64.6
20120430,0.0
20120427,1801.675
20120426,362.425
20120425,433.2
20120424,831.725
20120423,2071.093
20120420,460.27500000000003
20120419,1468.7
20120418,0.0
20120417,575.824
20120416,154.309
20120413,88.24699999999999
20120412,56.69499999999999
20120411,144.94199999999998
20120410,1336.03
20120409,0.0
20120406,0.0
20120405,256.464
20120404,467.444
20120403,71.24000000000001
20120402,637.8720000000001
20120330,800.08
20120329,1165.596
20120328,280.17
20120327,223.004
20120326,74.712
20120323,283.0
20120322,98.484
20120321,1820.256
20120320,1567.254
20120319,1348.778
20120316,4021.4300000000003
20120315,1309.275
20120314,1419.3200000000002
20120313,1004.0840000000001
20120312,881.84
20120309,1922.186
20120308,2969.802
20120307,0.0
20120306,2730.537
20120305,1817.2620000000002
20120302,222.08
20120301,34.176
20120229,84.72800000000001
20120228,2821.656
20120227,523.6
20120224,11.22
20120223,2843.148
20120222,407.34
20120221,1921.6119999999999
20120220,266.9
20120217,0.0
20120216,646.055
20120215,49.785999999999994
20120214,632.7639999999999
20120213,910.602
20120210,4057.5589999999997
20120209,172.20000000000002
20120208,7441.56
20120207,49095.469999999994
20120206,1596.127
20120203,1525.92
20120202,613.744
20120201,487.00800000000004
20120131,964.048
20120130,39609.799999999996
20120127,639.225
20120126,60.075
20120125,417.825
20120124,576.1890000000001
20120123,7230.942
20120120,780.516
20120119,1921.3739999999998
20120118,4532.528
20120117,1496.61
20120116,485.5230000000001
20120113,55.845
20120112,152.424
20120111,624.15
20120110,6820.974
20120109,274.626
20120106,157.68
20120105,365.29200000000003
20120104,11471.220000000001
20120103,8881.326000000001
20120102,0.0
20111230,284.99199999999996
20111229,621.96
20111228,1330.352
20111227,0.0
20111226,0.0
20111223,4687.184
20111222,530.856
20111221,642.4
20111220,373.76
20111219,0.0
20111216,703.72
20111215,948.416
20111214,0.0
20111213,720.072
20111212,474.208
20111209,12.848
20111208,177.536
20111207,29.2
20111206,811.76
20111205,0.0
20111202,233.6
20111201,1061.712
20111130,1436.056
20111129,340.13
20111128,53533.926
20111125,175.12199999999999
20111124,286.281
20111123,155.25
20111122,319.5
20111121,444.132
20111118,3284.343
20111117,197.10000000000002
20111116,4.599
20111115,1779.1560000000002
20111114,1607.679
20111111,72.927
20111110,80.811
20111109,1315.9710000000002
20111108,32.85
20111107,101.83500000000001
20111104,2522.88
20111103,1069.5960000000002
20111102,3832.938
20111101,871.884
20111031,1902.744
20111028,884.76
20111027,276.816
20111026,1648.632
20111025,6044.4
20111024,0.0
20111021,99.28
20111020,0.0
20111019,0.0
20111018,146.0
20111017,744.6
20111014,0.0
20111013,17.52
20111012,273.31199999999995
20111011,1066.384
20111010,515.12
20111007,794.6
20111006,9469.746
20111005,8286.856000000002
20111004,1121.0819999999999
20111003,0.0
20110930,627.216
20110929,2848.6639999999998
20110928,0.0
20110927,0.0
20110926,93.15
20110923,0.0
20110922,1439.478
20110921,338.445
20110920,332.28
20110919,582.1289999999999
20110916,90.66600000000001
20110915,0.0
20110914,0.0
20110913,1346.193
20110912,3052.35
20110909,29.904000000000003
20110908,178.0
20110907,316.84000000000003
20110906,0.0
20110905,391.6
20110902,692.776
20110901,747.6
20110831,0.0
20110830,106.8
20110826,0.0
20110825,520.472
20110824,91.97999999999999
20110823,0.0
20110822,2473.97
20110819,357.7
20110818,1256.64
20110817,1285.064
20110816,291.46
20110815,1922.869
20110812,602.888
20110811,6.57
20110810,2392.21
20110809,1566.9450000000002
20110808,3273.6759999999995
20110805,2353.725
20110804,1777.996
20110803,2949.115
20110802,250.53599999999997
20110801,1211.7269999999999
20110729,1469.5900000000001
20110728,5272.462000000001
20110727,5483.459000000001
20110726,0.0
20110725,1679.92
20110722,5124.224
20110721,2467.8390000000004
20110720,1911.286
20110719,2885.909
20110718,4300.932
20110715,7008.487999999999
20110714,8792.930999999999
20110713,3810.862
20110712,456.50000000000006
20110711,901.1310000000001
20110708,186.252
20110707,0.0
20110706,89.39999999999999
20110705,581.1
20110704,537.966
20110701,171.6
20110630,1246.6740000000002
20110629,3853.14
20110628,2154.54
20110627,2643.5579999999995
20110624,1331.616
20110623,517.374
20110622,4719.2970000000005
20110621,189.8
20110620,644.2520000000001
20110617,2292.784
20110616,6267.745000000001
20110615,181.91600000000003
20110614,0.0
20110613,2035.28
20110610,5338.32
20110609,18988.587
20110608,3603.3559999999993
20110607,2825.574
20110606,5234.082
20110603,391.93699999999995
20110602,627.5830000000001
20110601,2452.318
20110531,20950.293
20110527,6907.032
20110526,3913.019
20110525,1352.4
20110524,578.16
20110523,2486.088
20110520,669.264
20110519,4161.0
20110518,2639.208
20110517,134.1
20110516,880.5899999999999
20110513,255.64000000000001
20110512,1175.031
20110511,42.826
20110510,1413.2580000000003
20110509,0.0
20110506,2411.6079999999997
20110505,2836.2999999999997
20110504,5641.4400000000005
20110503,16481.524
20110428,2140.068
20110427,1976.5480000000002
20110426,10870.95
20110421,2721.68
20110420,6455.719999999999
20110419,2997.7
20110418,4009.1820000000002
20110415,1795.7189999999998
20110414,27.075999999999997
20110413,5328.17
20110412,6879.407999999999
20110411,2796.9689999999996
20110408,558.4499999999999
20110407,5459.265
20110406,2327.6
20110405,5164.650000000001
20110404,4887.5
20110401,4641.400000000001
20110331,2940.21
20110330,5896.2339999999995
20110329,2649.92
20110328,14759.68
20110325,10755.628
20110324,6833.621999999999
20110323,8782.800000000001
20110322,17504.816
20110321,14039.201000000001
20110318,8629.439
20110317,45331.832
20110316,8791.596
20110315,5727.436000000001
20110314,1557.0169999999998
20110311,1115.7390000000003
20110310,0.0
20110309,14.778000000000002
20110308,194.57700000000003
20110307,2874.3
20110304,1655.94
20110303,1571.544
20110302,2158.116
20110301,791.1899999999999
20110228,7219.9439999999995
20110225,1317.723
20110224,1025.64
20110223,4112.394
20110222,277.692
20110221,0.0
20110218,2187.9
20110217,711.282
20110216,190.476
20110215,2866.92
20110214,3720.36
20110211,294.0
20110210,966.108
20110209,3190.392
20110208,1669.656
20110207,4364.232
20110204,54527.53600000001
20110203,1737.96
20110202,747.318
20110201,2115.1200000000003
20110131,2077.32
20110128,23.52
20110127,208.32000000000002
20110126,145.32000000000002
20110125,1074.3600000000001
20110124,9404.537999999999
20110121,1504.932
20110120,2121.8340000000003
20110119,3150.576
20110118,3792.36
20110117,2826.252
20110114,606.606
20110113,2083.128
20110112,3113.3039999999996
20110111,2553.264
20110110,857.3070000000001
20110107,1222.507
20110106,11340.511
20110105,8101.049
20110104,10525.358999999999
20101231,6027.099
20101230,2359.944
20101229,960.972
20101227,0.0
20101224,0.0
20101223,5797.589999999999
20101222,6.391
20101221,6821.437000000001
20101220,4285.622
20101217,19007.296
20101216,2920.297
20101215,17021.556
20101214,1749.527
20101213,690.3
20101210,2916.134
20101209,1536.3010000000002
20101208,8417.554999999998
20101207,8789.645
20101206,18513.44
20101203,2343.225
20101202,5491.79
20101201,11786.434
20101130,4698.188
20101129,21071.16
20101126,6.39
20101125,1254.357
20101124,974.988
20101123,6217.546
20101122,10978.470000000001
20101119,5779.026
20101118,5783.414
20101117,2109.992
20101116,20013.096
20101115,3164.714
20101112,23333.454
20101111,12847.248000000001
20101110,10644.564
20101109,8767.591999999999
20101108,2031.1479999999997
20101105,8960.168
20101104,2047.995
20101103,10770.345
20101102,315.9
20101101,2373.975
20101029,5283.9
20101028,1179.9
20101027,2439.4100000000003
20101026,947.5400000000001
20101025,708.8299999999999
20101022,586.9200000000001
20101021,3975.58
20101020,1593.5900000000001
20101019,1539.932
20101018,546.104
20101015,17315.025
20101014,11913.044
20101013,21712.893
20101012,46214.848
20101011,4193.1
20101008,4715.874
20101007,8871.585
20101006,8304.012
20101005,337.5
20101004,168.75
20101001,6756.075
20100930,5595.084
20100929,1775.2979999999998
20100928,1501.2450000000001
20100927,3386.4479999999994
20100924,237.888
20100923,2444.403
20100922,219.0
20100921,324.12
20100920,2474.7
20100917,4374.889999999999
20100916,2474.7
20100915,586.9200000000001
20100914,2608.98
20100913,2468.95
20100910,2216.6440000000002
20100909,2808.0779999999995
20100908,6096.883
20100907,6282.188
20100906,5939.252
20100903,1973.3359999999998
20100902,3949.375
20100901,1447.371
20100831,908.6579999999999
20100830,0.0
20100827,139.75
20100826,711.846
20100825,357.844
20100824,3018.258
20100823,694.899
20100820,3892.068
20100819,1688.7
20100818,307.998
20100817,2166.1710000000003
20100816,7798.736000000001
20100813,3053.7780000000002
20100812,5888.607
20100811,1705.4180000000001
20100810,609.18
20100809,6837.038
20100806,6069.896
20100805,2194.86
20100804,5792.514999999999
20100803,46306.312
20100802,90163.03
20100730,30986.309999999998
20100729,29998.619999999995
20100728,3452.211
20100727,8226.960000000001
20100726,2913.546
20100723,24531.564
20100722,26924.843999999997
20100721,582.3199999999999
20100720,0.0
20100719,435.75
20100716,0.0
20100715,0.0
20100714,0.0
20100713,1039.968
20100712,1114.418
20100709,0.0
20100708,125.60000000000001
20100707,0.0
20100706,476.69399999999996
20100705,0.0
20100702,3335.58
20100701,25.56
20100630,0.0
20100629,373.176
20100628,0.0
20100625,345.06
20100624,0.0
20100623,2556.0
20100622,0.0
20100621,13.48
20100618,1527.076
20100617,899.5
20100616,72.184
20100615,9135.39
20100614,4903.092000000001
20100611,1677.472
20100610,35.6
20100609,2994.0
20100608,140.71800000000002
20100607,1874.2440000000001
20100604,1497.0
20100603,2994.0
20100602,0.0
20100601,0.0
20100531,0.0
20100528,1483.527
20100527,3892.2000000000003
20100526,486.52500000000003
20100525,508.9560000000001
20100524,40.82
20100521,3936.744
20100520,3813.5299999999997
20100519,2023.56
20100518,24.089999999999996
20100517,1686.3
20100514,3211.9999999999995
20100513,179.64000000000001
20100512,1533.0
20100511,133.37099999999998
20100510,582.47
20100507,1077.0199999999998
20100506,366.389
20100505,221.805
20100504,737.707
20100503,0.0
20100430,8952.707
20100429,0.0
20100428,3819.725
20100427,2354.4190000000003
20100426,0.0
20100423,0.0
20100422,160.6
20100421,0.0
20100420,0.0
20100419,2112.3959999999997
20100416,7378.8
20100415,355.948
20100414,2938.25
20100413,13.728000000000002
20100412,0.0
20100409,561.9060000000001
20100408,289.168
20100407,114.02599999999998
20100406,160.6
20100405,0.0
20100402,0.0
20100401,0.0
20100331,3725.9199999999996
20100330,2218.05
20100329,303.955
20100326,197.16
20100325,0.0
20100324,164.3
20100323,1467.1989999999998
20100322,1261.8239999999998
20100319,448.539
20100318,443.61
20100317,473.77
20100316,238.41799999999998
20100315,215.233
20100312,1655.6399999999999
20100311,6567.132
20100310,1350.646
20100309,0.0
20100308,150.30700000000002
20100305,0.0
20100304,0.0
20100303,0.0
20100302,0.0
20100301,0.0
20100226,0.0
20100225,0.0
20100224,0.0
20100223,1144.55
20100222,280.935
20100219,0.0
20100218,139.427
20100217,280.935
20100216,0.0
20100215,2.081
20100212,0.0
20100211,2963.8
20100210,0.0
20100209,0.0
20100208,0.0
20100205,0.0
20100204,0.0
20100203,211.70000000000002
20100202,0.0
20100201,276.773
20100129,104.05
20100128,0.0
20100127,6245.150000000001
20100126,0.0
20100125,0.0
20100122,0.0
20100121,219.0
20100120,0.0
20100119,1224.2099999999998
20100118,169.36
20100115,0.0
20100114,211.70000000000002
20100113,127.02000000000001
20100112,292.146
20100111,118.61699999999999
20100108,0.0
20100107,520.25
20100106,624.3
20100105,1300.625
20100104,0.0
20100101,0.0
20091231,0.0
20091230,0.0
20091229,104.05
20091228,0.0
20091224,0.0
20091223,4231.3
20091222,0.0
20091221,0.0
20091218,0.0
20091217,0.0
20091216,0.0
20091215,0.0
20091214,1357.8
20091211,2016.3329999999999
20091210,181.04
20091209,0.0
20091208,72.27
20091207,0.0
20091204,0.0
20091203,197.1
20091202,328.5
20091201,0.0
20091130,715.4000000000001
20091127,0.0
20091126,1364.1750000000002
20091125,94.9
20091124,0.0
20091123,0.0
20091120,0.0
20091119,6159.375
20091118,2173.575
20091117,2281.25
20091116,45.625
20091113,0.0
20091112,27101.25
20091111,0.0
20091110,1414.375
20091109,1186.25
20091106,75.92
20091105,94.9
20091104,474.5
20091103,204.82000000000002
20091102,96.75
20091030,0.0
20091029,944.28
20091028,0.0
20091027,0.0
20091026,0.0
20091023,0.0
20091022,290.25
20091021,0.0
20091020,143.19000000000003
20091019,218.65500000000003
20091016,96.75
20091015,1099.818
20091014,197.10000000000002
20091013,2012.327
20091012,1888.3640000000003
20091009,0.0
20091008,0.0
20091007,0.0
20091006,0.0
20091005,0.0
20091002,0.0
20091001,0.0
20090930,0.0
20090929,1104.3999999999999
20090928,0.0
20090925,0.0
20090924,441.76
20090923,0.0
20090922,0.0
20090921,55.675
20090918,376.36299999999994
20090917,0.0
20090916,0.0
20090915,0.0
20090914,316.234
20090911,0.0
20090910,138.074
20090909,823.99
20090908,0.0
20090907,22.27
20090904,5845.875
20090903,0.0
20090902,0.0
20090901,334.05
20090831,0.0
20090828,0.0
20090827,69.037
20090826,71.264
20090825,1113.5
20090824,44.54
20090821,0.0
20090820,0.0
20090819,33.405
20090818,383.044
20090817,1402.656
20090814,553.578
20090813,0.0
20090812,0.0
20090811,162.31799999999998
20090810,0.0
20090807,139.427
20090806,0.0
20090805,347.527
20090804,156.075
20090803,0.0
20090731,143.589
20090730,37.458
20090729,0.0
20090728,0.0
20090727,714.8159999999999
20090724,660.212
20090723,187.068
20090722,2227.0
20090721,0.0
20090720,0.0
20090717,0.0
20090716,0.0
20090715,140.301
20090714,0.0
20090713,5705.574
20090710,0.0
20090709,273.75
20090708,228.63600000000002
20090707,211.70000000000002
20090706,211.70000000000002
20090703,215.934
20090702,0.0
20090701,1185.52
20090630,211.70000000000002
20090629,208.1
20090626,224.748
20090625,218.505
20090624,6217.42
20090623,641.451
20090622,0.0
20090619,0.0
20090618,0.0
20090617,0.0
20090616,501.99999999999994
20090615,0.0
20090612,0.0
20090611,9711.044000000002
20090610,0.0
20090609,0.0
20090608,0.0
20090605,0.0
20090604,0.0
20090603,0.0
20090602,0.0
20090601,0.0
20090529,0.0
20090528,0.0
20090527,0.0
20090526,0.0
20090525,0.0
20090522,0.0
20090521,0.0
20090520,0.0
20090519,0.0
20090518,0.0
20090515,0.0
20090514,0.0
20090513,0.0
20090512,0.0
20090511,0.0
20090508,0.0
20090507,0.0
20090506,0.0
20090505,0.0
20090504,0.0
20090501,0.0
20090430,0.0
20090429,0.0
20090428,0.0
20090427,0.0
20090424,0.0
20090423,0.0
20090422,0.0
20090421,0.0
20090420,0.0
20090417,0.0
20090416,0.0
20090415,0.0
20090414,0.0
20090413,0.0
20090410,0.0
20090409,0.0
20090408,0.0
20090407,0.0
20090406,0.0
20090403,0.0
20090402,0.0
20090401,0.0
20090331,0.0
20090330,52072.36
20090327,0.0
20090326,0.0
20090325,0.0
20090324,0.0
20090323,0.0
20090320,0.0
20090319,0.0
20090318,0.0
20090317,0.0
20090316,0.0
20090313,0.0
20090312,0.0
20090311,0.0
20090310,0.0
20090309,0.0
20090306,0.0
20090305,0.0
20090304,0.0
20090303,0.0
20090302,0.0
20090227,0.0
20090226,0.0
20090225,0.0
20090224,0.0
20090223,0.0
20090220,0.0
20090219,0.0
20090218,5033.302
20090217,3022.2
20090216,2095.611
20090213,5962.129
20090212,3088.8
20090211,38.824
20090210,3608.6819999999993
20090209,0.0
20090206,3039.361
20090205,7228.095
20090204,2844.7369999999996
20090203,3096.66
20090202,7404.39
20090130,6859.371999999999
20090129,3109.508
20090128,5839.222
20090127,2701.0
20090126,5624.478
20090123,1642.5
20090122,88.182
20090121,1086.3
20090120,522.702
20090119,1891.4399999999998
20090116,10562.151
20090115,43.38
20090114,380.78000000000003
20090113,299.25
20090112,3082.3520000000003
20090109,1319.475
20090108,443.7
20090107,1064.9240000000002
20090106,0.0
20090105,182.5
20090102,135.24
20090101,0.0
20081231,182.5
20081230,547.5
20081229,0.0
20081226,0.0
20081225,0.0
20081224,0.0
20081223,347.5
20081222,36.5
20081219,0.0
20081218,0.0
20081217,640.575
20081216,0.0
20081215,0.0
20081212,7.31
20081211,184.25
20081210,2.92
20081209,14.6
20081208,0.0
20081205,341.55
20081204,0.0
20081203,0.0
20081202,0.0
20081201,81.8
20081128,0.0
20081127,1962.5
20081126,0.0
20081125,0.0
20081124,69.4
20081121,0.0
20081120,69.4
20081119,69.4
20081118,69.4
20081117,374.0
20081114,364.35
20081113,941.6999999999999
20081112,52.56
20081111,0.0
20081110,0.0
20081107,0.0
20081106,0.0
20081105,0.0
20081104,0.0
20081103,87.6
20081031,0.0
20081030,0.0
20081029,0.0
20081028,0.0
20081027,0.0
20081024,0.0
20081023,87.6
20081022,0.0
20081021,0.0
20081020,87.6
20081017,245.28
20081016,0.0
20081015,0.0
20081014,120.01199999999999
20081013,518.592
20081010,183.96
20081009,0.0
20081008,47.012
20081007,198.268
20081006,0.0
20081003,0.0
20081002,0.0
20081001,362.95
20080930,102.2
20080929,0.0
20080926,0.0
20080925,111.39800000000001
20080924,106.28800000000001
20080923,37.81400000000001
20080922,0.0
20080919,379.6
20080918,213.353
20080917,40.88
20080916,0.0
20080915,0.0
20080912,0.0
20080911,1.037
20080910,25.924999999999997
20080909,0.0
20080908,0.0
20080905,153.3
20080904,3.0660000000000003
20080903,0.0
20080902,0.0
20080901,0.0
20080829,26.962
20080828,0.0
20080827,0.0
20080826,0.0
20080825,0.0
20080822,0.0
20080821,0.0
20080820,0.0
20080819,15.330000000000002
20080818,197.2
20080815,0.0
20080814,1153.144
20080813,0.0
20080812,79.71600000000001
20080811,4650.1
20080808,0.0
20080807,0.0
20080806,0.0
20080805,0.0
20080804,0.0
20080801,0.0
20080731,373.03000000000003
20080730,0.0
20080729,17.374000000000002
20080728,0.0
20080725,0.0
20080724,0.0
20080723,0.0
20080722,244.258
20080721,146.16
20080718,0.0
20080717,735.6999999999999
20080716,18.396
20080715,66.43
20080714,7.154
20080711,0.0
20080710,0.0
20080709,197.2
20080708,147.168
20080707,0.0
20080704,434.35
20080703,0.0
20080702,0.0
20080701,30.660000000000004
20080630,198.268
20080627,393.47
20080626,0.0
20080625,86.87
20080624,102.2
20080623,207.85799999999998
20080620,28.616
20080619,1029.0
20080618,0.0
20080617,0.0
20080616,72.03
20080613,472.16400000000004
20080612,0.0
20080611,147.147
20080610,0.0
20080609,0.0
20080606,51.449999999999996
20080605,0.0
20080604,0.0
20080603,0.0
20080602,0.0
20080530,86.87
20080529,2081.16
20080528,532.4620000000001
20080527,95.60000000000001
20080526,0.0
20080523,4512.989
20080522,109.5
20080521,0.0
20080520,274.84499999999997
20080519,0.0
20080516,0.0
20080515,704.337
20080514,0.0
20080513,0.0
20080512,0.0
20080509,661.38
20080508,614.9159999999999
20080507,343.82399999999996
20080506,2547.528
20080505,0.0
20080502,55.099999999999994
20080501,0.0
20080430,0.0
20080429,0.0
20080428,1240.416
20080425,0.0
20080424,1265.82
20080423,173.51199999999997
20080422,1255.965
20080421,1100.256
20080418,0.0
20080417,453.3299999999999
20080416,89.78999999999999
20080415,215.71499999999997
20080414,1606.0
20080411,0.0
20080410,0.0
20080409,944.9849999999999
20080408,260.61
20080407,268.75
20080404,695.625
20080403,253.66
20080402,498.73600000000005
20080401,477.708
20080331,22.34
20080328,4213.224
20080327,310.708
20080326,291.856
20080325,797.445
20080324,0.0
20080321,0.0
20080320,202.257
20080319,11059.62
20080318,873.6
20080317,209.36399999999998
20080314,160.308
20080313,0.0
20080312,259.296
20080311,646.4879999999999
20080310,6449.987999999999
20080307,6864.4800000000005
20080306,8280.965
20080305,11391.969000000001
20080304,281.265
20080303,0.0
20080229,0.0
20080228,31.0
20080227,428.875
20080226,0.0
20080225,47.522999999999996
20080222,51.1
20080221,14.6
20080220,466.65000000000003
20080219,67.71000000000001
20080218,51.392
20080215,0.0
20080214,0.0
20080213,58.692
20080212,122.348
20080211,0.0
20080208,0.0
20080207,0.0
20080206,22.483999999999998
20080205,0.0
20080204,55.48
20080201,0.0
20080131,27.448
20080130,0.0
20080129,0.0
20080128,0.0
20080125,0.0
20080124,0.0
20080123,0.0
20080122,0.0
20080121,0.0
20080118,0.0
20080117,0.0
20080116,0.0
20080115,0.0
20080114,0.0
20080111,0.0
20080110,0.0
20080109,81.03
20080108,70.08
20080107,18.25
20080104,0.0
20080103,0.0
20080102,0.0
20080101,0.0
20071231,0.0
20071228,102.2
20071227,40.199999999999996
20071226,0.0
20071225,0.0
20071224,154.468
20071221,459.024
20071220,191.625
20071219,128.64
20071218,0.0
20071217,13.496
20071214,10.95
20071213,23.214
20071212,10.95
20071211,0.0
20071210,98.55
20071207,14.391000000000002
20071206,7.995
20071205,0.0
20071204,77.818
20071203,86.879
20071130,400.332
20071129,644.8820000000001
20071128,260.485
20071127,296.964
20071126,20.804999999999996
20071123,0.0
20071122,0.0
20071121,0.0
20071120,47.304
20071119,0.0
20071116,29.2
20071115,107.23700000000001
20071114,87.6
20071113,0.0
20071112,0.0
20071109,0.0
20071108,313.17
20071107,341.64
20071106,11.68
20071105,0.0
20071102,0.0
20071101,0.0
20071031,3.942
20071030,29.2
20071029,58.4
20071026,58.4
20071025,0.0
20071024,188.63199999999998
20071023,0.0
20071022,157.68
20071019,45.99
20071018,0.0
20071017,0.0
20071016,587.6500000000001
20071015,20.148
20071012,130.962
20071011,25.185
20071010,1.7160000000000002
20071009,557.7
20071008,574.86
20071005,3385.668
20071004,772.44
20071003,2283.864
20071002,1261.44
20071001,335.79999999999995
20070928,26.82
20070927,134.1
20070926,0.0
20070925,0.0
20070924,375.47999999999996
20070921,0.0
20070920,148.404
20070919,57.815999999999995
20070918,171.696
20070917,84.09599999999999
20070914,269.808
20070913,763.434
20070912,4669.299
20070911,486.18
20070910,1357.8
20070907,1441.7649999999999
20070906,386.208
20070905,243.309
20070904,24685.023
20070903,919.696
20070831,58.704
20070830,1225.4460000000001
20070829,0.0
20070828,1504.29
20070827,0.0
20070824,2734.628
20070823,1262.1699999999998
20070822,300.777
20070821,0.0
20070820,490.852
20070817,401.42699999999996
20070816,268.21200000000005
20070815,1058.428
20070814,448.95
20070813,491.436
20070810,748.396
20070809,0.0
20070808,113.715
20070807,71.47800000000001
20070806,607.563
20070803,883.3860000000001
20070802,4947.5019999999995
20070801,0.0
20070731,1179.444
20070730,2956.5
20070727,2711.366
20070726,80290.656
20070725,59.86
20070724,757.229
20070723,2915.7659999999996
20070720,12830.699
20070719,24188.112
20070718,933.8159999999999
20070717,3169.516
20070716,95.77600000000001
20070713,284.335
20070712,673.425
20070711,12615.641
20070710,1488.0320000000002
20070709,710.9399999999999
20070706,215.016
20070705,2476.152
20070704,81.48
20070703,285.18000000000006
20070702,832.3199999999999
20070629,1071.202
20070628,10309.06
20070627,48078.457
20070626,1259.469
20070625,0.0
20070622,0.0
20070621,262.8
20070620,6.059000000000001
20070619,345.36300000000006
20070618,1042.148
20070615,66.43
20070614,0.0
20070613,119.57400000000001
20070612,538.0830000000001
20070611,584.0
20070608,0.0
20070607,63.51
20070606,0.0
20070605,0.0
20070604,0.0
20070601,12.702
20070531,0.0
20070530,635.1
20070529,0.0
20070528,0.0
20070525,0.0
20070524,0.0
20070523,0.0
20070522,118.26
20070521,0.0
20070518,0.0
20070517,0.0
20070516,551.88
20070515,0.0
20070514,354.78000000000003
20070511,45.99
20070510,275.94
20070509,0.0
20070508,3535.974
20070507,0.0
20070504,20.367
20070503,156.147
20070502,0.0
20070501,1018.35
20070430,0.0
20070427,378.65100000000007
20070426,2657.2000000000003
20070425,0.0
20070424,12.41
20070423,930.75
20070420,0.0
20070419,0.0
20070418,12.118000000000002
20070417,96.94400000000002
20070416,6.059000000000001
20070413,0.0
20070412,18.177
20070411,0.0
20070410,575.605
20070409,0.0
20070406,0.0
20070405,72.708
20070404,1314.803
20070403,19146.440000000002
20070402,1478.25
20070330,822.2719999999999
20070329,1861.5
20070328,245.28
20070327,854.9759999999999
20070326,0.0
20070323,0.0
20070322,0.0
20070321,0.0
20070320,141.62
20070319,7.081
20070316,574.656
20070315,7.811
20070314,93.732
20070313,0.0
20070312,0.0
20070309,1124.784
20070308,372.29999999999995
20070307,0.0
20070306,2926.2779999999993
20070305,12804.2
20070302,0.0
20070301,1095.0
20070228,730.0
20070227,0.0
20070226,372.29999999999995
20070223,74.46
20070222,74.46
20070221,15338.759999999998
20070220,4117.200000000001
20070219,1276.77
20070216,14454.0
20070215,7138.67
20070214,16632.539
20070213,40465.068
20070212,12.264000000000001
20070209,1986.768
20070208,0.0
20070207,899.944
20070206,1040.98
20070205,6277.635
20070202,1457.664
20070201,367.117
20070131,718.612
20070130,43007.22
20070129,123.37
20070126,0.0
20070125,151.84
20070124,1252.68
20070123,0.0
20070122,0.0
20070119,368.942
20070118,0.0
20070117,339.815
20070116,0.0
20070115,388.36
20070112,4068.071
20070111,0.0
20070110,17442.620000000003
20070109,9.636000000000001
20070108,2842.62
20070105,1127.412
20070104,664.3000000000001
20070103,17442.912
20070102,669.41
20070101,0.0
20061229,0.0
20061228,0.0
20061227,66.43
20061226,0.0
20061225,0.0
20061222,0.0
20061221,0.0
20061220,616.85
20061219,332.15000000000003
20061218,4295.466
20061215,1379.7
20061214,268.859
20061213,1390.6499999999999
20061212,2225.04
20061211,200.02
20061208,0.0
20061207,810.081
20061206,350.035
20061205,2500.25
20061204,50.005
20061201,8240.24
20061130,6317.054999999999
20061129,40627.712
20061128,15990.650000000001
20061127,50994.15
20061124,140.525
20061123,1954.575
20061122,1233.408
20061121,5938.987999999999
20061120,28.177999999999997
20061117,1141.2089999999998
20061116,281.78
20061115,1845.6589999999999
20061114,5864.820000000001
20061113,313.9
20061110,1271.2949999999998
20061109,0.0
20061108,1726.4499999999998
20061107,3263.246
20061106,112.41999999999999
20061103,1918.44
20061102,0.0
20061101,20230.49
20061031,1562.2
20061030,4482.273
20061027,13777.070999999998
20061026,0.0
20061025,0.0
20061024,549.252
20061023,298.205
20061020,62.78
20061019,1726.4499999999998
20061018,156.95
20061017,784.75
20061016,4783.982
20061013,1632.7179999999998
20061012,1001.195
20061011,0.0
20061010,8286.814
20061009,3573.496
20061006,2730.9299999999994
20061005,0.0
20061004,3756.945
20061003,0.0
20061002,1998.375
20060929,19100.815
20060928,0.0
20060927,0.0
20060926,376.67999999999995
20060925,784.75
20060922,0.0
20060921,2354.25
20060920,156.95
20060919,109.86499999999998
20060918,1255.6
20060915,470.84999999999997
20060914,973.0899999999999
20060913,784.75
20060912,3923.7499999999995
20060911,4374.16
20060908,2558.285
20060907,9395.83
20060906,5948.04
20060905,16945.344
20060904,9368.820000000002
20060901,145.27
20060831,0.0
20060830,1510.8080000000002
20060829,0.0
20060828,0.0
20060825,0.0
20060824,2257.817
20060823,1416.2
20060822,70.81
20060821,0.0
20060818,0.0
20060817,2432.36
20060816,357.70000000000005
20060815,13778.604000000001
20060814,903.959
20060811,887.2420000000001
20060810,902.28
20060809,0.0
20060808,0.0
20060807,357.627
20060804,3887.25
20060803,784.75
20060802,2570.184
20060801,31.682000000000002
20060731,1710.828
20060728,792.05
20060727,1584.1
20060726,319.74
20060725,7552.872
20060724,0.0
20060721,0.0
20060720,16556.4
20060719,2365.2000000000003
20060718,1576.8000000000002
20060717,0.0
20060714,31197.134
20060713,116266.73499999999
20060712,1420.945
20060711,117.01899999999998
20060710,153.738
20060707,3401.8
20060706,0.0
20060705,0.0
20060704,85.045
20060703,2755.458
20060630,6633.51
20060629,16257.465
20060628,21080.502
20060627,8530.050000000001
20060626,2145.543
20060623,297.402
20060622,14084.109
20060621,1047.55
20060620,6054.838999999999
20060619,7843.485000000001
20060616,18682.89
20060615,5825.400000000001
20060614,13570.7
20060613,7106.112
20060612,41963.904
20060609,42180.05699999999
20060608,17833.17
20060607,8062.12
20060606,1877.925
20060605,2682.75
20060602,1186.396
20060601,3684.31
20060531,7866.48
20060530,2730.784
20060529,0.0
20060526,15436.288000000002
20060525,5093.063999999999
20060524,3813.8849999999998
20060523,0.0
20060522,4285.83
20060519,1630.674
20060518,1278.96
20060517,1502.778
20060516,2923.65
20060515,1922.382
20060512,0.0
20060511,436.175
20060510,2617.05
20060509,3192.801
20060508,0.0
20060505,3105.0550000000003
20060504,0.0
20060503,1450.2179999999998
20060502,5204.900000000001
20060501,0.0
20060428,2686.4
20060427,286.671
20060426,2580.039
20060425,17.009
20060424,1717.9089999999999
20060421,101.178
20060420,0.0
20060419,893.7389999999999
20060418,6720.234
20060417,0.0
20060414,0.0
20060413,43654.0
20060412,5282.134
20060411,285.795
20060410,57.159
20060407,381.06
20060406,1638.558
20060405,1347.58
20060404,43093.725
20060403,7874.364
20060331,21024.146
20060330,4204.8
20060329,4716.165
20060328,2695.0139999999997
20060327,7614.4839999999995
20060324,0.0
20060323,6811.776
20060322,4655.794
20060321,14155.284
20060320,26038.880999999998
20060317,4534.468
20060316,2600.625
20060315,20705.72
20060314,5257.46
20060313,2466.962
20060310,420.04200000000003
20060309,7380.738
20060308,8518.224
20060307,956.3
20060306,1442.48
20060303,2201.6800000000003
20060302,5199.425
20060301,10356.072000000002
20060228,0.0
20060227,3258.72
20060224,4797.5599999999995
20060223,0.0
20060222,17723.816
20060221,567.648
20060220,4257.36
20060217,141.912
20060216,922.428
20060215,745.038
20060214,2802.7619999999997
20060213,2696.3279999999995
20060210,0.0
20060209,124.17299999999999
20060208,3122.064
20060207,26803.628999999997
20060206,660.212
20060203,1963.2620000000002
20060202,6366.767999999999
20060201,12452.778
20060131,29727.936
20060130,25184.123999999996
20060127,42888.23
20060126,2430.9
20060125,415.66200000000003
20060124,3932.802
20060123,2989.569
20060120,42334.16
20060119,12050.475
20060118,800.883
20060117,0.0
20060116,1027.548
20060113,679.9950000000001
20060112,8991.045
20060111,14891.999999999998
20060110,313.17
20060109,4256.264999999999
20060106,89.79
20060105,2544.05
20060104,5934.973
20060103,455.52
20060102,0.0
