20160408,45832.32
20160407,24626.55
20160406,39529.5
20160405,2817.8
20160404,42769.24
20160401,69696.75
20160331,13895.550000000001
20160330,71290.34000000001
20160329,7781.07
20160328,0.0
20160324,13234.900000000001
20160323,44056.96
20160322,17739.0
20160321,17541.9
20160318,2555.0
20160317,30547.579999999998
20160316,34251.6
20160315,68656.5
20160314,13773.640000000001
20160311,377.775
20160310,48369.07
20160309,3646.3500000000004
20160308,25641.98
20160307,2708.3
20160304,20148.0
20160303,34821.0
20160302,13030.5
20160301,46743.36
20160229,97057.87999999999
20160226,13432.0
20160225,408.435
20160224,16746.2
20160223,39299.55
20160222,11625.25
20160219,59011.73999999999
20160218,347830.4
20160217,115588.2
20160216,3394.5
20160215,71481.6
20160212,18127.725000000002
20160211,60470.28
20160210,0.0
20160209,771.6099999999999
20160208,1432.99
20160205,0.0
20160204,0.0
20160203,0.0
20160202,0.0
20160201,12345.759999999998
20160129,29210.949999999997
20160128,1318.38
20160127,17526.57
20160126,35303.165
20160125,2102.4
20160122,87366.4
20160121,114697.6
20160120,9344.0
20160119,2920.0
20160118,3854.3999999999996
20160115,47888.0
20160114,12928.3
20160113,1410.36
20160112,0.0
20160111,1292.8300000000002
20160108,32085.69
20160107,580.35
20160106,0.0
20160105,232.14000000000001
20160104,23562.210000000003
20151231,348.21
20151230,116.07000000000001
20151229,1973.19
20151224,0.0
20151223,3690.8800000000006
20151222,2768.1600000000003
20151221,692.0400000000001
20151218,229.22
20151217,7015.3
20151216,0.0
20151215,0.0
20151214,0.0
20151211,229.95000000000002
20151210,0.0
20151209,0.0
20151208,919.8000000000001
20151207,0.0
20151204,1624.98
20151203,0.0
20151202,696.42
20151201,0.0
20151130,0.0
20151127,0.0
20151126,170738.97
20151125,59054.08000000001
20151124,0.0
20151123,1038.0600000000002
20151120,0.0
20151119,0.0
20151118,0.0
20151117,60704.61
20151116,0.0
20151113,928.5600000000001
20151112,116.07000000000001
20151111,116.07000000000001
20151110,0.0
20151109,0.0
20151106,0.0
20151105,112.42000000000002
20151104,44968.0
20151103,670.14
20151102,0.0
20151030,0.0
20151029,893.5200000000001
20151028,0.0
20151027,5026.05
20151026,0.0
20151023,11727.45
20151022,78183.0
20151021,1228.5900000000001
20151020,0.0
20151019,0.0
20151016,111.69000000000001
20151015,1116.9
20151014,1675.3500000000001
20151013,1116.9
20151012,8823.51
20151009,3733.95
20151008,0.0
20151007,67552.74
20151006,233.60000000000002
20151005,507612.80000000005
20151002,0.0
20151001,467.20000000000005
20150930,1168.0
20150929,832497.475
20150928,211393.03499999997
20150925,6016.295
20150924,1575.34
20150923,103258.5
20150922,0.0
20150921,0.0
20150918,755.55
20150917,503.70000000000005
20150916,6548.1
20150915,629.625
20150914,34196.85
20150911,2292.93
20150910,636.925
20150909,0.0
20150908,1273.85
20150907,4331.089999999999
20150904,4107.345
20150903,1603.0800000000002
20150902,1880.48
20150901,83460.9
20150831,0.0
20150828,1664.3999999999999
20150827,277.40000000000003
20150826,554.8000000000001
20150825,0.0
20150824,2810.5
20150821,432.525
20150820,1297.575
20150819,144.175
20150818,2883.5
20150817,1441.75
20150814,726.35
20150813,145.27
20150812,581.08
20150811,1016.89
20150810,145.27
20150807,1016.89
20150806,565.02
20150805,141.255
20150804,204819.75
20150803,1553.805
20150731,2803.2
20150730,167194.82
20150729,139.79500000000002
20150728,7968.3150000000005
20150727,279.59000000000003
20150724,419.385
20150723,0.0
20150722,419.385
20150721,3215.285
20150720,1537.7450000000001
20150717,518639.45
20150716,2124.3
20150715,1557.8200000000002
20150714,664964.2999999999
20150713,1972.46
20150710,1408.9
20150709,17470.36
20150708,563.5600000000001
20150707,1972.46
20150706,2958.6900000000005
20150703,1423.5
20150702,858.4799999999999
20150701,67247.59999999999
20150630,429.23999999999995
20150629,4435.48
20150626,0.0
20150625,858.4799999999999
20150624,1001.56
20150623,286.16
20150622,1716.9599999999998
20150619,21462.0
20150618,396.39
20150617,766423.715
20150616,1572.4199999999998
20150615,378.87
20150612,3157.25
20150611,1149.75
20150610,254.04000000000002
20150609,2413.38
20150608,0.0
20150605,327848.84
20150604,2254.2400000000002
20150603,2054.22
20150602,0.0
20150601,1916.98
20150529,4001.1300000000006
20150528,9977.640000000001
20150527,2898.83
20150526,21054.660000000003
20150525,0.0
20150522,7475.930000000001
20150521,9014.039999999999
20150520,69984.005
20150519,954.84
20150518,5251.62
20150515,835.4849999999999
20150514,1909.68
20150513,193116.39
20150512,25732.5
20150511,4105.52
20150508,3970.47
20150507,99.64500000000001
20150506,199.29000000000002
20150505,1395.03
20150504,0.0
20150501,277713.9
20150430,0.0
20150429,13205.7
20150428,1576.8000000000002
20150427,489.1
20150424,1956.4
20150423,97.82000000000001
20150422,55561.76
20150421,587115.64
20150420,3325.88
20150417,4108.4400000000005
20150416,2818.5300000000007
20150415,4036.17
20150414,6903.975
20150413,6479.115
20150410,24960.525
20150409,2039.6200000000001
20150408,1407.44
20150407,344.56
20150406,0.0
20150403,0.0
20150402,50219.619999999995
20150401,3074.76
20150331,168520.5
20150330,948470.0199999999
20150327,327.04
20150326,654.08
20150325,3515.68
20150324,327.04
20150323,3188.64
20150320,490.56
20150319,163.52
20150318,0.0
20150317,2044.0
20150316,1389.92
20150313,6213.76
20150312,1716.96
20150311,0.0
20150310,7930.719999999999
20150309,1635.2
20150306,654.08
20150305,1144.6399999999999
20150304,163.52
20150303,2616.32
20150302,4169.76
20150227,78.84
20150226,394.2
20150225,57789.719999999994
20150224,162016.19999999998
20150223,394.2
20150220,1340.28
20150219,3863.1600000000003
20150218,2917.08
20150217,1547.6
20150216,536.55
20150213,51892.05
20150212,2606.1
20150211,306.6
20150210,76.65
20150209,3219.3
20150206,1718.4200000000003
20150205,281.78000000000003
20150204,0.0
20150203,0.0
20150202,671.6
20150130,0.0
20150129,0.0
20150128,519.7600000000001
20150127,0.0
20150126,0.0
20150123,770.88
20150122,762.12
20150121,505158.54
20150120,402.96
20150119,1343.2
20150116,792.78
20150115,0.0
20150114,1169.46
20150113,0.0
20150112,64.97000000000001
20150109,129.94000000000003
20150108,4634.04
20150107,4782.96
20150106,1143.18
20150105,452.23499999999996
20150102,1494.31
20150101,0.0
20141231,7628.5
20141230,4461.03
20141229,3171.12
20141226,0.0
20141225,0.0
20141224,232.14000000000001
20141223,116.07000000000001
20141222,754.455
20141219,502.6050000000001
20141218,1236.6200000000001
20141217,3517.14
20141216,0.0
20141215,93.44
20141212,0.0
20141211,700.8
20141210,47.08500000000001
20141209,706.2750000000001
20141208,286.89
20141205,23764.055
20141204,621.595
20141203,0.0
20141202,95.63
20141201,239.075
20141128,231950.565
20141127,0.0
20141126,717.2249999999999
20141125,0.0
20141124,0.0
20141121,0.0
20141120,0.0
20141119,0.0
20141118,1004.115
20141117,908.4849999999999
20141114,0.0
20141113,0.0
20141112,0.0
20141111,0.0
20141110,0.0
20141107,0.0
20141106,47.815
20141105,0.0
20141104,73874.175
20141103,385.44000000000005
20141031,128399.7
20141030,10358.7
20141029,578.16
20141028,192.72000000000003
20141027,0.0
20141024,0.0
20141023,0.0
20141022,0.0
20141021,0.0
20141020,915.42
20141017,0.0
20141016,0.0
20141015,6986.1
20141014,337.26
20141013,57960.54
20141010,96.36000000000001
20141009,48.18000000000001
20141008,0.0
20141007,192.72000000000003
20141006,1445.4
20141003,7621.565
20141002,484668.9
20141001,53.655
20140930,0.0
20140929,674.52
20140926,0.0
20140925,0.0
20140924,0.0
20140923,0.0
20140922,4946.4800000000005
20140919,0.0
20140918,0.0
20140917,56.21000000000001
20140916,56.21000000000001
20140915,0.0
20140912,281.05
20140911,281.05
20140910,2192.19
20140909,4938.45
20140908,351465.8
20140905,765.04
20140904,3012.345
20140903,1186.25
20140902,1998.01
20140901,526.6949999999999
20140829,147636.65999999997
20140828,120329.54999999999
20140827,1134.4199999999998
20140826,0.0
20140825,0.0
20140822,119.355
20140821,0.0
20140820,0.0
20140819,278.495
20140818,278.495
20140815,437.63500000000005
20140814,0.0
20140813,119.355
20140812,0.0
20140811,39.785000000000004
20140808,835.4850000000001
20140807,108286.73999999999
20140806,0.0
20140805,312.44000000000005
20140804,72134.58499999999
20140801,0.0
20140731,234.32999999999998
20140730,3475.8950000000004
20140729,6068.490000000001
20140728,0.0
20140725,33.945
20140724,135.78
20140723,339.45
20140722,237.61499999999998
20140721,9165.15
20140718,3679.2000000000003
20140717,0.0
20140716,0.0
20140715,138.7
20140714,0.0
20140711,0.0
20140710,0.0
20140709,0.0
20140708,136.875
20140707,1651.99
20140704,346.385
20140703,122.275
20140702,31022.08
20140701,12045.0
20140630,0.0
20140627,0.0
20140626,0.0
20140625,364433.52
20140624,0.0
20140623,689.85
20140620,0.0
20140619,0.0
20140618,0.0
20140617,0.0
20140616,0.0
20140613,0.0
20140612,0.0
20140611,0.0
20140610,0.0
20140609,0.0
20140606,0.0
20140605,0.0
20140604,1098.6499999999999
20140603,715.4
20140602,0.0
20140530,0.0
20140529,0.0
20140528,0.0
20140527,0.0
20140526,0.0
20140523,0.0
20140522,0.0
20140521,0.0
20140520,0.0
20140519,178.85
20140516,52.56
20140515,0.0
20140514,0.0
20140513,0.0
20140512,0.0
20140509,0.0
20140508,0.0
20140507,0.0
20140506,0.0
20140505,0.0
20140502,131.4
20140501,0.0
20140430,26.28
20140429,0.0
20140428,0.0
20140425,0.0
20140424,0.0
20140423,262.8
20140422,0.0
20140421,0.0
20140418,0.0
20140417,0.0
20140416,0.0
20140415,0.0
20140414,0.0
20140411,315.36
20140410,53.29
20140409,0.0
20140408,26.645
20140407,0.0
20140404,1438.83
20140403,0.0
20140402,0.0
20140401,446.76
20140331,0.0
20140328,0.0
20140327,0.0
20140326,0.0
20140325,108.04000000000002
20140324,54.02000000000001
20140321,0.0
20140320,0.0
20140319,0.0
20140318,0.0
20140317,0.0
20140314,27.010000000000005
20140313,702.2600000000001
20140312,54.02000000000001
20140311,135.05
20140310,0.0
20140307,162.06
20140306,0.0
20140305,135.05
20140304,0.0
20140303,2025.7500000000002
20140228,0.0
20140227,887.68
20140226,582.54
20140225,3633.9399999999996
20140224,7739.459999999999
20140221,9723.6
20140220,1347.58
20140219,336.895
20140218,18536.16
