20160408,382.30500000000006
20160407,403.2
20160406,449.2320000000001
20160405,515.967
20160404,508.37999999999994
20160401,0.0
20160331,331.194
20160330,529.4520000000001
20160329,495.24300000000005
20160328,0.0
20160325,0.0
20160324,665.245
20160323,497.36400000000003
20160322,327.184
20160321,610.292
20160318,690.0
20160317,576.5120000000001
20160316,514.28
20160315,536.2719999999999
20160314,301.376
20160311,202.764
20160310,629.242
20160309,612.712
20160308,449.77000000000004
20160307,240.436
20160304,366.835
20160303,1095.168
20160302,1264.784
20160301,0.0
20160229,302.30400000000003
20160226,612.872
20160225,360.19200000000006
20160224,453.475
20160223,671.517
20160222,621.67
20160219,370.3
20160218,500.544
20160217,0.0
20160216,292.521
20160215,524.16
20160212,433.925
20160211,308.142
20160210,533.532
20160209,115.71000000000001
20160208,412.08600000000007
20160205,490.67999999999995
20160204,0.0
20160203,236.31300000000002
20160202,0.0
20160201,231.88
20160129,219.59600000000003
20160128,143.165
20160127,0.0
20160126,187.92
20160125,253.92000000000002
20160122,823.984
20160121,633.64
20160120,483.73599999999993
20160119,270.10699999999997
20160118,249.01799999999997
20160115,382.104
20160114,368.18399999999997
20160113,884.4000000000001
20160112,911.328
20160111,396.434
20160108,844.8299999999999
20160107,742.616
20160106,312.995
20160105,211.452
20160104,400.603
20160101,0.0
20151231,0.0
20151230,194.394
20151229,324.22400000000005
20151224,208.938
20151223,284.622
20151222,308.812
20151221,247.31199999999998
20151218,62.234
20151217,230.69500000000002
20151216,140.316
20151215,248.395
20151214,251.99099999999999
20151211,739.9280000000001
20151210,233.275
20151209,308.525
20151208,1848.96
20151207,0.0
20151204,392.046
20151203,412.623
20151202,921.294
20151201,492.765
20151130,405.824
20151127,200.91
20151126,0.0
20151125,0.0
20151124,0.0
20151123,0.0
20151120,0.0
20151119,0.0
20151118,0.0
20151117,0.0
20151116,0.0
20151113,0.0
20151112,0.0
20151111,0.0
20151110,0.0
20151109,0.0
20151106,0.0
20151105,0.0
20151104,0.0
20151103,0.0
20151102,0.0
20151030,0.0
20151029,0.0
20151028,0.0
20151027,0.0
20151026,0.0
20151023,0.0
20151022,0.0
20151021,0.0
20151020,0.0
20151019,0.0
20151016,0.0
20151015,0.0
20151014,703.08
20151013,0.0
20151012,0.0
20151009,0.0
20151008,0.0
20151007,0.0
20151006,0.0
20151005,0.0
20151002,0.0
20151001,0.0
20150930,0.0
20150929,0.0
20150928,0.0
20150925,0.0
20150924,0.0
20150923,200.402
20150922,0.0
20150921,221.55
20150918,0.0
20150917,0.0
20150916,0.0
20150915,0.0
20150914,0.0
20150911,0.0
20150910,0.0
20150909,0.0
20150908,0.0
20150907,0.0
20150904,0.0
20150903,0.0
20150902,0.0
20150901,0.0
20150831,0.0
20150828,0.0
20150827,0.0
20150826,0.0
20150825,0.0
20150824,0.0
20150821,0.0
20150820,0.0
20150819,0.0
20150818,0.0
20150817,0.0
20150814,0.0
20150813,0.0
20150812,0.0
20150811,0.0
20150810,0.0
20150807,0.0
20150806,0.0
20150805,0.0
20150804,0.0
20150803,0.0
20150731,0.0
20150730,0.0
20150729,0.0
20150728,0.0
20150727,0.0
20150724,0.0
20150723,0.0
20150722,0.0
20150721,0.0
20150720,0.0
20150717,0.0
20150716,0.0
20150715,0.0
20150714,0.0
20150713,0.0
20150710,0.0
20150709,0.0
20150708,0.0
20150707,0.0
20150706,0.0
20150703,0.0
20150702,0.0
20150701,0.0
20150630,0.0
20150629,0.0
20150626,0.0
20150625,0.0
20150624,0.0
20150623,0.0
20150622,0.0
20150619,0.0
20150618,0.0
20150617,0.0
20150616,0.0
20150615,0.0
20150612,0.0
20150611,0.0
20150610,0.0
20150609,0.0
20150608,0.0
20150605,0.0
20150604,0.0
20150603,0.0
20150602,0.0
20150601,0.0
20150529,0.0
20150528,0.0
20150527,0.0
20150526,0.0
20150522,464.464
20150521,0.0
20150520,0.0
20150519,0.0
20150518,0.0
20150515,0.0
20150514,0.0
20150513,0.0
20150512,0.0
20150511,0.0
20150508,0.0
20150507,0.0
20150506,0.0
20150505,0.0
20150501,550.818
20150430,0.0
20150429,0.0
20150428,0.0
20150427,0.0
20150424,0.0
20150423,0.0
20150422,0.0
20150421,0.0
20150420,0.0
20150417,0.0
20150416,0.0
20150415,0.0
20150414,0.0
20150413,0.0
20150410,0.0
20150409,0.0
20150408,0.0
20150407,0.0
20150402,973.2959999999999
20150401,0.0
20150331,0.0
20150330,0.0
20150327,0.0
20150326,0.0
20150325,0.0
20150324,0.0
20150323,0.0
20150320,527.7479999999999
20150319,0.0
20150318,0.0
20150317,0.0
20150316,0.0
20150313,0.0
20150312,0.0
20150311,0.0
20150310,0.0
20150309,0.0
20150306,0.0
20150305,0.0
20150304,0.0
20150303,0.0
20150302,0.0
20150227,0.0
20150226,0.0
20150225,0.0
20150224,0.0
20150223,0.0
20150220,0.0
20150219,0.0
20150218,0.0
20150217,0.0
20150216,0.0
20150213,0.0
20150212,0.0
20150211,0.0
20150210,0.0
20150209,0.0
20150206,0.0
20150205,369.104
20150204,0.0
20150203,0.0
20150202,0.0
20150130,0.0
20150129,0.0
20150128,747.189
20150127,667.19
20150126,0.0
20150123,0.0
20150122,0.0
20150121,0.0
20150120,0.0
20150119,0.0
20150116,378.125
20150115,0.0
20150114,0.0
20150113,0.0
20150112,0.0
20150109,0.0
20150108,0.0
20150107,0.0
20150106,0.0
20150105,0.0
20150102,0.0
20150101,0.0
20141231,0.0
20141230,0.0
20141229,0.0
20141226,0.0
20141225,0.0
20141224,221.55899999999997
20141223,0.0
20141222,0.0
20141219,0.0
20141218,0.0
20141217,0.0
20141216,0.0
20141215,617.3760000000001
20141212,0.0
20141211,0.0
20141210,0.0
20141209,0.0
20141208,0.0
20141205,0.0
20141204,0.0
20141203,0.0
20141202,0.0
20141201,0.0
20141128,0.0
20141127,0.0
20141126,0.0
20141125,0.0
20141124,0.0
20141121,0.0
20141120,0.0
20141119,0.0
20141118,0.0
20141117,462.0
20141114,311.52
20141113,0.0
20141112,210.21
20141111,0.0
20141110,0.0
20141107,0.0
20141106,0.0
20141105,0.0
20141104,0.0
20141103,0.0
20141031,0.0
20141030,0.0
20141029,0.0
20141028,0.0
20141027,0.0
20141024,0.0
20141023,0.0
20141022,0.0
20141021,0.0
20141020,0.0
20141017,0.0
20141016,0.0
20141015,0.0
20141014,0.0
20141013,0.0
20141010,0.0
20141009,0.0
20141008,0.0
20141007,0.0
20141006,0.0
20141003,0.0
20141002,0.0
20141001,0.0
20140930,0.0
20140929,0.0
20140926,0.0
20140925,0.0
20140924,0.0
20140923,0.0
20140922,0.0
20140919,0.0
20140918,0.0
20140917,0.0
20140916,0.0
20140915,0.0
20140912,0.0
20140911,0.0
20140910,0.0
20140909,0.0
20140908,0.0
20140905,0.0
20140904,0.0
20140903,338.424
20140902,0.0
20140901,0.0
20140829,0.0
20140828,0.0
20140827,0.0
20140826,0.0
20140825,0.0
20140822,363.39399999999995
20140821,0.0
20140820,0.0
20140819,0.0
20140818,0.0
20140815,0.0
20140814,0.0
20140813,0.0
20140812,0.0
20140811,0.0
20140808,0.0
20140807,0.0
20140806,0.0
20140805,0.0
20140804,0.0
20140801,0.0
20140731,0.0
20140730,431.35699999999997
20140729,0.0
20140728,0.0
20140725,0.0
20140724,0.0
20140723,0.0
20140722,0.0
20140721,0.0
20140718,0.0
20140717,0.0
20140716,0.0
20140715,0.0
20140714,0.0
20140711,0.0
20140710,339.20000000000005
20140709,0.0
20140708,0.0
20140707,0.0
20140704,0.0
20140703,0.0
20140702,0.0
20140701,0.0
20140630,0.0
20140627,0.0
20140626,0.0
20140625,0.0
20140624,0.0
20140623,0.0
20140620,0.0
20140619,0.0
20140618,0.0
20140617,0.0
20140616,0.0
20140613,0.0
20140612,0.0
20140611,0.0
20140610,0.0
20140609,0.0
20140606,0.0
20140605,0.0
20140604,0.0
20140603,0.0
20140602,0.0
20140530,0.0
20140529,0.0
20140528,0.0
20140527,0.0
20140526,0.0
20140523,340.158
20140522,0.0
20140521,0.0
20140520,0.0
20140519,0.0
20140516,0.0
20140515,424.977
20140514,392.5
20140513,397.026
20140512,514.5319999999999
20140509,397.613
20140508,587.4619999999999
20140507,281.58
20140506,567.0300000000001
20140505,0.0
20140502,419.565
20140501,359.51599999999996
20140430,0.0
20140429,805.7280000000001
20140428,429.975
20140425,276.525
20140424,623.72
20140423,643.9680000000001
20140422,438.15
20140421,0.0
20140418,0.0
20140417,342.09
20140416,459.851
20140415,488.75
20140414,697.5
20140411,416.498
20140410,760.0
20140409,512.886
20140408,633.022
20140407,1073.358
20140404,1037.5
20140403,1855.0
20140402,1107.132
20140401,1325.0790000000002
20140331,0.0
20140328,702.65
20140327,679.174
20140326,626.9119999999999
20140325,709.308
20140324,1122.858
20140321,1496.7379999999998
20140320,438.14
20140319,452.78999999999996
20140318,878.5219999999999
20140317,906.84
20140314,542.0519999999999
20140313,400.30199999999996
20140312,784.655
20140311,606.672
20140310,694.5400000000001
20140307,538.006
20140306,480.52000000000004
20140305,473.581
20140304,605.88
20140303,945.3599999999999
20140228,0.0
20140227,457.796
20140226,317.196
20140225,622.074
20140224,778.0500000000001
20140221,563.787
20140220,428.485
20140219,360.295
20140218,671.448
20140217,729.0
20140214,347.41499999999996
20140213,711.144
20140212,793.6
20140211,1194.155
20140210,1321.411
20140207,716.597
20140206,845.882
20140205,899.262
20140204,1478.7960000000003
20140203,1096.1000000000001
20140131,0.0
20140130,859.0500000000001
20140129,1418.1899999999998
20140128,668.168
20140127,2384.464
20140124,1079.925
20140123,1116.801
20140122,968.388
20140121,1037.326
20140120,978.46
20140117,842.8969999999999
20140116,981.5400000000001
20140115,749.139
20140114,666.81
20140113,1364.7920000000001
20140110,1120.227
20140109,1880.0879999999997
20140108,1494.888
20140107,3149.3070000000002
20140106,1920.5919999999999
20140103,1439.308
20140102,621.2239999999999
20140101,0.0
20131231,0.0
20131230,1639.0800000000002
20131227,554.652
20131226,0.0
20131225,0.0
20131224,344.792
20131223,805.7280000000001
20131220,593.169
20131219,813.8520000000001
20131218,369.03999999999996
20131217,516.4019999999999
20131216,1281.1680000000001
20131213,454.02
20131212,462.0
20131211,824.508
20131210,779.247
20131209,1278.807
20131206,868.275
20131205,482.59999999999997
20131204,689.04
20131203,1035.762
20131202,1282.956
20131129,0.0
20131128,841.318
20131127,531.18
20131126,839.7
20131125,466.125
20131122,716.1
20131121,394.912
20131120,539.543
20131119,700.94
20131118,384.336
20131115,391.702
20131114,387.252
20131113,381.70000000000005
20131112,581.38
20131111,541.558
20131108,432.45
20131107,503.01300000000003
20131106,473.02
20131105,547.0799999999999
20131104,643.577
20131101,1047.222
20131031,0.0
20131030,386.232
20131029,464.464
20131028,784.398
20131025,482.18399999999997
20131024,375.54999999999995
20131023,545.5190000000001
20131022,655.0440000000001
20131021,945.72
20131018,954.504
20131017,1365.6239999999998
20131016,754.107
20131015,1091.2930000000001
20131014,534.375
20131011,610.17
20131010,521.544
20131009,308.7
20131008,380.03799999999995
20131007,388.06100000000004
20131004,589.05
20131003,527.304
20131002,480.90000000000003
20131001,771.172
20130930,0.0
20130927,380.312
20130926,357.846
20130925,295.316
20130924,674.88
20130923,762.8159999999999
20130920,465.53499999999997
20130919,1505.8799999999999
20130918,754.5840000000001
20130917,485.37499999999994
20130916,1846.4400000000003
20130913,500.34000000000003
20130912,759.7800000000001
20130911,494.829
20130910,1218.052
20130909,822.3249999999999
20130906,737.15
20130905,604.765
20130904,717.06
20130903,802.584
20130902,1464.021
20130830,0.0
20130829,1295.047
20130828,2012.5
20130827,1888.335
20130826,0.0
20130823,795.795
20130822,999.812
20130821,1425.5910000000001
20130820,1104.6960000000001
20130819,1238.591
20130816,1367.7600000000002
20130815,925.015
20130814,1203.774
20130813,658.4159999999999
20130812,887.67
20130809,1071.536
20130808,1232.604
20130807,2649.324
20130806,1425.129
20130805,2100.6510000000003
20130802,804.75
20130801,712.476
20130731,0.0
20130730,536.536
20130729,958.2650000000001
20130726,454.10400000000004
20130725,895.325
20130724,568.512
20130723,989.0760000000001
20130722,928.14
20130719,453.58299999999997
20130718,327.807
20130717,562.611
20130716,564.0790000000001
20130715,509.952
20130712,1023.6419999999998
20130711,800.28
20130710,1284.856
20130709,687.123
20130708,876.027
20130705,756.896
20130704,553.131
20130703,452.825
20130702,1027.2990000000002
20130701,857.28
20130628,0.0
20130627,784.845
20130626,1156.061
20130625,897.6659999999999
20130624,1861.8580000000002
20130621,986.832
20130620,1511.4699999999998
20130619,754.952
20130618,1132.4720000000002
20130617,1117.428
20130614,1423.008
20130613,2432.802
20130612,1574.758
20130611,1802.943
20130610,1446.102
20130607,2353.8599999999997
20130606,3666.52
20130605,1548.7749999999999
20130604,1249.696
20130603,1409.625
20130531,0.0
20130530,1095.796
20130529,963.7760000000001
20130528,1241.403
20130527,0.0
20130524,2027.871
20130523,3778.588
20130522,1785.244
20130521,920.192
20130520,1218.9789999999998
20130517,1010.03
20130516,1088.244
20130515,1909.9009999999998
20130514,1506.8249999999998
20130513,1499.388
20130510,1115.436
20130509,1452.75
20130508,2603.272
20130507,937.2719999999999
20130506,0.0
20130503,972.101
20130502,572.246
20130501,877.8000000000001
20130430,0.0
20130429,966.483
20130426,1216.512
20130425,1076.192
20130424,942.2760000000001
20130423,837.275
20130422,1342.2079999999999
20130419,1311.1560000000002
20130418,1035.747
20130417,902.44
20130416,1142.424
20130415,972.144
20130412,1045.575
20130411,1446.396
20130410,1496.568
20130409,2293.698
20130408,2036.3220000000001
20130405,2488.2780000000002
20130404,1455.915
20130403,1656.3160000000003
20130402,1455.988
20130401,0.0
20130329,0.0
20130328,0.0
20130327,1458.3450000000003
20130326,2246.965
20130325,2233.5299999999997
20130322,1273.314
20130321,1463.297
20130320,747.422
20130319,1516.04
20130318,1573.42
20130315,1249.794
20130314,947.394
20130313,1600.7740000000001
20130312,2286.954
20130311,2487.636
20130308,1574.391
20130307,1168.608
20130306,1654.802
20130305,1200.45
20130304,1191.086
20130301,1019.59
20130228,0.0
20130227,1277.856
20130226,1002.5699999999999
20130225,2162.2599999999998
20130222,959.361
20130221,1757.875
20130220,1331.52
20130219,1262.88
20130218,1044.6799999999998
20130215,694.008
20130214,2763.0750000000003
20130213,874.952
20130212,479.385
20130211,1080.3239999999998
20130208,1129.6950000000002
20130207,1631.58
20130206,1339.984
20130205,2205.85
20130204,1216.83
20130201,1420.272
20130131,0.0
20130130,1093.09
20130129,1119.785
20130128,1650.411
20130125,1576.876
20130124,1662.633
20130123,1351.8179999999998
20130122,1142.876
20130121,1261.296
20130118,1419.422
20130117,1281.22
20130116,700.7280000000001
20130115,758.8000000000001
20130114,1180.102
20130111,812.244
20130110,1083.4440000000002
20130109,1247.4
20130108,1120.57
20130107,821.6700000000001
20130104,758.138
20130103,811.638
20130102,1990.793
20130101,0.0
20121231,0.0
20121228,287.74199999999996
20121227,272.33200000000005
20121226,0.0
20121225,0.0
20121224,146.631
20121221,637.2900000000001
20121220,787.644
20121219,701.158
20121218,1474.03
20121217,727.1
20121214,793.921
20121213,613.481
20121212,1155.942
20121211,762.102
20121210,753.819
20121207,522.24
20121206,602.54
20121205,861.504
20121204,239.36
20121203,683.0880000000001
20121130,0.0
20121129,336.815
20121128,334.01
20121127,1420.452
20121126,1076.9759999999999
20121123,380.255
20121122,431.76
20121121,364.896
20121120,418.488
20121119,594.735
20121116,297.308
20121115,276.206
20121114,511.154
20121113,390.61600000000004
20121112,837.487
20121109,506.8
20121108,481.46
20121107,697.9499999999999
20121106,675.36
20121105,370.734
20121102,451.79599999999994
20121101,246.48000000000002
20121031,0.0
20121030,518.296
20121029,440.704
20121026,375.98999999999995
20121025,423.84599999999995
20121024,621.6729999999999
20121023,285.82399999999996
20121022,467.93
20121019,663.04
20121018,451.035
20121017,1228.4599999999998
20121016,426.32800000000003
20121015,650.503
20121012,622.08
20121011,1453.364
20121010,685.438
20121009,573.204
20121008,946.4599999999999
20121005,1233.182
20121004,520.1999999999999
20121003,874.6880000000001
20121002,820.9619999999999
20121001,1011.0479999999999
20120928,0.0
20120927,390.97599999999994
20120926,244.11199999999997
20120925,589.818
20120924,545.1999999999999
20120921,426.14399999999995
20120920,368.988
20120919,323.232
20120918,295.20000000000005
20120917,548.7280000000001
20120914,683.162
20120913,696.6990000000001
20120912,727.6500000000001
20120911,285.285
20120910,540.56
20120907,490.886
20120906,845.6320000000001
20120905,380.442
20120904,463.71600000000007
20120903,554.8
20120831,0.0
20120830,472.97600000000006
20120829,303.108
20120828,271.766
20120827,0.0
20120824,196.24
20120823,228.462
20120822,316.111
20120821,266.388
20120820,521.072
20120817,234.28900000000002
20120816,269.76
20120815,255.60199999999998
20120814,151.60500000000002
20120813,221.487
20120810,326.34
20120809,313.564
20120808,262.79999999999995
20120807,513.532
20120806,144.72000000000003
20120803,165.949
20120802,302.46400000000006
20120801,285.48
20120731,0.0
20120730,390.936
20120727,212.07200000000003
20120726,380.1600000000001
20120725,219.42
20120724,97.36999999999999
20120723,155.636
20120720,153.36
20120719,184.68000000000004
20120718,186.148
20120717,168.32999999999998
20120716,177.375
20120713,101.52000000000001
20120712,114.38299999999998
20120711,887.1239999999999
20120710,341.968
20120709,141.087
20120706,251.34000000000003
20120705,197.79999999999998
20120704,143.888
20120703,297.73800000000006
20120702,301.32399999999996
20120629,0.0
20120628,159.154
20120627,112.752
20120626,96.6
20120625,265.356
20120622,196.46
20120621,191.845
20120620,259.75
20120619,280.8
20120618,323.02
20120615,340.964
20120614,213.17999999999998
20120613,242.904
20120612,224.914
20120611,194.435
20120608,307.768
20120607,285.39
20120606,236.62200000000004
20120605,0.0
20120604,0.0
20120601,428.676
20120531,0.0
20120530,281.432
20120529,246.409
20120528,208.582
20120525,1193.0049999999999
20120524,1053.048
20120523,196.6
20120522,699.8940000000001
20120521,600.9300000000001
20120518,658.9960000000001
20120517,275.918
20120516,398.27200000000005
20120515,488.376
20120514,313.84499999999997
20120511,184.27499999999998
20120510,417.44100000000003
20120509,1847.845
20120508,818.055
20120507,0.0
20120504,805.256
20120503,420.22400000000005
20120502,1413.4699999999998
20120501,378.752
20120430,0.0
20120427,360.19200000000006
20120426,202.04099999999997
20120425,233.91400000000002
20120424,300.612
20120423,418.03399999999993
20120420,331.1
20120419,473.271
20120418,337.124
20120417,443.88000000000005
20120416,442.538
20120413,298.329
20120412,420.11699999999996
20120411,440.35200000000003
20120410,409.248
20120409,0.0
20120406,0.0
20120405,408.38800000000003
20120404,422.654
20120403,532.0
20120402,430.268
20120330,0.0
20120329,282.608
20120328,440.99
20120327,472.95
20120326,327.59999999999997
20120323,416.064
20120322,238.204
20120321,383.25
20120320,194.184
20120319,356.25199999999995
20120316,389.412
20120315,319.968
20120314,320.574
20120313,428.896
20120312,184.281
20120309,460.91999999999996
20120308,1591.404
20120307,143.785
20120306,353.922
20120305,182.69899999999998
20120302,131.856
20120301,213.64000000000001
20120229,0.0
20120228,171.85
20120227,138.18
20120224,260.568
20120223,523.672
20120222,211.00399999999996
20120221,311.66299999999995
20120220,1034.392
20120217,317.3
20120216,149.14200000000002
20120215,325.139
20120214,333.152
20120213,603.2550000000001
20120210,242.90699999999998
20120209,511.32500000000005
20120208,294.84
20120207,205.875
20120206,317.45
20120203,158.55
20120202,221.23499999999999
20120201,153.38700000000003
20120131,0.0
20120130,197.802
20120127,296.808
20120126,357.192
20120125,163.785
20120124,119.16800000000002
20120123,251.658
20120120,116.87400000000001
20120119,151.636
20120118,214.383
20120117,286.72
20120116,43.414
20120113,621.27
20120112,184.547
20120111,266.60799999999995
20120110,70.08
20120109,137.776
20120106,40.112
20120105,156.42
20120104,91.665
20120103,178.164
20120102,0.0
20111230,0.0
20111229,103.292
20111228,55.87200000000001
20111227,0.0
20111226,0.0
20111223,45.792
20111222,36.624
20111221,164.56
20111220,86.15299999999999
20111219,77.28
20111216,42.25
20111215,73.94999999999999
20111214,233.06
20111213,165.874
20111212,153.60799999999998
20111209,106.0
20111208,313.709
20111207,75.777
20111206,96.36
20111205,991.01
20111202,55.242000000000004
20111201,234.69299999999998
20111130,0.0
20111129,75.41600000000001
20111128,146.35800000000003
20111125,146.202
20111124,226.59600000000003
20111123,65.61
20111122,142.614
20111121,299.46000000000004
20111118,46.585
20111117,99.412
20111116,123.123
20111115,69.36
20111114,83.232
20111111,170.448
20111110,86.69999999999999
20111109,11.440000000000001
20111108,12.389999999999999
20111107,97.57
20111104,267.27
20111103,69.441
20111102,67.64
20111101,393.32399999999996
20111031,0.0
20111028,273.23999999999995
20111027,258.91200000000003
20111026,69.44
20111025,18.459
20111024,98.209
20111021,83.885
20111020,298.06699999999995
20111019,68.324
20111018,136.192
20111017,131.616
20111014,39.336
20111013,117.17300000000002
20111012,49.005
20111011,48.84
20111010,261.072
20111007,125.715
20111006,40.42
20111005,76.544
20111004,97.586
20111003,124.803
20110930,0.0
20110929,282.072
20110928,179.60000000000002
20110927,238.81500000000003
20110926,115.77600000000001
20110923,302.91300000000007
20110922,649.568
20110921,219.49200000000002
20110920,148.66799999999998
20110919,212.44000000000003
20110916,183.936
20110915,180.60600000000002
20110914,104.64
20110913,35.964000000000006
20110912,414.98999999999995
20110909,115.168
20110908,140.71200000000002
20110907,127.33200000000001
20110906,93.258
20110905,178.6
20110902,242.79199999999997
20110901,111.64400000000002
20110831,0.0
20110830,153.435
20110829,0.0
20110826,86.66399999999999
20110825,138.474
20110824,150.822
20110823,67.08699999999999
20110822,147.67800000000003
20110819,486.3519999999999
20110818,163.725
20110817,76.788
20110816,428.04400000000004
20110815,236.43599999999998
20110812,337.605
20110811,432.095
20110810,717.255
20110809,866.88
20110808,385.56
20110805,489.55199999999996
20110804,375.435
20110803,387.59999999999997
20110802,108.57
20110801,303.24600000000004
20110729,0.0
20110728,99.283
20110727,151.16400000000002
20110726,248.23900000000003
20110725,202.086
20110722,398.74799999999993
20110721,76.472
20110720,250.97099999999998
20110719,151.662
20110718,306.552
20110715,208.33499999999998
20110714,279.46299999999997
20110713,274.74
20110712,235.391
20110711,174.42
20110708,336.08799999999997
20110707,236.925
20110706,239.11200000000002
20110705,279.17199999999997
20110704,341.848
20110701,172.54999999999998
20110630,0.0
20110629,454.1
20110628,78.96499999999999
20110627,220.358
20110624,62.559999999999995
20110623,70.044
20110622,454.053
20110621,283.03000000000003
20110620,386.808
20110617,98.26199999999999
20110616,155.55
20110615,103.264
20110614,146.43900000000002
20110613,177.77200000000002
20110610,118.42399999999999
20110609,260.26
20110608,317.13000000000005
20110607,163.45
20110606,368.784
20110603,134.70600000000002
20110602,208.845
20110601,152.442
20110531,0.0
20110530,0.0
20110527,153.012
20110526,277.856
20110525,393.597
20110524,173.85
20110523,107.219
20110520,116.86400000000002
20110519,304.654
20110518,878.944
20110517,155.61
20110516,124.66999999999999
20110513,83.26
20110512,373.765
20110511,151.469
20110510,286.12
20110509,135.681
20110506,39.129999999999995
20110505,232.704
20110504,398.06800000000004
20110503,248.577
20110502,0.0
20110429,0.0
20110428,0.0
20110427,152.805
20110426,363.25500000000005
20110425,0.0
20110422,0.0
20110421,189.28
20110420,169.15499999999997
20110419,106.601
20110418,22.906000000000002
20110415,68.222
20110414,276.06600000000003
20110413,178.97199999999998
20110412,194.92
20110411,314.168
20110408,160.539
20110407,249.504
20110406,107.498
20110405,338.68399999999997
20110404,307.923
20110401,78.64799999999998
20110331,0.0
20110330,220.01000000000002
20110329,335.53000000000003
20110328,56.133
20110325,332.384
20110324,155.70000000000002
20110323,702.702
20110322,128.803
20110321,237.112
20110318,210.15599999999998
20110317,165.228
20110316,302.21099999999996
20110315,319.555
20110314,217.236
20110311,534.843
20110310,219.762
20110309,346.062
20110308,549.122
20110307,216.154
20110304,273.18800000000005
20110303,170.775
20110302,135.29000000000002
20110301,375.08399999999995
20110228,0.0
20110225,169.6
20110224,150.528
20110223,441.507
20110222,259.04599999999994
20110221,383.642
20110218,133.87800000000001
20110217,106.092
20110216,114.648
20110215,303.584
20110214,613.9520000000001
20110211,847.9590000000001
20110210,1083.2
20110209,1080.477
20110208,1482.67
20110207,776.7360000000001
20110204,538.125
20110203,231.26399999999998
20110202,273.68
20110201,153.642
20110131,0.0
20110128,188.505
20110127,310.91200000000003
20110126,172.575
20110125,141.12
20110124,1756.48
20110121,322.446
20110120,217.868
20110119,273.537
20110118,108.324
20110117,226.81200000000004
20110114,270.048
20110113,166.29099999999997
20110112,468.884
20110111,303.93
20110110,277.848
20110107,363.612
20110106,386.16300000000007
20110105,202.521
20110104,746.718
20110103,0.0
20101231,0.0
20101230,170.35199999999998
20101229,233.25
20101228,0.0
20101227,0.0
20101224,163.017
20101223,287.061
20101222,513.721
20101221,393.164
20101220,720.837
20101217,497.7
20101216,250.71
20101215,338.52000000000004
20101214,345.202
20101213,402.81
20101210,287.36400000000003
20101209,224.81799999999998
20101208,383.23299999999995
20101207,424.391
20101206,1025.838
20101203,705.915
20101202,1560.8939999999998
20101201,387.93600000000004
20101130,0.0
20101129,321.84
20101126,101.24800000000002
20101125,188.423
20101124,353.11499999999995
20101123,196.44799999999998
20101122,444.43
20101119,492.80000000000007
20101118,795.4680000000001
20101117,896.7600000000001
20101116,411.3
20101115,438.3960000000001
20101112,314.06100000000004
20101111,277.764
20101110,361.712
20101109,339.15
20101108,553.3430000000001
20101105,440.856
20101104,616.5500000000001
20101103,393.12
20101102,656.328
20101101,404.42199999999997
20101029,0.0
20101028,277.245
20101027,530.025
20101026,334.705
20101025,743.082
20101022,613.8000000000001
20101021,779.365
20101020,1082.9499999999998
20101019,382.53000000000003
20101018,410.051
20101015,637.1429999999999
20101014,435.48
20101013,350.994
20101012,391.66599999999994
20101011,493.5
20101008,810.768
20101007,255.916
20101006,1266.8479999999997
20101005,821.205
20101004,790.088
20101001,618.569
20100930,0.0
20100929,419.43
20100928,253.56800000000004
20100927,208.86
20100924,811.4770000000001
20100923,417.248
20100922,601.9200000000001
20100921,730.064
20100920,896.875
20100917,747.288
20100916,295.104
20100915,365.07899999999995
20100914,124.944
20100913,206.89200000000002
20100910,127.50600000000001
20100909,127.04100000000001
20100908,285.41999999999996
20100907,600.9509999999999
20100906,264.06
20100903,744.772
20100902,163.737
20100901,916.855
20100831,0.0
20100830,0.0
20100827,197.37
20100826,725.167
20100825,164.469
20100824,105.56
20100823,220.955
20100820,196.198
20100819,276.39500000000004
20100818,82.544
20100817,192.92
20100816,184.716
20100813,115.709
20100812,186.998
20100811,117.44999999999999
20100810,190.008
20100809,99.87299999999999
20100806,86.751
20100805,190.106
20100804,205.332
20100803,100.775
20100802,242.09099999999995
20100730,0.0
20100729,125.42500000000001
20100728,298.328
20100727,347.22499999999997
20100726,171.10000000000002
20100723,303.365
20100722,284.96799999999996
20100721,76.826
20100720,108.936
20100719,78.80999999999999
20100716,273.792
20100715,155.709
20100714,228.94200000000004
20100713,154.21200000000002
20100712,120.38400000000001
20100709,156.99200000000002
20100708,240.12
20100707,51.45199999999999
20100706,149.85
20100705,51.436
20100702,29.97
20100701,59.185
20100630,0.0
20100629,126.59899999999999
20100628,90.15599999999999
20100625,71.76199999999999
20100624,420.301
20100623,932.1590000000001
20100622,474.685
20100621,1037.844
20100618,193.966
20100617,101.99
20100616,220.106
20100615,179.36100000000002
20100614,451.328
20100611,213.19199999999998
20100610,338.218
20100609,559.86
20100608,156.09
20100607,58.5
20100604,11.879999999999999
20100603,105.576
20100602,40.238
20100601,111.15
20100531,0.0
20100528,195.0
20100527,3312.16
20100526,166.14
20100525,201.289
20100524,120.156
20100521,74.865
20100520,16.45
20100519,411.01599999999996
20100518,191.132
20100517,98.489
20100514,983.5680000000001
20100513,123.69000000000001
20100512,45.057
20100511,51.089999999999996
20100510,164.907
20100507,218.94400000000002
20100506,118.58500000000001
20100505,466.28400000000005
20100504,306.23400000000004
20100503,0.0
20100430,0.0
20100429,24.395999999999997
20100428,186.18
20100427,146.74
20100426,757.25
20100423,207.988
20100422,314.24
20100421,106.24000000000001
20100420,107.184
20100419,94.01899999999999
20100416,399.303
20100415,2373.7999999999997
20100414,76.93599999999999
20100413,40.238
20100412,69.218
20100409,6.42
20100408,47.138000000000005
20100407,180.50400000000002
20100406,128.898
20100405,0.0
20100402,0.0
20100401,240.02999999999997
20100331,0.0
20100330,330.72
20100329,183.48999999999998
20100326,212.59199999999998
20100325,120.761
20100324,65.826
20100323,350.784
20100322,305.32099999999997
20100319,112.71600000000001
20100318,124.845
20100317,201.52400000000003
20100316,248.21299999999997
20100315,93.852
20100312,112.266
20100311,228.26799999999997
20100310,134.46900000000002
20100309,71.28
20100308,151.29600000000002
20100305,95.2
20100304,286.15999999999997
20100303,57.90899999999999
20100302,80.325
20100301,186.666
20100226,0.0
20100225,198.03
20100224,149.24
20100223,145.222
20100222,142.104
20100219,30.104
20100218,374.402
20100217,49.80800000000001
20100216,67.639
20100215,6.182
20100212,251.312
20100211,121.25999999999999
20100210,187.70900000000003
20100209,368.628
20100208,367.30199999999996
20100205,345.402
20100204,34.65
20100203,35.153999999999996
20100202,59.599
20100201,125.89500000000001
20100129,0.0
20100128,145.485
20100127,52.574
20100126,268.632
20100125,382.86000000000007
20100122,116.6
20100121,86.978
20100120,88.39099999999999
20100119,64.182
20100118,88.862
20100115,113.477
20100114,114.69500000000001
20100113,226.73000000000002
20100112,161.34300000000002
20100111,161.616
20100108,86.42
20100107,218.44799999999998
20100106,413.0
20100105,335.748
20100104,64.512
20100101,0.0
20091231,0.0
20091230,19.346
20091229,15.876
20091228,0.0
20091225,0.0
20091224,29.998
20091223,151.178
20091222,113.436
20091221,179.892
20091218,22.880000000000003
20091217,161.04000000000002
20091216,16.306
20091215,62.30400000000001
20091214,20.787
20091211,29.343999999999998
20091210,14.559999999999999
20091209,137.97
20091208,139.59
20091207,70.623
20091204,75.075
20091203,74.503
20091202,3.675
20091201,83.2
20091130,0.0
20091127,266.25500000000005
20091126,239.59799999999998
20091125,69.53099999999999
20091124,58.751
20091123,95.757
20091120,139.646
20091119,139.12199999999999
20091118,35.23
20091117,35.1
20091116,148.239
20091113,19.08
20091112,19.08
20091111,21.12
20091110,151.998
20091109,101.376
20091106,1245.014
20091105,1232.7839999999999
20091104,201.89399999999998
20091103,17.82
20091102,105.152
20091030,0.0
20091029,151.704
20091028,107.64
20091027,36.312
20091026,79.13199999999999
20091023,15.175999999999998
20091022,90.384
20091021,14.742
20091020,354.88800000000003
20091019,114.26399999999998
20091016,299.18399999999997
20091015,88.872
20091014,256.464
20091013,190.99
20091012,181.976
20091009,229.37599999999998
20091008,1674.78
20091007,35.49
20091006,182.22599999999997
20091005,70.00599999999999
20091002,13.095
20091001,11.293
20090930,0.0
20090929,17.034
20090928,37.422000000000004
20090925,28.674000000000003
20090924,50.44
20090923,35.136
20090922,65.076
20090921,14.73
20090918,115.568
20090917,78.56800000000001
20090916,621.7699999999999
20090915,10.318000000000001
20090914,10.318000000000001
20090911,50.084999999999994
20090910,49.455
20090909,2.754
20090908,33.192
20090907,27.022000000000002
20090904,32.832
20090903,81.0
20090902,73.30799999999999
20090901,1.8120000000000003
20090831,0.0
20090828,140.43
20090827,66.44999999999999
20090826,27.528000000000002
20090825,29.92
20090824,33.211999999999996
20090821,12.011999999999999
20090820,10.272
20090819,10.176
20090818,18.06
20090817,64.35
20090814,9.156
20090813,489.046
20090812,23.924999999999997
20090811,70.95599999999999
20090810,282.30499999999995
20090807,36.456
20090806,26.52
20090805,64.676
20090804,59.26499999999999
20090803,60.03
20090731,0.0
20090730,98.31
20090729,112.66499999999998
20090728,20.256999999999998
20090727,55.68
20090724,277.254
20090723,100.03999999999999
20090722,65.52700000000002
20090721,48.884
20090720,621.5859999999999
20090717,263.00399999999996
20090716,110.16
20090715,35.689
20090714,39.006
20090713,19.85
20090710,0.0
20090709,28.683999999999997
20090708,16.12
20090707,15.351999999999999
20090706,9.696
20090703,30.628
20090702,17.2
20090701,0.0
20090630,0.0
20090629,39.769999999999996
20090626,70.52
20090625,17.732000000000003
20090624,13.6
20090623,4.356
20090622,161.196
20090619,45.981
20090618,60.495999999999995
20090617,129.6
20090616,5.447000000000001
20090615,30.932
20090612,40.416
20090611,59.904
20090610,79.29599999999999
20090609,19.458
20090608,120.05999999999999
20090605,160.29000000000002
20090604,71.23
20090603,78.492
20090602,74.55
20090601,123.9
20090529,0.0
20090528,59.153000000000006
20090527,98.98
20090526,96.31700000000001
20090525,0.0
20090522,57.51
20090521,36.168000000000006
20090520,17.304000000000002
20090519,129.78
20090518,21.006000000000004
20090515,102.108
20090514,38.7
20090513,42.18
20090512,37.338
20090511,28.194000000000003
20090508,33.352000000000004
20090507,27.36
20090506,67.694
20090505,55.875
20090504,0.0
20090501,30.212000000000003
20090430,0.0
20090429,17.136
20090428,30.798
20090427,47.123999999999995
20090424,0.361
20090423,15.708
20090422,67.614
20090421,11.649
20090420,47.925
20090417,150.875
20090416,127.08
20090415,19.855
20090414,22.848
20090413,0.0
20090410,0.0
20090409,44.46
20090408,32.98
20090407,8.55
20090406,48.763000000000005
20090403,69.888
20090402,127.16
20090401,26.813999999999997
20090331,0.0
20090330,44.800000000000004
20090327,45.016
20090326,51.255
20090325,14.147
20090324,29.128000000000004
20090323,125.02
20090320,10.725
20090319,26.24
20090318,75.44
20090317,43.29599999999999
20090316,52.456
20090313,19.198
20090312,71.5
20090311,126.936
20090310,92.91
20090309,32.832
20090306,18.91
20090305,55.66899999999999
20090304,1.63
20090303,13.038
20090302,288.96
20090227,0.0
20090226,98.07199999999999
20090225,4.563999999999999
20090224,33.048
20090223,43.624
20090220,7.194000000000001
20090219,0.0
20090218,41.114
20090217,20.126
20090216,18.846000000000004
20090213,11.798
20090212,32.585
20090211,68.112
20090210,10.063
20090209,16.375999999999998
20090206,28.430999999999997
20090205,28.699999999999996
20090204,64.599
20090203,40.25
20090202,25.2
20090130,0.0
20090129,21.837999999999997
20090128,0.0
20090127,378.06299999999993
20090126,328.232
20090123,284.871
20090122,330.012
20090121,117.568
20090120,125.66799999999999
20090119,69.69
20090116,44.484
20090115,34.1
20090114,105.0
20090113,71.001
20090112,87.37599999999999
20090109,25.063
20090108,17.6
20090107,13.68
20090106,5.968
20090105,27.75
20090102,1.4160000000000001
20090101,0.0
20081231,0.0
20081230,36.75
20081229,495.279
20081226,0.0
20081225,0.0
20081224,37.949999999999996
20081223,34.216
20081222,69.438
20081219,43.68
20081218,66.97600000000001
20081217,28.62
20081216,13.992000000000003
20081215,16.218
20081212,23.532000000000004
20081211,89.84599999999999
20081210,5.593
20081209,18.468000000000004
20081208,27.679
20081205,16.270999999999997
20081204,553.784
20081203,22.496000000000002
20081202,41.48
20081201,11.655
20081128,0.0
20081127,17.325
20081126,19.53
20081125,17.064000000000004
20081124,39.875
20081121,162.342
20081120,12.942999999999998
20081119,62.0
20081118,165.141
20081117,142.65
20081114,286.25800000000004
20081113,49.769
20081112,16.473
20081111,25.753999999999998
20081110,25.383999999999997
20081107,36.455
20081106,3.399
20081105,12.558
20081104,19.032
20081103,10.263
20081031,0.0
20081030,22.724999999999998
20081029,13.63
20081028,26.22
20081027,22.12
20081024,54.15
20081023,26.265
20081022,17.1
20081021,27.84
20081020,31.262
20081017,228.71499999999997
20081016,175.51199999999997
20081015,46.199999999999996
20081014,82.08
20081013,32.472
20081010,29.830000000000002
20081009,70.40599999999999
20081008,191.149
20081007,71.76
20081006,49.65
20081003,25.185000000000002
20081002,317.904
20081001,42.12
20080930,0.0
20080929,34.711000000000006
20080926,404.89099999999996
20080925,115.56
20080924,234.29999999999998
20080923,370.65
20080922,57.51
20080919,375.592
20080918,472.64399999999995
20080917,466.83200000000005
20080916,206.836
20080915,234.35999999999999
20080912,633.75
20080911,62.410000000000004
20080910,335.724
20080909,82.212
20080908,20.757
20080905,108.468
20080904,36.491
20080903,9.623999999999999
20080902,14.472
20080901,109.17500000000001
20080829,0.0
20080828,25.285
20080827,31.44
20080826,21.669999999999998
20080825,0.0
20080822,58.312000000000005
20080821,11.455
20080820,201.96
20080819,164.736
20080818,1.995
20080815,120.29100000000001
20080814,350.551
20080813,218.747
20080812,15.72
20080811,21.438000000000002
20080808,47.64
20080807,13.86
20080806,26.724
20080805,54.74
20080804,2.6879999999999997
20080801,46.08
20080731,0.0
20080730,2.364
20080729,27.16
20080728,20.776
20080725,30.186
20080724,44.861000000000004
20080723,32.453
20080722,48.831
20080721,7.074000000000001
20080718,18.865000000000002
20080717,335.06800000000004
20080716,3.4650000000000003
20080715,50.518
20080714,134.862
20080711,632.8180000000001
20080710,70.269
20080709,17.329
20080708,19.950000000000003
20080707,34.188
20080704,216.8
20080703,341.298
20080702,35.321999999999996
20080701,390.72
20080630,0.0
20080627,13.838000000000001
20080626,88.198
20080625,20.580000000000002
20080624,35.669999999999995
20080623,54.18000000000001
20080620,63.189
20080619,6.864000000000001
20080618,104.247
20080617,26.22
20080616,227.66400000000002
20080613,342.45399999999995
20080612,51.483999999999995
20080611,97.02000000000001
20080610,22.207
20080609,27.136000000000003
20080606,34.910999999999994
20080605,87.86999999999999
20080604,132.37
20080603,133.797
20080602,19.845
20080530,0.0
20080529,39.584999999999994
20080528,10.464
20080527,14.552999999999999
20080526,0.0
20080523,72.27
20080522,73.31299999999999
20080521,84.036
20080520,95.47200000000001
20080519,38.356
20080516,98.33999999999999
20080515,26.82
20080514,344.63699999999994
20080513,118.72000000000001
20080512,173.494
20080509,55.692
20080508,44.550000000000004
20080507,54.981
20080506,60.480000000000004
20080505,0.0
20080502,4621.959
20080501,91.02000000000001
20080430,0.0
20080429,36.686
20080428,2012.208
20080425,144.102
20080424,249.79099999999997
20080423,5.642
20080422,118.32
20080421,68.016
20080418,75.255
20080417,41.61
20080416,94.588
20080415,57.024
20080414,145.67799999999997
20080411,384.125
20080410,80.784
20080409,68.529
20080408,118.25
20080407,132.68
20080404,356.43699999999995
20080403,407.886
20080402,46.852
20080401,60.882
20080331,0.0
20080328,17.44
20080327,57.288
20080326,79.05600000000001
20080325,17.85
20080324,0.0
20080321,0.0
20080320,174.643
20080319,49.324
20080318,7.236
20080317,40.602
20080314,38.003
20080313,47.175
20080312,23.373
20080311,18.876
20080310,130.82
20080307,8.68
20080306,458.65200000000004
20080305,43.218
20080304,93.30999999999999
20080303,27.712000000000003
20080229,0.0
20080228,45.696
20080227,39.07200000000001
20080226,61.410000000000004
20080225,164.205
20080222,98.55
20080221,30.912000000000006
20080220,14.750999999999998
20080219,93.564
20080218,14.96
20080215,116.60000000000001
20080214,12.15
20080213,47.08
20080212,78.676
20080211,1.287
20080208,67.014
20080207,162.43200000000002
20080206,30.174999999999997
20080205,137.578
20080204,44.2
20080201,11.475000000000001
20080131,0.0
20080130,35.94799999999999
20080129,93.958
20080128,25.56
20080125,359.856
20080124,157.68
20080123,483.55199999999996
20080122,199.408
20080121,234.208
20080118,11.05
20080117,155.845
20080116,88.842
20080115,192.854
20080114,15.775999999999998
20080111,55.876
20080110,255.85500000000002
20080109,126.20799999999998
20080108,103.472
20080107,148.44200000000004
20080104,123.087
20080103,40.21600000000001
20080102,42.31999999999999
20080101,0.0
20071231,0.0
20071228,187.62700000000004
20071227,16.308
20071226,0.0
20071225,0.0
20071224,15.436
20071221,63.778000000000006
20071220,71.832
20071219,134.514
20071218,0.0
20071217,53.424
20071214,50.858
20071213,52.272
20071212,345.825
20071211,66.00699999999999
20071210,32.925
20071207,91.67000000000002
20071206,145.632
20071205,86.38499999999999
20071204,166.17
20071203,22.44
20071130,0.0
20071129,81.34499999999998
20071128,130.593
20071127,264.6
20071126,0.0
20071123,240.687
20071122,295.18199999999996
20071121,172.60999999999999
20071120,83.085
20071119,501.40000000000003
20071116,334.95699999999994
20071115,46.97299999999999
20071114,41.548
20071113,223.58999999999997
20071112,795.663
20071109,110.98599999999999
20071108,124.78500000000001
20071107,241.92000000000002
20071106,104.73299999999999
20071105,117.42499999999998
20071102,66.42399999999999
20071101,48.941
20071031,0.0
20071030,161.82
20071029,106.476
20071026,111.475
20071025,134.251
20071024,63.49200000000001
20071023,120.76400000000001
20071022,222.56199999999998
20071019,447.225
20071018,482.148
20071017,50.599999999999994
20071016,117.18
20071015,143.676
20071012,124.54
20071011,54.970000000000006
20071010,96.965
20071009,101.00799999999998
20071008,244.44899999999998
20071005,327.78900000000004
20071004,401.29200000000003
20071003,162.84
20071002,454.104
20071001,96.72000000000001
20070928,0.0
20070927,177.83999999999997
20070926,68.672
20070925,53.245
20070924,158.01
20070921,563.29
20070920,566.703
20070919,3832.8590000000004
20070918,197.127
20070917,392.77
20070914,58.995000000000005
20070913,289.956
20070912,293.46
20070911,197.13600000000002
20070910,0.0
20070907,297.48
20070906,5.436
20070905,32.376
20070904,71.455
20070903,51.171
20070831,0.0
20070830,105.096
20070829,95.65799999999999
20070828,105.75
20070827,0.0
20070824,86.912
20070823,198.45800000000003
20070822,183.063
20070821,119.262
20070820,253.21099999999996
20070817,143.902
20070816,597.561
20070815,80.724
20070814,55.944
20070813,405.395
20070810,119.818
20070809,160.105
20070808,1939.0510000000002
20070807,539.688
20070806,49.39
20070803,50.489999999999995
20070802,72.981
20070801,861.2379999999999
20070731,0.0
20070730,202.436
20070727,623.8050000000001
20070726,191.022
20070725,374.808
20070724,416.615
20070723,162.81
20070720,202.66200000000003
20070719,24.887999999999998
20070718,264.325
20070717,587.3660000000001
20070716,230.175
20070713,70.28999999999999
20070712,121.464
20070711,106.26
20070710,240.58399999999997
20070709,204.10199999999998
20070706,113.70400000000001
20070705,86.41600000000001
20070704,551.103
20070703,265.65
20070702,104.34
20070629,0.0
20070628,203.17600000000002
20070627,445.47
20070626,118.026
20070625,100.488
20070622,80.712
20070621,272.65
20070620,196.17400000000004
20070619,151.843
20070618,77.436
20070615,142.5
20070614,238.39200000000002
20070613,228.65600000000003
20070612,68.524
20070611,85.461
20070608,197.79999999999998
20070607,92.4
20070606,538.23
20070605,311.33099999999996
20070604,270.55600000000004
20070601,302.247
20070531,0.0
20070530,489.9839999999999
20070529,254.39999999999998
20070528,0.0
20070525,37.841
20070524,104.16
20070523,102.07799999999999
20070522,411.73599999999993
20070521,254.774
20070518,61.44
20070517,60.959999999999994
20070516,80.16
20070515,132.48
20070514,187.2
20070511,276.12
20070510,46.431000000000004
20070509,48.30700000000001
20070508,162.27400000000003
20070507,0.0
20070504,64.308
20070503,57.660000000000004
20070502,53.35999999999999
20070501,258.06
20070430,0.0
20070427,5999.953
20070426,320.62
20070425,116.99200000000002
20070424,53.92600000000001
20070423,40.583999999999996
20070420,18.24
20070419,13.223999999999998
20070418,91.278
20070417,143.832
20070416,77.35600000000001
20070413,56.14399999999999
20070412,119.399
20070411,43.059000000000005
20070410,73.776
20070409,0.0
20070406,0.0
20070405,144.304
20070404,116.464
20070403,175.18
20070402,171.57999999999998
20070330,0.0
20070329,71.749
20070328,98.496
20070327,67.767
20070326,148.764
20070323,108.57000000000001
20070322,69.45
20070321,58.674
20070320,72.53399999999999
20070319,212.058
20070316,111.71999999999998
20070315,67.767
20070314,41.132
20070313,144.144
20070312,19.951999999999998
20070309,54.383
20070308,373.05999999999995
20070307,88.842
20070306,107.604
20070305,908.9789999999999
20070302,364.828
20070301,691.909
20070228,0.0
20070227,232.55999999999997
20070226,195.36
20070223,303.51099999999997
20070222,228.95000000000002
20070221,116.35800000000002
20070220,94.872
20070219,91.56799999999998
20070216,181.72
20070215,112.336
20070214,56.400000000000006
20070213,287.205
20070212,225.60899999999998
20070209,82.6
20070208,405.448
20070207,433.71000000000004
20070206,253.656
20070205,52.55500000000001
20070202,70.22399999999999
20070201,24.009
20070131,0.0
20070130,64.014
20070129,28.148
20070126,69.916
20070125,89.57200000000002
20070124,107.39500000000001
20070123,147.15400000000002
20070122,158.57900000000004
20070119,276.942
20070118,39.732
20070117,244.398
20070116,26.277
20070115,150.012
20070112,298.91400000000004
20070111,166.52
20070110,336.25999999999993
20070109,1482.063
20070108,207.39000000000001
20070105,424.44500000000005
20070104,429.604
20070103,166.124
20070102,217.989
20070101,0.0
20061229,0.0
20061228,36.267
20061227,113.96700000000001
20061226,0.0
20061225,0.0
20061222,47.89500000000001
20061221,51.04
20061220,178.718
20061219,1366.672
20061218,510.57000000000005
20061215,1109.955
20061214,253.227
20061213,463.32000000000005
20061212,246.156
20061211,64.676
20061208,100.91999999999999
20061207,34.444
20061206,66.70800000000001
20061205,0.0
20061204,80.475
20061201,237.51
20061130,0.0
20061129,32.400000000000006
20061128,247.53300000000002
20061127,139.74800000000002
20061124,104.16
20061123,40.89
20061122,32.625
20061121,65.68499999999999
20061120,130.935
20061117,44.675999999999995
20061116,165.564
20061115,69.642
20061114,296.08799999999997
20061113,109.5
20061110,28.534999999999997
20061109,43.022
20061108,342.41999999999996
20061107,164.625
20061106,27.593999999999998
20061103,67.298
20061102,128.915
20061101,149.891
20061031,0.0
20061030,122.36
20061027,196.233
20061026,49.607
20061025,30.59
20061024,56.373000000000005
20061023,193.564
20061020,57.722
20061019,35.073
20061018,106.08500000000001
20061017,124.10799999999999
20061016,234.02999999999997
20061013,38.181000000000004
20061012,25.075000000000003
20061011,40.643
20061010,164.69199999999998
20061009,34.44500000000001
20061006,132.088
20061005,79.928
20061004,129.6
20061003,22.275
20061002,338.58
20060929,0.0
20060928,21.384
20060927,74.86
20060926,853.71
20060925,111.14999999999999
20060922,83.85
20060921,440.31
20060920,70.59
20060919,60.996
20060918,212.704
20060915,235.773
20060914,23.01
20060913,20.28
20060912,321.70300000000003
20060911,55.238
20060908,2755.35
20060907,16.38
20060906,68.992
20060905,108.19200000000001
20060904,42.444
20060901,87.97500000000001
20060831,0.0
20060830,54.349000000000004
20060829,46.529
20060828,0.0
20060825,14.076
20060824,8.58
20060823,234.991
20060822,18.816
20060821,42.120000000000005
20060818,75.656
20060817,25.872
20060816,33.711999999999996
20060815,163.73600000000002
20060814,82.044
20060811,17.028000000000002
20060810,51.083999999999996
20060809,39.086999999999996
20060808,239.085
20060807,3.8
20060804,8.854999999999999
20060803,162.54
20060802,12.705
20060801,27.335
20060731,0.0
20060728,49.536
20060727,65.28
20060726,25.145999999999997
20060725,91.059
20060724,72.954
20060721,36.666
20060720,53.818
20060719,71.78
20060718,273.31
20060717,569.733
20060714,199.1
20060713,124.63999999999999
20060712,14.744
20060711,30.186
20060710,18.189
20060707,113.96000000000001
20060706,69.685
20060705,11.49
20060704,41.409
20060703,37.632
20060630,0.0
20060629,326.98800000000006
20060628,232.57600000000002
20060627,196.35000000000002
20060626,22.125
20060623,24.18
20060622,50.49
20060621,29.28
20060620,65.514
20060619,257.37
20060616,62.124
20060615,150.23000000000002
20060614,66.52799999999999
20060613,354.464
20060612,37.904
20060609,414.387
20060608,78.33699999999999
20060607,25.84
20060606,24.576
20060605,35.879999999999995
20060602,343.59
20060601,45.934
20060531,0.0
20060530,85.49799999999999
20060529,0.0
20060526,141.446
20060525,302.895
20060524,217.73999999999998
20060523,321.33700000000005
20060522,513.36
20060519,184.632
20060518,452.016
20060517,112.2
20060516,357.78
20060515,895.299
20060512,226.304
20060511,54.96
20060510,94.806
20060509,241.03999999999996
20060508,143.98
20060505,151.79999999999998
20060504,51.632
20060503,92.66100000000002
20060502,299.65000000000003
20060501,0.0
20060428,0.0
20060427,95.676
20060426,441.792
20060425,93.06
20060424,306.621
20060421,86.742
20060420,139.65
20060419,103.55
20060418,154.488
20060417,0.0
20060414,0.0
20060413,55.81100000000001
20060412,176.34400000000002
20060411,118.0
20060410,268.09599999999995
20060407,2945.752
20060406,4088.751
20060405,188.79000000000002
20060404,101.178
20060403,110.39999999999999
20060331,0.0
20060330,172.664
20060329,746.5500000000001
20060328,67.95
20060327,84.672
20060324,27.206
20060323,71.928
20060322,232.04999999999998
20060321,62.763999999999996
20060320,80.444
20060317,139.797
20060316,29.716
20060315,47.52400000000001
20060314,63.797999999999995
20060313,107.198
20060310,159.53
20060309,81.748
20060308,140.57999999999998
20060307,142.35199999999998
20060306,104.482
20060303,36.624
20060302,406.35200000000003
20060301,25.98
20060228,0.0
20060227,235.228
20060224,43.43
20060223,213.28
20060222,61.344
20060221,128.226
20060220,64.71900000000001
20060217,63.3
20060216,161.62599999999998
20060215,222.60000000000002
20060214,25.62
20060213,36.278999999999996
20060210,174.72000000000003
20060209,304.92
20060208,79.838
20060207,40.416
20060206,207.06
20060203,38.688
20060202,268.392
20060201,118.002
20060131,0.0
20060130,558.516
20060127,171.72
20060126,226.87199999999996
20060125,166.45999999999998
20060124,136.752
20060123,238.95
20060120,120.304
20060119,230.45399999999998
20060118,276.61499999999995
20060117,126.0
20060116,213.21300000000002
20060113,570.6099999999999
20060112,162.97
20060111,122.98
20060110,278.85699999999997
20060109,112.40599999999999
20060106,119.50800000000001
20060105,210.005
20060104,632.1
20060103,149.31900000000002
20060102,0.0
