20160408,14455.168000000001
20160407,20285.824
20160406,12647.25
20160405,4456.650000000001
20160404,17415.172
20160401,11899.0
20160331,18736.18
20160330,23944.0
20160329,19701.24
20160328,0.0
20160324,64054.215000000004
20160323,4114.572
20160322,16660.644
20160321,16599.615999999998
20160318,12205.599999999999
20160317,9912.378
20160316,1597.678
20160315,1140.26
20160314,10469.659999999998
20160311,106276.758
20160310,1413.207
20160309,3493.0499999999997
20160308,5768.825
20160307,9696.59
20160304,25052.432
20160303,4613.892
20160302,20228.738
20160301,12610.677
20160229,4378.905000000001
20160226,5545.08
20160225,1937.7120000000002
20160224,11206.741
20160223,3487.575
20160222,5803.646
20160219,7037.054
20160218,2158.099
20160217,3490.641
20160216,3032.274
20160215,375705.23099999997
20160212,3982.5879999999997
20160211,17025.06
20160210,1196.3970000000002
20160209,6767.684
20160208,8965.203
20160205,1335.827
20160204,4329.9220000000005
20160203,24913.440000000002
20160202,10817.14
20160201,6801.41
20160129,1609.796
20160128,0.0
20160127,480.997
20160126,4234.438
20160125,6657.599999999999
20160122,12172.16
20160121,886.0740000000001
20160120,2812.3250000000003
20160119,9082.368
20160118,23535.126999999997
20160115,9909.312
20160114,12245.677000000001
20160113,4329.9220000000005
20160112,3685.04
20160111,14691.907
20160108,6953.25
20160107,15348.615
20160106,394.78400000000005
20160105,6257.924999999999
20160104,5891.976000000001
20151231,4426.136
20151230,15518.705
20151229,8077.157999999999
20151228,0.0
20151225,0.0
20151224,2014.362
20151223,6473.056
20151222,5284.47
20151221,7058.808000000001
20151218,4143.4800000000005
20151217,5744.37
20151216,3796.146
20151215,2142.404
20151214,27475.083000000002
20151211,6520.360000000001
20151210,10121.304
20151209,7243.352
20151208,231.41
20151207,10506.014
20151204,1490.3680000000002
20151203,17632.566
20151202,7755.52
20151201,4949.254
20151130,16925.415
20151127,4324.593
20151126,11352.960000000001
20151125,44514.524
20151124,13136.715
20151123,9224.28
20151120,7060.56
20151119,9796.6
20151118,12871.944
20151117,12440.952000000001
20151116,3032.0550000000003
20151113,8656.705
20151112,27274.698
20151111,13239.645
20151110,11502.098999999998
20151109,1614.76
20151106,1614.76
20151105,5400.54
20151104,509.613
20151103,10057.356
20151102,3620.07
20151030,3627.005
20151029,5203.44
20151028,3560.6479999999997
20151027,4612.7970000000005
20151026,3966.674
20151023,8792.485
20151022,7320.44
20151021,4983.345
20151020,4838.659000000001
20151019,487.932
20151016,3666.06
20151015,7764.864
20151014,7427.75
20151013,3788.335
20151012,14033.52
20151009,13709.035
20151008,22970.545
20151007,18017.349
20151006,0.0
20151005,0.0
20151002,2261.175
20151001,4823.84
20150930,1029.665
20150929,582.54
20150928,0.0
20150925,2839.4809999999998
20150924,265.428
20150923,1297.6480000000001
20150922,733.65
20150921,0.0
20150918,440.18999999999994
20150917,851.0339999999999
20150916,880.3799999999999
20150915,1584.684
20150914,0.0
20150911,970.8269999999999
20150910,0.0
20150909,1117.922
20150908,1392.986
20150907,4818.7300000000005
20150904,3416.7650000000003
20150903,2840.8680000000004
20150902,395.73300000000006
20150901,0.0
20150831,0.0
20150828,0.0
20150827,5894.896000000001
20150826,0.0
20150825,778.5450000000001
20150824,1989.6150000000002
20150821,15224.880000000001
20150820,2020.348
20150819,358.284
20150818,1055.2150000000001
20150817,9180.918
20150814,2346.804
20150813,651.525
20150812,961.775
20150811,434.34999999999997
20150810,3443.775
20150807,7011.650000000001
20150806,718.612
20150805,3155.644
20150804,0.0
20150803,2781.592
20150731,982.142
20150730,13047.509
20150729,1734.48
20150728,1324.5120000000002
20150727,1324.5120000000002
20150724,378.432
20150723,3027.456
20150722,2573.9799999999996
20150721,2354.25
20150720,2982.0499999999997
20150717,18137.872
20150716,4811.576
20150715,1264.36
20150714,6716.584
20150713,2239.056
20150710,4739.889999999999
20150709,1710.828
20150708,3303.615
20150707,5138.616
20150706,414.713
20150703,1658.852
20150702,861.327
20150701,770.88
20150630,225.351
20150629,674.52
20150626,1094.562
20150625,14963.832
20150624,18032.460000000003
20150623,7686.9
20150622,1154.1299999999999
20150619,1765.14
20150618,10579.087000000001
20150617,750.5129999999999
20150616,9528.252
20150615,2802.324
20150612,14808.78
20150611,207200.572
20150610,8953.815
20150609,5501.28
20150608,23043.253000000004
20150605,8336.016
20150604,3342.8160000000003
20150603,5355.207
20150602,10504.627
20150601,92527.281
20150529,2592.814
20150528,211.554
20150527,0.0
20150526,967.1040000000002
20150525,0.0
20150522,3505.7520000000004
20150521,3928.8600000000006
20150520,11695.914000000002
20150519,6760.967999999999
20150518,9208.147
20150515,20799.233
20150514,7290.948
20150513,4238.234
20150512,861.619
20150511,12032.371
20150508,5135.4039999999995
20150507,3194.6989999999996
20150506,2030.2759999999998
20150505,19616.049
20150504,0.0
20150501,6030.8949999999995
20150430,58.54600000000001
20150429,2441.777
20150428,21510.618
20150427,198.268
20150424,226.592
20150423,2832.4
20150422,3483.8520000000003
20150421,2917.3720000000003
20150420,4871.728
20150417,3944.9199999999996
20150416,1606.146
20150415,721.24
20150414,4244.22
20150413,3767.676
20150410,1981.512
20150409,2025.0199999999998
20150408,5186.796
20150407,12866.25
20150406,0.0
20150403,0.0
20150402,189.581
20150401,54.166
20150331,12241.516
20150330,2036.7
20150327,4818.0
20150326,414.64
20150325,51.83
20150324,206.15200000000002
20150323,0.0
20150320,1593.1519999999998
20150319,595.68
20150318,5044.446000000001
20150317,209.656
20150316,3328.2889999999998
20150313,814.6800000000001
20150312,4125.96
20150311,474.354
20150310,105.41199999999999
20150309,3030.595
20150306,0.0
20150305,1449.415
20150304,527.06
20150303,5903.071999999999
20150302,1449.415
20150227,4038.9440000000004
20150226,1408.316
20150225,744.0160000000001
20150224,11691.68
20150223,5606.692000000001
20150220,7174.4400000000005
20150219,1796.9679999999998
20150218,1103.76
20150217,3468.96
20150216,3340.188
20150213,4821.723
20150212,5980.014
20150211,4034.418
20150210,2116.4890000000005
20150209,8710.068000000001
20150206,21298.845
20150205,1060.982
20150204,4120.558
20150203,620.5
20150202,851.3259999999999
20150130,1702.6519999999998
20150129,1602.496
20150128,73.803
20150127,0.0
20150126,0.0
20150123,244.55
20150122,2625.3720000000003
20150121,1862.741
20150120,0.0
20150119,1323.1979999999999
20150116,367.92
20150115,45.844
20150114,389.674
20150113,988.7849999999999
20150112,0.0
20150109,0.0
20150108,340.545
20150107,771.9019999999999
20150106,269.808
20150105,2733.12
20150102,0.0
20150101,0.0
20141231,0.0
20141230,0.0
20141229,0.0
20141226,0.0
20141225,0.0
20141224,0.0
20141223,0.0
20141222,1425.69
20141219,0.0
20141218,0.0
20141217,18099.62
20141216,2894.4500000000003
20141215,2145.5429999999997
20141212,0.0
20141211,1867.6319999999998
20141210,486.18
20141209,1341.01
20141208,0.0
20141205,0.0
20141204,0.0
20141203,1448.028
20141202,0.0
20141201,499.32
20141128,1248.3
20141127,624.15
20141126,0.0
20141125,24.966
20141124,8912.862000000001
20141121,449.388
20141120,11234.7
20141119,3120.75
20141118,2335.416
20141117,89507.48999999999
20141114,3475.53
20141113,4269.04
20141112,1845.44
20141111,4835.5199999999995
20141110,0.0
20141107,565.75
20141106,899.36
20141105,1815.291
20141104,588.38
20141103,2248.4
20141031,0.0
20141030,1056.748
20141029,1888.6560000000002
20141028,91.39600000000002
20141027,137.094
20141024,0.0
20141023,22.776
20141022,6491.16
20141021,216.81
20141020,693.792
20141017,304.556
20141016,0.0
20141015,1318.088
20141014,1925.0099999999998
20141013,489.83000000000004
20141010,0.0
20141009,0.0
20141008,904.324
20141007,707.37
20141006,598.6
20141003,1909.68
20141002,0.0
20141001,5106.204000000001
20140930,1270.2
20140929,23.944000000000003
20140926,0.0
20140925,1867.6319999999998
20140924,1436.6399999999999
20140923,2442.288
20140922,969.44
20140919,1820.474
20140918,487.64
20140917,0.0
20140916,0.0
20140915,637.7280000000001
20140912,0.0
20140911,147.168
20140910,1128.288
20140909,24.090000000000003
20140908,5203.4400000000005
20140905,361.35
20140904,409.53
20140903,0.0
20140902,192.72000000000003
20140901,1180.41
20140829,7802.24
20140828,1730.9759999999999
20140827,494.648
20140826,637.728
20140825,0.0
20140822,204.984
20140821,2140.944
20140820,0.0
20140819,683.28
20140818,939.8019999999999
20140815,0.0
20140814,0.0
20140813,733.504
20140812,0.0
20140811,1581.6180000000002
20140808,2414.475
20140807,2036.4080000000001
20140806,5226.216
20140805,0.0
20140804,2292.2
20140801,0.0
20140731,1960.78
20140730,114.61
20140729,2956.938
20140728,0.0
20140725,1146.1
20140724,0.0
20140723,1719.15
20140722,2429.732
20140721,1375.32
20140718,1810.838
20140717,573.05
20140716,0.0
20140715,573.05
20140714,3133.89
20140711,2522.88
20140710,0.0
20140709,1635.2
20140708,70.08
20140707,140.16
20140704,23.36
20140703,0.0
20140702,0.0
20140701,2219.2
20140630,1168.0
20140627,0.0
20140626,0.0
20140625,2004.215
20140624,0.0
20140623,2312.64
20140620,0.0
20140619,1328.6
20140618,1084.6339999999998
20140617,4126.325
20140616,9449.412
20140613,1265.382
20140612,1769.812
20140611,258.56600000000003
20140610,2703.19
20140609,8455.59
20140606,35799.638000000006
20140605,569490.374
20140604,0.0
20140603,0.0
20140602,512.022
20140530,0.0
20140529,0.0
20140528,0.0
20140527,0.0
20140526,0.0
20140523,72.27
20140522,49.348000000000006
20140521,246.74
20140520,0.0
20140519,2467.4
20140516,0.0
20140515,0.0
20140514,0.0
20140513,0.0
20140512,1017.9120000000001
20140509,0.0
20140508,0.0
20140507,0.0
20140506,993.6759999999999
20140505,0.0
20140502,0.0
20140501,853.37
20140430,170.67399999999998
20140429,3096.5139999999997
20140428,6889.740000000001
20140425,560.786
20140424,170.67399999999998
20140423,0.0
20140422,637.7280000000001
20140421,0.0
20140418,0.0
20140417,448.074
20140416,475.74099999999993
20140415,0.0
20140414,2518.5
20140411,251.85
20140410,377.775
20140409,0.0
20140408,0.0
20140407,629.625
20140404,251.85
20140403,1662.2099999999998
20140402,251.85
20140401,0.0
20140331,428.145
20140328,0.0
20140327,2065.1699999999996
20140326,0.0
20140325,679.995
20140324,1902.9639999999997
20140321,766.2080000000001
20140320,0.0
20140319,266.59600000000006
20140318,0.0
20140317,3344.568
20140314,24.601
20140313,1377.656
20140312,24.601
20140311,0.0
20140310,0.0
20140307,0.0
20140306,1476.06
20140305,246.01
20140304,0.0
20140303,0.0
20140228,1060.982
20140227,1543.366
20140226,995.72
20140225,2446.668
20140224,1717.544
20140221,12041.496
20140220,1082.955
20140219,12040.912
20140218,91.39600000000002
20140217,548.376
20140214,571.225
20140213,1028.205
20140212,418.874
20140211,0.0
20140210,1455.036
20140207,2966.355
20140206,5207.601
20140205,43.362
20140204,2406.591
20140203,1098.6499999999999
20140131,263.676
20140130,112.42
20140129,0.0
20140128,0.0
20140127,0.0
20140124,252.94500000000002
20140123,441.066
20140122,705.1800000000001
20140121,1692.432
20140120,763.8720000000001
20140117,13845.18
20140116,1957.4219999999998
20140115,0.0
20140114,0.0
20140113,430.992
20140110,1676.08
20140109,361.35
20140108,1493.5800000000002
20140107,637.7280000000001
20140106,564.144
20140103,0.0
20140102,2379.216
20140101,0.0
20131231,1152.816
20131230,2060.3520000000003
20131227,683.937
20131226,0.0
20131225,0.0
20131224,1303.05
20131223,673.79
20131220,1399.41
20131219,1123.762
20131218,3259.3770000000004
20131217,0.0
20131216,81.249
20131213,81.249
20131212,0.0
20131211,517.351
20131210,108.91600000000001
20131209,707.9540000000001
20131206,81.687
20131205,408.43500000000006
20131204,272.29
20131203,1388.679
20131202,1122.375
20131129,1231.875
20131128,4265.755
20131127,3762.712
20131126,1158.948
20131125,11408.951000000001
20131122,13243.587
20131121,1101.789
20131120,384.345
20131119,773.0699999999999
20131118,412.30400000000003
20131115,3014.973
20131114,4266.849999999999
20131113,8278.199999999999
20131112,5961.472
20131111,10065.24
20131108,20795.364
20131107,48298.551999999996
20131106,9208.22
20131105,8840.519
20131104,8831.759
20131101,23243.638
20131031,2627.635
20131030,1196.47
20131029,31939.836
20131028,2309.355
20131025,1616.2199999999998
20131024,1102.665
20131023,232.14
20131022,1799.085
20131021,2194.2340000000004
20131018,831.105
20131017,55.188
20131016,1495.9889999999998
20131015,781.611
20131014,54.75
20131011,1058.5
20131010,0.0
20131009,2981.028
20131008,3385.3019999999997
20131007,71.54
20131004,0.0
20131003,0.0
20131002,2643.1839999999997
20131001,372.3
20130930,0.0
20130927,0.0
20130926,4386.424
20130925,4035.5860000000002
20130924,126.72799999999998
20130923,1375.9039999999998
20130920,1168.146
20130919,132.86
20130918,436.54
20130917,1328.6000000000001
20130916,643.203
20130913,844.391
20130912,4064.859
20130911,621.5219999999999
20130910,1228.59
20130909,9697.465999999999
20130906,2199.855
20130905,5272.352000000001
20130904,5510.040000000001
20130903,0.0
20130902,796.1379999999999
20130830,96.725
20130829,0.0
20130828,5437.04
20130827,4604.11
20130826,0.0
20130823,0.0
20130822,1156.32
20130821,345.58200000000005
20130820,0.0
20130819,691.1640000000001
20130816,7678.067
20130815,6191.13
20130814,3841.552
20130813,1269.4700000000003
20130812,4369.488
20130809,897.608
20130808,0.0
20130807,1655.056
20130806,379.6
20130805,3902.288
20130802,0.0
20130801,271.779
20130731,0.0
20130730,0.0
20130729,2788.016
20130726,879.066
20130725,5739.552000000001
20130724,0.0
20130723,0.0
20130722,1742.3639999999998
20130719,0.0
20130718,0.0
20130717,854.0999999999999
20130716,434.35
20130715,1314.0
20130712,1629.3600000000001
20130711,0.0
20130710,2628.0
20130709,0.0
20130708,1730.1
20130705,0.0
20130704,0.0
20130703,1211.07
20130702,87.965
20130701,1055.58
20130628,897.6080000000001
20130627,2354.1040000000003
20130626,839.5
20130625,705.1800000000001
20130624,501.51
20130621,0.0
20130620,607.068
20130619,2040.4229999999998
20130618,686.2
20130617,138.408
20130614,3944.6279999999997
20130613,5432.513999999999
20130612,5984.832
20130611,1246.8400000000001
20130610,2359.287
20130607,4964.146
20130606,13895.550000000001
20130605,6599.2
20130604,1991.44
20130603,792.05
20130531,799.35
20130530,806.6500000000001
20130529,952.8689999999999
20130528,2377.683
20130527,0.0
20130524,7672.665
20130523,6503.424
20130522,11407.271999999999
