20160408,936.3709999999999
20160407,0.0
20160406,0.0
20160405,9.855
20160404,236.51999999999998
20160401,48.18
20160331,388.36
20160330,0.0
20160329,20.294
20160328,0.0
20160324,0.0
20160323,121.764
20160322,0.0
20160321,0.0
20160318,0.0
20160317,0.0
20160316,0.0
20160315,0.0
20160314,0.0
20160311,0.0
20160310,0.0
20160309,0.0
20160308,0.0
20160307,0.0
20160304,0.0
20160303,0.0
20160302,0.0
20160301,0.0
20160229,0.0
20160226,0.0
20160225,0.0
20160224,0.0
20160223,0.0
20160222,1043.9
20160219,0.0
20160218,0.0
20160217,0.0
20160216,0.0
20160215,0.0
20160212,0.0
20160211,0.0
20160210,0.0
20160209,0.0
20160208,0.0
20160205,21.462000000000003
20160204,0.0
20160203,0.0
20160202,0.0
20160201,0.0
20160129,0.0
20160128,0.0
20160127,0.0
20160126,0.0
20160125,0.0
20160122,0.0
20160121,0.0
20160120,0.0
20160119,0.0
20160118,0.0
20160115,0.0
20160114,0.0
20160113,0.0
20160112,0.0
20160111,0.0
20160108,0.0
20160107,42.92400000000001
20160106,21.462000000000003
20160105,361.34999999999997
20160104,0.0
20151231,264.552
20151230,0.0
20151229,0.0
20151228,0.0
20151225,0.0
20151224,182.208
20151223,0.0
20151222,0.0
20151221,1172.964
20151218,0.0
20151217,0.0
20151216,0.0
20151215,313.389
20151214,0.0
20151211,0.0
20151210,0.0
20151209,0.0
20151208,0.0
20151207,0.0
20151204,0.0
20151203,0.0
20151202,0.0
20151201,0.0
20151130,0.0
20151127,0.0
20151126,139.284
20151125,0.0
20151124,11.607
20151123,58.035
20151120,49.348000000000006
20151119,370.11
20151118,0.0
20151117,452.016
20151116,351.568
20151113,0.0
20151112,0.0
20151111,0.0
20151110,464.572
20151109,8842.344
20151106,1731.1219999999998
20151105,207.24699999999999
20151104,73.146
20151103,0.0
20151102,0.0
20151030,609.55
20151029,0.0
20151028,0.0
20151027,0.0
20151026,719.269
20151023,243.82
20151022,8311.050000000001
20151021,23.944000000000003
20151020,0.0
20151019,0.0
20151016,0.0
20151015,0.0
20151014,0.0
20151013,0.0
20151012,0.0
20151009,0.0
20151008,0.0
20151007,0.0
20151006,0.0
20151005,0.0
20151002,179.57999999999998
20151001,0.0
20150930,1041.5639999999999
20150929,0.0
20150928,1999.3239999999998
20150925,0.0
20150924,37.449
20150923,12.483
20150922,0.0
20150921,948.708
20150918,0.0
20150917,0.0
20150916,12.483
20150915,0.0
20150914,499.32
20150911,62.415
20150910,0.0
20150909,24.966
20150908,99.864
20150907,37.449
20150904,0.0
20150903,0.0
20150902,0.0
20150901,0.0
20150831,0.0
20150828,0.0
20150827,24.528000000000002
20150826,409.53
20150825,2070.426
20150824,1264.7250000000001
20150821,6913.83
20150820,0.0
20150819,0.0
20150818,0.0
20150817,0.0
20150814,0.0
20150813,0.0
20150812,0.0
20150811,0.0
20150810,0.0
20150807,0.0
20150805,0.0
20150804,0.0
20150803,0.0
20150731,0.0
20150730,0.0
20150729,0.0
20150728,0.0
20150727,0.0
20150724,0.0
20150723,0.0
20150722,0.0
20150721,0.0
20150720,0.0
20150717,0.0
20150716,0.0
20150715,0.0
20150714,0.0
20150713,0.0
20150710,0.0
20150709,0.0
20150708,0.0
20150707,0.0
20150706,0.0
20150703,0.0
20150702,0.0
20150701,0.0
20150630,0.0
20150629,0.0
20150626,0.0
20150625,0.0
20150624,0.0
20150623,0.0
20150622,0.0
20150619,0.0
20150618,0.0
20150617,0.0
20150616,0.0
20150615,0.0
20150612,0.0
20150611,0.0
20150610,0.0
20150609,0.0
20150608,0.0
20150605,0.0
20150604,0.0
20150603,0.0
20150602,0.0
20150601,0.0
20150529,0.0
20150528,0.0
20150527,0.0
20150526,0.0
20150525,0.0
20150522,0.0
20150521,0.0
20150520,0.0
20150519,0.0
20150518,0.0
20150515,0.0
20150514,0.0
20150513,0.0
20150512,0.0
20150511,0.0
20150508,0.0
20150507,0.0
20150506,0.0
20150505,0.0
20150504,0.0
20150501,0.0
20150430,0.0
20150429,0.0
20150428,0.0
20150427,0.0
20150424,0.0
20150423,0.0
20150422,0.0
20150421,0.0
20150420,0.0
20150417,0.0
20150416,0.0
20150415,0.0
20150414,0.0
20150413,0.0
20150410,0.0
20150409,0.0
20150408,0.0
20150407,0.0
20150406,0.0
20150403,0.0
20150402,0.0
20150401,0.0
20150331,0.0
20150330,0.0
20150327,0.0
20150326,0.0
20150325,0.0
20150324,0.0
20150323,0.0
20150320,0.0
20150319,0.0
20150318,0.0
20150317,0.0
20150316,0.0
20150313,0.0
20150312,0.0
20150311,0.0
20150310,0.0
20150309,0.0
20150306,0.0
20150305,0.0
20150304,0.0
20150303,0.0
20150302,0.0
20150227,0.0
20150226,0.0
20150225,0.0
20150224,0.0
20150223,0.0
20150220,0.0
20150219,0.0
20150218,0.0
20150217,0.0
20150216,0.0
20150213,0.0
20150212,0.0
20150211,0.0
20150210,0.0
20150209,0.0
20150206,0.013000000000000001
20150205,0.005
20150204,0.01
20150203,0.01
20150202,0.0
20150130,0.0
20150129,0.005
20150128,0.003
20150127,0.013000000000000001
20150126,0.0
20150123,0.0
20150122,0.002
20150121,0.0
20150120,0.0
20150119,0.0
20150116,0.0
20150115,0.0
20150114,0.0
20150113,0.054000000000000006
20150112,0.188
20150109,0.0
20150108,0.0
20150107,0.012
20150106,0.0
20150105,0.0
20150102,0.0
20150101,0.0
20141231,0.0
20141230,0.0
20141229,0.0
20141226,0.0
20141225,0.0
20141224,0.0
20141223,0.0
20141222,0.0
20141219,0.0
20141218,0.0
20141217,0.0
20141216,0.0
20141215,0.004
20141212,0.004
20141211,0.0
20141210,0.0
20141209,0.0
20141208,0.0
20141205,0.0
20141204,0.0
20141203,0.004
20141202,0.0
20141201,0.0
20141128,0.0
20141127,0.0
20141126,0.0
20141125,0.0
20141124,0.0
20141121,0.004
20141120,0.0
20141119,0.0
20141118,0.044000000000000004
20141117,0.0
20141114,0.0
20141113,0.0
20141112,0.005000000000000001
20141111,0.0
20141110,0.020000000000000004
20141107,0.0
20141106,0.0
20141105,0.0
20141104,0.0
20141103,0.0
20141031,0.0
20141030,0.0
20141029,0.0
20141028,0.0
20141027,0.0
20141024,0.0
20141023,0.0
20141022,0.0
20141021,0.0
20141020,0.0
20141017,0.0
20141016,0.0
20141015,0.0
20141014,0.010000000000000002
20141013,0.0
20141010,0.0
20141009,0.0
20141008,0.005000000000000001
20141007,0.0
20141006,0.034999999999999996
20141003,0.005000000000000001
20141002,0.0
20141001,0.0
20140930,0.0
20140929,0.0
20140926,0.005000000000000001
20140925,0.0
20140924,0.005000000000000001
20140923,0.0
20140922,0.0
20140919,0.0
20140918,0.0
20140917,0.005000000000000001
20140916,0.0
20140915,0.0
20140912,0.0
20140911,0.0
20140910,0.0
20140909,0.0
20140908,0.0
20140905,0.0
20140904,0.0
20140903,0.0
20140902,0.0
20140901,0.0
20140829,0.0
20140828,0.010000000000000002
20140827,0.0
20140826,0.0
20140825,0.0
20140822,0.005000000000000001
20140821,0.0
20140820,0.0
20140819,0.0
20140818,0.0
20140815,0.0
20140814,0.0
20140813,0.0
20140812,0.0
20140811,0.0
20140808,0.0
20140807,0.0
20140806,0.0
20140805,0.0
20140804,0.0
20140801,0.0
20140731,0.0
20140730,0.0
20140729,0.0
20140728,0.0
20140725,0.020000000000000004
20140724,0.0
20140723,0.020000000000000004
20140722,0.0
20140721,0.005000000000000001
20140718,0.015
20140717,0.005000000000000001
20140716,0.0
20140715,0.005000000000000001
20140714,0.0
20140711,0.010000000000000002
20140710,0.0
20140709,0.0
20140708,0.0
20140707,0.007000000000000001
20140704,0.0
20140703,0.0
20140702,0.0
20140701,0.0
20140630,0.0
20140627,0.0
20140626,0.0
20140625,0.0
20140624,0.0
20140623,0.0
20140620,0.0
20140619,0.0
20140618,0.0
20140617,0.0
20140616,0.0
20140613,0.007000000000000001
20140612,0.007000000000000001
20140611,0.0
20140610,0.0
20140609,0.0
20140606,0.0
20140605,0.0
20140604,0.0
20140603,0.0
20140602,0.0
20140530,0.0
20140529,0.0
20140528,0.0
20140527,0.0
20140526,0.0
20140523,0.0
20140522,0.0
20140521,0.007000000000000001
20140520,0.0
20140519,0.0
20140516,0.049
20140515,0.0
20140514,0.0
20140513,0.049
20140512,0.0
20140509,0.007000000000000001
20140508,0.0
20140507,0.0
20140506,0.0
20140505,0.0
20140502,0.0
20140501,0.0
20140430,0.0
20140429,0.0
20140428,0.0
20140425,0.0
20140424,0.0
20140423,0.0
20140422,0.0
20140421,0.0
20140418,0.0
20140417,0.0
20140416,0.0
20140415,0.0
20140414,0.0
20140411,0.0
20140410,0.0
20140409,0.0
20140408,0.0
20140407,0.0
20140404,0.0
20140403,0.0
20140402,0.007000000000000001
20140401,0.098
20140331,0.064
20140328,0.0
20140327,0.0
20140326,0.014000000000000002
20140325,0.0
20140324,0.0
20140321,0.0
20140320,0.014000000000000002
20140319,0.007000000000000001
20140318,0.0
20140317,0.007000000000000001
20140314,0.0
20140313,0.0
20140312,0.0
20140311,0.028000000000000004
20140310,0.0
20140307,0.05600000000000001
20140306,0.0
20140305,0.007000000000000001
20140304,0.0
20140303,0.0
20140228,0.016
20140227,0.018
20140226,0.0
20140225,0.0
20140224,0.0
20140221,0.009
20140220,0.045
20140219,0.0
20140218,0.009
20140217,0.018
20140214,0.0
20140213,0.006
20140212,1.2950000000000002
20140211,0.0
20140210,0.012
20140207,0.0
20140206,0.0
20140205,0.0
20140204,0.0
20140203,0.036
20140131,0.0
20140130,0.0
20140129,0.012
20140128,0.0
20140127,0.024
20140124,0.0
20140123,0.06
20140122,0.735
20140121,0.0
20140120,0.0
20140117,0.0
20140116,0.0
20140115,0.0
20140114,0.0
20140113,0.0
20140110,0.0
20140109,0.0
20140108,0.0
20140107,0.0
20140106,0.0
20140103,0.0
20140102,0.0
20140101,0.0
20131231,0.0
20131230,0.0
20131227,0.0
20131226,0.0
20131225,0.0
20131224,0.0
20131223,0.0
20131220,0.0
20131219,0.0
20131218,0.0
20131217,0.0
20131216,0.0
20131213,0.0
20131212,0.0
20131211,0.0
20131210,0.0
20131209,0.0
20131206,0.0
20131205,0.0
20131204,0.0
20131203,0.0
20131202,0.0
20131129,0.0
20131128,0.0
20131127,0.0
20131126,0.0
20131125,0.0
20131122,0.0
20131121,0.0
20131120,0.0
20131119,0.0
20131118,0.0
20131115,0.0
20131114,0.0
20131113,0.0
20131112,0.0
20131111,0.0
20131108,0.0
20131107,0.0
20131106,0.0
20131105,0.0
20131104,0.0
20131101,0.0
20131031,0.0
20131030,0.0
20131029,0.0
20131028,0.0
20131025,0.0
20131024,0.0
20131023,0.0
20131022,0.0
20131021,0.0
20131018,0.0
20131017,0.0
20131016,0.0
20131015,0.0
20131014,0.0
20131011,0.0
20131010,0.0
20131009,0.0
20131008,0.0
20131007,0.0
20131004,0.0
20131003,0.0
20131002,0.0
20131001,0.0
20130930,0.0
20130927,0.0
20130926,0.0
20130925,0.0
20130924,0.0
20130923,0.0
20130920,0.0
20130919,0.0
20130918,0.0
20130917,0.0
20130916,0.0
20130913,0.0
20130912,0.0
20130911,0.0
20130910,0.0
20130909,0.0
20130906,0.0
20130905,0.0
20130904,0.0
20130903,0.0
20130902,0.0
20130830,0.0
20130829,0.0
20130828,0.0
20130827,0.0
20130826,0.0
20130823,0.0
20130822,0.0
20130821,0.0
20130820,0.0
20130819,0.0
20130816,0.0
20130815,0.0
20130814,0.0
20130813,0.0
20130812,0.0
20130809,0.0
20130808,0.0
20130807,0.0
20130806,0.0
20130805,0.0
20130802,0.0
20130801,0.0
20130731,0.0
20130730,0.0
20130729,0.0
20130726,0.0
20130725,0.0
20130724,0.0
20130723,0.0
20130722,0.0
20130719,0.0
20130718,0.0
20130717,0.0
20130716,0.0
20130715,0.0
20130712,0.0
20130711,0.0
20130710,0.0
20130709,0.0
20130708,0.0
20130705,0.0
20130704,0.0
20130703,0.0
20130702,0.0
20130701,0.0
20130628,0.0
20130627,0.0
20130626,0.0
20130625,0.0
20130624,0.0
20130621,0.0
20130620,0.0
20130619,0.39
20130618,0.0
20130617,0.0
20130614,0.0
20130613,0.0
20130612,0.0
20130611,0.165
20130610,0.0
20130607,0.0
20130606,0.087
20130605,0.40700000000000003
20130604,0.0
20130603,0.0
20130531,0.0
20130530,0.0
20130529,0.0
20130528,0.0
20130527,0.0
20130524,0.0
20130523,0.0
20130522,0.0
20130521,0.0
20130520,0.0
20130517,0.0
20130516,0.0
20130515,0.0
20130514,0.0
20130513,0.0
20130510,0.0
20130509,0.0
20130508,0.0
20130507,0.0
20130506,0.0
20130503,0.0
20130502,0.0
20130501,0.0
20130430,0.0
20130429,0.062
20130426,0.0
20130425,0.132
20130424,0.0
20130423,0.0
20130422,0.0
20130419,0.066
20130418,0.0
20130417,0.066
20130416,0.0
20130415,0.0
20130412,0.0
20130411,0.0
20130410,0.0
20130409,0.0
20130408,0.0
20130405,0.13799999999999998
20130404,0.0
20130403,0.23099999999999998
20130402,0.0
20130401,0.0
20130329,0.0
20130328,0.07700000000000001
20130327,0.0
20130326,0.0
20130325,0.15400000000000003
20130322,0.08800000000000001
20130321,0.17600000000000002
20130320,0.09100000000000001
20130319,0.08800000000000001
20130318,0.0
20130315,0.0
20130314,0.0
20130313,0.455
20130312,0.0
20130311,0.09100000000000001
20130308,0.0
20130307,0.0
20130306,0.0
20130305,0.08800000000000001
20130304,0.0
20130301,0.09100000000000001
20130228,0.168
20130227,0.0
20130226,0.0
20130225,0.0
20130222,0.0
20130221,0.0
20130220,0.0
20130219,0.0
20130218,0.0
20130215,0.0
20130214,0.0
20130213,0.0
20130212,0.0
20130211,0.285
20130208,0.0
20130207,0.0
20130206,0.0
20130205,0.0
20130204,0.0
20130201,0.0
20130131,0.0
20130130,0.0
20130129,0.0
20130128,0.0
20130125,0.0
20130124,0.0
20130123,0.0
20130122,0.0
20130121,0.0
20130118,0.0
20130117,0.0
20130116,0.0
20130115,0.10200000000000001
20130114,0.0
20130111,0.0
20130110,0.0
20130109,0.0
20130108,0.12
20130107,0.0
20130104,0.12
20130103,0.11299999999999999
20130102,0.0
20130101,0.0
20121231,0.0
20121228,0.0
20121227,0.0
20121225,0.0
20121224,0.0
20121221,0.09100000000000001
20121220,0.0
20121219,0.0
20121218,0.0
20121217,0.0
20121214,0.0
20121213,0.0
20121212,0.0
20121211,0.0
20121210,0.0
20121207,0.0
20121206,0.0
20121205,0.0
20121204,0.0
20121203,0.0
20121130,0.0
20121129,0.0
20121128,0.0
20121127,0.0
20121126,0.0
20121123,0.0
20121122,0.0
20121121,0.0
20121120,0.0
20121119,0.0
20121116,0.0
20121115,0.0
20121114,0.0
20121113,0.0
20121112,0.0
20121109,0.0
20121108,0.0
20121107,0.0
20121106,0.0
20121105,0.0
20121102,0.0
20121101,0.0
20121031,0.0
20121030,0.0
20121029,0.0
20121026,0.0
20121025,0.0
20121024,0.0
20121023,0.0
20121022,0.0
20121019,0.0
20121018,0.0
20121017,0.0
20121016,0.0
20121015,0.0
20121012,0.0
20121011,0.0
20121010,0.0
20121009,0.0
20121008,0.0
20121005,0.0
20121004,0.0
20121003,0.0
20121002,0.0
20121001,0.0
20120928,0.0
20120927,0.0
20120926,0.0
20120925,0.10200000000000001
20120924,0.0
20120921,0.0
20120920,0.0
20120919,0.0
20120918,0.0
20120917,0.0
20120914,0.0
20120913,0.168
20120912,0.0
20120911,0.0
20120910,0.0
20120907,0.0
20120906,0.0
20120905,0.0
20120904,0.0
20120903,0.0
20120831,0.0
20120830,0.0
20120829,0.0
20120828,0.0
20120827,0.0
20120824,0.0
20120823,0.0
20120822,0.0
20120821,0.0
20120820,0.0
20120817,0.0
20120816,0.0
20120815,0.15400000000000003
20120814,0.0
20120813,0.07700000000000001
20120810,0.0
20120809,0.0
20120808,0.0
20120807,0.0
20120806,0.0
20120803,0.0
20120802,0.0
20120801,0.0
20120731,0.0
20120730,0.0
20120727,0.17600000000000002
20120726,0.0
20120725,0.0
20120724,0.08000000000000002
20120723,0.0
20120720,0.0
20120719,0.0
20120718,0.0
20120717,0.0
20120716,0.0
20120713,0.0
20120712,0.0
20120711,0.0
20120710,0.0
20120709,0.0
20120706,0.0
20120705,0.0
20120704,0.0
20120703,0.0
20120702,0.0
20120629,0.0
20120628,0.0
20120627,0.10200000000000001
20120626,0.0
20120625,0.0
20120622,0.0
20120621,0.0
20120620,0.0
20120619,0.0
20120618,0.0
20120615,0.0
20120614,0.0
20120613,0.0
20120612,0.0
20120611,0.0
20120608,0.0
20120607,0.0
20120606,0.0
20120605,0.0
20120604,0.0
20120601,0.0
20120531,0.0
20120530,0.0
20120529,0.0
20120528,0.0
20120525,0.0
20120524,0.0
20120523,0.0
20120522,0.0
20120521,0.0
20120518,0.0
20120517,0.0
20120516,0.0
20120515,0.0
20120514,0.0
20120511,0.0
20120510,0.0
20120509,0.0
20120508,0.0
20120507,0.0
20120504,0.0
20120503,0.0
20120502,0.0
20120501,0.0
20120430,0.0
20120427,0.0
20120426,0.122
20120425,0.0
20120424,0.63
20120423,0.0
20120420,0.0
20120419,0.0
20120418,0.0
20120417,0.0
20120416,0.0
20120413,0.0
20120412,0.0
20120411,0.118
20120410,0.0
20120409,0.0
20120406,0.0
20120405,0.0
20120404,0.0
20120403,0.0
20120402,0.0
20120330,0.0
20120329,0.0
20120328,0.127
20120327,0.0
20120326,0.381
20120323,0.0
20120322,0.12
20120321,0.124
20120320,0.62
20120319,0.11299999999999999
20120316,0.636
20120315,0.42400000000000004
20120314,0.0
20120313,0.0
20120312,0.0
20120309,0.0
20120308,0.0
20120307,0.0
20120306,0.0
20120305,0.0
20120302,0.0
20120301,0.099
20120229,0.10200000000000001
20120228,0.0
20120227,0.08800000000000001
20120224,0.0
20120223,0.0
20120222,0.0
20120221,0.0
20120220,0.0
20120217,0.0
20120216,0.0
20120215,0.0
20120214,0.0
20120213,2.8249999999999997
20120210,0.10700000000000001
20120209,0.0
20120208,0.0
20120207,0.0
20120206,0.0
20120203,1.045
20120202,0.0
20120201,0.0
20120131,0.0
20120130,0.0
20120127,0.0
20120126,0.08800000000000001
20120125,2.552
20120124,0.0
20120123,0.30800000000000005
20120120,0.07700000000000001
20120119,1.7600000000000002
20120118,0.0
20120117,0.0
20120116,0.0
20120113,0.0
20120112,0.0
20120111,0.0
20120110,0.0
20120109,0.0
20120106,0.0
20120105,0.0
20120104,0.0
20120103,0.0
20120102,0.0
20111230,0.0
20111229,0.0
20111228,0.252
20111227,0.0
20111226,0.0
20111223,0.0
20111222,0.0
20111221,0.0
20111220,0.0
20111219,0.0
20111216,0.0
20111215,0.0
20111214,0.0
20111213,0.0
20111212,0.0
20111209,0.0
20111208,0.0
20111207,0.0
20111206,0.0
20111205,0.0
20111202,0.0
20111201,0.0
20111130,0.0
20111129,0.0
20111128,0.0
20111125,0.0
20111124,0.0
20111123,0.0
20111122,0.0
20111121,0.0
20111118,0.0
20111117,0.15700000000000003
20111116,0.0
20111115,0.0
20111114,0.0
20111111,0.0
20111110,0.0
20111109,0.0
20111108,0.0
20111107,0.0
20111104,0.0
20111103,0.0
20111102,0.0
20111101,0.0
20111031,0.0
20111028,0.0
20111027,0.0
20111026,0.0
20111025,0.0
20111024,0.0
20111021,0.0
20111020,0.0
20111019,0.0
20111018,0.0
20111017,0.376
20111014,0.0
20111013,0.0
20111012,0.0
20111011,0.0
20111010,0.0
20111007,0.0
20111006,0.0
20111005,0.0
20111004,0.0
20111003,0.0
20110930,0.0
20110929,0.0
20110928,0.0
20110927,0.0
20110926,0.0
20110923,0.0
20110922,0.0
20110921,0.6689999999999999
20110920,0.215
20110919,0.42800000000000005
20110916,0.0
20110915,0.20099999999999998
20110914,1.194
20110913,0.764
20110912,0.384
20110909,1.128
20110908,0.0
20110907,0.34800000000000003
20110906,0.0
20110905,0.17400000000000002
20110902,0.0
20110901,0.0
20110831,0.0
20110830,0.0
20110826,0.0
20110825,0.0
20110824,0.0
20110823,0.0
20110822,0.169
20110819,0.0
20110818,0.0
20110817,0.0
20110816,0.0
20110815,0.338
20110812,0.0
20110811,0.169
20110810,0.169
20110809,0.338
20110808,0.169
20110805,0.0
20110804,0.0
20110803,0.0
20110802,0.0
20110801,0.0
20110729,0.36000000000000004
20110728,0.0
20110727,0.0
20110726,0.0
20110725,0.0
20110722,0.0
20110721,0.18100000000000002
20110720,0.543
20110719,0.0
20110718,0.0
20110715,0.0
20110714,0.0
20110713,0.36400000000000005
20110712,0.18200000000000002
20110711,0.18200000000000002
20110708,0.0
20110707,0.0
20110706,0.18100000000000002
20110705,0.0
20110704,0.0
20110701,0.18100000000000002
20110630,0.0
20110629,0.18000000000000002
20110628,1.26
20110627,0.0
20110624,0.516
20110623,3.8280000000000003
20110622,0.0
20110621,0.0
20110620,0.0
20110617,0.0
20110616,0.0
20110615,0.0
20110614,0.15000000000000002
20110613,0.0
20110610,0.0
20110609,0.0
20110608,0.15700000000000003
20110607,0.0
20110606,0.15800000000000003
20110603,0.0
20110602,0.0
20110601,0.0
20110531,0.0
20110527,0.17200000000000001
20110526,0.167
20110525,0.0
20110524,1.826
20110523,0.0
20110520,0.17900000000000002
20110519,1.4320000000000002
20110518,12.81
20110517,3.6109999999999998
20110516,0.15700000000000003
20110513,0.0
20110512,0.0
20110511,0.17500000000000002
20110510,0.17900000000000002
20110509,0.0
20110506,0.0
20110505,0.219
20110504,0.86
20110503,0.42400000000000004
20110428,0.0
20110427,0.0
20110426,0.0
20110421,0.0
20110420,0.0
20110419,0.0
20110418,0.0
20110415,0.0
20110414,0.43
20110413,0.0
20110412,0.0
20110411,1.075
20110408,0.0
20110407,0.0
20110406,0.0
20110405,0.0
20110404,0.215
20110401,0.215
20110331,0.0
20110330,0.215
20110329,0.6449999999999999
20110328,4.465
20110325,0.0
20110324,0.296
20110323,0.0
20110322,0.296
20110321,0.0
20110318,0.0
20110317,0.0
20110316,0.0
20110315,0.0
20110314,0.0
20110311,0.0
20110310,0.0
20110309,0.0
20110308,0.0
20110307,0.0
20110304,0.0
20110303,0.0
20110302,0.0
20110301,0.0
20110228,0.0
20110225,0.0
20110224,0.0
20110223,0.0
20110222,0.7080000000000001
20110221,0.0
20110218,0.0
20110217,0.0
20110216,0.35800000000000004
20110215,0.0
20110214,0.0
20110211,0.0
20110210,0.0
20110209,0.0
20110208,0.383
20110207,0.0
20110204,0.0
20110203,0.0
20110202,0.0
20110201,0.7440000000000001
20110131,4.464
20110128,14.508000000000001
20110127,0.0
20110126,0.0
20110125,1.532
20110124,0.782
20110121,0.0
20110120,0.0
20110119,0.0
20110118,0.0
20110117,1.359
20110114,37.647000000000006
20110113,0.0
20110112,0.782
20110111,0.383
20110110,0.0
20110107,0.35000000000000003
20110106,0.0
20110105,0.0
20110104,0.0
20101231,0.0
20101230,5.27
20101229,0.0
20101227,0.0
20101224,0.0
20101223,0.0
20101222,0.34700000000000003
20101221,0.0
20101220,0.0
20101217,0.0
20101216,0.0
20101215,0.0
20101214,0.34700000000000003
20101213,0.6940000000000001
20101210,0.9299999999999999
20101209,0.0
20101208,0.0
20101207,0.0
20101206,0.0
20101203,0.0
20101202,0.0
20101201,0.0
20101130,0.0
20101129,0.0
20101126,0.0
20101125,0.0
20101124,0.0
20101123,0.6940000000000001
20101122,0.0
20101119,0.0
20101118,0.0
20101117,0.0
20101116,0.0
20101115,0.0
20101112,0.0
20101111,0.0
20101110,0.0
20101109,0.0
20101108,0.0
20101105,0.0
20101104,0.0
20101103,0.0
20101102,0.0
20101101,0.0
20101029,0.0
20101028,0.0
20101027,5.694
20101026,0.0
20101025,0.0
20101022,0.42000000000000004
20101021,0.0
20101020,0.0
20101019,0.0
20101018,0.0
20101015,0.0
20101014,0.0
20101013,0.47500000000000003
20101012,0.0
20101011,0.0
20101008,0.0
20101007,8.809
20101006,0.365
20101005,13.022
20101004,0.0
20101001,0.0
20100930,0.0
20100929,0.0
20100928,0.0
20100927,0.0
20100924,0.0
20100923,0.0
20100922,0.0
20100921,0.0
20100920,0.0
20100917,0.0
20100916,0.0
20100915,0.0
20100914,0.0
20100913,0.0
20100910,0.0
20100909,0.0
20100908,0.0
20100907,0.0
20100906,0.0
20100903,0.0
20100902,0.0
20100901,0.0
20100831,0.0
20100830,0.0
20100827,0.0
20100826,0.0
20100825,0.0
20100824,0.0
20100823,0.0
20100820,0.0
20100819,0.0
20100818,0.0
20100817,0.0
20100816,0.0
20100813,0.0
20100812,0.0
20100811,0.0
20100810,0.0
20100809,0.0
20100806,0.0
20100805,0.0
20100804,0.0
20100803,0.0
20100802,0.0
20100730,0.0
20100729,0.0
20100728,0.0
20100727,0.0
20100726,0.0
20100723,0.0
20100722,0.0
20100721,0.0
20100720,0.0
20100719,0.0
20100716,0.0
20100715,0.0
20100714,0.0
20100713,0.0
20100712,0.0
20100709,0.0
20100708,0.0
20100707,0.0
20100706,0.0
20100705,0.674
20100702,0.0
20100701,0.0
20100630,0.0
20100629,0.0
20100628,0.0
20100625,0.0
20100624,0.0
20100623,0.0
20100622,0.0
20100621,0.0
20100618,0.0
20100617,0.0
20100616,0.0
20100615,0.0
20100614,0.0
20100611,0.0
20100610,0.0
20100609,0.0
20100608,0.0
20100607,0.0
20100604,0.0
20100603,0.0
20100602,0.0
20100601,0.0
20100531,0.0
20100528,0.0
20100527,0.0
20100526,0.0
20100525,0.0
20100524,0.0
20100521,0.0
20100520,0.0
20100519,0.0
20100518,0.0
20100517,0.0
20100514,0.0
20100513,0.0
20100512,0.0
20100511,0.0
20100510,0.0
20100507,0.0
20100506,0.0
20100505,0.0
20100504,0.0
20100503,0.0
20100430,0.0
20100429,0.0
20100428,0.0
20100427,0.0
20100426,0.0
20100423,0.0
20100422,0.0
20100421,0.0
20100420,0.0
20100419,0.0
20100416,0.0
20100415,0.0
20100414,0.0
20100413,0.0
20100412,0.0
20100409,0.0
20100408,0.0
20100407,0.0
20100406,0.0
20100405,0.0
20100402,0.0
20100401,0.0
20100331,0.0
20100330,0.0
20100329,0.0
20100326,0.0
20100325,0.0
20100324,0.0
20100323,0.0
20100322,0.0
20100319,0.0
20100318,0.0
20100317,0.47500000000000003
20100316,0.0
20100315,0.0
20100312,0.0
20100311,0.0
20100310,0.0
20100309,0.0
20100308,0.0
20100305,0.0
20100304,15.892000000000001
20100303,0.0
20100302,0.0
20100301,0.0
20100226,0.0
20100225,6.6499999999999995
20100224,0.0
20100223,0.0
20100222,0.0
20100219,0.0
20100218,0.0
20100217,0.0
20100216,0.0
20100215,0.0
20100212,0.0
20100211,0.0
20100210,0.0
20100209,0.0
20100208,0.0
20100205,0.0
20100204,0.0
20100203,0.0
20100202,0.0
20100201,1.022
20100129,0.0
20100128,0.0
20100127,0.0
20100126,0.0
20100125,0.0
20100122,2.645
20100121,0.0
20100120,0.0
20100119,0.596
20100118,0.0
20100115,1.168
20100114,1.3840000000000001
20100113,8.034
20100112,0.0
20100111,0.0
20100108,0.0
20100107,0.0
20100106,0.0
20100105,0.0
20100104,0.0
20091231,0.0
20091230,0.0
20091229,0.0
20091225,0.0
20091224,0.0
20091223,0.0
20091222,0.584
20091221,0.0
20091218,2.92
20091217,0.0
20091216,0.0
20091215,0.0
20091214,0.0
20091211,0.0
20091210,0.0
20091209,0.0
20091208,0.0
20091207,0.0
20091204,0.0
20091203,0.0
20091202,0.0
20091201,0.0
20091130,0.0
20091127,0.0
20091126,0.0
20091125,0.0
20091124,0.0
20091123,0.0
20091120,0.0
20091119,0.0
20091118,0.0
20091117,0.0
20091116,0.0
20091113,0.0
20091112,0.0
20091111,0.0
20091110,0.0
20091109,0.0
20091106,0.0
20091105,0.0
20091104,0.0
20091103,0.0
20091102,0.0
20091030,0.0
20091029,0.0
20091028,0.0
20091027,0.584
20091026,0.0
20091023,0.0
20091022,0.0
20091021,0.0
20091020,0.0
20091019,0.0
20091016,0.0
20091015,0.0
20091014,0.0
20091013,0.0
20091012,0.0
20091009,0.0
20091008,0.0
20091007,0.0
20091006,0.0
20091005,0.0
20091002,0.0
20091001,0.0
20090930,0.0
20090929,0.0
20090928,0.0
20090925,0.0
20090924,0.0
20090923,0.0
20090922,0.0
20090921,0.0
20090918,0.0
20090917,0.0
20090916,0.0
20090915,0.0
20090914,0.0
20090911,0.0
20090910,0.0
20090909,0.8400000000000001
20090908,0.0
20090907,0.0
20090904,0.0
20090903,0.0
20090902,0.0
20090901,0.0
20090831,0.0
20090828,0.0
20090827,12.04
20090826,0.0
20090825,0.0
20090824,0.0
20090821,0.0
20090820,0.0
20090819,0.0
20090818,0.0
20090817,0.0
20090814,0.0
20090813,0.0
20090812,0.0
20090811,0.0
20090810,0.0
20090807,0.0
20090806,0.0
20090805,0.0
20090804,0.0
20090803,0.0
20090731,0.0
20090730,0.0
20090729,0.0
20090728,0.0
20090727,0.0
20090724,0.0
20090723,0.0
20090722,0.0
20090721,0.0
20090720,0.0
20090717,0.0
20090716,0.0
20090715,0.0
20090714,0.0
20090713,0.0
20090710,0.0
20090709,0.0
20090708,0.0
20090707,0.0
20090706,0.0
20090703,0.0
20090702,0.0
20090701,0.0
20090630,0.0
20090629,0.0
20090626,0.0
20090625,0.0
20090624,0.0
20090623,0.0
20090622,0.0
20090619,0.0
20090618,0.0
20090617,0.0
20090616,0.0
20090615,9.224
20090612,0.0
20090611,0.0
20090610,0.0
20090609,0.0
20090608,0.0
20090605,0.0
20090604,0.0
20090603,0.0
20090602,0.0
20090601,0.0
20090529,0.0
20090528,0.0
20090527,0.0
20090526,0.0
20090525,0.0
20090522,0.0
20090521,0.0
20090520,0.0
20090519,0.0
20090518,0.0
20090515,0.0
20090514,0.0
20090513,0.0
20090512,0.0
20090511,0.0
20090508,0.0
20090507,0.0
20090506,0.0
20090505,0.0
20090504,0.0
20090501,15.184000000000001
20090430,0.0
20090429,0.0
20090428,0.0
20090427,0.0
20090424,0.0
20090423,0.0
20090422,0.0
20090421,0.0
20090420,0.0
20090417,0.0
20090416,0.0
20090415,0.0
20090414,0.0
20090413,0.0
20090410,0.0
20090409,0.0
20090408,0.0
20090407,0.0
20090406,0.0
20090403,0.0
20090402,0.0
20090401,0.0
20090331,0.0
20090330,0.0
20090327,0.0
20090326,0.0
20090325,0.0
20090324,0.0
20090323,0.0
20090320,0.0
20090319,0.0
20090318,0.0
20090317,0.0
20090316,0.0
20090313,0.0
20090312,0.0
20090311,0.0
20090310,0.0
20090309,0.0
20090306,0.0
20090305,0.0
20090304,0.0
20090303,0.0
20090302,0.0
20090227,0.0
20090226,0.0
20090225,0.0
20090224,0.0
20090223,0.0
20090220,0.0
20090219,0.0
20090218,0.0
20090217,0.0
20090216,0.0
20090213,0.0
20090212,0.0
20090211,0.0
20090210,0.0
20090209,0.0
20090206,0.0
20090205,0.0
20090204,0.0
20090203,0.0
20090202,0.0
20090130,0.0
20090129,0.0
20090128,0.0
20090127,0.0
20090126,0.0
20090123,0.0
20090122,0.0
20090121,0.0
20090120,0.0
20090119,0.0
20090116,0.0
20090115,0.0
20090114,0.0
20090113,0.0
20090112,0.0
20090109,0.0
20090108,0.0
20090107,0.0
20090106,0.0
20090105,0.0
20090102,0.0
20090101,0.0
20081231,0.0
20081230,0.8400000000000001
20081229,0.0
20081226,0.0
20081225,0.0
20081224,0.0
20081223,0.0
20081222,0.0
20081219,0.0
20081218,0.0
20081217,0.0
20081216,0.0
20081215,0.0
20081212,0.0
20081211,0.0
20081210,0.0
20081209,0.0
20081208,0.0
20081205,0.0
20081204,0.0
20081203,0.0
20081202,0.0
20081201,0.0
20081128,0.0
20081127,0.0
20081126,0.0
20081125,0.0
20081124,0.0
20081121,0.0
20081120,0.0
20081119,0.0
20081118,0.0
20081117,0.0
20081114,0.0
20081113,0.0
20081112,0.0
20081111,0.0
20081110,0.0
20081107,0.0
20081106,0.0
20081105,0.0
20081104,0.0
20081103,0.0
20081031,0.0
20081030,0.0
20081029,0.0
20081028,0.0
20081027,0.0
20081024,0.0
20081023,0.0
20081022,0.0
20081021,0.0
20081020,0.0
20081017,0.0
20081016,0.0
20081015,3.525
20081014,2.2640000000000002
20081013,0.0
20081010,0.0
20081009,0.0
20081008,0.0
20081007,0.0
20081006,4.5280000000000005
20081003,0.0
20081002,0.0
20081001,0.0
20080930,0.0
20080929,0.0
20080926,0.0
20080925,0.0
20080924,0.0
20080923,0.0
20080922,0.0
20080919,0.0
20080918,0.0
20080917,0.0
20080916,2.628
20080915,0.0
20080912,0.0
20080911,0.0
20080910,0.0
20080909,0.0
20080908,0.0
20080905,0.0
20080904,0.0
20080903,0.0
20080902,0.0
20080901,0.0
20080829,0.0
20080828,0.0
20080827,0.0
20080826,0.0
20080825,0.0
20080822,0.0
20080821,0.0
20080820,0.0
20080819,0.0
20080818,0.0
20080815,0.0
20080814,0.0
20080813,0.0
20080812,0.0
20080811,0.0
20080808,0.0
20080807,0.0
20080806,0.0
20080805,0.0
20080804,0.0
20080801,0.0
20080731,0.0
20080730,0.0
20080729,0.0
20080728,0.0
20080725,0.0
20080724,0.0
20080723,0.0
20080722,3.8339999999999996
20080721,0.0
20080718,0.0
20080717,0.0
20080716,0.0
20080715,0.0
20080714,0.0
20080711,0.0
20080710,0.0
20080709,0.0
20080708,0.0
20080707,0.0
20080704,0.0
20080703,0.0
20080702,0.0
20080701,0.0
20080630,0.0
20080627,0.0
20080626,0.0
20080625,0.0
20080624,0.0
20080623,0.0
20080620,0.0
20080619,0.0
20080618,0.0
20080617,0.0
20080616,0.0
20080613,0.0
20080612,0.0
20080611,0.0
20080610,0.0
20080609,0.0
20080606,1.3800000000000001
20080605,1.205
20080604,2.7600000000000002
20080603,17.94
20080602,0.0
20080530,0.0
20080529,1.022
20080528,0.0
20080527,0.0
20080523,0.0
20080522,0.0
20080521,0.0
20080520,0.0
20080519,69.35
20080516,0.0
20080515,0.0
20080514,0.0
20080513,0.0
20080512,0.0
20080509,0.0
20080508,0.0
20080507,0.0
20080506,0.0
20080502,0.0
20080501,0.0
20080430,0.0
20080429,0.0
20080428,0.0
20080425,0.0
20080424,0.0
20080423,0.0
20080422,0.0
20080421,0.0
20080418,0.0
20080417,0.0
20080416,0.0
20080415,0.0
20080414,0.0
20080411,0.0
20080410,0.0
20080409,0.0
20080408,0.0
20080407,0.0
20080404,0.0
20080403,0.0
20080402,0.0
20080401,0.0
20080331,0.0
20080328,0.0
20080327,0.0
20080326,0.0
20080325,0.0
20080320,0.0
20080319,0.0
20080318,0.0
20080317,0.0
20080314,0.0
20080313,0.0
20080312,0.0
20080311,0.0
20080310,0.0
20080307,0.0
20080306,0.0
20080305,0.0
20080304,0.0
20080303,0.0
20080229,0.0
20080228,0.0
20080227,0.0
20080226,0.0
20080225,0.0
20080222,0.0
20080221,0.0
20080220,0.0
20080219,0.0
20080218,0.0
20080215,0.0
20080214,0.0
20080213,0.0
20080212,0.0
20080211,0.0
20080208,0.0
20080207,0.0
20080206,0.0
20080205,0.0
20080204,0.0
20080201,0.0
20080131,0.0
20080130,0.0
20080129,0.0
20080128,0.0
20080125,0.0
20080124,0.0
20080123,0.0
20080122,0.0
20080121,0.0
20080118,0.0
20080117,0.0
20080116,0.0
20080115,0.0
20080114,0.0
20080111,0.0
20080110,0.0
20080109,0.0
20080108,0.0
20080107,0.0
20080104,0.0
20080103,0.0
20080102,0.0
20071231,0.0
20071228,0.0
20071227,0.0
20071224,0.0
20071221,0.0
20071220,0.0
20071219,0.0
20071218,0.0
20071217,0.0
20071214,0.0
20071213,0.0
20071212,0.0
20071211,0.0
20071210,0.0
20071207,0.0
20071206,0.0
20071205,0.0
20071204,0.0
20071203,0.0
20071130,0.0
20071129,0.0
20071128,0.0
20071127,0.0
20071126,0.0
20071123,0.0
20071122,0.0
20071121,0.0
20071120,0.0
20071119,0.0
20071116,0.0
20071115,0.0
20071114,0.0
20071113,0.0
20071112,0.0
20071109,0.0
20071108,0.0
20071107,0.0
20071106,0.584
20071105,0.0
20071102,0.0
20071101,0.0
20071031,0.0
20071030,0.0
20071029,0.0
20071026,0.0
20071025,0.0
20071024,0.0
20071023,0.0
20071022,0.365
20071019,0.0
20071018,0.0
20071017,0.0
20071016,0.0
20071015,0.0
20071012,0.0
20071011,0.0
20071010,0.0
20071009,0.431
20071008,0.0
20071005,0.0
20071004,0.0
20071003,0.0
20071002,0.0
20071001,0.0
20070928,0.0
20070927,0.0
20070926,0.0
