20160408,608191.361
20160407,1584600.206
20160406,1512562.925
20160405,354983.95399999997
20160404,397314.50999999995
20160401,255004.148
20160331,543557.556
20160330,771034.976
20160329,303940.052
20160328,0.0
20160324,260176.21399999998
20160323,214714.26
20160322,263474.976
20160321,319283.73
20160318,468765.36
20160317,1110086.567
20160316,1171686.6030000001
20160315,553771.2570000001
20160314,647189.385
20160311,1047669.6149999999
20160310,1746851.9220000003
20160309,898930.7459999999
20160308,272333.06100000005
20160307,427214.47200000007
20160304,505850.31399999995
20160303,234651.64800000002
20160302,476445.125
20160301,439278.72800000006
20160229,997019.7999999999
20160226,733735.7100000001
20160225,510969.33999999997
20160224,191705.39500000002
20160223,426673.088
20160222,535904.44
20160219,285812.352
20160218,282717.75
20160217,839787.549
20160216,1422369.46
20160215,2111021.98
20160212,927468.216
20160211,472527.11999999994
20160210,938813.4239999999
20160209,4197.25
20160208,13220.479000000001
20160205,5355.648
20160204,2586.65
20160203,4065.1380000000004
20160202,4350.65
20160201,19090.759000000002
20160129,20986.806
20160128,11209.5
20160127,10447.374
20160126,10301.508
20160125,10394.163999999999
20160122,17566.692000000003
20160121,7227.612
20160120,15022.7
20160119,9403.284
20160118,12523.230000000001
20160115,17084.688
20160114,29268.638999999996
20160113,14092.875
20160112,19658.643
20160111,8690.2
20160108,12156.822000000002
20160107,23910.314000000002
20160106,34113.768000000004
20160105,40856.88
20160104,14267.759999999998
20151231,14175.168000000001
20151230,31281.775999999998
20151229,79253.056
20151224,19396.185999999998
20151223,22903.685
20151222,56124.454
20151221,110517.43399999998
20151218,24910.472
20151217,22777.139000000003
20151216,46948.278
20151215,85511.195
20151214,145471.599
20151211,14735.36
20151210,33839.520000000004
20151209,45661.68
20151208,52653.755000000005
20151207,47453.329
20151204,42766.56
20151203,168067.07200000001
20151202,72929.444
20151201,25720.875
20151130,49198.226
20151127,34349.86
20151126,59431.463
20151125,18605.944
20151124,23788.773999999998
20151123,31327.292000000005
20151120,43075.719000000005
20151119,57988.164000000004
20151118,67361.28000000001
20151117,32805.648
20151116,30527.665
20151113,43017.065
20151112,30563.240999999998
20151111,34280.753
20151110,20212.79
20151109,32848.99800000001
20151106,49211.628000000004
20151105,64062.336
20151104,58481.456000000006
20151103,37154.385
20151102,47122.4
20151030,47544.762
20151029,43801.632
20151028,65065.335999999996
20151027,37095.4
20151026,61165.566
20151023,101510.76000000001
20151022,129355.40400000001
20151021,60914.030000000006
20151020,124803.30200000001
20151019,150276.36000000002
20151016,54614.10399999999
20151015,31441.0
20151014,103295.511
20151013,20275.248
20151012,59631.18
20151009,24249.368
20151008,30535.2
20151007,48966.28
20151006,41658.675
20151005,33625.57
20151002,35055.888
20151001,24423.336
20150930,34311.732
20150929,74799.90299999999
20150928,88713.65
20150925,43792.749
20150924,86095.57400000001
20150923,91147.448
20150922,64438.407
20150921,62188.833999999995
20150918,65435.534999999996
20150917,96955.296
20150916,104529.696
20150915,131694.57200000001
20150914,177545.214
20150911,76093.48700000001
20150910,83298.48800000001
20150909,42938.6
20150908,23957.53
20150907,56606.855
20150904,23412.64
20150903,25747.876000000004
20150902,29702.288
20150901,44907.17
20150831,0.0
20150828,53855.956000000006
20150827,23950.5
20150826,19709.976000000002
20150825,33287.947
20150824,34031.998
20150821,4070.517
20150820,4242.534
20150819,1982.3249999999998
20150818,6050.4800000000005
20150817,6046.079
20150814,2632.56
20150813,15449.44
20150812,2769.109
20150811,1784.3210000000001
20150810,1817.3539999999998
20150807,1650.572
20150806,3136.056
20150805,2227.0400000000004
20150804,1408.16
20150803,2021.68
20150731,3318.924
20150730,825.04
20150729,2059.1200000000003
20150728,1830.96
20150727,4328.400000000001
20150724,2128.192
20150723,5690.048000000001
20150722,16722.797000000002
20150721,11701.448
20150720,9915.905999999999
20150717,6619.504999999999
20150716,1555.136
20150715,1555.7520000000002
20150714,4097.192
20150713,12549.24
20150710,2851.2
20150709,7464.402
20150708,5996.925
20150707,14896.53
20150706,3739.2560000000003
20150703,4542.56
20150702,3333.4400000000005
20150701,9935.2
20150630,10976.255
20150629,13954.052000000001
20150626,22687.001999999997
20150625,16444.31
20150624,39127.25
20150623,6402.93
20150622,2999.6979999999994
20150619,6545.213999999999
20150618,5896.3240000000005
20150617,16266.27
20150616,6397.951999999999
20150615,6510.8679999999995
20150612,4643.5199999999995
20150611,5557.2
20150610,9683.039999999999
20150609,10144.640000000001
20150608,6790.44
20150605,25581.024
20150604,140246.158
20150603,5573.9039999999995
20150602,7288.92
20150601,14574.78
20150529,4796.958
20150528,18866.43
20150527,42088.090000000004
20150526,19106.028000000002
20150525,0.0
20150522,9039.63
20150521,12199.642000000002
20150520,24072.576
20150519,2868.019
20150518,2720.179
20150515,1343.034
20150514,8858.003
20150513,933.7429999999999
20150512,61.32
20150511,628.7489999999999
20150508,1552.4909999999998
20150507,3527.725
20150506,2208.4139999999998
20150505,1552.6280000000002
20150504,0.0
20150501,1060.521
20150430,1626.394
20150429,5164.621
20150428,3655.2670000000003
20150427,2053.59
20150424,2147.145
20150423,1737.9669999999999
20150422,2127.6639999999998
20150421,13.356
20150420,2246.076
20150417,4729.032
20150416,4724.495999999999
20150415,895.1039999999999
20150414,2872.7999999999997
20150413,2066.904
20150410,7650.9839999999995
20150409,3934.225
20150408,5809.167
20150407,2387.532
20150406,0.0
20150403,0.0
20150402,1886.0520000000001
20150401,4179.384
20150331,4420.856
20150330,3810.443
20150327,14502.397
20150326,4124.148
20150325,5522.0
20150324,3503.2800000000007
20150323,810.3
20150320,2399.437
20150319,1357.433
20150318,2081.002
20150317,4735.038
20150316,2935.009
20150313,3470.8
20150312,2737.84
20150311,566.258
20150310,219.065
20150309,593.2800000000001
20150306,320.08000000000004
20150305,0.0
20150304,0.0
20150303,4468.987
20150302,5560.41
20150227,958.188
20150226,592.62
20150225,3486.0840000000003
20150224,3465.125
20150223,5234.427
20150220,6798.443
20150219,14250.896
20150218,23974.88
20150217,790.671
20150216,3764.2259999999997
20150213,2364.978
20150212,3007.7879999999996
20150211,346.368
20150210,2932.02
20150209,1790.8
20150206,1185.695
20150205,1342.73
20150204,1832.455
20150203,2591.82
20150202,2160.462
20150130,5740.324
20150129,1369.554
20150128,2888.424
20150127,1756.526
20150126,12032.35
20150123,18359.11
20150122,3977.7450000000003
20150121,6159.78
20150120,34514.766
20150119,92461.365
20150116,1637.328
20150115,570.96
20150114,881.328
20150113,3370.84
20150112,1558.665
20150109,1036.26
20150108,7297.487999999999
20150107,19611.06
20150106,4353.089999999999
20150105,8911.632000000001
20150102,4219.329999999999
20150101,0.0
20141231,2223.4959999999996
20141230,15896.698999999999
20141229,31.812000000000005
20141226,0.0
20141225,0.0
20141224,506.51399999999995
20141223,91.05999999999999
20141222,187.04999999999998
20141219,98.58
20141218,848.5979999999998
20141217,1050.005
20141216,1016.242
20141215,1899.2400000000002
20141212,1040.556
20141211,2008.9080000000001
20141210,959.4449999999999
20141209,3049.2830000000004
20141208,448.70699999999994
20141205,649.572
20141204,818.6640000000001
20141203,79.31
20141202,471.317
20141201,690.228
20141128,3330.173
20141127,932.148
20141126,905.352
20141125,1785.9239999999998
20141124,7517.928000000001
20141121,12269.621000000001
20141120,30899.550000000003
20141119,667.282
20141118,4154.56
20141117,1464.5249999999999
20141114,480.71099999999996
20141113,1716.2530000000002
20141112,4250.080000000001
20141111,602.392
20141110,419.298
20141107,316.64099999999996
20141106,154.176
20141105,818.9870000000001
20141104,1012.713
20141103,1926.908
20141031,1224.146
20141030,9465.624
20141029,87466.068
20141028,6.6000000000000005
20141027,2228.886
20141024,234.26199999999997
20141023,827.022
20141022,568.574
20141021,510.4
20141020,63.55
20141017,229.338
20141016,26.862000000000002
20141015,16.632
20141014,135.56400000000002
20141013,498.10200000000003
20141010,602.316
20141009,232.943
20141008,31.025
20141007,223.307
20141006,1014.0429999999999
20141003,839.8319999999999
20141002,100.375
20141001,407.34
20140930,2457.837
20140929,1188.805
20140926,4747.993
20140925,8320.368
20140924,19009.536
20140923,0.0
20140922,0.0
20140919,0.0
20140918,0.0
20140917,0.0
20140916,0.0
20140915,0.0
20140912,0.0
20140911,0.0
20140910,0.0
20140909,0.0
20140908,0.0
20140905,0.0
20140904,0.0
20140903,0.0
20140902,0.0
20140901,0.0
20140829,0.0
20140828,0.0
20140827,0.0
20140826,0.0
20140825,0.0
20140822,0.0
20140821,0.0
20140820,0.0
20140819,0.0
20140818,0.0
20140815,0.0
20140814,0.0
20140813,0.0
20140812,0.0
20140811,0.0
20140808,0.0
20140807,0.0
20140806,0.0
20140805,59236.02300000001
20140804,133406.51399999997
20140801,0.0
20140731,0.0
20140730,69840.16
20140729,46552.367999999995
20140728,93838.215
20140725,12873.442
20140724,9710.628
20140723,7271.795999999999
20140722,6464.88
20140721,7733.129999999999
20140718,26691.6
20140717,24431.275
20140716,7924.488
20140715,20868.071999999996
20140714,31870.778
20140711,16561.155
20140710,26081.034000000003
20140709,14502.825
20140708,32793.498
20140707,18841.592
20140704,47057.479999999996
20140703,26270.217999999997
20140702,33365.205
20140701,23123.25
20140630,26666.523
20140627,52477.324
20140626,62172.348
20140625,23191.74
20140624,47981.159999999996
20140623,15243.900000000001
20140620,58562.78999999999
20140619,65084.795
20140618,67147.01
20140617,29547.836
20140616,77546.367
20140613,79528.176
20140612,93020.83199999998
20140611,45547.509
20140610,76706.21
20140609,68033.664
20140606,72046.912
20140605,98325.792
20140604,45519.298
20140603,94378.05
20140602,218355.264
20140530,133529.446
20140529,37903.425
20140528,74099.022
20140527,62545.111999999994
20140526,0.0
20140523,74619.432
20140522,108417.775
20140521,217225.22400000002
20140520,60925.21599999999
20140519,17226.127
20140516,4308.366
20140515,1214.067
20140514,4166.481999999999
20140513,30404.253
20140512,0.0
20140509,0.0
20140508,0.0
20140507,0.0
20140506,0.0
20140505,0.0
20140502,0.0
20140501,0.0
20140430,0.0
20140429,0.0
20140428,0.0
20140425,534.555
20140424,6692.967999999999
20140423,5019.3
20140422,14625.509999999998
20140421,0.0
20140418,0.0
20140417,11977.811999999998
20140416,13441.636
20140415,12249.984
20140414,4598.87
20140411,7586.436000000001
20140410,27322.152000000002
20140409,79792.65
20140408,0.0
20140407,0.0
20140404,0.0
20140403,0.0
20140402,0.0
20140401,0.0
20140331,0.0
20140328,0.0
20140327,0.0
20140326,0.0
20140325,0.0
20140324,0.0
20140321,0.0
20140320,0.0
20140319,0.0
20140318,0.0
20140317,0.0
20140314,0.0
20140313,0.0
20140312,0.0
20140311,0.0
20140310,0.0
20140307,0.0
20140306,0.0
20140305,0.0
20140304,0.0
20140303,0.0
20140228,0.0
20140227,0.0
20140226,0.0
20140225,0.0
20140224,0.0
20140221,0.0
20140220,0.0
20140219,0.0
20140218,0.0
20140217,0.0
20140214,0.0
20140213,0.0
20140212,0.0
20140211,0.0
20140210,0.0
20140207,0.0
20140206,0.0
20140205,0.0
20140204,29021.692
20140203,4841.725
20140131,6626.269
20140130,5800.945
20140129,5886.72
20140128,3410.778
20140127,847.483
20140124,3361.6499999999996
20140123,2186.4700000000003
20140122,4209.06
20140121,4329.207
20140120,12052.726
20140117,4389.599999999999
20140116,5690.55
20140115,9349.418
20140114,4989.5199999999995
20140113,10965.645000000002
20140110,10289.469
20140109,10689.742
20140108,12399.05
20140107,5035.905000000001
20140106,4076.312
20140103,10384.232000000002
20140102,5605.523999999999
20140101,0.0
20131231,6107.031
20131230,13036.095000000001
20131227,1603.95
20131226,0.0
20131225,0.0
20131224,2771.34
20131223,8586.27
20131220,11684.58
20131219,1620.635
20131218,2505.36
20131217,1631.94
20131216,3985.4519999999998
20131213,2651.6040000000003
20131212,6521.463
20131211,3455.0399999999995
20131210,6696.0599999999995
20131209,6783.2660000000005
20131206,22928.22
20131205,19560.31
20131204,0.0
20131203,0.0
20131202,0.0
20131129,10503.18
20131128,17435.028000000002
20131127,3352.417
20131126,6305.5199999999995
20131125,1782.2220000000002
20131122,4950.9439999999995
20131121,2737.719
20131120,10505.187
20131119,6320.56
20131118,10779.885000000002
20131115,12040.018
20131114,13129.028999999999
20131113,7926.048
20131112,19484.43
20131111,12130.161999999998
20131108,20625.420000000002
20131107,29796.921000000002
20131106,21694.432
20131105,13531.864000000001
20131104,14543.620000000003
20131101,21738.203999999998
20131031,8664.39
20131030,6488.944000000001
20131029,23372.064000000002
20131028,47293.632
20131025,33687.456000000006
20131024,46289.46
20131023,4355.900000000001
20131022,2542.5319999999997
20131021,7613.718
20131018,1264.116
20131017,1566.2879999999998
20131016,1501.975
20131015,10818.220000000001
20131014,9735.0
20131011,1880.7359999999999
20131010,2855.979
20131009,2124.419
20131008,4121.718
20131007,1614.24
20131004,3015.192
20131003,2671.7999999999997
20131002,6110.676
20131001,9753.75
20130930,1841.333
20130927,7803.642000000001
20130926,2757.7940000000003
20130925,5305.996999999999
20130924,4020.0580000000004
20130923,4727.295
20130920,4014.472
20130919,2825.991
20130918,8382.444000000001
20130917,4667.22
20130916,5018.039
20130913,1237.496
20130912,4012.1040000000003
20130911,3655.782
20130910,5809.048
20130909,3544.3979999999997
20130906,1078.1370000000002
20130905,528.2280000000001
20130904,7029.125999999999
20130903,1807.1999999999998
20130902,656.124
20130830,2393.524
20130829,2871.4320000000002
20130828,8473.836
20130827,2124.188
20130826,0.0
20130823,1538.5669999999998
20130822,11143.590999999999
20130821,1305.372
20130820,330.69
20130819,4848.66
20130816,2670.2999999999997
20130815,5783.41
20130814,9547.300000000001
20130813,4622.016
20130812,5928.895
20130809,4449.88
20130808,9082.29
20130807,4048.02
20130806,1843.25
20130805,1523.376
20130802,936.9119999999999
20130801,3664.6000000000004
20130731,2876.25
20130730,1617.096
20130729,3119.22
20130726,4243.928
20130725,3158.902
20130724,4327.4400000000005
20130723,2274.533
20130722,4871.217000000001
20130719,5784.959999999999
20130718,13959.06
20130717,12525.705
20130716,1532.1039999999998
20130715,3564.2
20130712,4376.673
20130711,10758.501
20130710,8509.975
20130709,3495.4919999999997
20130708,2859.4449999999997
20130705,6639.204
20130704,570.13
20130703,470.558
20130702,208.77999999999997
20130701,240.89999999999998
20130628,1043.8999999999999
20130627,928.98
20130626,2131.096
20130625,280.70899999999995
20130624,2466.585
20130621,5144.116999999999
20130620,3518.016
20130619,959.95
20130618,355.875
20130617,1261.0749999999998
20130614,1336.175
20130613,4624.113
20130612,1048.06
20130611,5657.231999999999
20130610,670.32
20130607,3515.4560000000006
20130606,6567.39
20130605,4353.874000000001
20130604,2992.478
20130603,4126.623
20130531,4009.5300000000007
20130530,4016.352
20130529,8021.313
20130528,5113.504
20130527,0.0
20130524,1561.3229999999999
20130523,1668.918
20130522,6001.476000000001
20130521,5410.8330000000005
20130520,5677.166
20130517,8680.854
20130516,8052.352000000001
20130515,17026.52
20130514,2075.5
20130513,3104.438
20130510,6540.096
20130509,2922.8150000000005
20130508,5909.68
20130507,171.479
20130506,0.0
20130503,213.792
20130502,3707.955
20130501,2235.3799999999997
20130430,8081.583
20130429,5796.021
20130426,1862.4489999999998
20130425,2422.976
20130424,5763.861
20130423,6573.215999999999
20130422,9472.918
20130419,2777.72
20130418,6077.208
20130417,3392.602
20130416,984.9290000000001
20130415,2662.583
20130412,6229.233
20130411,16104.096
20130410,7255.8
20130409,15193.771999999999
20130408,9914.784000000001
20130405,6419.415
20130404,11207.5
20130403,2278.3680000000004
20130402,671.328
20130401,0.0
20130329,0.0
20130328,5749.0560000000005
20130327,13846.932
20130326,10205.622
20130325,17184.08
20130322,3040.765
20130321,3339.2520000000004
20130320,1783.4040000000002
20130319,5258.045
20130318,7659.209999999999
20130315,5020.86
20130314,15568.93
20130313,14074.074
20130312,5489.951999999999
20130311,11442.75
20130308,7571.904
20130307,7317.179999999999
20130306,4972.659
20130305,9934.073999999999
20130304,14615.443999999998
20130301,2635.386
20130228,6556.408
20130227,21465.796000000002
20130226,24433.212
20130225,10412.168
20130222,6566.1089999999995
20130221,12460.696000000002
20130220,9731.046
20130219,2277.6749999999997
20130218,8737.922
20130215,4842.236
20130214,16085.785999999998
20130213,17955.784
20130212,16934.631999999998
20130211,12749.25
20130208,33998.299999999996
20130207,7486.245
20130206,25950.232
20130205,11300.283
20130204,52953.448000000004
20130201,24432.291
20130131,40911.695999999996
20130130,29167.498000000003
20130129,31925.656
20130128,28352.968
20130125,38101.458
20130124,28368.789000000004
20130123,59025.36
20130122,10170.36
20130121,28188.647999999997
20130118,13345.859999999999
20130117,10968.196
20130116,7559.062
20130115,12102.065999999999
20130114,8626.994
20130111,11731.562000000002
20130110,27855.519999999997
20130109,24772.78
20130108,78085.0
20130107,49437.616
20130104,34410.795999999995
20130103,11244.0
20130102,8067.57
20130101,0.0
20121231,8213.595
20121228,5278.338
20121227,12162.384
20121225,0.0
20121224,7059.83
20121221,14751.884999999998
20121220,11120.33
20121219,26671.163999999997
20121218,18643.492000000002
20121217,26853.362
20121214,23784.203
20121213,17600.269999999997
20121212,26481.654
20121211,57419.635
20121210,15139.537
20121207,19844.902000000002
20121206,36790.248
20121205,88344.264
20121204,70029.927
20121203,217523.046
20121130,107664.77999999998
20121129,31085.152000000002
20121128,35437.875
20121127,42124.043999999994
20121126,36081.263999999996
20121123,65043.812
20121122,32503.468999999997
20121121,16483.355
20121120,14084.896
20121119,15405.774
20121116,9699.975999999999
20121115,23302.256999999998
20121114,10208.155999999999
20121113,34601.235
20121112,35337.492000000006
20121109,65211.192
20121108,72077.901
20121107,28020.007
20121106,12221.28
20121105,5655.6630000000005
20121102,8442.012
20121101,7043.04
20121031,7790.199999999999
20121030,15272.764000000001
20121029,10701.215999999999
20121026,3207.9
20121025,11123.302
20121024,8993.268
20121023,32287.78
20121022,4213.62
20121019,8022.262
20121018,16105.880000000001
20121017,14947.1
20121016,27594.876
20121015,49752.378
20121012,38838.336
20121011,22725.359999999997
20121010,21269.12
20121009,30161.556
20121008,11759.132
20121005,20158.512
20121004,37647.85199999999
20121003,46767.798
20121002,11624.16
20121001,50632.416000000005
20120928,23646.222
20120927,13173.121
20120926,77341.74799999999
20120925,98628.329
20120924,196340.614
20120921,31167.604
20120920,6529.953
20120919,6910.925
20120918,9740.317000000001
20120917,77952.595
20120914,15517.026000000002
20120913,35446.026
20120912,40531.049
20120911,6192.82
20120910,7724.933000000001
20120907,79021.18599999999
20120906,8312.271999999999
20120905,1989.96
20120904,12672.295999999998
20120903,2505.141
20120831,12536.396
20120830,8489.753999999999
20120829,288962.03199999995
20120828,4960.912
20120827,0.0
20120824,2519.916
20120823,1561.105
20120822,2654.8900000000003
20120821,1001.8520000000001
20120820,1284.435
20120817,807.8909999999998
20120816,1097.0439999999999
20120815,1131.208
20120814,1325.0069999999998
20120813,1631.3899999999999
20120810,1144.458
20120809,9431.599999999999
20120808,1272.6819999999998
20120807,165.699
20120806,506.844
20120803,48.735
20120802,3024.819
20120801,2268.072
20120731,10567.336
20120730,1867.632
20120727,1060.32
20120726,417.36
20120725,1432.5600000000002
20120724,836.949
20120723,75.92
20120720,141.78400000000002
20120719,946.504
20120718,168.608
20120717,114.96000000000001
20120716,303.68
20120713,76.64
20120712,0.0
20120711,697.424
20120710,827.9659999999999
20120709,2175.9840000000004
20120706,346.17299999999994
20120705,19.895
20120704,1806.466
20120703,1415.178
20120702,16.06
20120629,1702.36
20120628,201.188
20120627,82.72000000000001
20120626,137.97
20120625,0.0
20120622,200.75
20120621,0.0
20120620,1003.75
20120619,590.2049999999999
20120618,936.2979999999999
20120615,410.024
20120614,249.98400000000004
20120613,19.71
20120612,0.0
20120611,116.43499999999999
20120608,5019.92
20120607,1448.31
20120606,1270.2
20120605,0.0
20120604,0.0
20120601,465.74
20120531,596.994
20120530,457.27200000000005
20120529,783.2900000000001
20120528,1664.4
20120525,3393.0400000000004
20120524,895.9409999999999
20120523,962.307
20120522,936.4979999999999
20120521,1241.5439999999999
20120518,1751.34
20120517,802.4159999999999
20120516,7614.697999999999
20120515,1851.444
20120514,538.01
20120511,202.60000000000002
20120510,502.44800000000004
20120509,3867.248
20120508,1813.3199999999997
20120507,0.0
20120504,456.3
20120503,209.898
20120502,1656.369
20120501,712.845
20120430,175.071
20120427,2308.2599999999998
20120426,1608.692
20120425,496.05199999999996
20120424,213.25599999999997
20120423,1209.1950000000002
20120420,3521.2279999999996
20120419,2990.309
20120418,4065.633
20120417,4635.865000000001
20120416,1976.6450000000002
20120413,6774.107999999999
20120412,6849.423000000001
20120411,8636.292
20120410,6035.0
20120409,0.0
20120406,0.0
20120405,3818.3320000000003
20120404,13173.76
20120403,33775.275
20120402,28674.765
20120330,48290.23
20120329,1344.222
20120328,9.782
20120327,3661.504
20120326,2594.055
20120323,1505.0
20120322,1390.276
20120321,3605.136
20120320,0.0
20120319,441.008
20120316,4922.88
20120315,1385.244
20120314,547.071
20120313,1430.868
20120312,16455.0
20120309,217.62400000000002
20120308,1483.8
20120307,2304.8360000000002
20120306,4445.0560000000005
20120305,8870.264
20120302,1883.4360000000001
20120301,1970.918
20120229,4572.72
20120228,1501.164
20120227,1169.385
20120224,8713.278
20120223,5109.624
20120222,14981.871999999998
20120221,1467.791
20120220,2633.4750000000004
20120217,5016.318
20120216,3143.6420000000003
20120215,11185.0
20120214,4028.7
20120213,6027.098999999999
20120210,14569.485999999999
20120209,12240.932
20120208,29968.89
20120207,9358.304
20120206,24426.549000000003
20120203,124476.954
