20160408,2384.1
20160407,28.35
20160406,0.0
20160405,778.95
20160404,4692.6
20160401,697.95
20160331,2142.45
20160330,19307.808
20160329,944.529
20160328,0.0
20160324,197.1
20160323,790.59
20160322,676.7099999999999
20160321,473.04
20160318,744.5999999999999
20160317,273.75
20160316,1092.81
20160315,186.78
20160314,2346.636
20160311,256.96
20160310,1563.952
20160309,175.2
20160308,19.855999999999998
20160307,2278.768
20160304,2625.664
20160303,447.05500000000006
20160302,651.9050000000001
20160301,1056.785
20160229,117.408
20160226,3538.139
20160225,0.0
20160224,2161.728
20160223,4142.11
20160222,4338.536
20160219,1397.49
20160218,6741.945
20160217,9859.464
20160216,0.0
20160215,0.0
20160212,191.6
20160211,482.832
20160210,63.227999999999994
20160209,0.0
20160208,321.88800000000003
20160205,13.286
20160204,100.594
20160203,47.45
20160202,0.0
20160201,0.0
20160129,0.0
20160128,0.0
20160127,75.2
20160126,161.68
20160125,0.0
20160122,94.0
20160121,5876.880000000001
20160120,1116.024
20160119,244.842
20160118,0.0
20160115,611.0
20160114,488.8
20160113,665.52
20160112,554.743
20160111,2303.75
20160108,179.676
20160107,976.5
20160106,0.0
20160105,702.8
20160104,501.99999999999994
20151231,335.33599999999996
20151230,487.305
20151229,453.824
20151228,0.0
20151225,0.0
20151224,4.0520000000000005
20151223,14.182
20151222,799.1839999999999
20151221,33.813
20151218,482.89500000000004
20151217,2262.0150000000003
20151216,56.115
20151215,3305.1
20151214,3661.875
20151211,437.58000000000004
20151210,2229.669
20151209,5058.24
20151208,16098.15
20151207,14473.859999999999
20151204,788.4000000000001
20151203,6389.982
20151202,5538.51
20151201,1009.736
20151130,341.6
20151127,89.67000000000002
20151126,905.24
20151125,1306.116
20151124,527.79
20151123,681.09
20151120,457.7099999999999
20151119,700.05
20151118,538.74
20151117,1314.0
20151116,1347.335
20151113,330.745
20151112,985.792
20151111,0.0
20151110,0.0
20151109,233.6
20151106,280.32
20151105,81.75999999999999
20151104,2149.12
20151103,0.0
20151102,1401.6
20151030,127.116
20151029,0.0
20151028,141.24
20151027,84.315
20151026,264.99
20151023,481.8
20151022,266.96999999999997
20151021,6107.9
20151020,1193.842
20151019,517.935
20151016,223.38
20151015,248.2
20151014,0.0
20151013,148.92000000000002
20151012,1037.8280000000002
20151009,33.696000000000005
20151008,259.20000000000005
20151007,881.2800000000001
20151006,1476.7169999999999
20151005,1389.129
20151002,1053.8220000000001
20151001,357.554
20150930,3102.16
20150929,1122.252
20150928,0.0
20150925,182.025
20150924,0.0
20150923,0.0
20150922,98.56
20150921,303.072
20150918,1471.008
20150917,0.0
20150916,0.0
20150915,0.0
20150914,91.834
20150911,0.0
20150910,1186.396
20150909,1005.21
20150908,0.0
20150907,0.0
20150904,1597.167
20150903,3493.05
20150902,83.164
20150901,22.014000000000003
20150831,0.0
20150828,122.30000000000001
20150827,286.182
20150826,330.21000000000004
20150825,2109.7
20150824,4647.784
20150821,1031.616
20150820,231.57
20150819,26.1
20150818,0.0
20150817,788.4000000000001
20150814,57.81600000000001
20150813,262.8
20150812,265.428
20150811,249.66000000000003
20150810,2483.46
20150807,0.0
20150806,462.5280000000001
20150805,31.104
20150804,388.8
20150803,1088.379
20150731,425.43000000000006
20150730,70.956
20150729,2683.188
20150728,242.73000000000002
20150727,446.31000000000006
20150724,530.856
20150723,1710.828
20150722,801.996
20150721,3475.316
20150720,810.2639999999999
20150717,1295.32
20150716,2273.7
20150715,3343.028
20150714,12865.812
20150713,443.70000000000005
20150710,1435.5
20150709,496.692
20150708,420.48
20150707,0.0
20150706,265.428
20150703,3752.0280000000002
20150702,6842.5560000000005
20150701,12092.815
20150630,490.25399999999996
20150629,817.899
20150626,267.014
20150625,745.624
20150624,37.785000000000004
20150623,500.0
20150622,2025.0
20150619,7289.634000000001
20150618,875.0
20150617,1499.3670000000002
20150616,4742.5
20150615,3278.0609999999997
20150612,2115.858
20150611,607.2280000000001
20150610,342.209
20150609,421.972
20150608,2202.488
20150605,26.65
20150604,1481.74
20150603,962.0649999999999
20150602,1124.63
20150601,6926.334999999999
20150529,3331.25
20150528,0.0
20150527,3539.12
20150526,2137.33
20150525,0.0
20150522,3916.4500000000003
20150521,712.1880000000001
20150520,8919.431999999999
20150519,5790.0
20150518,7801.29
20150515,5094.67
20150514,2755.02
20150513,4013.394
20150512,2107.2180000000003
20150511,9011.064
20150508,0.0
20150507,35.04
20150506,116.8
20150505,6307.2
20150504,0.0
20150501,969.4399999999999
20150430,3814.688
20150429,638.385
20150428,1158.729
20150427,517.935
20150424,0.0
20150423,680.7639999999999
20150422,5362.616
20150421,3118.7999999999997
20150420,1373.1000000000001
20150417,3270.6
20150416,409.59599999999995
20150415,2622.356
20150414,75.328
20150413,0.0
20150410,61.204
20150409,82.39
20150408,2179.8039999999996
20150407,1465.683
20150406,0.0
20150403,0.0
20150402,2372.0
20150401,6675.134
20150331,5042.037
20150330,2536.677
20150327,3199.152
20150326,7072.277999999999
20150325,3022.8
20150324,486.864
20150323,3110.055
20150320,659.8580000000001
20150319,3384.1679999999997
20150318,8272.696000000002
20150317,275.94
20150316,683.28
20150313,1516.3560000000002
20150312,41.07
20150311,164.28
20150310,1768.7479999999998
20150309,922.706
20150306,5481.476
20150305,4479.865
20150304,3879.7459999999996
20150303,5328.853999999999
20150302,2023.382
20150227,924.755
20150226,6042.575
20150225,737.8249999999999
20150224,3214.234
20150223,5390.147
20150220,16445.715
20150219,2009.513
20150218,4619.8460000000005
20150217,16254.618
20150216,3052.1
20150213,9303.119999999999
20150212,2430.462
20150211,1952.9689999999998
20150210,2606.976
20150209,5243.370999999999
20150206,1202.58
20150205,13729.455
20150204,1741.05
20150203,5098.32
20150202,906.389
20150130,1284.203
20150129,325.872
20150128,355.29099999999994
20150127,1168.0
20150126,0.0
20150123,1265.0
20150122,3488.64
20150121,3490.8599999999997
20150120,33.405
20150119,3706.495
20150116,67.89
20150115,2303.734
20150114,360.544
20150113,2692.22
20150112,2787.505
20150109,102.2
20150108,102.2
20150107,520.9920000000001
20150106,2963.48
20150105,1012.6999999999999
20150102,0.0
20150101,0.0
20141231,575.0
20141230,824.895
20141229,0.0
20141226,0.0
20141225,0.0
20141224,0.0
20141223,890.016
20141222,1292.6000000000001
20141219,1459.84
20141218,1026.45
20141217,700.4399999999999
20141216,805.0
20141215,0.0
20141212,2153.776
20141211,2.4090000000000003
20141210,216.81
20141209,2033.1960000000001
20141208,260.61
20141205,0.0
20141204,340.065
20141203,0.0
20141202,83.127
20141201,522.0
20141128,1564.355
20141127,3175.2000000000003
20141126,10775.968
20141125,3282.048
20141124,1889.25
20141121,77.76
20141120,510.624
20141119,518.4000000000001
20141118,1446.336
20141117,69.98400000000001
20141114,632.448
20141113,0.0
20141112,518.4000000000001
20141111,2420.096
20141110,1207.458
20141107,82.67999999999999
20141106,83.22
20141105,1264.95
20141104,810.448
20141103,61.294999999999995
20141031,0.0
20141030,0.0
20141029,0.0
20141028,315.36
20141027,1285.092
20141024,0.0
20141023,0.0
20141022,870.9120000000001
20141021,1469.6640000000002
20141020,1516.438
20141017,3110.0
20141016,308.35200000000003
20141015,469.755
20141014,3606.784
20141013,1944.0960000000002
20141010,957.22
20141009,1290.64
20141008,145.854
20141007,253.17499999999998
20141006,1345.8249999999998
20141003,0.0
20141002,0.0
20141001,1035.939
20140930,2025.7500000000002
20140929,0.0
20140926,190.33
20140925,2205.109
20140924,1955.6699999999998
20140923,4373.916
20140922,3854.624
20140919,280.82
20140918,384.28
20140917,1404.1
20140916,1527.1599999999999
20140915,3316.2439999999997
20140912,371.132
20140911,8.979
20140910,897.9
20140909,4674.92
20140908,4617.284
20140905,4140.56
20140904,0.0
20140903,1930.2679999999998
20140902,2122.408
20140901,0.0
20140829,445.008
20140828,609.6
20140827,1250.9769999999999
20140826,722.376
20140825,0.0
20140822,577.158
20140821,0.0
20140820,2609.623
20140819,735.4110000000001
20140818,719.896
20140815,1674.036
20140814,2235.114
20140813,1720.026
20140812,1744.704
20140811,4127.511
20140808,6854.354
20140807,1134.9119999999998
20140806,1834.7089999999998
20140805,7623.647999999999
20140804,3464.58
20140801,0.0
20140731,39.204
20140730,0.0
20140729,7376.886
20140728,1754.3790000000001
20140725,212.35500000000002
20140724,1548.558
20140723,2130.0840000000003
20140722,888.624
20140721,903.375
20140718,0.0
20140717,2608.2900000000004
20140716,525.6
20140715,10466.885999999999
20140714,14179.199999999999
20140711,68185.557
20140710,16822.798000000003
20140709,4295.178
20140708,2332.35
20140707,9302.300000000001
20140704,18195.759
20140703,6103.749000000001
20140702,17457.090000000004
20140701,30058.371000000003
20140630,3295.776
20140627,3501.08
20140626,2367.5899999999997
20140625,4873.5
20140624,6228.333
20140623,958.455
20140620,243.675
20140619,3281.4900000000002
20140618,2745.405
20140617,0.0
20140616,3039.4
20140613,3350.02
20140612,5622.453
20140611,3193.7670000000003
20140610,4805.271000000001
20140609,3411.4500000000003
20140606,464.607
20140605,74.727
20140604,2056.617
20140603,2511.477
20140602,2527.722
20140530,7898.319
20140529,6681.6900000000005
20140528,20713.077
20140527,48865.194
20140526,0.0
20140523,3974.704
20140522,1211.6
20140521,1533.0
20140520,716.7930000000001
20140519,3911.7960000000003
20140516,2644.425
20140515,765.4050000000001
20140514,6395.8949999999995
20140513,2716.695
20140512,6720.176
20140509,2264.5460000000003
20140508,3839.188
20140507,4398.76
20140506,6847.456
20140505,0.0
20140502,5399.2
20140501,5091.236000000001
20140430,6156.379999999999
20140429,3096.297
20140428,9411.714
20140425,6077.52
20140424,7821.585
20140423,12355.794
20140422,27820.665
20140421,0.0
20140418,0.0
20140417,25381.188000000002
20140416,12613.695
20140415,13847.589
20140414,45710.293
20140411,2655.86
20140410,1703.2359999999999
20140409,8281.206
20140408,3113.255
20140407,392.156
20140404,3293.1029999999996
20140403,1025.2330000000002
20140402,3954.8300000000004
20140401,23.36
20140331,327.03999999999996
20140328,1677.2479999999998
20140327,0.0
20140326,279.896
20140325,450.67999999999995
20140324,158.924
20140321,6307.147999999999
20140320,0.0
20140319,1084.05
20140318,65.043
20140317,0.0
20140314,1349.04
20140313,385.44
20140312,3095.2
20140311,201.52
20140310,0.0
20140307,0.0
20140306,3148.75
20140305,1040.347
20140304,219.153
20140303,280.466
20140228,0.0
20140227,1690.242
20140226,0.0
20140225,2962.344
20140224,0.0
20140221,1272.095
20140220,2267.1
20140219,0.0
20140218,17.633
20140217,0.0
20140214,0.0
20140213,1992.529
20140212,8409.348
20140211,0.0
20140210,892.775
20140207,529.3960000000001
20140206,270.1
20140205,2.7010000000000005
20140204,0.0
20140203,8408.213000000002
20140131,533.0
20140130,2.665
20140129,7568.599999999999
20140128,0.0
20140127,2049.385
20140124,102.2
20140123,383.25
20140122,503.8
20140121,44873.46600000001
20140120,489.20000000000005
20140117,19.568
20140116,69596.038
20140115,2534.56
20140114,0.0
20140113,966.0
20140110,441.59999999999997
20140109,3318.9
20140108,745.1999999999999
20140107,1319.329
20140106,0.0
20140103,47.44
20140102,868.152
20140101,0.0
20131231,11022.684
20131230,3088.995
20131227,1944.5009999999997
20131226,0.0
20131225,0.0
20131224,1528.474
20131223,939.1339999999999
20131220,4254.852
20131219,5726.007
20131218,4499.04
20131217,427.272
20131216,0.0
20131213,20.439999999999998
20131212,700.8
20131211,739.0
20131210,372.45599999999996
20131209,0.0
20131206,635.54
20131205,3681.39
20131204,2363.886
20131203,1017.744
20131202,1247.948
20131129,3725.67
20131128,61.32
20131127,2915.7659999999996
20131126,2749.258
20131125,11205.792
20131122,20616.951999999997
20131121,699.559
20131120,5210.229
20131119,518.4000000000001
20131118,693.792
20131115,215.49599999999998
20131114,546.624
20131113,546.624
20131112,0.0
20131111,917.172
20131108,1479.564
20131107,549.252
20131106,3524.148
20131105,168.48000000000002
20131104,946.08
20131101,313.632
20131031,777.6
20131030,593.568
20131029,3411.072
20131028,259.20000000000005
20131025,2592.0
20131024,1067.9040000000002
20131023,3921.6960000000004
20131022,652.7660000000001
20131021,0.0
20131018,382.228
20131017,17.374
20131016,426.904
20131015,0.0
20131014,598.162
20131011,0.0
20131010,3100.018
20131009,6114.115000000001
20131008,4131.648
20131007,602.532
20131004,3844.7639999999997
20131003,0.0
20131002,150.0
20131001,250.0
20130930,274.571
20130927,0.0
20130926,1604.603
20130925,2010.162
20130924,803.561
20130923,1201.563
20130920,1853.984
20130919,733.285
20130918,114.97500000000001
20130917,858.48
20130916,4169.76
20130913,4350.943
20130912,10207.091
20130911,28925.228000000003
20130910,1131.6000000000001
20130909,2863.5
20130906,16442.69
20130905,12990.295
20130904,10047.282000000001
20130903,11977.767000000002
20130902,5292.2
20130830,315.84000000000003
20130829,1917.6000000000001
20130828,1321.64
20130827,2692.16
20130826,0.0
20130823,2937.742
20130822,267.235
20130821,169.55599999999998
20130820,2213.4429999999998
20130819,1992.283
20130816,3728.2560000000003
20130815,2583.886
20130814,560.2719999999999
20130813,3918.218
20130812,0.0
20130809,4662.79
20130808,328.05400000000003
20130807,931.0
20130806,1996.064
20130805,5840.0
20130802,7.300000000000001
20130801,1107.775
20130731,1874.3310000000001
20130730,11043.256000000001
20130729,2438.2
20130726,9977.039999999999
20130725,1121.8980000000001
20130724,30416.1
20130723,7424.374999999999
20130722,270.319
20130719,62.123
20130718,125.925
20130717,1811.641
20130716,19272.39
20130715,98.58
20130712,906.936
20130711,4605.329
20130710,1412.98
20130709,49.29
20130708,2416.853
20130705,2319.9159999999997
20130704,3369.7999999999997
20130703,17331.23
20130702,2777.0399999999995
20130701,0.0
20130628,1683.6719999999998
20130627,2496.048
20130626,11666.699999999999
20130625,5071.099999999999
20130624,0.0
20130621,0.0
20130620,23.82
20130619,397.0
20130618,1.6059999999999999
20130617,963.5999999999999
20130614,4533.74
20130613,1129.068
20130612,903.65
20130611,657.2
20130610,258.366
20130607,173.4
20130606,0.0
20130605,1430.3999999999999
20130604,178.79999999999998
20130603,345.084
20130531,0.0
20130530,357.59999999999997
20130529,1251.6
20130528,1729.224
20130527,0.0
20130524,0.0
20130523,818.4480000000001
20130522,606.9
20130521,182.07
20130520,282.642
20130517,173.4
20130516,157.79399999999998
20130515,1165.248
20130514,107.508
20130513,402.288
20130510,317.322
20130509,60.69
20130508,2698.104
20130507,0.0
20130506,0.0
20130503,70.08
20130502,0.0
20130501,10.511999999999999
20130430,66.576
20130429,1971.0
20130426,876.0
20130425,1137.048
20130424,2914.03
20130423,2058.4620000000004
20130422,574.8
20130419,0.0
20130418,818.1320000000001
20130417,4048.5080000000003
20130416,16.425
20130415,0.0
20130412,54.75
20130411,0.0
20130410,0.0
20130409,0.0
20130408,155.125
20130405,675.25
20130404,2010.96
20130403,802.522
20130402,420.81200000000007
20130401,0.0
20130329,0.0
20130328,2141.566
20130327,17050.975
20130326,6478.095
20130325,155.709
20130322,1458.54
20130321,218.781
20130320,1324.5120000000002
20130319,2609.6040000000003
20130318,71.366
20130315,801.818
20130314,5203.420999999999
20130313,1905.3000000000002
20130312,52.474999999999994
20130311,1005.4209999999999
20130308,1380.74
20130307,66.81
20130306,445.4
20130305,3493.05
20130304,3140.6310000000003
20130301,2020.76
20130228,0.0
20130227,123.72
20130226,1280.5020000000002
20130225,1098.723
20130222,988.6390000000001
20130221,968.745
20130220,22.63
20130219,1154.1299999999999
20130218,2206.4249999999997
20130215,1131.5
20130214,3206.88
20130213,4338.196
20130212,812.855
20130211,852.288
20130208,37.859
20130207,826.217
20130206,467.67
20130205,190.52999999999997
20130204,748.98
20130201,4005.5099999999998
20130131,6291.87
20130130,1639.1939999999997
20130129,5643.629999999999
20130128,117.18
20130125,2253.762
20130124,347.634
20130123,128.898
20130122,0.0
20130121,2128.77
20130118,3310.112
20130117,0.0
20130116,126.144
20130115,51.246
20130114,743.0670000000001
20130111,1054.4850000000001
20130110,4365.765
20130109,688.84
20130108,1845.732
20130107,1882.0130000000004
20130104,170.64199999999997
20130103,6.242999999999999
20130102,699.216
20130101,0.0
20121231,32.704
20121228,36.792
20121227,1539.132
20121226,0.0
20121225,0.0
20121224,2.008
20121221,226.904
20121220,419.67900000000003
20121219,2491.344
20121218,1486.233
20121217,220.88
20121214,1546.1599999999999
20121213,2851.3599999999997
20121212,1237.1580000000001
20121211,303.68
20121210,916.7339999999999
20121207,0.0
20121206,2116.88
20121205,612.88
20121204,1030.2369999999999
20121203,1811.16
20121130,1002.33
20121129,0.0
20121128,98.685
20121127,7.740000000000001
20121126,1246.14
20121123,2796.0750000000003
20121122,6405.188
20121121,2854.84
20121120,2599.352
20121119,1706.3020000000001
20121116,4460.3
20121115,9013.675
20121114,11835.270999999999
20121113,0.0
20121112,95.83
20121109,1232.1
20121108,0.0
20121107,402.486
20121106,915.861
20121105,2124.8839999999996
20121102,0.0
20121101,0.0
20121031,206.66299999999998
20121030,0.0
20121029,55.48
20121026,80.446
20121025,30.514
20121024,0.0
20121023,6.935
20121022,665.76
20121019,97.08999999999999
20121018,170.601
20121017,0.0
20121016,16.644
20121015,138.7
20121012,224.694
20121011,163.666
20121010,693.5
20121009,227.46799999999996
20121008,6.935
20121005,167.827
20121004,69.35
20121003,4848.952
20121002,136.9
20121001,542.124
20120928,10.952
20120927,0.0
20120926,0.0
20120925,432.604
20120924,1920.707
20120921,103.896
20120920,666.0
20120919,164.28
20120918,14404.618
20120917,443.556
20120914,12502.418
20120913,0.0
20120912,442.22400000000005
20120911,908.4240000000001
20120910,1631.7
20120907,2452.212
20120906,5544.7880000000005
20120905,1241.15
20120904,46.72
20120903,397.12
20120831,885.3439999999999
20120830,2160.7999999999997
20120829,3953.667
20120828,950.4000000000001
20120827,0.0
20120824,486.0
20120823,271.85200000000003
20120822,500.707
20120821,320.4
20120820,217.872
20120817,2813.824
20120816,687.952
20120815,420.26099999999997
20120814,1338.56
20120813,542.544
20120810,1791.392
20120809,0.0
20120808,44.967999999999996
20120807,115.63199999999999
20120806,1413.28
20120803,334.048
20120802,51.391999999999996
20120801,32.12
20120731,144.54
20120730,300.32199999999995
20120727,2002.6819999999998
20120726,774.0099999999999
20120725,2281.21
20120724,2080.25
20120723,4246.312
20120720,441.72799999999995
20120719,2518.719
20120718,3645.895
20120717,378.708
20120716,4275.414
20120713,1278.4199999999998
20120712,1312.74
20120711,1227.8600000000001
20120710,0.0
20120709,726.4319999999999
20120706,0.0
20120705,1041.6799999999998
20120704,5255.72
20120703,10430.459
20120702,3783.152
20120629,332.223
20120628,2.9930000000000003
20120627,0.0
20120626,0.0
20120625,2337.533
20120622,748.25
20120621,1197.2
20120620,29.56
20120619,203.964
20120618,1330.2
20120615,227.76
20120614,20.439999999999998
20120613,49.028
20120612,2036.1039999999998
20120611,1528.52
20120608,0.0
20120607,288.4
20120606,1716.7409999999998
20120605,0.0
20120604,0.0
20120601,35.04
20120531,849.72
20120530,167.60799999999998
20120529,98.76899999999999
20120528,89.78999999999999
20120525,0.0
20120524,308.279
20120523,0.0
20120522,0.0
20120521,1292.976
20120518,62.06
20120517,353.742
20120516,645.4240000000001
20120515,1632.28
20120514,663.784
20120511,186.296
20120510,6.4239999999999995
20120509,1464.672
20120508,847.5300000000001
20120507,0.0
20120504,2231.712
20120503,461.619
20120502,856.8180000000001
20120501,3782.619
20120430,4257.316
20120427,12889.862
20120426,882.5699999999999
20120425,787.332
20120424,528.52
20120423,289.08
20120420,411.71999999999997
20120419,0.0
20120418,859.5
20120417,996.4499999999999
20120416,233.45399999999998
20120413,711.75
20120412,2847.0
20120411,1157.4599999999998
20120410,2451.4
20120409,0.0
20120406,0.0
20120405,403.76
20120404,4146.4
20120403,683.5079999999999
20120402,1552.83
20120330,141.316
20120329,767.144
20120328,34.163999999999994
20120327,20663.86
20120326,2886.884
20120323,313.16999999999996
20120322,202.13699999999997
20120321,0.0
20120320,856.947
20120319,1044.849
20120316,1408.311
20120315,196.76999999999998
20120314,1799.04
20120313,309.21
20120312,449.76
20120309,822.7829999999999
20120308,354.732
20120307,454.9359999999999
20120306,74.98400000000001
20120305,219.184
20120302,1300.684
20120301,415.42499999999995
20120229,1848.304
20120228,12198.248
20120227,135.92600000000002
20120224,1414.74
20120223,613.054
20120222,280.174
20120221,1345.3899999999999
20120220,5.548
20120217,460.48400000000004
20120216,552.026
20120215,0.0
20120214,618.42
20120213,503.1689999999999
20120210,36.543
20120209,0.0
20120208,562.2
20120207,820.812
20120206,832.056
20120203,486.303
20120202,562.2
20120201,4713.026
20120131,2719.0
20120130,375.22200000000004
20120127,1914.1760000000002
20120126,4244.219999999999
20120125,377.844
20120124,167.01799999999997
20120123,2393.012
20120120,407.962
20120119,2391.188
20120118,1104.723
20120117,0.0
20120116,508.79100000000005
20120113,1236.84
20120112,2816.622
20120111,9709.0
20120110,388.35999999999996
20120109,1442.334
20120106,205.276
20120105,1879.896
20120104,16.866
20120103,3176.23
20120102,0.0
20111230,108.04
20111229,27.01
20111228,84.33
20111227,0.0
20111226,0.0
20111223,236.124
20111222,0.0
20111221,0.0
20111220,0.0
20111219,365.43
20111216,0.0
20111215,0.0
20111214,62.634
20111213,85.41
20111212,142.35
20111209,576.8
20111208,86.52
20111207,0.0
20111206,0.0
20111205,2884.0
20111202,1475.549
20111201,0.0
20111130,1191.214
20111129,0.0
20111128,14.965
20111125,679.411
20111124,3711.32
20111123,3358.0
20111122,219.0
20111121,0.0
20111118,0.0
20111117,292.0
20111116,335.8
20111115,169.35999999999999
20111114,0.0
20111111,40.879999999999995
20111110,1606.0
20111109,876.0
20111108,0.0
20111107,29.2
20111104,992.8
20111103,335.79999999999995
20111102,0.0
20111101,0.0
20111031,2233.0699999999997
20111028,335.79999999999995
20111027,321.2
20111026,44.967999999999996
20111025,0.0
20111024,160.6
20111021,802.9999999999999
20111020,0.0
20111019,0.0
20111018,0.0
20111017,0.0
20111014,1665.4950000000001
20111013,12.704
20111012,0.0
20111011,0.0
20111010,802.9999999999999
20111007,436.83199999999994
20111006,449.67999999999995
20111005,0.0
20111004,321.2
20111003,498.15000000000003
20110930,0.0
20110929,985.5
20110928,0.0
20110927,361.35
20110926,2137.448
20110923,2899.688
20110922,0.0
20110921,0.0
20110920,0.0
20110919,0.0
20110916,0.0
20110915,0.0
20110914,201.837
20110913,21.246
20110912,0.0
20110909,0.0
20110908,0.0
20110907,0.0
20110906,3726.0339999999997
20110905,2363.556
20110902,0.0
20110901,272.657
20110831,447.12500000000006
20110830,418.509
20110826,221.77400000000003
20110825,2514.3
20110824,1731.45
20110823,18966.492
20110822,1470.035
20110819,1195.448
20110818,771.975
20110817,1947.952
20110816,1262.608
20110815,77.902
20110812,3052.3419999999996
20110811,411.355
20110810,1190.9009999999998
20110809,1102.008
20110808,16167.163999999999
20110805,13436.139
20110804,6310.6939999999995
20110803,176.66
20110802,4095.2999999999997
20110801,2400.6780000000003
20110729,1649.581
20110728,8123.442
20110727,15095.67
20110726,5241.619000000001
20110725,8126.433
20110722,7842.6089999999995
20110721,4818.5689999999995
20110720,1528.912
20110719,536.25
20110718,804.375
20110715,550.4200000000001
20110714,3154.3300000000004
20110713,549.252
20110712,1753.125
20110711,981.75
20110708,1570.052
20110707,3382.9660000000003
20110706,1846.0240000000001
20110705,2772.5399999999995
20110704,2181.9700000000003
20110701,2070.645
20110630,0.0
20110629,520.724
20110628,224.45
20110627,1602.204
20110624,1076.8680000000002
20110623,0.0
20110622,1909.972
20110621,1344.222
20110620,6233.058
20110617,8219.215999999999
20110616,4492.201
20110615,356.20799999999997
20110614,403.992
20110613,721.104
20110610,1794.072
20110609,0.0
20110608,0.0
20110607,4839.9
20110606,0.0
20110603,1515.4779999999998
20110602,436.592
20110601,2674.1259999999997
20110531,12612.263
20110527,10228.76
20110526,4553.01
20110525,1990.564
20110524,6230.769
20110523,12375.252
20110520,820.415
20110519,301.701
20110518,0.0
20110517,11497.32
20110516,1827.0
20110513,271.44
20110512,8063.781999999999
20110511,2479.518
20110510,3527.506
20110509,4630.08
20110506,0.0
20110505,0.0
20110504,0.0
20110503,1747.6200000000001
20110428,1810.0000000000002
20110427,22670.588
20110426,17845.58
20110421,1940.9240000000002
20110420,9330.0
20110419,7480.704000000001
20110418,1936.704
20110415,365.365
20110414,492.8
20110413,2807.4339999999997
20110412,19603.128
20110411,556.864
20110408,3774.848
20110407,6051.584
20110406,6894.272000000001
20110405,5546.394
20110404,34569.587999999996
20110401,1886.0590000000002
20110331,3976.529
20110330,0.0
20110329,0.0
20110328,417.9
20110325,4764.0599999999995
20110324,45.969
20110323,104.475
20110322,731.3249999999999
20110321,1078.182
20110318,8483.369999999999
20110317,91.931
20110316,211.84099999999998
20110315,1598.8
20110314,399.7
20110311,641.247
20110310,335.216
20110309,0.0
20110308,2771.664
20110307,2312.64
20110304,4316.49
20110303,59.13
20110302,2007.5
20110301,0.0
20110228,203.889
20110225,416.1
20110224,1156.758
20110223,256.078
20110222,156.65800000000002
20110221,1007.9560000000001
20110218,1563.4409999999998
20110217,6826.4490000000005
20110216,37.088
20110215,426.51199999999994
20110214,208.62
20110211,862.296
20110210,3153.6
20110209,1261.44
20110208,5033.921
20110207,1177.25
20110204,376.72
20110203,10507.328
20110202,5966.144
20110201,0.0
20110131,441.70000000000005
20110128,1104.25
20110127,2491.188
20110126,1360.4360000000001
20110125,2062.739
20110124,3421.6559999999995
20110121,7214.4439999999995
20110120,4737.992
20110119,8881.472
20110118,3975.361
20110117,11029.416
20110114,567.76
20110113,0.0
20110112,1635.6000000000001
20110111,1072.96
20110110,2720.72
20110107,0.0
20110106,0.0
20110105,0.0
20110104,5167.9619999999995
20101231,33.58
20101230,1773.024
20101229,1293.4950000000001
20101227,0.0
20101224,123.516
20101223,1121.28
20101222,336.23800000000006
20101221,0.0
20101220,0.0
20101217,755.3259999999999
20101216,0.0
20101215,365.0
20101214,1335.9
20101213,193.45
20101210,1944.355
20101209,12472.488
20101208,13332.2
20101207,22846.079999999998
20101206,20488.545000000002
20101203,2514.631
20101202,904.032
20101201,0.0
20101130,33825.252
20101129,31.317
20101126,0.0
20101125,0.0
20101124,0.0
20101123,0.0
20101122,120.45
20101119,0.0
20101118,0.0
20101117,0.0
20101116,2018.742
20101115,0.0
20101112,722.7
20101111,0.0
20101110,96.36
20101109,0.0
20101108,79.497
20101105,5480.475
20101104,0.0
20101103,3562.911
20101102,7537.7609999999995
20101101,343.392
20101029,1168.0
20101028,233.6
20101027,467.2
20101026,5372.8
20101025,334.05
20101022,0.0
20101021,4148.628
20101020,620.5
20101019,0.0
20101018,6294.981000000001
20101015,0.0
20101014,2267.1
20101013,0.0
20101012,0.0
20101011,227.395
20101008,0.0
20101007,0.0
20101006,0.0
20101005,0.0
20101004,3955.3920000000003
20101001,0.0
20100930,3717.525
20100929,577.4300000000001
20100928,0.0
20100927,0.0
20100924,0.0
20100923,0.0
20100922,193.96300000000002
20100921,221.67200000000003
20100920,0.0
20100917,394.20000000000005
20100916,1369.0
20100915,0.0
20100914,166.44
20100913,421.64799999999997
20100910,110.96
20100909,0.0
20100908,970.9
20100907,0.0
20100906,463.437
20100903,0.0
20100902,0.0
20100901,388.35999999999996
20100831,197.136
20100830,0.0
20100827,0.0
20100826,0.0
20100825,13.69
20100824,0.0
20100823,0.0
20100820,1369.0
20100819,0.0
20100818,27.38
20100817,0.0
20100816,1350.5
20100813,491.582
20100812,1405.98
20100811,495.69
20100810,27.01
20100809,467.273
20100806,311.04
20100805,3168.2000000000003
20100804,291.074
20100803,1556.214
20100802,586.0440000000001
20100730,334.705
20100729,0.0
20100728,259.20000000000005
20100727,251.424
20100726,103.68
20100723,0.0
20100722,181.44
20100721,346.45
20100720,53.3
20100719,1779.7
20100716,383.32
20100715,57.498
20100714,544.862
20100713,156.066
20100712,284.7
20100709,416.09999999999997
20100708,0.0
20100707,0.0
20100706,288.4
20100705,0.0
20100702,0.0
20100701,0.0
20100630,357.676
20100629,0.0
20100628,0.0
20100625,0.0
20100624,0.0
20100623,302.9
20100622,0.0
20100621,0.0
20100618,0.0
20100617,0.0
20100616,121.16
20100615,0.0
20100614,0.0
20100611,0.0
20100610,0.0
20100609,0.0
20100608,57.550999999999995
20100607,0.0
20100604,0.0
20100603,0.0
20100602,109.044
20100601,229.95
20100531,0.0
20100528,24098.76
20100527,12.264000000000001
20100526,153.3
20100525,0.0
20100524,0.0
20100521,1542.1979999999999
20100520,613.2
20100519,0.0
20100518,6132.0
20100517,7665.0
20100514,3480.321
20100513,2423.2
20100512,0.0
20100511,0.0
20100510,220.32000000000002
20100507,1470.84
20100506,254.446
20100505,0.0
20100504,0.0
20100503,0.0
20100430,58.957
20100429,3255.0470000000005
20100428,775.75
20100427,27.927000000000003
20100426,136.532
20100423,0.0
20100422,0.0
20100421,961.9300000000001
20100420,0.0
20100419,775.75
20100416,0.0
20100415,784.75
20100414,674.885
20100413,470.85
20100412,3.103
20100409,0.0
20100408,46.545
20100407,1939.375
20100406,914.7579999999999
20100405,0.0
20100402,0.0
20100401,2553.769
20100331,8352.880000000001
20100330,349.36
20100329,9686.800000000001
20100326,2677.1760000000004
20100325,1660.5
20100324,11895.822
20100323,10783.122
20100322,730.0
20100319,934505.404
20100318,7567.326
20100317,3977.565
20100316,887.68
20100315,8438.508
20100312,620.5
20100311,248.2
20100310,472.675
20100309,0.0
20100308,2529.4500000000003
20100305,651.63
20100304,620.5
20100303,79.424
20100302,4534.2
20100301,83.164
20100226,0.0
20100225,0.0
20100224,0.0
20100223,0.0
20100222,352.22400000000005
20100219,0.0
20100218,144.54
20100217,568.524
20100216,1186.0
20100215,0.0
20100212,0.0
20100211,207.904
20100210,481.8
20100209,0.0
20100208,0.0
20100205,0.0
20100204,0.0
20100203,0.0
20100202,75.57000000000001
20100201,25.19
20100129,0.0
20100128,0.0
20100127,360.21700000000004
20100126,2478.6960000000004
20100125,0.0
20100122,0.0
20100121,67.89
20100120,6.789
20100119,769.42
20100118,308.36
20100115,1223.952
20100114,562.58
20100113,1724.99
20100112,695.4519999999999
20100111,425.711
20100108,491.20500000000004
20100107,363.384
20100106,291.27000000000004
20100105,0.0
20100104,707.735
20091231,0.0
20091230,0.0
20091229,0.0
20091225,0.0
20091224,0.0
20091223,0.0
20091222,372.3
20091221,0.0
20091218,0.0
20091217,2.482
20091216,248.2
20091215,101.08800000000001
20091214,114.04800000000002
20091211,0.0
20091210,0.0
20091209,27.01
20091208,0.0
20091207,0.0
20091204,2.7010000000000005
20091203,440.26300000000003
20091202,94.608
20091201,0.0
20091130,1145.808
20091127,765.843
20091126,569.4
20091125,760.149
20091124,26631.413999999997
20091123,0.0
20091120,0.0
20091119,0.0
20091118,0.0
20091117,0.0
20091116,0.0
20091113,0.0
20091112,0.0
20091111,142.35
20091110,2847.0
20091109,43.26
20091106,0.0
20091105,0.0
20091104,0.0
20091103,73.89999999999999
20091102,242.39199999999997
20091030,553.705
20091029,452.673
20091028,0.0
20091027,4561.332
20091026,0.0
20091023,3591.6
20091022,508.81
20091021,0.0
20091020,0.0
20091019,0.0
20091016,0.0
20091015,0.0
20091014,472.96
20091013,0.0
20091012,0.0
20091009,0.0
20091008,0.0
20091007,0.0
20091006,0.0
20091005,0.0
20091002,3735.41
20091001,12104.568000000001
20090930,0.0
20090929,0.0
20090928,0.0
20090925,2467.503
20090924,0.0
20090923,7166.718000000001
20090922,1461.825
20090921,0.0
20090918,0.0
20090917,0.0
20090916,0.0
20090915,0.0
20090914,0.0
20090911,0.0
20090910,0.0
20090909,0.0
20090908,0.0
20090907,0.0
20090904,0.0
20090903,0.0
20090902,0.0
20090901,0.0
20090831,0.0
20090828,0.0
20090827,0.0
20090826,0.0
20090825,0.0
20090824,1451.664
20090821,294.19
20090820,0.0
20090819,0.0
20090818,0.0
20090817,1168.0
20090814,0.0
20090813,0.0
20090812,0.0
20090811,0.0
20090810,0.0
20090807,0.0
20090806,0.0
20090805,0.0
20090804,0.0
20090803,0.0
20090731,0.0
20090730,0.0
20090729,0.0
20090728,0.0
20090727,0.0
20090724,711.5999999999999
20090723,0.0
20090722,0.0
20090721,0.0
20090720,0.0
20090717,0.0
20090716,0.0
20090715,0.0
20090714,0.0
20090713,0.0
20090710,0.0
20090709,0.0
20090708,0.0
20090707,0.0
20090706,0.0
20090703,0.0
20090702,0.0
20090701,0.0
20090630,0.0
20090629,0.0
20090626,0.0
20090625,0.0
20090624,0.0
20090623,0.0
20090622,0.0
20090619,0.0
20090618,0.0
20090617,0.0
20090616,0.0
20090615,0.0
20090612,0.0
20090611,0.0
20090610,0.0
20090609,0.0
20090608,0.0
20090605,0.0
20090604,0.0
20090603,0.0
20090602,0.0
20090601,0.0
20090529,0.0
20090528,0.0
20090527,0.0
20090526,0.0
20090525,0.0
20090522,0.0
20090521,0.0
20090520,0.0
20090519,0.0
20090518,0.0
20090515,0.0
20090514,0.0
20090513,0.0
20090512,1423.5
20090511,19.929
20090508,0.0
20090507,0.0
20090506,0.0
20090505,0.0
20090504,0.0
20090501,0.0
20090430,0.0
20090429,0.0
20090428,0.0
20090427,0.0
20090424,0.0
20090423,0.0
20090422,0.0
20090421,0.0
20090420,0.0
20090417,0.0
20090416,0.0
20090415,0.0
20090414,0.0
20090413,0.0
20090410,0.0
20090409,0.0
20090408,0.0
20090407,0.0
20090406,0.0
20090403,0.0
20090402,0.0
20090401,0.0
20090331,0.0
20090330,0.0
20090327,0.0
20090326,1168.0
20090325,26740.85
20090324,0.0
20090323,0.0
20090320,0.0
20090319,0.0
20090318,0.0
20090317,0.0
20090316,0.0
20090313,0.0
20090312,0.0
20090311,0.0
20090310,0.0
20090309,0.0
20090306,0.0
20090305,0.0
20090304,0.0
20090303,0.0
20090302,0.0
20090227,0.0
20090226,0.0
20090225,112563.0
20090224,0.0
20090223,0.0
20090220,0.0
20090219,0.0
20090218,0.0
20090217,44856.0
20090216,0.0
20090213,0.0
20090212,0.0
20090211,0.0
20090210,0.0
20090209,0.0
20090206,0.0
20090205,0.0
20090204,3491.0789999999997
20090203,0.0
20090202,0.0
20090130,0.0
20090129,0.0
20090128,0.0
20090127,0.0
20090126,175.2
20090123,0.0
20090122,0.0
20090121,0.0
20090120,0.0
20090119,0.0
20090116,0.0
20090115,0.0
20090114,0.0
20090113,0.0
20090112,0.0
20090109,0.0
20090108,0.0
20090107,0.0
20090106,0.0
20090105,0.0
20090102,0.0
20090101,0.0
20081231,0.0
20081230,0.0
20081229,0.0
20081226,0.0
20081225,0.0
20081224,0.0
20081223,0.0
20081222,0.0
20081219,0.0
20081218,0.0
20081217,0.0
20081216,0.0
20081215,0.0
20081212,0.0
20081211,0.0
20081210,0.0
20081209,0.0
20081208,0.0
20081205,0.0
20081204,0.0
20081203,0.0
20081202,0.0
20081201,0.0
20081128,0.0
20081127,0.0
20081126,0.0
20081125,0.0
20081124,0.0
20081121,0.0
20081120,374.90000000000003
20081119,0.0
20081118,0.0
20081117,2701.584
20081114,0.0
20081113,0.0
20081112,0.0
20081111,213.452
20081110,0.0
20081107,2482.0
20081106,0.0
20081105,0.0
20081104,0.0
20081103,0.0
20081031,0.0
20081030,54.604000000000006
20081029,781.83
20081028,0.0
20081027,0.0
20081024,0.0
20081023,0.0
20081022,0.0
20081021,8.76
20081020,0.0
20081017,0.0
20081016,438.0
20081015,858.48
20081014,1342.908
20081013,0.0
20081010,0.0
20081009,0.0
20081008,0.0
20081007,0.0
20081006,0.0
20081003,0.0
20081002,0.0
20081001,0.0
20080930,0.0
20080929,5320.6050000000005
20080926,4905.6
20080925,7847.5
20080924,0.0
20080923,72.27000000000001
20080922,8232.210000000001
20080919,3211.9999999999995
20080918,0.0
20080917,0.0
20080916,1211.654
20080915,377.944
20080912,531.15
20080911,106.22999999999999
20080910,0.0
20080909,0.0
20080908,0.0
20080905,216.00099999999998
20080904,0.0
20080903,247.86999999999998
20080902,45.552
20080901,1176.76
20080829,1381.233
20080828,0.0
20080827,0.0
20080826,469.82
20080825,0.0
20080822,8456.76
20080821,537.28
20080820,0.0
20080819,65.892
20080818,0.0
20080815,0.0
20080814,0.0
20080813,0.0
20080812,107.29599999999999
20080811,68.976
20080808,0.0
20080807,7876.7
20080806,0.0
20080805,938.1959999999999
20080804,0.0
20080801,51.246
20080731,0.0
20080730,461.72499999999997
20080729,321.2
20080728,738.48
20080725,868.8
20080724,6850.767
20080723,0.0
20080722,5431.2
20080721,2479.08
20080718,427.1
20080717,277.98400000000004
20080716,0.0
20080715,0.0
20080714,0.0
20080711,0.0
20080710,122.64000000000001
20080709,816.75
20080708,0.0
20080707,0.0
20080704,416.1
20080703,237.177
20080702,33.288000000000004
20080701,2397.058
20080630,2135.5
20080627,1494.8500000000001
20080626,0.0
20080625,454.32800000000003
20080624,0.0
20080623,46.72
20080620,700.8
20080619,0.0
20080618,2130.505
20080617,2828.0200000000004
20080616,2847.0
20080613,0.0
20080612,474.5
20080611,237.25
20080610,0.0
20080609,3558.75
20080606,300.608
20080605,3449.6
20080604,4241.3
20080603,815.85
20080602,0.0
20080530,0.0
20080529,125.097
20080528,1631.7
20080527,0.0
20080526,0.0
20080523,0.0
20080522,271.95
20080521,815.85
20080520,0.0
20080519,1033.2250000000001
20080516,1117.0
20080515,0.0
20080514,49.931999999999995
20080513,0.0
20080512,1303.926
20080509,0.0
20080508,0.0
20080507,0.0
20080506,797.16
20080505,0.0
20080502,421.356
20080501,1138.8
20080430,1579.5010000000002
20080429,207.977
20080428,0.0
20080425,573.1
20080424,0.0
20080423,1022.0
20080422,0.0
20080421,537.28
20080418,870.6
20080417,137.79999999999998
20080416,0.0
20080415,545.602
20080414,2733.4120000000003
20080411,0.0
20080410,0.0
20080409,0.0
20080408,0.0
20080407,7665.438000000001
20080404,0.0
20080403,21950.071
20080402,1095.651
20080401,863.926
20080331,0.0
20080328,1192.82
20080327,910.355
20080326,0.0
20080325,1124.2
20080324,0.0
20080321,0.0
20080320,273.31199999999995
20080319,5096.13
20080318,235.08
20080317,786.4290000000001
20080314,4218.816
20080313,0.0
20080312,642.4
20080311,0.0
20080310,0.0
20080307,2119.9199999999996
20080306,1624.25
20080305,7274.085000000001
20080304,0.0
20080303,740.001
20080229,0.0
20080228,237.615
20080227,0.0
20080226,2919.27
20080225,7985.0
20080222,0.0
20080221,0.0
20080220,73.584
20080219,43967.899999999994
20080218,6625.299999999999
20080215,150.575
20080214,3511.4089999999997
20080213,1620.187
20080212,0.0
20080211,0.0
20080208,0.0
20080207,1806.8999999999999
20080206,620.5
20080205,162.292
20080204,17063.75
20080201,7943.349
20080131,58778.456999999995
20080130,15965.1
20080129,0.0
20080128,59.13
20080125,292.0
20080124,0.0
20080123,0.0
20080122,1051.2
20080121,919.8
20080118,43.946
20080117,3408.9539999999997
20080116,0.0
20080115,0.0
20080114,2212.119
20080111,0.0
20080110,0.0
20080109,0.0
20080108,517.425
20080107,1724.7499999999998
20080104,0.0
20080103,1379.8
20080102,413.93999999999994
20080101,0.0
20071231,0.0
20071228,0.0
20071227,0.0
20071226,0.0
20071225,0.0
20071224,0.0
20071221,1743.0
20071220,0.0
20071219,488.58900000000006
20071218,28.324
20071217,49.567
20071214,0.0
20071213,0.0
20071212,0.0
20071211,17344.8
20071210,0.0
20071207,289.08
20071206,2190.0
20071205,0.0
20071204,222.29999999999998
20071203,0.0
20071130,0.0
20071129,755.5
20071128,3061.7019999999998
20071127,1822.81
20071126,6870.160000000001
20071123,8465.6
20071122,6300.360000000001
20071121,5087.5
20071120,9982.896
20071119,4537.68
20071116,11013.072
20071115,735.84
20071114,384.27200000000005
20071113,2035.0000000000002
20071112,588.672
20071109,772.0219999999999
20071108,895.217
20071107,2480.326
20071106,0.0
20071105,0.0
20071102,408.8
20071101,654.08
20071031,572.32
20071030,0.0
20071029,0.0
20071026,5420.688
20071025,0.0
20071024,654.08
20071023,20836.380999999998
20071022,1174.459
20071019,0.0
20071018,1642.6
20071017,919.8559999999999
20071016,1174.459
20071015,0.0
20071012,82.49
20071011,3449.46
20071010,3214.968
20071009,772.3399999999999
20071008,18774.432
20071005,14527.114
20071004,3252.1499999999996
20071003,0.0
20071002,2074.733
20071001,1635.7110000000002
20070928,1615.786
20070927,355.90000000000003
20070926,2135.4
20070925,10655.646
20070924,0.0
20070921,3577.0000000000005
20070920,85848.00000000001
20070919,34339.200000000004
20070918,498.26000000000005
20070917,8449.066
20070914,2432.36
20070913,36514.016
20070912,3577.0000000000005
20070911,228.92800000000003
20070910,164.542
20070907,715.4000000000001
20070906,1073.1000000000001
20070905,410.698
20070904,280.32
20070903,0.0
20070831,1632.864
20070830,0.0
20070829,1737.984
20070828,0.0
20070827,0.0
20070824,4424.53
20070823,627.809
20070822,270.08
20070821,10523.971999999998
20070820,31051.474000000002
20070817,4880.59
20070816,2157.016
20070815,1766.0159999999998
20070814,354.05
20070813,2478.35
20070810,1216.18
20070809,0.0
20070808,3632.0
20070807,0.0
20070806,0.0
20070803,5883.84
20070802,2503.9
20070801,1566.726
20070731,0.0
20070730,2956.5
20070727,0.0
20070726,2255.7
20070725,911.04
20070724,1138.8
20070723,2376.2960000000003
20070720,0.0
20070719,0.0
20070718,106.288
20070717,68.328
20070716,5263.3
20070713,2924.8909999999996
20070712,3332.888
20070711,5706.492
20070710,1417.168
20070709,770.1999999999999
20070706,1540.3999999999999
20070705,13262.844
20070704,2550.9120000000003
20070703,16588.52
20070702,594.001
20070629,1127.85
20070628,4654.2609999999995
20070627,2228.832
20070626,1862.602
20070625,6283.284
20070622,8913.3
20070621,24175.800000000003
20070620,11143.888
20070619,26609.733999999997
20070618,2242.348
20070615,1516.408
20070614,1709.992
20070613,0.0
20070612,0.0
20070611,0.0
20070608,0.0
20070607,0.0
20070606,1383.8000000000002
20070605,765.1600000000001
20070604,86467.51999999999
20070601,5984.972
20070531,96.79199999999999
20070530,330.70599999999996
20070529,927.5899999999999
20070528,0.0
20070525,2331.0739999999996
20070524,3226.3999999999996
20070523,0.0
20070522,0.0
20070521,806.5999999999999
20070518,1008.25
20070517,3484.512
20070516,4255.9
20070515,0.0
20070514,725.9399999999999
20070511,6283.414
20070510,0.0
20070509,290.376
20070508,4818.880000000001
20070507,0.0
20070504,5954.424999999999
20070503,2877.952
20070502,12112.320000000002
20070501,325.6
20070430,1196.58
20070427,203.5
20070426,1613.1999999999998
20070425,1621.266
20070424,7452.984
20070423,13331.043
20070420,141.912
20070419,0.0
20070418,1576.8000000000002
20070417,79.21
20070416,396.04999999999995
20070413,1576.2789999999998
20070412,591.556
20070411,4188.856
20070410,202.575
20070409,0.0
20070406,0.0
20070405,11068.698
20070404,14478.47
20070403,6261.726
20070402,6515.250000000001
20070330,0.0
20070329,9877.192
20070328,2277.6
20070327,2678.9139999999998
20070326,598.64
20070323,7063.952
20070322,5095.923
20070321,8077.888000000001
20070320,646.6339999999999
20070319,34587.4
20070316,2581.28
20070315,759.2
20070314,0.0
20070313,5815.472
20070312,0.0
20070309,20914.985
20070308,0.0
20070307,8530.619999999999
20070306,812.49
20070305,3702.195
20070302,6326.91
20070301,0.0
20070228,376.704
20070227,0.0
20070226,138.99200000000002
20070223,883.0080000000002
20070222,3164.1120000000005
20070221,0.0
20070220,1226.4
20070219,3033.2960000000003
20070216,4761.900000000001
20070215,976.8000000000001
20070214,0.0
20070213,1050.0600000000002
20070212,39694.48
20070209,3515.6800000000003
20070208,0.0
20070207,12919.049
20070206,433.32800000000003
20070205,367.92
20070202,5069.12
20070201,505.89
20070131,6572.481999999999
20070130,7575.063999999999
20070129,1024.92
20070126,0.0
20070125,11447.568
20070124,223.35799999999998
20070123,0.0
20070122,183078.52500000002
20070119,228.56300000000002
20070118,774.1650000000001
20070117,1474.6000000000001
20070116,1695.7900000000002
20070115,5699.329
20070112,8877.092
20070111,455.52
20070110,1138.8
20070109,0.0
20070108,759.2
20070105,5382.728000000001
20070104,1303.0500000000002
20070103,2932.7019999999998
20070102,3064.248
20070101,0.0
20061229,0.0
20061228,518.446
20061227,851.18
20061226,0.0
20061225,0.0
20061222,5776.128
20061221,0.0
20061220,957.456
20061219,23959.944000000003
20061218,3043.224
20061215,0.0
20061214,6622.56
20061213,39885.156
20061212,57695.112
20061211,11376.612000000001
20061208,5684.364
20061207,2199.636
20061206,74511.68400000001
20061205,1411.2359999999999
20061204,2388.8520000000003
20061201,788.4000000000001
20061130,1829.088
20061129,819.936
20061128,2239.056
20061127,0.0
20061124,0.0
20061123,111353.61600000001
20061122,80582.364
20061121,29517.696
20061120,2601.7200000000003
20061117,15768.0
20061116,22295.952
20061115,24511.356
20061114,461.506
20061113,238.70999999999998
20061110,397.84999999999997
20061109,2824.7349999999997
20061108,96.36
20061107,72.27
20061106,642.4
20061103,562.1
20061102,33372.68
20061101,5388.129999999999
20061031,1608.5549999999998
20061030,18923.206
20061027,0.0
20061026,206.225
20061025,0.0
20061024,8.249
20061023,1649.8
20061020,82.49
20061019,742.41
20061018,16.498
20061017,0.0
20061016,0.0
20061013,23592.14
20061012,6073.697999999999
20061011,588.818
20061010,67492.15
20061009,0.0
20061006,4183.63
20061005,17055.72
20061004,4296.05
20061003,14423.34
20061002,2240.224
20060929,2755.3120000000004
20060928,2321.984
20060927,2485.504
20060926,0.0
20060925,13940.81
20060922,13198.4
20060921,3037.5299999999997
20060920,3661.68
20060919,8821.32
20060918,817.6
20060915,188.048
20060914,8519.392000000002
20060913,0.0
20060912,405.15
20060911,2031.59
20060908,41442.672
20060907,13024.659999999998
20060906,4608.344
20060905,4972.030000000001
20060904,2987.08
20060901,1492.704
20060831,3405.888
20060830,7.227
20060829,144.54
20060828,0.0
20060825,722.6999999999999
20060824,137.313
20060823,839.5
20060822,2080.5
20060821,7.300000000000001
20060818,3328.8
20060817,0.0
20060816,1040.25
20060815,5603.48
20060814,1435.5449999999998
20060811,4230.349999999999
20060810,3609.12
20060809,146.0
20060808,0.0
20060807,1273.266
20060804,811.6139999999999
20060803,744.5999999999999
20060802,3514.5119999999997
20060801,733.7
20060731,3793.2290000000003
20060728,139.403
20060727,1978.3000000000002
20060726,189.8
20060725,204.39999999999998
20060724,4124.5
20060721,1460.0
20060720,958.49
20060719,5190.592000000001
20060718,5225.705
20060717,3293.3219999999997
20060714,425.59
20060713,1361.888
20060712,62.488
20060711,6014.47
20060710,614.952
20060707,6283.548000000001
20060706,9902.304
20060705,4292.400000000001
20060704,5209.572
20060703,4390.585
20060630,9484.16
20060629,14617.008999999998
20060628,4809.24
20060627,11792.712
20060626,10233.792000000001
20060623,13613.04
20060622,11135.712
20060621,49152.725
20060620,44745.35
20060619,87668.985
20060616,243.455
20060615,27409.675
20060614,38994.775
20060613,1309.6200000000001
20060612,0.0
20060609,2436.8479999999995
20060608,5495.732000000001
20060607,34.164
20060606,51.245999999999995
20060605,478.29599999999994
20060602,982.2149999999999
20060601,592.76
20060531,2142.4040000000005
20060530,1127.4119999999998
20060529,0.0
20060526,751.6080000000001
20060525,5124.599999999999
20060524,1735.94
20060523,3141.628
20060522,7089.03
20060519,1214.574
20060518,50831.214
20060517,1029.24
20060516,9589.086
20060515,17128.268999999997
20060512,7089.322
20060511,9328.816
20060510,0.0
20060509,2248.4
20060508,2485.504
20060505,3155.936
20060504,4112.528
20060503,3435.0800000000004
20060502,1514.0400000000002
20060501,0.0
20060428,0.0
20060427,488.40000000000003
20060426,0.0
20060425,6487.580000000001
20060424,384.27200000000005
20060421,1267.28
20060420,343.39200000000005
20060419,384.27200000000005
20060418,1144.64
20060417,0.0
20060414,0.0
20060413,3278.5760000000005
20060412,162.8
20060411,1090.7600000000002
20060410,3296.7000000000003
20060407,1229.14
20060406,1033.78
20060405,6117.765
20060404,7697.85
20060403,7423.808
20060331,2416.957
20060330,5667.063
20060329,2037.5029999999997
20060328,899.3599999999999
20060327,0.0
20060324,11804.1
20060323,709.5600000000001
20060322,4194.2880000000005
20060321,14330.556999999999
20060320,1365.1
20060317,1051.9299999999998
20060316,10760.199999999999
20060315,1788.1350000000002
20060314,2358.9950000000003
20060313,4398.9800000000005
20060310,5826.130000000001
20060309,5263.665
20060308,136.51
20060307,6705.05
20060306,4730.400000000001
20060303,6157.4039999999995
20060302,20821.644000000004
20060301,3036.8
20060228,19830.304
20060227,5564.936
20060224,212.576
20060223,311.272
20060222,21644.792
20060221,3036.8
20060220,1677.832
20060217,379.6
20060216,971.7760000000001
20060215,2345.928
20060214,15692.663999999999
20060213,0.0
20060210,206.95500000000004
20060209,1670.9700000000003
20060208,536.5500000000001
20060207,804.825
20060206,1019.4450000000002
20060203,321.93000000000006
20060202,421.57500000000005
20060201,0.0
20060131,40738.672000000006
20060130,2209.272
20060127,100753.432
20060126,11857.755
20060125,15243.859999999999
20060124,1779.7399999999998
20060123,2599.968
20060120,2367.828
20060119,9486.787999999999
20060118,2305.924
20060117,6826.814
20060116,21144.377
20060113,3188.0559999999996
20060112,3173.018
20060111,21727.428
20060110,14512.400000000001
20060109,9387.873
20060106,8530.05
20060105,7468.995
20060104,9477.444
20060103,6319.902
20060102,0.0
