20160408,10377.792000000001
20160407,4521.528
20160406,25429.404
20160405,27634.879999999997
20160404,37761.075000000004
20160401,17387.724
20160331,29041.444000000003
20160330,32851.095
20160329,91655.296
20160328,0.0
20160324,37449.0
20160323,35830.152
20160322,29218.104000000003
20160321,12849.168
20160318,125524.01100000001
20160317,30066.947999999997
20160316,35893.443
20160315,30879.0
20160314,91609.36399999999
20160311,64114.439999999995
20160310,133025.564
20160309,36675.2
20160308,26805.274999999998
20160307,33467.58
20160304,30391.725
20160303,77557.974
20160302,72602.88
20160301,99253.428
20160229,78313.32
20160226,38602.692
20160225,8483.148000000001
20160224,12781.788999999999
20160223,18612.664
20160222,69812.715
20160219,74137.924
20160218,64264.893
20160217,33859.736
20160216,9136.68
20160215,15193.934000000001
20160212,29751.15
20160211,53860.276
20160210,37322.418000000005
20160209,61404.899
20160208,31983.343999999997
20160205,44974.24799999999
20160204,33322.748
20160203,264466.444
20160202,62796.096
20160201,37815.716
20160129,36658.296
20160128,18413.155000000002
20160127,30519.84
20160126,70498.728
20160125,83097.222
20160122,162328.63999999998
20160121,92468.808
20160120,64762.575000000004
20160119,56806.848
20160118,66659.22
20160115,55004.04000000001
20160114,170077.05
20160113,29582.114999999998
20160112,84379.23999999999
20160111,76169.36799999999
20160108,67638.077
20160107,75459.45599999999
20160106,32378.42
20160105,64771.80499999999
20160104,44469.920999999995
20151231,25547.518
20151230,25066.74
20151229,34670.772000000004
20151228,0.0
20151225,0.0
20151224,6689.72
20151223,6443.009999999999
20151222,25360.418999999998
20151221,16193.735999999999
20151218,28305.604000000003
20151217,70654.43699999999
20151216,64288.909999999996
20151215,13335.931999999999
20151214,12219.324
20151211,10568.94
20151210,42110.123
20151209,34543.6
20151208,69105.88799999999
20151207,35820.477
20151204,9678.413
20151203,4058.8
20151202,6001.695
20151201,10052.099999999999
20151130,41459.765999999996
20151127,54209.261000000006
20151126,2159.8500000000004
20151125,21524.581
20151124,14951.86
20151123,29617.56
20151120,9120.397
20151119,30220.905
20151118,27700.288
20151117,22829.144
20151116,67043.592
20151113,155519.379
20151112,26985.18
20151111,41602.700000000004
20151110,42725.147999999994
20151109,79409.4
20151106,8121.521999999999
20151105,18026.910000000003
20151104,22148.234
20151103,22589.704
20151102,44819.577000000005
20151030,81854.608
20151029,82594.97399999999
20151028,79924.944
20151027,57719.932
20151026,11552.98
20151023,13911.464
20151022,2632.05
20151021,8019.588000000001
20151020,42550.824
20151019,25478.190000000002
20151016,13980.376000000002
20151015,31183.847999999998
20151014,17070.32
20151013,9631.328
20151012,28645.62
20151009,32599.756
20151008,46642.182
20151007,72693.492
20151006,44591.382000000005
20151005,27850.528999999995
20151002,8675.612000000001
20151001,18492.25
20150930,14992.539999999999
20150929,31410.515999999996
20150928,20430.364
20150925,25834.992000000002
20150924,102681.216
20150923,17158.649999999998
20150922,5773.504
20150921,18469.584
20150918,2767.7219999999998
20150917,3060.6
20150916,7756.98
20150915,10866.999
20150914,6706.802
20150911,12597.760000000002
20150910,19884.543
20150909,5034.664000000001
20150908,17177.062
20150907,17675.125
20150904,6620.633999999999
20150903,17734.912
20150902,13309.944
20150901,9922.452000000001
20150831,0.0
20150828,41105.57
20150827,44604.020000000004
20150826,41242.382999999994
20150825,31497.635000000002
20150824,37678.549999999996
20150821,28095.291
20150820,15138.155999999999
20150819,21020.715
20150818,1159.041
20150817,15088.046999999999
20150814,14023.153999999999
20150813,9768.057
20150812,8748.056
20150811,9307.33
20150810,10951.056
20150807,3700.2240000000006
20150806,1913.184
20150805,5401.088
20150804,3404.7000000000003
20150803,8048.468999999999
20150731,7430.67
20150730,11460.708
20150729,20079.672
20150728,24405.989999999998
20150727,30089.140000000003
20150724,12402.104
20150723,38400.774
20150722,51145.844
20150721,49685.99
20150720,32955.119999999995
20150717,22877.762
20150716,31666.554
20150715,52681.59
20150714,64241.898
20150713,13670.272
20150710,8461.980000000001
20150709,4239.839999999999
20150708,2614.568
20150707,5414.629
20150706,9097.285
20150703,7100.856000000001
20150702,1493.481
20150701,15364.074000000002
20150630,4351.453
20150629,12030.545999999998
20150626,5711.812
20150625,1050.9080000000001
20150624,2517.4049999999997
20150623,5290.164
20150622,5702.468
20150619,3638.3589999999995
20150618,2693.8639999999996
20150617,1432.2599999999998
20150616,6571.068
20150615,13482.37
20150612,5637.472
20150611,26610.251999999997
20150610,4057.194
20150609,6773.69
20150608,14031.972
20150605,4317.804
20150604,1961.875
20150603,9760.512
20150602,16395.654000000002
20150601,23422.78
20150529,1855.6599999999999
20150528,5956.215999999999
20150527,6324.31
20150526,4237.5199999999995
20150525,0.0
20150522,6537.004000000001
20150521,3675.112
20150520,3629.852
20150519,6164.411999999999
20150518,45076.479999999996
20150515,11552.688000000002
20150514,3654.86
20150513,6560.84
20150512,12762.225
20150511,14676.606
20150508,52065.936
20150507,33199.524000000005
20150506,38154.09
20150505,53233.155
20150504,0.0
20150501,34433.628
20150430,11359.53
20150429,7688.652
20150428,26302.994999999995
20150427,7570.449
20150424,10245.696
20150423,4110.192
20150422,12826.975999999999
20150421,10245.696
20150420,15784.560000000001
20150417,9600.521999999999
20150416,26452.645
20150415,10357.605
20150414,8373.684000000001
20150413,12427.52
20150410,2222.0879999999997
20150409,26900.499999999996
20150408,14692.563999999998
20150407,9309.69
20150406,0.0
20150403,0.0
20150402,12509.952000000001
20150401,10404.693
20150331,10867.072
20150330,15925.988
20150327,13921.294
20150326,19575.461
20150325,58114.716
20150324,11747.16
20150323,10326.204
20150320,9192.744
20150319,10328.039999999999
20150318,25172.735999999997
20150317,2999.424
20150316,21598.875
20150313,18700.352
20150312,6769.823999999999
20150311,1832.04
20150310,21891.24
20150309,5508.776
20150306,15856.914
20150305,119505.51
20150304,11756.154999999999
20150303,10458.56
20150302,28140.186
20150227,29573.76
20150226,20370.539999999997
20150225,12082.74
20150224,28018.208
20150223,19468.111
20150220,17794.128
20150219,8695.326
20150218,21960.736
20150217,32908.473
20150216,39456.354
20150213,47601.84
20150212,16561.920000000002
20150211,1345.39
20150210,4656.745
20150209,9328.536
20150206,6476.706
20150205,6079.732
20150204,12959.199999999999
20150203,2023.215
20150202,3548.3840000000005
20150130,4629.408
20150129,8773.359
20150128,8314.7
20150127,16863.0
20150126,38016.356
20150123,50924.799999999996
20150122,31557.484
20150121,1782.808
20150120,1023.6060000000001
20150119,3428.284
20150116,1647.1680000000001
20150115,4044.4920000000006
20150114,17851.346999999998
20150113,3718.761
20150112,4315.1759999999995
20150109,2441.5299999999997
20150108,8707.032
20150107,1656.036
20150106,2435.5719999999997
20150105,11850.527999999998
20150102,8245.952
20150101,0.0
20141231,3588.3119999999994
20141230,9216.063999999998
20141229,3262.704
20141226,0.0
20141225,0.0
20141224,1872.7339999999997
20141223,2312.746
20141222,3465.6749999999997
20141219,1425.018
20141218,29477.399999999998
20141217,4543.082
20141216,2952.266
20141215,12096.336000000001
20141212,1441.335
20141211,9148.398
20141210,3692.9970000000003
20141209,3533.954
20141208,7159.839999999999
20141205,9180.48
20141204,2940.003
20141203,14602.588000000002
20141202,26660.403000000002
20141201,32267.167999999998
20141128,5148.2519999999995
20141127,9206.541
20141126,919.8
20141125,7536.228
20141124,4977.576
20141121,2189.1240000000003
20141120,3059.868
20141119,7253.567999999999
20141118,6181.344
20141117,20675.286
20141114,2659.092
20141113,28931.670000000002
20141112,5582.304
20141111,11304.78
20141110,2484.957
20141107,3607.7099999999996
20141106,4096.6140000000005
20141105,10157.088000000002
20141104,16827.23
20141103,1437.224
20141031,5916.795999999999
20141030,693.7349999999999
20141029,7094.724
20141028,1297.296
20141027,6756.055000000001
20141024,3547.08
20141023,10784.159
20141022,8696.506
20141021,19909.071
20141020,7122.245
20141017,5570.4
20141016,22962.003999999997
20141015,29176.682
20141014,11464.704
20141013,23283.934
20141010,27777.96
20141009,4675.4310000000005
20141008,6501.926
20141007,3344.7799999999997
20141006,1757.8400000000001
20141003,1806.7839999999999
20141002,6017.235999999999
20141001,4360.29
20140930,5107.08
20140929,10914.741
20140926,19493.46
20140925,40754.861000000004
20140924,38778.768000000004
20140923,2336.6949999999997
20140922,594.22
20140919,5330.752
20140918,9898.508
20140917,12081.573
20140916,8272.212
20140915,8545.963999999998
20140912,15836.766000000001
20140911,8435.865
20140910,1384.7859999999998
20140909,5256.32
20140908,3979.23
20140905,9941.328
20140904,6730.478
20140903,7045.376
20140902,10669.68
20140901,1583.46
20140829,3729.928
20140828,3791.507
20140827,4372.109
20140826,10541.168
20140825,0.0
20140822,7869.048
20140821,2591.028
20140820,4825.288
20140819,11553.024
20140818,10559.997000000001
20140815,7446.365000000001
20140814,14559.484999999999
20140813,4732.152
20140812,5960.304
20140811,4763.240000000001
20140808,4064.1440000000002
20140807,6856.304000000001
20140806,3492.612
20140805,4532.598
20140804,4509.5
20140801,4643.696000000001
20140731,10097.36
20140730,8238.779999999999
20140729,13357.74
20140728,9874.636999999999
20140725,20635.117
20140724,52983.26
20140723,8472.672
20140722,38810.035
20140721,1168.0
20140718,7461.048999999999
20140717,8210.796
20140716,3583.2780000000002
20140715,1393.497
20140714,2833.254
20140711,174.33599999999998
20140710,7343.799999999999
20140709,5466.92
20140708,8172.0
20140707,5658.814
20140704,2403.135
20140703,5271.639
20140702,9383.13
20140701,14346.252
20140630,10462.562
20140627,15181.710000000001
20140626,6614.895
20140625,224.83999999999997
20140624,4099.68
20140623,1811.0399999999997
20140620,1682.032
20140619,8367.26
20140618,754.026
20140617,3478.5959999999995
20140616,15885.887999999999
20140613,1427.661
20140612,9633.075
20140611,7210.137000000001
20140610,8282.58
20140609,1781.2
20140606,2519.16
20140605,1646.8799999999999
20140604,6641.735
20140603,12812.131
20140602,9642.036
20140530,5382.552
20140529,3914.665
20140528,5762.182000000001
20140527,6228.359999999999
20140526,0.0
20140523,2291.674
20140522,25918.396000000004
20140521,7874.51
20140520,27132.293999999998
20140519,50943.840000000004
20140516,61985.76
20140515,19900.53
20140514,15427.235999999999
20140513,29548.800000000003
20140512,32881.536
20140509,7830.8009999999995
20140508,2400.021
20140507,20738.132
20140506,20680.166
20140505,0.0
20140502,10913.427
20140501,7356.648
20140430,19496.958000000002
20140429,6433.782
20140428,13515.804000000002
20140425,15094.428999999998
20140424,36039.808000000005
20140423,79047.54000000001
20140422,77080.329
20140421,0.0
20140418,0.0
20140417,15444.975
20140416,26735.519999999997
20140415,6850.525000000001
20140414,44307.788
20140411,31090.992000000002
20140410,21491.784000000003
20140409,7040.268
20140408,13120.895999999999
20140407,45145.974
20140404,11246.62
20140403,11635.355000000001
20140402,9154.2
20140401,5796.839999999999
20140331,19568.526
20140328,24022.614
20140327,13837.660999999998
20140326,81895.63799999999
20140325,24725.922000000002
20140324,79380.784
20140321,33305.958
20140320,68945.772
20140319,12822.46
20140318,66579.23999999999
20140317,30831.66
20140314,49047.24
20140313,13490.4
20140312,16872.489999999998
20140311,32170.56
20140310,123472.93
20140307,162101.464
20140306,180869.764
20140305,19812.93
20140304,13802.402000000002
20140303,27519.978
20140228,41637.375
20140227,33610.587
20140226,13832.39
20140225,9133.991999999998
20140224,15682.436
20140221,17076.16
20140220,8278.884
20140219,30905.280000000002
20140218,77258.81999999999
20140217,18829.579999999998
20140214,1490.5140000000001
20140213,4822.964
20140212,9427.804
20140211,8930.966
20140210,9935.664999999999
20140207,13478.136
20140206,5482.008000000001
20140205,10363.08
20140204,7735.299000000001
20140203,6653.438999999999
20140131,34203.42
20140130,18824.984999999997
20140129,18692.708000000002
20140128,22264.424000000003
20140127,27457.906
20140124,33929.924999999996
20140123,5141.818
20140122,22719.947
20140121,25475.905000000002
20140120,31758.649999999998
20140117,44188.725
20140116,86264.976
20140115,9501.503999999999
20140114,11409.680999999999
20140113,16290.623999999998
20140110,40433.82399999999
20140109,63595.26
20140108,33907.04
20140107,55048.862
20140106,25980.48
20140103,17498.442
20140102,9463.72
20140101,0.0
20131231,8452.451
20131230,14479.768999999998
20131227,3797.898
20131226,0.0
20131225,0.0
20131224,5250.525000000001
20131223,21052.105
20131220,7051.799999999999
20131219,10617.996
20131218,5591.07
20131217,5762.328
20131216,7615.943999999999
20131213,27663.204
20131212,8997.615
20131211,23050.845
20131210,6228.36
20131209,7253.279999999999
20131206,5242.860000000001
20131205,2845.832
20131204,9492.604
20131203,24452.714
20131202,35244.4
20131129,7805.16
20131128,13946.31
20131127,7150.715
20131126,24114.735
20131125,8004.624
20131122,3832.5
20131121,7118.358
20131120,18273.77
20131119,14791.041
20131118,22767.32
20131115,8570.419
20131114,8925.345
20131113,33338.409999999996
20131112,30611.382
20131111,161096.4
20131108,7728.5779999999995
20131107,5467.505999999999
20131106,5798.87
20131105,9648.539999999999
20131104,15000.405
20131101,4525.325
20131031,12404.153999999999
20131030,13432.584
20131029,11746.284
20131028,29409.072
20131025,10160.943000000001
20131024,6667.236
20131023,11518.64
20131022,6669.179999999999
20131021,13610.38
20131018,16874.62
20131017,17127.879999999997
20131016,5720.206999999999
20131015,19360.768
20131014,18272.2
20131011,20214.73
20131010,15632.357
20131009,15732.521999999999
20131008,11475.162
20131007,11118.94
20131004,18838.672
20131003,9067.037999999999
20131002,18675.813
20131001,19407.22
20130930,28032.0
20130927,38507.702999999994
20130926,43982.82
20130925,46781.028000000006
20130924,35242.575000000004
20130923,50683.75399999999
20130920,48712.17
20130919,9395.611
20130918,59291.76
20130917,19075.238
20130916,23634.532
20130913,22345.154000000002
20130912,34913.053
20130911,37643.13
20130910,78913.292
20130909,22108.703999999998
20130906,14498.164999999999
20130905,11148.560000000001
20130904,5003.42
20130903,10426.59
20130902,20337.983999999997
20130830,14058.765000000001
20130829,18090.135
20130828,61780.31999999999
20130827,164200.725
20130826,0.0
20130823,14438.67
20130822,11749.35
20130821,14982.447
20130820,5918.475
20130819,15312.480000000001
20130816,13448.789999999999
20130815,20307.505
20130814,12597.975
20130813,20472.777
20130812,3613.7920000000004
20130809,7357.889000000001
20130808,10070.784
20130807,14099.001000000002
20130806,7522.942
20130805,40481.420000000006
20130802,15035.481
20130801,9906.435
20130731,10172.321999999998
20130730,37915.29
20130729,12609.289999999999
20130726,2701.236
20130725,3777.75
20130724,19426.030000000002
20130723,9409.84
20130722,6962.559
20130719,20531.231999999996
20130718,23598.936
20130717,11319.109
20130716,10919.804
20130715,84156.3
20130712,48053.304
20130711,16444.125
20130710,30181.703999999998
20130709,105898.107
20130708,205609.752
20130705,53984.69700000001
20130704,22315.475000000002
20130703,398.14200000000005
20130702,656.1970000000001
20130701,575.094
20130628,1150.188
20130627,154.83300000000003
20130626,117.96800000000002
20130625,368.65000000000003
20130624,269.43399999999997
20130621,276.71599999999995
20130620,990.3519999999999
20130619,3779.3579999999997
20130618,393.228
20130617,364.09999999999997
20130614,7799.021999999999
20130613,2242.8559999999998
20130612,218.45999999999998
20130611,473.3299999999999
20130610,1208.812
20130607,2687.0579999999995
20130606,524.304
20130605,1303.4779999999998
20130604,218.45999999999998
20130603,276.71599999999995
20130531,946.6599999999999
20130530,2789.0059999999994
20130529,1554.4959999999999
20130528,59114.432
20130527,0.0
20130524,3150.466
20130523,3021.17
20130522,2032.0720000000001
20130521,1313.975
20130520,225.475
20130517,318.775
20130516,8233.725
20130515,3133.325
20130514,6881.219
20130513,553.303
20130510,396.525
20130509,2301.4
20130508,1119.6000000000001
20130507,21150.202
20130506,0.0
20130503,2246.9230000000002
20130502,156.58
20130501,1080.402
20130430,2325.213
20130429,931.6510000000001
20130426,720.268
20130425,8737.164
20130424,3884.76
20130423,2006.4940000000001
20130422,1103.172
20130419,1311.0159999999998
20130418,1614.03
20130417,1204.5
20130416,586.1899999999999
20130415,6504.3
20130412,449.67999999999995
20130411,240.89999999999998
20130410,2995.1899999999996
20130409,1854.93
20130408,738.7599999999999
20130405,4665.43
20130404,112.41999999999999
20130403,1300.86
20130402,6255.37
20130401,0.0
20130329,0.0
20130328,5018.75
20130327,2023.56
20130326,2802.47
20130325,3733.95
20130322,4092.928
20130321,29879.63
20130320,8945.194
20130319,17291.542999999998
20130318,17944.7
20130315,18748.59
20130314,40949.642
20130313,0.0
20130312,1670.72
20130311,2869.28
20130308,661.024
20130307,1736.096
20130306,1946.7520000000002
20130305,3987.936
20130304,4627.168000000001
20130301,5012.16
20130228,9828.192000000001
20130227,3150.9719999999998
20130226,860.013
20130225,3512.322
20130222,2124.738
20130221,3541.23
20130220,2572.812
20130219,8542.314
20130218,22186.89
20130215,22975.655
20130214,5312.142
20130213,2117.016
20130212,2593.9980000000005
20130211,2424.114
20130208,15864.552000000001
20130207,2140.446
20130206,953.414
20130205,202.048
20130204,1212.288
20130201,24561.46
20130131,1104.95
20130130,1344.882
20130129,3516.898
20130128,2089.934
20130125,530.376
20130124,6624.317999999999
20130123,23653.755
20130122,6397.244
20130121,4700.226
20130118,2609.156
20130117,3121.0
20130116,23713.358
20130115,1354.514
20130114,4537.934
20130111,13513.93
20130110,8270.5
20130109,3575.9500000000003
20130108,3224.9
20130107,15059.449999999999
20130104,685.386
20130103,188.06400000000002
20130102,305.60400000000004
20130101,0.0
20121231,141.048
20121228,111.663
20121227,0.0
20121226,0.0
20121225,0.0
20121224,705.24
20121221,0.0
20121220,2340.526
20121219,0.0
20121218,204.78199999999998
20121217,3168.098
20121214,630.1360000000001
20121213,0.0
20121212,454.425
20121211,0.0
20121210,302.95000000000005
20121207,0.0
20121206,42.539
20121205,303.85
20121204,3226.887
20121203,2207.154
20121130,2262.18
20121129,8926.44
20121128,2127.96
20121127,2621.64
20121126,6364.665
20121123,2794.44
20121122,5701.17
20121121,740.83
20121120,2810.535
20121119,3863.678
20121116,646.1
20121115,10802.792
20121114,3230.5
20121113,323.05
20121112,1434.3419999999999
20121109,3573.35
20121108,2014.07
20121107,565.2389999999999
20121106,1299.4
20121105,3021.105
20121102,7016.646
20121101,1389.115
20121031,219.67399999999998
20121030,2984.982
20121029,7204.015
20121026,8192.547999999999
20121025,380.07800000000003
20121024,199.702
20121023,1449.45
20121022,869.6700000000001
20121019,1989.053
20121018,446.76
20121017,1589.94
20121016,1143.18
20121015,525.6
20121012,0.0
20121011,764.208
20121010,803.7359999999999
20121009,797.1479999999999
20121008,1017.478
20121005,46.248999999999995
20121004,0.0
20121003,0.0
20121002,112.31899999999999
20121001,865.5169999999999
20120928,905.1589999999999
20120927,6.606999999999999
20120926,845.6959999999999
20120925,621.058
20120924,1528.416
20120921,65.88
20120920,263.52
20120919,1245.1319999999998
20120918,434.80799999999994
20120917,2371.68
20120914,1479.9679999999998
20120913,6778.781999999999
20120912,7327.163
20120911,14821.92
20120910,2839.1890000000003
20120907,3222.512
20120906,8677.123000000001
20120905,67019.572
20120904,7757.925
20120903,1716.243
20120831,0.0
20120830,4996.737
20120829,8332.511999999999
20120828,320.178
20120827,0.0
20120824,125.56
20120823,747.082
20120822,165.56400000000002
20120821,3133.452
20120820,2362.554
20120817,493.66800000000006
20120816,158.67900000000003
20120815,188.06400000000002
20120814,199.818
20120813,528.9300000000001
20120810,1263.555
20120809,47.016000000000005
20120808,587.7
20120807,1616.1750000000002
20120806,1729.715
20120803,1730.762
20120802,500.269
20120801,1084.853
20120731,28.105
20120730,309.15500000000003
20120727,320.397
20120726,1124.2
20120725,3665.736
20120724,5409.072
20120723,5419.344
20120720,7241.751
20120719,4472.495999999999
20120718,23419.2
20120717,57.12
20120716,6688.7519999999995
20120713,4653.572
20120712,31864.36
20120711,5637.0599999999995
20120710,731.136
20120709,4866.624
20120706,1612.2450000000001
20120705,449.68
20120704,4721.64
20120703,3311.1600000000003
20120702,132.325
20120629,1444.989
20120628,19209.600000000002
20120627,2917.832
20120626,21629.904000000002
20120625,1326.0510000000002
20120622,6840.61
20120621,62.227000000000004
20120620,1470.82
20120619,1628.484
20120618,86.235
20120615,640.137
20120614,0.0
20120613,651.671
20120612,592.0079999999999
20120611,564.7339999999999
20120608,2920.0
20120607,525.6
20120606,677.4399999999999
20120605,0.0
20120604,0.0
20120601,3001.7599999999998
20120531,455.52
20120530,50720.765
20120529,4133.531000000001
20120528,789.9300000000001
20120525,341.91
20120524,82.53
20120523,0.0
20120522,470.16
20120521,223.326
20120518,2133.351
20120517,602.768
20120516,1265.216
20120515,12538.768
20120514,775.19
20120511,3830.8759999999997
20120510,9389.1
20120509,19976.523
20120508,6099.184
20120507,0.0
20120504,2048.1369999999997
20120503,1473.108
20120502,1272.817
20120501,16255.876
20120430,16078.759999999998
20120427,0.0
20120426,1248.884
20120425,13.724000000000002
20120424,0.0
20120423,418.582
20120420,686.2
20120419,157.826
20120418,343.1
20120417,0.0
20120416,0.0
20120413,6.862000000000001
20120412,68.62
20120411,274.48
20120410,624.442
20120409,0.0
20120406,0.0
20120405,802.854
20120404,4721.0560000000005
20120403,7781.508000000001
20120402,3204.5540000000005
20120330,816.5780000000001
20120329,727.3720000000001
20120328,583.27
20120327,1502.778
20120326,2140.944
20120323,2140.944
20120322,4515.196
20120321,1001.8520000000001
20120320,576.408
20120319,2113.496
20120316,2621.2840000000006
20120315,8947.902
20120314,6497.073
20120313,14182.221000000001
20120312,3904.478
20120309,11246.818000000001
20120308,8418.36
20120307,45309.786
20120306,9154.054000000002
20120305,2531.9320000000002
20120302,3828.12
20120301,30477.208
20120229,1750.1599999999999
20120228,3505.752
20120227,443.256
20120224,100.74
20120223,1537.9639999999997
20120222,839.5
20120221,591.008
20120220,1470.8039999999999
20120217,2330.452
20120216,0.0
20120215,141.036
20120214,1040.98
20120213,80.592
20120210,879.7959999999999
20120209,0.0
20120208,873.0799999999999
20120207,3834.836
20120206,3028.916
20120203,866.364
20120202,1517.816
20120201,2182.7
20120131,3284.124
20120130,4345.252
20120127,7340.588
20120126,33647.159999999996
20120125,17775.936
20120124,12045.292000000001
20120123,0.0
20120120,0.0
20120119,1588.48
20120118,0.0
20120117,715.1080000000001
20120116,2785.461
20120113,0.0
20120112,0.0
20120111,224.913
20120110,173.01
20120109,2900.801
20120106,2883.5
20120105,282.583
20120104,1130.332
20120103,57.67
20120102,0.0
20111230,115.34
20111229,0.0
20111228,807.38
20111227,0.0
20111226,0.0
20111223,0.0
20111222,0.0
20111221,86.505
20111220,0.0
20111219,490.195
20111216,720.875
20111215,0.0
20111214,98.039
20111213,213.37900000000002
20111212,288.35
20111209,1297.575
20111208,74.971
20111207,1551.3229999999999
20111206,1580.158
20111205,63.437000000000005
20111202,576.7
20111201,1885.8090000000002
20111130,576.7
20111129,0.0
20111128,980.39
20111125,230.68
20111124,28.835
20111123,0.0
20111122,934.254
20111121,1055.361
20111118,1020.759
20111117,1153.4
20111116,865.0500000000001
20111115,0.0
20111114,501.729
20111111,380.622
20111110,103.80600000000001
20111109,144.175
20111108,0.0
20111107,138.408
20111104,2220.295
20111103,720.875
20111102,1378.3129999999999
20111101,893.885
20111031,2006.916
20111028,11977.84
20111027,2248.4
20111026,0.0
20111025,2943.3599999999997
20111024,408.8
20111021,1197.2
20111020,1495.04
20111019,694.96
20111018,0.0
20111017,233.6
20111014,3494.0080000000003
20111013,1061.128
20111012,2583.616
20111011,905.424
20111010,0.0
20111007,0.0
20111006,481.732
20111005,1120.172
20111004,0.0
20111003,0.0
20110930,216.08
20110929,0.0
20110928,584.0
20110927,1752.0
20110926,0.0
20110923,1255.6
20110922,963.6
20110921,4304.08
20110920,5139.2
20110919,12316.56
20110916,7009.387000000001
20110915,15401.248
20110914,20050.471999999998
20110913,2086.048
20110912,2219.2
20110909,421.64799999999997
20110908,10254.675000000001
20110907,3724.3160000000003
20110906,294.29200000000003
20110905,0.0
20110902,0.0
20110901,0.0
20110831,0.0
20110830,603.806
20110826,507.40000000000003
20110825,0.0
20110824,5.074000000000001
20110823,5.074000000000001
20110822,380.55
20110819,1268.5
20110818,2547.148
20110817,289.218
20110816,1578.0140000000001
20110815,0.0
20110812,380.55
20110811,289.218
20110810,5322.626
20110809,0.0
20110808,0.0
20110805,2998.7340000000004
20110804,126.85000000000001
20110803,2202.116
20110802,6195.509999999999
20110801,7765.968000000001
20110729,387.342
20110728,71.73
20110727,219551.18399999998
20110726,372.011
20110725,5142.228
20110722,447.355
20110721,8673.978000000001
20110720,0.0
20110719,0.0
20110718,0.0
20110715,0.0
20110714,0.0
20110713,0.0
20110712,0.0
20110711,0.0
20110708,0.0
20110707,2085.12
20110706,0.0
20110705,8688.0
20110704,0.0
20110701,5823.063999999999
20110630,1158.5829999999999
20110629,0.0
20110628,1040.25
20110627,2559.015
20110624,413.545
20110623,2509.375
20110622,3.8689999999999998
20110621,274.69899999999996
20110620,0.0
20110617,0.0
20110616,0.0
20110615,0.0
20110614,0.0
20110613,0.0
20110610,0.0
20110609,193.45
20110608,7.7379999999999995
20110607,0.0
20110606,1323.198
20110603,398.142
20110602,1036.746
20110601,1978.8840000000002
20110531,541.144
20110527,198.95
20110526,0.0
20110525,699.475
20110524,191.856
20110523,1438.92
20110520,1235.0729999999999
20110519,79.94
20110518,4084.934
20110517,0.0
20110516,119.91
20110513,3801.1469999999995
20110512,726.5160000000001
20110511,0.0
20110510,0.0
20110509,0.0
20110506,1954.32
20110505,2107.6
20110504,372.00800000000004
20110503,0.0
20110428,0.0
20110427,0.0
20110426,409.53
20110421,0.0
20110420,0.0
20110419,420.699
20110418,0.0
20110415,1868.946
20110414,1504.0919999999999
20110413,0.0
20110412,0.0
20110411,0.0
20110408,0.0
20110407,0.0
20110406,315.06800000000004
20110405,0.0
20110404,246.74
20110401,193.596
20110331,0.0
20110330,0.0
20110329,713.648
20110328,9520.368
20110325,6530.498
20110324,6349.175
20110323,34.31
20110322,0.0
20110321,30.879
20110318,6.862000000000001
20110317,0.0
20110316,0.0
20110315,27.448000000000004
20110314,48.034
20110311,0.0
20110310,1588.553
20110309,1616.0010000000002
20110308,343.1
20110307,137.678
20110304,0.0
20110303,2244.75
20110302,0.0
20110301,35.916
20110228,44.894999999999996
20110225,0.0
20110224,853.005
20110223,0.0
20110222,68.839
20110221,29.93
20110218,0.0
20110217,299.3
20110216,0.0
20110215,775.1869999999999
20110214,478.88
20110211,0.0
20110210,1496.5
20110209,23.944000000000003
20110208,215.496
20110207,299.3
20110204,0.0
20110203,152.643
20110202,0.0
20110201,284.335
20110131,1741.9260000000002
20110128,1987.352
20110127,1849.674
20110126,407.048
20110125,1254.067
20110124,1260.053
20110121,52930.84
20110120,545.4580000000001
20110119,12.775
20110118,682.185
20110117,0.0
20110114,45.771
20110113,219.219
20110112,72.27
20110111,0.0
20110110,0.0
20110107,843.15
20110106,0.0
20110105,0.0
20110104,240.9
20101230,0.0
20101229,0.0
20101227,0.0
20101224,0.0
20101223,0.0
20101222,0.0
20101221,0.0
20101220,0.0
20101217,1204.5
20101216,0.0
20101215,0.0
20101214,72.27
20101213,0.0
20101210,0.0
20101209,12.045
20101208,0.0
20101207,0.0
20101206,289.08
20101203,0.0
20101202,72.27
20101201,0.0
20101130,12.045
20101129,0.0
20101126,0.0
20101125,0.0
20101124,409.53
20101123,0.0
20101122,33.726
20101119,0.0
20101118,6636.795
20101117,0.0
20101116,4818.0
20101115,1806.75
20101112,1204.5
20101111,602.25
20101110,0.0
20101109,1927.2
20101108,0.0
20101105,0.0
20101104,142.49599999999998
20101103,0.0
20101102,0.0
20101101,0.0
20101029,0.0
20101028,0.0
20101027,0.0
20101026,282.268
20101025,0.0
20101022,0.0
20101021,4.672
20101020,14.016
20101019,0.0
20101018,0.0
20101015,0.0
20101014,0.0
20101013,0.0
20101012,0.0
20101011,0.0
20101008,0.0
20101007,0.0
20101006,0.0
20101005,1144.6399999999999
20101004,2.336
20101001,0.0
20100930,0.0
20100929,0.0
20100928,0.0
20100927,0.0
20100924,0.0
20100923,0.0
20100922,0.0
20100921,0.0
20100920,0.0
20100917,0.0
20100916,0.0
20100915,0.0
20100914,23.36
20100913,0.0
20100910,0.0
20100909,0.0
20100908,738.176
20100907,0.0
20100906,11.315
20100903,0.0
20100902,0.0
20100901,5256.0
20100831,0.0
20100830,0.0
20100827,0.0
20100826,886.9499999999999
20100825,0.0
20100824,459.9
20100823,0.0
20100820,0.0
20100819,8398.65
20100818,1144.55
20100817,0.0
20100816,0.0
20100813,67.74400000000001
20100812,0.0
20100811,0.0
20100810,0.0
20100809,1996.3310000000001
20100806,0.0
20100805,8.468000000000002
20100804,0.0
20100803,0.0
20100802,0.0
20100730,0.0
20100729,0.0
20100728,0.0
20100727,0.0
20100726,0.0
20100723,0.0
20100722,0.0
20100721,31.755000000000003
20100720,10.585
20100719,0.0
20100716,149.35799999999998
20100715,0.0
20100714,0.0
20100713,0.0
20100712,0.0
20100709,149.35799999999998
20100708,0.0
20100707,0.0
20100706,0.0
20100705,2.1170000000000004
20100702,21.17
20100701,0.0
20100630,0.0
20100629,243.455
20100628,31.755000000000003
20100625,0.0
20100624,0.0
20100623,0.0
20100622,0.0
20100621,120.45
20100618,0.0
20100617,0.0
20100616,0.0
20100615,0.0
20100614,0.0
20100611,0.0
20100610,0.0
20100609,0.0
20100608,175.565
20100607,62.123
20100604,81.03
20100603,0.0
20100602,0.0
20100601,0.0
20100531,0.0
20100528,13.505
20100527,297.11
20100526,0.0
20100525,0.0
20100524,0.0
20100521,0.0
20100520,27.01
20100519,0.0
20100518,0.0
20100517,51.319
20100514,151.256
20100513,0.0
20100512,0.0
20100511,0.0
20100510,0.0
20100507,140.45200000000003
20100506,1353.201
20100505,2.7010000000000005
20100504,148.555
20100503,0.0
20100430,207.977
20100429,0.0
20100428,0.0
20100427,0.0
20100426,0.0
20100423,0.0
20100422,0.0
20100421,0.0
20100420,121.545
20100419,337.625
20100416,1733.75
20100415,138.7
20100414,0.0
20100413,141.474
20100412,0.0
20100409,2801.74
20100408,69.35
20100407,471.58
20100406,0.0
20100405,0.0
20100402,0.0
20100401,81.03
20100331,216.08
20100330,0.0
20100329,0.0
20100326,5.402000000000001
20100325,0.0
20100324,81.03
20100323,0.0
20100322,0.0
20100319,0.0
20100318,0.0
20100317,5.402000000000001
20100316,205.276
20100315,0.0
20100312,135.05
20100311,62.123
20100310,569.4
20100309,0.0
20100308,0.0
20100305,0.0
20100304,0.0
20100303,2.7010000000000005
20100302,75.628
20100301,0.0
20100226,0.0
20100225,0.0
20100224,0.0
20100223,183.96
20100222,0.0
20100219,0.0
20100218,0.0
20100217,0.0
20100216,0.0
20100215,178.85
20100212,132.86
20100211,0.0
20100210,0.0
20100209,12.775
20100208,0.0
20100205,0.0
20100204,0.0
20100203,86.87
20100202,0.0
20100201,0.0
20100129,2619.9700000000003
20100128,0.0
20100127,0.0
20100126,0.0
20100125,0.0
20100122,0.0
20100121,72.576
20100120,0.0
20100119,0.0
20100118,2.628
20100115,0.0
20100114,0.0
20100113,0.0
20100112,0.0
20100111,24.82
20100108,0.0
20100107,0.0
20100106,0.0
20100105,248.2
20100104,25.55
20100101,0.0
20091231,0.0
20091230,0.0
20091228,0.0
20091224,0.0
20091223,0.0
20091222,0.0
20091221,0.0
20091218,0.0
20091217,0.0
20091216,0.0
20091215,127.75
20091214,151.402
20091211,0.0
20091210,0.0
20091209,0.0
20091208,0.0
20091207,0.0
20091204,0.0
20091203,0.0
20091202,0.0
20091201,0.0
20091130,0.0
20091127,0.0
20091126,397.12
20091125,0.0
20091124,248.2
20091123,248.2
20091120,0.0
20091119,0.0
20091118,0.0
20091117,0.0
20091116,128.85
20091112,0.0
20091111,0.0
20091110,4.964
20091109,124.1
20091106,0.0
20091105,0.0
20091104,0.0
20091103,0.0
20091102,36.135
20091030,0.0
20091029,0.0
20091028,0.0
20091027,0.0
20091026,147.168
20091023,0.0
20091022,0.0
20091021,0.0
20091020,0.0
20091019,2044.0
20091016,0.0
20091015,159.43200000000002
20091014,0.0
20091013,0.0
20091012,0.0
20091009,0.0
20091008,0.0
20091007,0.0
20091006,0.0
20091005,0.0
20091002,0.0
20091001,0.0
20090930,0.0
20090929,0.0
20090928,0.0
20090925,0.0
20090924,0.0
20090923,0.0
20090922,0.0
20090921,1496.5
20090918,0.0
20090917,0.0
20090916,0.0
20090915,0.0
20090914,0.0
20090911,0.0
20090910,0.0
20090909,0.0
20090908,0.0
20090907,0.0
20090904,0.0
20090903,0.0
20090902,0.0
20090901,0.0
20090831,0.0
20090828,0.0
20090827,0.0
20090826,0.0
20090825,0.0
20090824,0.0
20090821,0.0
20090820,0.0
20090819,0.0
20090818,0.0
20090817,963.6
20090814,1226.4
20090813,0.0
20090812,0.0
20090811,598.6
20090810,0.0
20090807,0.0
20090806,0.0
20090805,0.0
20090804,0.0
20090803,0.0
20090731,0.0
20090730,0.0
20090729,0.0
20090728,0.0
20090727,0.0
20090724,0.0
20090723,0.0
20090722,0.0
20090721,0.0
20090720,0.0
20090717,0.0
20090716,0.0
20090715,0.0
20090714,0.0
20090713,0.0
20090710,675.25
20090709,0.0
20090708,2122.11
20090707,0.0
20090706,0.0
20090703,0.0
20090702,0.0
20090701,0.0
20090630,0.0
20090629,0.0
20090626,0.0
20090625,0.0
20090624,0.0
20090623,0.0
20090622,0.0
20090619,0.0
20090618,0.0
20090617,0.0
20090616,0.0
20090615,0.0
20090612,0.0
20090611,0.0
20090610,0.0
20090609,0.0
20090608,0.0
20090605,0.0
20090604,0.0
20090603,0.0
20090602,0.0
20090601,0.0
20090529,0.0
20090528,0.0
20090527,0.0
20090526,0.0
20090525,0.0
20090522,0.0
20090521,0.0
20090520,0.0
20090519,1188.44
20090518,232.505
20090515,0.0
20090514,53.655
20090513,0.0
20090512,0.0
20090511,0.0
20090508,0.0
20090507,0.0
20090506,0.0
20090505,0.0
20090504,0.0
20090501,0.0
20090430,0.0
20090429,297.402
20090428,0.0
20090427,0.0
20090424,0.0
20090423,0.0
20090422,0.0
20090421,0.0
20090420,0.0
20090417,0.0
20090416,0.0
20090415,0.0
20090414,0.0
20090413,0.0
20090410,0.0
20090409,0.0
20090408,0.0
20090407,0.0
20090406,0.0
20090403,2168.1
20090402,0.0
20090401,0.0
20090331,0.0
20090330,0.0
20090327,0.0
20090326,0.0
20090325,0.0
20090324,0.0
20090323,328.5
20090320,0.0
20090319,0.0
20090318,0.0
20090317,0.0
20090316,0.0
20090313,748.98
20090312,0.0
20090311,0.0
20090310,0.0
20090309,0.0
20090306,0.0
20090305,0.0
20090304,0.0
20090303,0.0
20090302,0.0
20090227,0.0
20090226,0.0
20090225,0.0
20090224,0.0
20090223,0.0
20090220,0.0
20090219,0.0
20090218,0.0
20090217,0.0
20090216,0.0
20090213,0.0
20090212,0.0
20090211,0.0
20090210,0.0
20090209,0.0
20090206,0.0
20090205,0.0
20090204,0.0
20090203,0.0
20090202,0.0
20090130,0.0
20090129,0.0
20090128,0.0
20090127,0.0
20090126,0.0
20090123,0.0
20090122,0.0
20090121,0.0
20090120,63.80199999999999
20090119,910.018
20090116,0.0
20090115,0.0
20090114,0.0
20090113,0.0
20090112,0.0
20090109,0.0
20090108,715.473
20090107,0.0
20090106,0.0
20090105,0.0
20090102,0.0
20090101,0.0
20081231,0.0
20081230,0.0
20081229,0.0
20081226,0.0
20081225,0.0
20081224,0.0
20081223,0.0
20081222,0.0
20081219,0.0
20081218,0.0
20081217,0.0
20081216,0.0
20081215,0.0
20081212,0.0
20081211,0.0
20081210,0.0
20081209,0.0
20081208,0.0
20081205,0.0
20081204,0.0
20081203,0.0
20081202,39.42
20081201,0.0
20081128,0.0
20081127,0.0
20081126,0.0
20081125,0.0
20081124,0.0
20081121,33.21
20081120,66.42
20081119,33.21
20081118,0.0
20081117,0.0
20081114,0.0
20081113,0.0
20081112,0.0
20081111,0.0
20081110,0.0
20081107,0.0
20081106,0.0
20081105,0.0
20081104,66.42
20081103,83.025
20081031,0.0
20081030,0.0
20081029,0.0
20081028,0.0
20081027,205.86
20081024,0.0
20081023,0.0
20081022,143.08
20081021,0.0
20081020,894.2500000000001
20081017,0.0
20081016,139.50300000000001
20081015,82.271
20081014,0.0
20081013,393.47
20081010,0.0
20081009,1095.0
20081008,383.2
20081007,0.0
20081006,804.72
20081003,191.6
20081002,383.2
20081001,57.480000000000004
20080930,919.6800000000001
20080929,2209.199
20080926,456.00800000000004
20080925,191.6
20080924,0.0
20080923,0.0
20080922,390.864
20080919,0.0
20080918,0.0
20080917,0.0
20080916,0.0
20080915,0.0
20080912,0.0
20080911,401.5
20080910,0.0
20080909,0.0
20080908,0.0
20080905,0.0
20080904,0.0
20080903,0.0
20080902,0.0
20080901,0.0
20080829,0.0
20080828,0.0
20080827,0.0
20080826,0.0
20080825,0.0
20080822,0.0
20080821,41.75600000000001
20080820,0.0
20080819,0.0
20080818,0.0
20080815,17296.0
20080814,1138.8
20080813,0.0
20080812,0.0
20080811,0.0
20080808,0.0
20080807,0.0
20080806,0.0
20080805,40.953
20080804,0.0
20080801,0.0
20080731,0.0
20080730,0.0
20080729,0.0
20080728,0.0
20080725,0.0
20080724,0.0
20080723,0.0
20080722,0.0
20080721,0.0
20080718,0.0
20080717,140.671
20080716,514.6500000000001
20080715,34.31
20080714,36.5
20080711,0.0
20080710,0.0
20080709,416.1
20080708,0.0
20080707,0.0
20080704,347.48
20080703,0.0
20080702,0.0
20080701,0.0
20080630,0.0
20080627,0.0
20080626,0.0
20080625,0.0
20080624,0.0
20080623,0.0
20080620,0.0
20080619,0.0
20080618,0.0
20080617,0.0
20080616,0.0
20080613,0.0
20080612,0.0
20080611,0.0
20080610,416.1
20080609,0.0
20080606,0.0
20080605,0.0
20080604,0.0
20080603,0.0
20080602,83.22
20080530,0.0
20080529,0.0
20080528,0.0
20080527,1248.3
20080526,0.0
20080523,66.57600000000001
20080522,0.0
20080521,0.0
20080520,0.0
20080519,0.0
20080516,0.0
20080515,0.0
20080514,0.0
20080513,0.0
20080512,0.0
20080509,0.0
20080508,86.14
20080507,116.289
20080506,27712.26
20080505,0.0
20080502,0.0
20080501,0.0
20080430,0.0
20080429,416.1
20080428,430.7
20080425,0.0
20080424,0.0
20080423,0.0
20080422,0.0
20080421,0.0
20080418,0.0
20080417,0.0
20080416,0.0
20080415,0.0
20080414,0.0
20080411,0.0
20080410,0.0
20080409,0.0
20080408,0.0
20080407,0.0
20080404,0.0
20080403,0.0
20080402,0.0
20080401,0.0
20080331,0.0
20080328,0.0
20080327,0.0
20080326,0.0
20080325,0.0
20080324,0.0
20080321,0.0
20080320,0.0
20080319,43.8
20080318,452.59999999999997
20080317,0.0
20080314,459.90000000000003
20080313,0.0
20080312,0.0
20080311,0.0
20080310,0.0
20080307,0.0
20080306,0.0
20080305,0.0
20080304,0.0
20080303,2482.0
20080229,0.0
20080228,0.0
20080227,0.0
20080226,1241.0
20080225,0.0
20080222,0.0
20080221,4964.0
20080220,0.0
20080219,0.0
20080218,0.0
20080215,53.801
20080214,0.0
20080213,0.0
20080212,0.0
20080211,489.09999999999997
20080208,0.0
20080207,0.0
20080206,0.0
20080205,0.0
20080204,0.0
20080201,0.0
20080131,978.1999999999999
20080130,0.0
20080129,978.1999999999999
20080128,0.0
20080125,0.0
20080124,50.37
20080123,0.0
20080122,1828.4309999999998
20080121,0.0
20080118,0.0
20080117,766.5
20080116,0.0
20080115,0.0
20080114,5.183
20080111,0.0
20080110,155.49
20080109,259.15
20080108,0.0
20080107,269.516
20080104,0.0
20080103,259.15
20080102,518.3
20080101,0.0
20071231,259.15
20071228,518.3
20071227,259.15
20071226,0.0
20071225,0.0
20071224,259.15
20071221,0.0
20071220,259.15
20071219,259.15
20071218,259.15
20071217,259.15
20071214,259.15
20071213,274.69899999999996
20071212,259.15
20071211,259.15
20071210,777.4499999999999
20071207,777.4499999999999
20071206,1036.6
20071205,259.15
20071204,518.3
20071203,274.69899999999996
20071130,0.0
20071129,0.0
20071128,321.346
20071127,259.15
20071126,5.183
20071123,20.732
20071122,0.0
20071121,0.0
20071120,518.3
20071119,0.0
20071116,259.15
20071115,168.192
20071114,536.112
20071113,914.544
20071112,0.0
20071109,588.672
20071108,141.912
20071107,10.512
20071106,1944.72
20071105,173.448
20071102,141.912
20071101,793.6560000000001
20071031,337.26
20071030,1953.0419999999997
20071029,0.0
20071026,0.0
20071025,0.0
20071024,0.0
20071023,0.0
20071022,0.0
20071019,0.0
20071018,0.0
20071017,0.0
20071016,0.0
20071015,0.0
20071012,0.0
20071011,0.0
20071010,0.0
20071009,0.0
20071008,0.0
20071005,0.0
20071004,0.0
20071003,0.0
20071002,0.0
20071001,0.0
20070928,0.0
20070927,0.0
20070926,202.356
20070925,0.0
20070924,367.92
20070921,0.0
20070920,0.0
20070919,0.0
20070918,1915.52
20070917,628.53
20070914,598.6
20070913,0.0
20070912,3066.0
20070911,0.0
20070910,0.0
20070907,0.0
20070906,68.255
20070905,0.0
20070904,155.125
20070903,0.0
20070831,0.0
20070830,0.0
20070829,169.652
20070828,0.0
20070827,0.0
20070824,787.6700000000001
20070823,151.47500000000002
20070822,2298.624
20070821,0.0
20070820,299.3
20070817,0.0
20070816,71.832
20070815,419.02
20070814,0.0
20070813,0.0
20070810,233.45399999999998
20070809,0.0
20070808,454.425
20070807,0.0
20070806,148.92
20070803,0.0
20070802,0.0
20070801,1514.0199999999998
20070731,1496.5
20070730,861.984
20070727,3765.194
20070726,158.775
20070725,654.153
20070724,0.0
20070723,254.04
20070720,0.0
20070719,0.0
20070718,0.0
20070717,0.0
20070716,444.57
20070713,0.0
20070712,139.722
20070711,279.444
20070710,31.755
20070709,0.0
20070706,0.0
20070705,0.0
20070704,6.351
20070703,19.052999999999997
20070702,0.0
20070629,0.0
20070628,1435.326
20070627,324.85
20070626,0.0
20070625,0.0
20070622,0.0
20070621,64.97
20070620,0.0
20070619,0.0
20070618,0.0
20070615,133.371
20070614,139.722
20070613,6.351
20070612,323.90099999999995
20070611,38.105999999999995
20070608,984.405
20070607,793.875
20070606,317.55
20070605,1188.951
20070604,641.4509999999999
20070601,1221.436
20070531,1301.955
20070530,196.881
20070529,641.4509999999999
20070528,0.0
20070525,63.51
20070524,2019.618
20070523,317.55
20070522,1111.425
20070521,434.34999999999997
20070518,2417.541
20070517,860.378
20070516,618.018
20070515,23.36
20070514,0.0
20070511,134.32
20070510,58.4
20070509,1763.6799999999998
20070508,134.904
20070507,0.0
20070504,1236.6200000000001
20070503,994.917
20070502,0.0
20070501,810.3000000000001
20070430,492.75
20070427,476.325
20070426,273.75
20070425,1613.592
20070424,0.0
20070423,399.675
20070420,2742.975
20070419,3326.6099999999997
20070418,8329.373
20070417,0.0
20070416,214.62
20070413,323.025
20070412,0.0
20070411,215.35
20070410,0.0
20070409,0.0
20070406,0.0
20070405,0.0
20070404,0.0
20070403,1118.194
20070402,0.0
20070330,2181.824
20070329,0.0
20070328,0.0
20070327,0.0
20070326,2433.09
20070323,216.81
20070322,4.8180000000000005
20070321,9674.544
20070320,0.0
20070319,0.0
20070316,0.0
20070315,0.0
20070314,0.0
20070313,0.0
20070312,467.2
20070309,0.0
20070308,467.2
20070307,0.0
20070306,630.72
20070305,0.0
20070302,1284.8
20070301,0.0
20070228,0.0
20070227,0.0
20070226,0.0
20070223,0.0
20070222,0.0
20070221,0.0
20070220,0.0
20070219,0.0
20070216,0.0
20070215,0.0
20070214,0.0
20070213,0.0
20070212,0.0
20070209,0.0
20070208,0.0
20070207,0.0
20070206,0.0
20070205,0.0
20070202,0.0
20070201,0.0
20070131,0.0
20070130,0.0
20070129,0.0
20070126,0.0
20070125,0.0
20070124,0.0
20070123,5919.508
20070122,0.0
20070119,0.0
20070118,0.0
20070117,16433.76
20070116,0.0
20070115,0.0
20070112,0.0
20070111,1420.64
20070110,0.0
20070109,0.0
20070108,0.0
20070105,0.0
20070104,0.0
20070103,0.0
20070102,515.186
20070101,0.0
20061229,0.0
20061228,0.0
20061227,0.0
20061226,0.0
20061225,0.0
20061222,0.0
20061221,0.0
20061220,0.0
20061219,0.0
20061218,0.0
20061215,0.0
20061214,0.0
20061213,0.0
20061212,0.0
20061211,0.0
20061208,283.255
20061207,0.0
20061206,0.0
20061205,0.0
20061204,0.0
20061201,0.0
20061130,0.0
20061129,0.0
20061128,0.0
20061127,0.0
20061124,0.0
20061123,0.0
20061122,0.0
20061121,566.06
20061120,0.0
20061117,0.0
20061116,0.0
20061115,0.0
20061114,0.0
20061113,0.0
20061110,0.0
20061109,0.0
20061108,0.0
20061107,0.0
20061106,0.0
20061103,0.0
20061102,0.0
20061101,0.0
20061031,0.0
20061030,0.0
20061027,0.0
20061026,0.0
20061025,0.0
20061024,0.0
20061023,1793.215
20061020,0.0
20061019,0.0
20061018,0.0
20061017,0.0
20061016,8125.651
20061013,0.0
20061012,0.0
20061011,0.0
20061010,0.0
20061009,0.0
20061006,0.0
20061005,0.0
20061004,0.0
20061003,0.0
20061002,3365.348
20060929,0.0
20060928,0.0
20060927,0.0
20060926,0.0
20060925,0.0
20060922,70.9
20060921,0.0
20060920,0.0
20060919,0.0
20060918,0.0
20060915,0.0
20060914,0.0
20060913,0.0
20060912,0.0
20060911,0.0
20060908,0.0
20060907,0.0
20060906,0.0
20060905,0.0
20060904,0.0
20060901,0.0
20060831,0.0
20060830,0.0
20060829,0.0
20060828,0.0
20060825,0.0
20060824,0.0
20060823,0.0
20060822,0.0
20060821,0.0
20060818,0.0
20060817,0.0
20060816,0.0
20060815,0.0
20060814,0.0
20060811,0.0
20060810,0.0
20060809,0.0
20060808,0.0
20060807,0.0
20060804,0.0
20060803,0.0
20060802,0.0
20060801,0.0
20060731,0.0
20060728,0.0
20060727,0.0
20060726,0.0
20060725,0.0
20060724,0.0
20060721,0.0
20060720,0.0
20060719,0.0
20060718,0.0
20060717,0.0
20060714,0.0
20060713,0.0
20060712,0.0
20060711,0.0
20060710,0.0
20060707,0.0
20060706,0.0
20060705,0.0
20060704,0.0
20060703,0.0
20060630,0.0
20060629,0.0
20060628,0.0
20060627,0.0
20060626,0.0
20060623,0.0
20060622,0.0
20060621,0.0
20060620,0.0
20060619,0.0
20060616,0.0
20060615,0.0
20060614,0.0
20060613,0.0
20060612,0.0
20060609,0.0
20060608,0.0
20060607,0.0
20060606,0.0
20060605,709.688
20060602,0.0
20060601,0.0
20060531,0.0
20060530,0.0
20060529,0.0
20060526,0.0
20060525,0.0
20060524,0.0
20060523,0.0
20060522,0.0
20060519,0.0
20060518,0.0
20060517,0.0
20060516,0.0
20060515,0.0
20060512,0.0
20060511,0.0
20060510,0.0
20060509,0.0
20060508,0.0
20060505,0.0
20060504,0.0
20060503,0.0
20060502,0.0
20060501,0.0
20060428,0.0
20060427,0.0
20060426,897.6659999999999
20060425,0.0
20060424,0.0
20060421,4170.229
20060420,1027.15
20060419,0.0
20060418,0.0
20060417,0.0
20060414,0.0
20060413,0.0
20060412,0.0
20060411,0.0
20060410,0.0
20060407,0.0
20060406,0.0
20060405,0.0
20060404,0.0
20060403,0.0
20060331,0.0
20060330,0.0
20060329,0.0
20060328,0.0
20060327,0.0
20060324,0.0
20060323,0.0
20060322,0.0
20060321,0.0
20060320,0.0
20060317,0.0
20060316,0.0
20060315,0.0
20060314,1398.6
20060313,0.0
20060310,0.0
20060309,0.0
20060308,0.0
20060307,0.0
20060306,0.0
20060303,0.0
20060302,0.0
20060301,0.0
20060228,0.0
20060227,0.0
20060224,0.0
20060223,0.0
20060222,4721.765
20060221,0.0
20060220,0.0
20060217,0.0
20060216,0.0
20060215,0.0
20060214,0.0
20060213,0.0
20060210,0.0
20060209,0.0
20060208,0.0
20060207,0.0
20060206,0.0
20060203,0.0
20060202,0.0
20060201,0.0
20060131,0.0
20060130,0.0
20060127,0.0
20060126,0.0
20060125,0.0
20060124,0.0
20060123,0.0
20060120,0.0
20060119,0.0
20060118,0.0
20060117,0.0
20060116,0.0
20060113,0.0
20060112,0.0
20060111,0.0
20060110,0.0
20060109,0.0
20060106,0.0
20060105,0.0
20060104,0.0
20060103,0.0
20060102,0.0
