20160408,10954.559
20160407,448.41600000000005
20160406,9503.568
20160405,270.538
20160404,625.4639999999999
20160401,452.96500000000003
20160331,75209.60800000001
20160330,11964.393
20160329,6079.533
20160328,0.0
20160324,3037.5299999999997
20160323,1366.7640000000001
20160322,1731.96
20160321,1385.75
20160318,2616.25
20160317,460.0
20160316,230.0
20160315,256.45
20160314,1227.05
20160311,1816.9519999999998
20160310,2390.7200000000003
20160309,14322.546
20160308,5462.172
20160307,2377.08
20160304,12615.137999999999
20160303,7381.664
20160302,1412.55
20160301,3148.125
20160229,426.76400000000007
20160226,1804.4080000000001
20160225,1229.3519999999999
20160224,10987.376
20160223,39763.038
20160222,305882.808
20160219,527.472
20160218,432.90000000000003
20160217,2971.692
20160216,620.1569999999999
20160215,3887.14
20160212,1253.2079999999999
20160211,3596.87
20160210,7087.135999999999
20160209,19211.432
20160208,10457.025
20160205,8751.06
20160204,16617.45
20160203,13955.264
20160202,35250.291999999994
20160201,39971.424
20160129,19630.575
20160128,3353.559
20160127,6212.183
20160126,29803.322999999997
20160125,14673.312
20160122,9210.045
20160121,14243.207999999999
20160120,0.0
20160119,1668.204
20160118,1176.504
20160115,4031.23
20160114,295.127
20160113,0.0
20160112,628.4250000000001
20160111,991.5150000000001
20160108,238.849
20160107,55.215999999999994
20160106,3598.8999999999996
20160105,1121.72
20160104,57.2
20151231,156.0
20151230,4563.52
20151229,0.0
20151228,0.0
20151225,0.0
20151224,0.0
20151223,1773.8189999999997
20151222,0.0
20151221,2599.5299999999997
20151218,0.0
20151217,142.35
20151216,1292.193
20151215,0.0
20151214,2281.65
20151211,0.0
20151210,37.949999999999996
20151209,1647.95
20151208,702.65
20151207,70.934
20151204,41.582
20151203,20.791
20151202,373.015
20151201,35.467
20151130,803.5110000000001
20151127,1609.002
20151126,2238.502
20151125,90.73799999999999
20151124,198.09
20151123,63.9
20151120,83.07
20151119,0.0
20151118,269.658
20151117,210.86999999999998
20151116,0.0
20151113,2.556
20151112,0.0
20151111,85.626
20151110,139.302
20151109,290.37600000000003
20151106,66.6
20151105,856.476
20151104,622.895
20151103,26.695
20151102,0.0
20151030,793.825
20151029,0.0
20151028,2895.705
20151027,81.28999999999999
20151026,143.36599999999999
20151023,84.246
20151022,14.78
20151021,0.0
20151020,475.916
20151019,804.0319999999999
20151016,37740.867
20151015,134.93699999999998
20151014,77.55
20151013,308.649
20151012,212.487
20151009,513.39
20151008,420.76
20151007,3516.7999999999997
20151006,2722.005
20151005,16665.495
20151002,55.215999999999994
20151001,828.2399999999999
20150930,1662.9759999999999
20150929,73.08
20150928,3694.5999999999995
20150925,627.858
20150924,1030.079
20150923,0.0
20150922,0.0
20150921,1050.51
20150918,41.36000000000001
20150917,109.04
20150916,2098.08
20150915,88.36000000000001
20150914,327.12
20150911,564.0
20150910,0.0
20150909,0.0
20150908,0.0
20150907,2137.56
20150904,2252.926
20150903,390.716
20150902,0.0
20150901,2834.534
20150831,0.0
20150828,1398.362
20150827,0.0
20150826,316.54
20150825,996.4000000000001
20150824,2115.0
20150821,0.0
20150820,0.0
20150819,200.79999999999998
20150818,0.0
20150817,12.047999999999998
20150814,0.0
20150813,700.9960000000001
20150812,332.264
20150811,251.88
20150810,301.035
20150807,715.225
20150806,597.8000000000001
20150805,8.540000000000001
20150804,207.095
20150803,230.58000000000004
20150731,76.86000000000001
20150730,64.05000000000001
20150729,2.1350000000000002
20150728,1599.1150000000002
20150727,209.23000000000002
20150724,435.10799999999995
20150723,2449.7
20150722,161.64
20150721,449.0
20150720,455.735
20150717,79.835
20150716,1204.368
20150715,18212.215999999997
20150714,4763.429
20150713,2452.032
20150710,167.442
20150709,3690.335
20150708,677.99
20150707,71.84
20150706,4.562
20150703,606.746
20150702,985.281
20150701,0.0
20150630,121.35
20150629,223.284
20150626,188.925
20150625,0.0
20150624,50.38
20150623,183.887
20150622,0.0
20150619,70.532
20150618,125.95
20150617,282.128
20150616,780.89
20150615,565.056
20150612,0.0
20150611,129.60000000000002
20150610,228.09600000000003
20150609,2755.2960000000003
20150608,2171.975
20150605,3472.495
20150604,0.0
20150603,3148.75
20150602,667.5350000000001
20150601,523.952
20150529,2755.786
20150528,4295.176
20150527,2695.4519999999998
20150526,828.5060000000001
20150525,0.0
20150522,1774.8000000000002
20150521,2418.4440000000004
20150520,7879.662
20150519,1198.3680000000002
20150518,419.399
20150515,167.442
20150514,540.3810000000001
20150513,4624.951
20150512,3167.5
20150511,1472.5
20150508,0.0
20150507,0.0
20150506,155.0
20150505,1355.0
20150504,0.0
20150501,1293.8700000000001
20150430,287.712
20150429,437.41
20150428,1047.211
20150427,1034.208
20150424,6754.752000000001
20150423,162.36800000000002
20150422,2460.89
20150421,881.6500000000001
20150420,883.5920000000001
20150417,840.0
20150416,1156.612
20150415,5461.2029999999995
20150414,0.0
20150413,1235.817
20150410,599.841
20150409,4540.9169999999995
20150408,63.102000000000004
20150407,114.069
20150406,0.0
20150403,0.0
20150402,834.8879999999999
20150401,4463.253
20150331,1213.65
20150330,8789.508
20150327,13224.384
20150326,3411.936
20150325,2986.3240000000005
20150324,3122.4399999999996
20150323,697.2210000000001
20150320,738.234
20150319,35.154
20150318,7.812000000000001
20150317,386.694
20150316,70.308
20150313,9.765
20150312,23.436
20150311,980.4060000000001
20150310,97.65
20150309,718.704
20150306,392.55300000000005
20150305,84.753
20150304,236.52
20150303,2217.375
20150302,1390.3110000000001
20150227,264.942
20150226,0.0
20150225,71.082
20150224,471.72599999999994
20150223,75.39
20150220,189.55200000000002
20150219,64.62
20150218,1434.5639999999999
20150217,0.0
20150216,419.52
20150213,1509.906
20150212,1147.3429999999998
20150211,1117.6899999999998
20150210,417.47200000000004
20150209,18.976
20150206,229.536
20150205,1310.268
20150204,23.91
20150203,549.93
20150202,1195.5
20150130,3230.241
20150129,172.15200000000002
20150128,45.428999999999995
20150127,358.65
20150126,222.36300000000003
20150123,932.49
20150122,2041.9140000000002
20150121,9.488
20150120,0.0
20150119,64.044
20150116,310.72799999999995
20150115,1365.32
20150114,1108.734
20150113,861.564
20150112,423.98400000000004
20150109,625.856
20150108,66.528
20150107,369.6
20150106,3280.6200000000003
20150105,1645.347
20150102,0.0
20150101,0.0
20141231,267.399
20141230,272.21700000000004
20141229,26.499000000000002
20141226,0.0
20141225,0.0
20141224,0.0
20141223,344.487
20141222,549.2520000000001
20141219,106381.44
20141218,277.035
20141217,1710.016
20141216,1715.062
20141215,3042.5
20141212,444.90599999999995
20141211,4487.3
20141210,3866.2110000000002
20141209,3368.0570000000002
20141208,256.308
20141205,1588.6480000000001
20141204,534.09
20141203,708.372
20141202,1079.424
20141201,3206.7439999999997
20141128,888.272
20141127,1467.956
20141126,906.879
20141125,1008.475
20141124,3490.568
20141121,20533.591
20141120,1021.269
20141119,4571.664
20141118,636.576
20141117,312.02099999999996
20141114,1175.811
20141113,1610.61
20141112,4565.652
20141111,4602.572
20141110,2646.177
20141107,740.008
20141106,1021.6350000000001
20141105,482.895
20141104,1032.08
20141103,142.59000000000003
20141031,1600.224
20141030,5867.532
20141029,5443.317999999999
20141028,1185.41
20141027,1950.3990000000001
20141024,1511.959
20141023,4897.58
20141022,14673.19
20141021,7860.0560000000005
20141020,5926.139999999999
20141017,16447.311999999998
20141016,62702.848000000005
20141015,42521.03999999999
20141014,128711.55600000001
20141013,199766.844
20141010,523.212
20141009,2140.1440000000002
20141008,1226.4
20141007,673.312
20141006,10623.720000000001
20141003,69.87200000000001
20141002,2931.448
20141001,7204.516
20140930,10103.1
20140929,130.32600000000002
20140926,875.046
20140925,390.978
20140924,659.19
20140923,1994.6519999999998
20140922,6421.032
20140919,3122.0080000000003
20140918,2625.08
20140917,1787.9139999999998
20140916,232.73
20140915,3433.9759999999997
20140912,141.88799999999998
20140911,874.976
20140910,3187.545
20140909,2639.899
20140908,5680.714
20140905,2706.84
20140904,15718.024
20140903,18731.579999999998
20140902,298.875
20140901,71.73
20140829,16.737
20140828,0.0
20140827,2536.8509999999997
20140826,1104.54
20140825,0.0
20140822,2063.155
20140821,165.6
20140820,861.1199999999999
20140819,0.0
20140818,2881.296
20140815,4.782
20140814,4516.288
20140813,18809.96
20140812,3084.406
20140811,481.1290000000001
20140808,20.44
20140807,735.84
20140806,194.18
20140805,789.495
20140804,5899.495
20140801,641.3050000000001
20140731,186.51500000000001
20140730,462.45500000000004
20140729,191.625
20140728,0.0
20140725,1206.219
20140724,0.0
20140723,22.671000000000003
20140722,1007.6
20140721,1249.4240000000002
20140718,0.0
20140717,329.98900000000003
20140716,47.861
20140715,1448.4250000000002
20140714,17.633
20140711,13630.309000000001
20140710,965.9459999999999
20140709,420.0
20140708,4886.262
20140707,1430.868
20140704,4891.898
20140703,11045.815
20140702,10798.449999999999
20140701,13557.633
20140630,4741.035
20140627,4856.7080000000005
20140626,4247.87
20140625,430.70000000000005
20140624,614.295
20140623,147.48
20140620,973.328
20140619,1222.604
20140618,1478.031
20140617,1152.3049999999998
20140616,1131.5
20140613,1312.832
20140612,2158.464
20140611,2597.121
20140610,5526.83
20140609,164.35
20140606,81.7
20140605,35.28
20140604,73.5
20140603,92.4
20140602,0.42000000000000004
20140530,20.16
20140529,212.52
20140528,212.94000000000003
20140527,251.16
20140526,0.0
20140523,31.595
20140522,132.23999999999998
20140521,548.625
20140520,2099.5
20140519,0.0
20140516,0.0
20140515,0.0
20140514,0.0
20140513,0.0
20140512,0.0
20140509,0.0
20140508,0.0
20140507,0.0
20140506,0.0
20140505,0.0
20140502,0.0
20140501,0.0
20140430,0.0
20140429,0.0
20140428,0.0
20140425,0.0
20140424,0.0
20140423,0.0
20140422,0.0
20140421,0.0
20140418,0.0
20140417,0.0
20140416,0.0
20140415,0.0
20140414,0.0
20140411,0.0
20140410,0.0
20140409,0.0
20140408,0.0
20140407,0.0
20140404,0.0
20140403,0.0
20140402,0.0
20140401,0.0
20140331,0.0
20140328,0.0
20140327,0.0
20140326,0.0
20140325,0.0
20140324,0.0
20140321,0.0
20140320,0.0
20140319,0.0
20140318,0.0
20140317,0.0
20140314,0.0
20140313,0.0
20140312,0.0
20140311,0.0
20140310,0.0
20140307,0.0
20140306,0.0
20140305,0.0
20140304,0.0
20140303,0.0
20140228,0.0
20140227,0.0
20140226,0.0
20140225,0.0
20140224,0.0
20140221,0.0
20140220,0.0
20140219,0.0
20140218,0.0
20140217,0.0
20140214,0.0
20140213,0.0
20140212,0.0
20140211,0.0
20140210,0.0
20140207,0.0
20140206,0.0
20140205,0.0
20140204,0.0
20140203,0.0
20140131,0.0
20140130,0.0
20140129,0.0
20140128,0.0
20140127,0.0
20140124,0.0
20140123,0.0
20140122,0.0
20140121,0.0
20140120,0.0
20140117,0.0
20140116,0.0
20140115,0.0
20140114,0.0
20140113,0.0
20140110,0.0
20140109,0.0
20140108,0.0
20140107,0.0
20140106,0.0
20140103,0.0
20140102,0.0
20140101,0.0
20131231,0.0
20131230,0.0
20131227,0.0
20131226,0.0
20131225,0.0
20131224,0.0
20131223,0.0
20131220,0.0
20131219,0.0
20131218,0.0
20131217,0.0
20131216,0.0
20131213,0.0
20131212,0.0
20131211,0.0
20131210,0.0
20131209,0.0
20131206,0.0
20131205,0.0
20131204,0.0
20131203,0.0
20131202,0.0
20131129,0.0
20131128,0.0
20131127,0.0
20131126,0.0
20131125,0.0
20131122,164.34
20131121,235.95
20131120,22.308
20131119,182.75400000000002
20131118,303.97200000000004
20131115,913.913
20131114,60.918
20131113,717.288
20131112,1564.8820000000003
20131111,876.12
20131108,431.57399999999996
20131107,782.04
20131106,316.82
20131105,22.072000000000003
20131104,111.78399999999999
20131101,0.0
20131031,450.69599999999997
20131030,38.587
20131029,151.064
20131028,1545.7259999999999
20131025,3228.708
20131024,2238.6
20131023,6432.279
20131022,1077.0980000000002
20131021,373.69399999999996
20131018,207.57500000000002
20131017,0.0
20131016,83.125
20131015,95.0
20131014,32.376
20131011,22.799999999999997
20131010,116.73599999999999
20131009,76.15199999999999
20131008,74.575
20131007,23.75
20131004,157.225
20131003,23.75
20131002,94.848
20131001,125.856
20130930,234.17499999999998
20130927,55.215999999999994
20130926,5.04
20130925,0.42000000000000004
20130924,8.82
20130923,272.58000000000004
20130920,11.340000000000002
20130919,37.668
20130918,957.906
20130917,878.9680000000001
20130916,71.4
20130913,136.218
20130912,248.51999999999998
20130911,131.328
20130910,76.13900000000001
20130909,694.5770000000001
20130906,0.0
20130905,32.262
20130904,247.908
20130903,33.228
20130902,136.107
20130830,745.074
20130829,422.55
20130828,251.77499999999998
20130827,1541.979
20130826,0.0
20130823,495.81600000000003
20130822,624.1379999999999
20130821,567.15
20130820,469.82899999999995
20130819,1111.715
20130816,358.105
20130815,52.925
20130814,16.060000000000002
20130813,22.264999999999997
20130812,133.667
20130809,152.04000000000002
20130808,4.213
20130807,278.44100000000003
20130806,34.7
20130805,0.0
20130802,0.0
20130801,12.492
20130731,3.47
20130730,0.0
20130729,26.025000000000002
20130726,0.0
20130725,0.0
20130724,36.5
20130723,442.505
20130722,6.909000000000001
20130719,47.047000000000004
20130718,0.0
20130717,0.0
20130716,13.16
20130715,0.0
20130712,0.0
20130711,14.476
20130710,0.658
20130709,1645.0
20130708,19.740000000000002
20130705,0.658
20130704,0.658
20130703,0.987
20130702,2.9610000000000003
20130701,0.0
20130628,0.0
20130627,2.632
20130626,333.935
20130625,0.0
20130624,0.0
20130621,0.0
20130620,33.887
20130619,6.820000000000001
20130618,0.0
20130617,0.0
20130614,6.2
20130613,1.2400000000000002
20130612,0.0
20130611,0.0
20130610,0.0
20130607,0.0
20130606,0.0
20130605,0.0
20130604,1.974
20130603,20.398
20130531,0.329
20130530,0.0
20130529,0.0
20130528,0.0
20130527,0.0
20130524,0.0
20130523,39.151
20130522,0.34700000000000003
20130521,0.34700000000000003
20130520,22.208000000000002
20130517,36.088
20130516,0.0
20130515,0.0
20130514,0.34700000000000003
20130513,0.0
20130510,0.0
20130509,26.025000000000002
20130508,10.41
20130507,0.0
20130506,0.0
20130503,0.0
20130502,0.0
20130501,9.369000000000002
20130430,9.369000000000002
20130429,75.67
20130426,65.93
20130425,0.0
20130424,38.3
20130423,67.536
20130422,47.03399999999999
20130419,111.453
20130418,4.979
20130417,0.766
20130416,0.0
20130415,0.0
20130412,0.0
20130411,22.98
20130410,11.107
20130409,1.915
20130408,17.235
20130405,28.725
20130404,0.0
20130403,0.0
20130402,0.0
20130401,0.0
20130329,0.0
20130328,27.192999999999998
20130327,0.0
20130326,0.0
20130325,12.256
20130322,0.0
20130321,0.0
20130320,0.0
20130319,19.15
20130318,0.0
20130315,0.0
20130314,3.064
20130313,1.149
20130312,10.854
20130311,30.240000000000002
20130308,6.720000000000001
20130307,9.240000000000002
20130306,0.0
20130305,37.23
20130304,5.255999999999999
20130301,75.774
20130228,392.448
20130227,246.54000000000002
20130226,0.0
20130225,0.0
20130222,0.6200000000000001
20130221,0.0
20130220,0.0
20130219,0.0
20130218,0.31000000000000005
20130215,916.3600000000001
20130214,1.2400000000000002
20130213,310.62
20130212,51.46000000000001
20130211,31.31
20130208,465.0
20130207,0.0
20130206,7.13
20130205,31.0
20130204,0.0
20130201,7.75
20130131,9.610000000000001
20130130,16.45
20130129,0.0
20130128,36.848
20130125,8.328
20130124,7.634000000000001
20130123,0.0
20130122,26.719
20130121,0.34700000000000003
20130118,3.47
20130117,0.0
20130116,36.435
20130115,11.104000000000001
20130114,43.375
20130111,0.0
20130110,0.0
20130109,0.0
20130108,0.0
20130107,0.0
20130104,0.0
20130103,0.0
20130102,0.0
20130101,0.0
20121231,0.0
20121228,13.505
20121227,118.625
20121226,0.0
20121225,0.0
20121224,207.685
20121221,21.9
20121220,62.05
20121219,142.715
20121218,0.0
20121217,0.766
20121214,0.0
20121213,0.0
20121212,0.0
20121211,3.83
20121210,257.759
20121207,0.0
20121206,0.0
20121205,1.645
20121204,0.0
20121203,0.0
20121130,0.987
20121129,0.0
20121128,0.0
20121127,0.0
20121126,0.0
20121123,0.0
20121122,6.58
20121121,6.58
20121120,0.0
20121119,0.0
20121116,8.554
20121115,10.528
20121114,0.0
20121113,0.0
20121112,16.45
20121109,0.0
20121108,0.0
20121107,0.0
20121106,10.23
20121105,0.0
20121102,0.0
20121101,0.0
20121031,0.0
20121030,1.8599999999999999
20121029,0.0
20121026,0.0
20121025,0.0
20121024,0.0
20121023,6.2
20121022,0.0
20121019,0.0
20121018,0.0
20121017,0.0
20121016,0.0
20121015,0.0
20121012,0.31000000000000005
20121011,0.0
20121010,0.0
20121009,0.0
20121008,12.4
20121005,0.0
20121004,8.370000000000001
20121003,0.0
20121002,0.0
20121001,51.15
20120928,1.316
20120927,0.0
20120926,6.58
20120925,34.874
20120924,0.0
20120921,0.0
20120920,0.0
20120919,0.0
20120918,3.29
20120917,0.0
20120914,0.0
20120913,8.225
20120912,41.454
20120911,0.0
20120910,79.618
20120907,0.0
20120906,0.0
20120905,0.0
20120904,36.782000000000004
20120903,0.0
20120831,0.0
20120830,0.0
20120829,0.0
20120828,21.9
20120827,0.0
20120824,0.0
20120823,0.365
20120822,279.22499999999997
20120821,1.62
20120820,0.0
20120817,0.0
20120816,0.0
20120815,0.0
20120814,0.0
20120813,0.0
20120810,0.0
20120809,4.050000000000001
20120808,0.0
20120807,1.08
20120806,39.96000000000001
20120803,2.7
20120802,1.35
20120801,0.0
20120731,67.5
20120730,0.0
20120727,72.29700000000001
20120726,0.0
20120725,0.0
20120724,0.0
20120723,9.695
20120720,0.0
20120719,28.253999999999998
20120718,0.0
20120717,0.0
20120716,0.0
20120713,0.277
20120712,0.0
20120711,4.709
20120710,0.0
20120709,0.831
20120706,0.0
20120705,2.77
20120704,221.6
20120703,34.625
20120702,7.755999999999999
20120629,0.0
20120628,82.2
20120627,5.48
20120626,0.0
20120625,21.098000000000003
20120622,0.0
20120621,7.75
20120620,15.5
20120619,0.0
20120618,0.0
20120615,0.0
20120614,1.55
20120613,0.0
20120612,141.47
20120611,13.16
20120608,15.344
20120607,72.336
20120606,0.0
20120605,0.0
20120604,0.0
20120601,0.0
20120531,0.0
20120530,0.0
20120529,12.75
20120528,0.0
20120525,2.295
20120524,3.8249999999999997
20120523,15.554999999999998
20120522,0.0
20120521,0.0
20120518,7.592
20120517,0.0
20120516,0.0
20120515,0.0
20120514,0.0
20120511,0.31000000000000005
20120510,0.0
20120509,0.0
20120508,0.0
20120507,0.0
20120504,0.0
20120503,31.0
20120502,0.0
20120501,0.0
20120430,14.892
20120427,0.0
20120426,0.0
20120425,0.0
20120424,36.5
20120423,0.0
20120420,0.0
20120419,0.0
20120418,0.0
20120417,0.0
20120416,0.0
20120413,0.0
20120412,1.46
20120411,19.564
20120410,42.632
20120409,0.0
20120406,0.0
20120405,4.088
20120404,0.0
20120403,6.132
20120402,0.0
20120330,2.336
20120329,0.0
20120328,1.46
20120327,0.0
20120326,5.548
20120323,14.6
20120322,0.0
20120321,90.52
20120320,0.0
20120319,0.0
20120316,15.190000000000001
20120315,33.480000000000004
20120314,0.0
20120313,0.0
20120312,3.948
20120309,11.844000000000001
20120308,0.0
20120307,0.0
20120306,148.05
20120305,0.0
20120302,0.0
20120301,0.0
20120229,0.0
20120228,0.0
20120227,0.0
20120224,0.0
20120223,0.0
20120222,0.987
20120221,0.329
20120220,0.0
20120217,0.0
20120216,0.0
20120215,7.896
20120214,0.0
20120213,3.948
20120210,0.0
20120209,2.303
20120208,0.0
20120207,1.316
20120206,82.57900000000001
20120203,0.0
20120202,0.0
20120201,19.740000000000002
20120131,0.0
20120130,0.0
20120127,0.6940000000000001
20120126,0.34700000000000003
20120125,0.0
20120124,0.0
20120123,0.0
20120120,0.6940000000000001
20120119,0.0
20120118,0.0
20120117,34.7
20120116,0.0
20120113,115.551
20120112,0.0
20120111,0.0
20120110,0.0
20120109,0.0
20120106,1.041
20120105,0.0
20120104,0.0
20120103,86.75
20120102,0.0
20111230,0.0
20111229,0.0
20111228,0.0
20111227,0.0
20111226,0.0
20111223,0.34700000000000003
20111222,0.0
20111221,1.735
20111220,15.268000000000002
20111219,75.646
20111216,3.83
20111215,0.0
20111214,0.0
20111213,0.0
20111212,3.064
20111209,185.755
20111208,14.069999999999999
20111207,0.0
20111206,21.0
20111205,0.0
20111202,0.0
20111201,2.19
20111130,4.38
20111129,2.19
20111128,0.0
20111125,0.0
20111124,18.396
20111123,0.0
20111122,6.132
20111121,20.148
20111118,21.9
20111117,18.834
20111116,0.0
20111115,17.52
20111114,8.76
20111111,0.0
20111110,11.76
20111109,14.016
20111108,4.8180000000000005
20111107,0.438
20111104,2.6279999999999997
20111103,0.0
20111102,0.0
20111101,0.0
20111031,53.43599999999999
20111028,0.0
20111027,441.0
20111026,56.502
20111025,35.916
20111024,50.400000000000006
20111021,20.099999999999998
20111020,44.62199999999999
20111019,31.406
20111018,0.0
20111017,1916.1490000000001
20111014,0.0
20111013,319.039
20111012,99.58
20111011,2.19
20111010,0.0
20111007,0.0
20111006,0.0
20111005,0.0
20111004,0.0
20111003,0.73
20110930,2.19
20110929,0.0
20110928,0.0
20110927,0.0
20110926,0.0
20110923,0.0
20110922,0.0
20110921,0.0
20110920,0.0
20110919,1.095
20110916,18.25
20110915,0.0
20110914,5.475
20110913,0.0
20110912,16.425
20110909,0.0
20110908,0.0
20110907,0.0
20110906,0.0
20110905,7245.25
20110902,0.0
20110901,0.0
20110831,1.825
20110830,6.57
20110826,0.0
20110825,0.0
20110824,0.0
20110823,0.0
20110822,0.0
20110819,0.0
20110818,0.0
20110817,0.0
20110816,0.0
20110815,2.5549999999999997
20110812,1.46
20110811,71.54
20110810,45.11
20110809,15.615
20110808,6.935
20110805,3.65
20110804,114.245
20110803,0.0
20110802,0.0
20110801,350.4
20110729,2.7760000000000002
20110728,0.0
20110727,0.0
20110726,16.656
20110725,0.0
20110722,0.0
20110721,0.0
20110720,0.0
20110719,0.0
20110718,0.0
20110715,0.0
20110714,3.8170000000000006
20110713,4.858
20110712,2.429
20110711,8.675
20110708,0.0
20110707,43.375
20110706,0.658
20110705,0.0
20110704,4.9350000000000005
20110701,0.0
20110630,11.186
20110629,0.0
20110628,13.88
20110627,36.135
20110624,1.825
20110623,0.0
20110622,10.584999999999999
20110621,60.59
20110620,13.88
20110617,2.082
20110616,3.47
20110615,111.73400000000002
20110614,12.045
20110613,4.38
20110610,167.9
20110609,0.0
20110608,110.97999999999999
20110607,267.19
20110606,225.20300000000003
20110603,8.328
20110602,174.648
20110601,0.0
20110531,0.0
20110527,4.422
20110526,0.0
20110525,0.0
20110524,0.0
20110523,0.0
20110520,0.0
20110519,0.40199999999999997
20110518,0.40199999999999997
20110517,0.0
20110516,25.727999999999998
20110513,0.0
20110512,0.0
20110511,0.0
20110510,25.727999999999998
20110509,0.0
20110506,0.0
20110505,0.0
20110504,3.2159999999999997
20110503,51.858
20110428,86.42999999999999
20110427,58.69199999999999
20110426,401.99999999999994
20110421,4.2
20110420,0.0
20110419,0.0
20110418,0.0
20110415,0.0
20110414,2.52
20110413,19.740000000000002
20110412,16.206
20110411,0.0
20110408,83.658
20110407,43.8
20110406,1.26
20110405,0.0
20110404,204.96
20110401,0.42000000000000004
20110331,147.168
20110330,3.504
20110329,68.76599999999999
20110328,173.01
20110325,563.7059999999999
20110324,51.684000000000005
20110323,0.0
20110322,14.016
20110321,0.0
20110318,0.0
20110317,0.0
20110316,76.60799999999999
20110315,1.3679999999999999
20110314,25.991999999999997
20110311,16.206
20110310,10.95
20110309,0.0
20110308,1.3139999999999998
20110307,0.438
20110304,6.132
20110303,1.752
20110302,41.172
20110301,3.6479999999999997
20110228,0.0
20110225,55.626
20110224,8.76
20110223,43.8
20110222,12.264
20110221,13.14
20110218,7.446
20110217,57.815999999999995
20110216,0.0
20110215,3.504
20110214,0.438
20110211,0.0
20110210,88.03800000000001
20110209,2.6279999999999997
20110208,26.717999999999996
20110207,0.438
20110204,20.064
20110203,11.399999999999999
20110202,63.38399999999999
20110201,0.0
20110131,0.0
20110128,20.064
20110127,141.35999999999999
20110126,341.99999999999994
20110125,18109.11
20110124,831.1800000000001
20110121,116.72400000000002
20110120,3.2880000000000003
20110119,7.1240000000000006
20110118,0.0
20110117,0.0
20110114,16.44
20110113,2.74
20110112,0.0
20110111,5.48
20110110,2.74
20110107,1.096
20110106,13.700000000000001
20110105,27.400000000000002
20110104,391.27200000000005
20101230,10.96
20101229,2.74
20101227,0.0
20101224,0.0
20101223,0.0
20101222,0.0
20101221,17.536
20101220,29.592000000000006
20101217,0.0
20101216,0.0
20101215,11.68
20101214,0.0
20101213,4.932
20101210,3.2880000000000003
20101209,0.0
20101208,362.77600000000007
20101207,0.0
20101206,0.0
20101203,0.621
20101202,0.0
20101201,30.429000000000002
20101130,6.21
20101129,96.87599999999999
20101126,0.0
20101125,0.0
20101124,0.0
20101123,19.264
20101122,0.0
20101119,0.0
20101118,40.986
20101117,15.525
20101116,19.251
20101115,162.30599999999998
20101112,17.35
20101111,135.33
20101110,0.0
20101109,6.94
20101108,1.4240000000000002
20101105,3.56
20101104,0.0
20101103,0.0
20101102,0.0
20101101,142.4
20101029,0.0
20101028,0.0
20101027,0.0
20101026,32.04
20101025,14.952000000000002
20101022,0.0
20101021,0.0
20101020,0.7150000000000001
20101019,0.0
20101018,0.0
20101015,55.52
20101014,0.0
20101013,0.0
20101012,0.0
20101011,83.28
20101008,0.0
20101007,0.0
20101006,0.0
20101005,0.0
20101004,2.8680000000000003
20101001,0.0
20100930,4.858
20100929,0.0
20100928,0.0
20100927,0.0
20100924,0.0
20100923,21.607
20100922,1.3880000000000001
20100921,2.082
20100920,0.0
20100917,110.88000000000001
20100916,0.0
20100915,20.88
20100914,0.0
20100913,0.0
20100910,1.3880000000000001
20100909,2.082
20100908,0.0
20100907,0.0
20100906,0.73
20100903,13.88
20100902,0.0
20100901,0.0
20100831,0.0
20100830,0.0
20100827,2.244
20100826,0.0
20100825,2.244
20100824,0.0
20100823,9.49
20100820,0.0
20100819,2.924
20100818,1.462
20100817,7.3
20100816,0.0
20100813,0.0
20100812,56.1
20100811,0.0
20100810,2.924
20100809,0.731
20100806,0.0
20100805,2.924
20100804,1095.0
20100803,0.0
20100802,0.0
20100730,2.1929999999999996
20100729,14.78
20100728,0.0
20100727,0.0
20100726,0.0
20100723,0.0
20100722,7.146000000000001
20100721,25.44
20100720,18.425
20100719,0.0
20100716,17.525
20100715,0.0
20100714,54.02
20100713,37.400000000000006
20100712,0.0
20100709,0.0
20100708,10.472
20100707,4.272
20100706,0.0
20100705,2.22
20100702,7.12
20100701,14.24
20100630,0.0
20100629,0.743
20100628,0.0
20100625,18.738000000000003
20100624,0.0
20100623,0.7480000000000001
20100622,36.576
20100621,44.416000000000004
20100618,0.7010000000000001
20100617,0.0
20100616,0.0
20100615,65.962
20100614,32.256
20100611,0.0
20100610,7.48
20100609,14.96
20100608,249.275
20100607,124.83000000000001
20100604,122.925
20100603,414.64
20100602,0.0
20100601,0.0
20100531,0.0
20100528,261.00300000000004
20100527,0.0
20100526,0.0
20100525,0.66
20100524,2.7760000000000002
20100521,37.895
20100520,313.68800000000005
20100519,0.0
20100518,0.0
20100517,0.0
20100514,0.0
20100513,39.325
20100512,12.618
20100511,0.0
20100510,6.94
20100507,0.0
20100506,1.4020000000000001
20100505,64.125
20100504,0.0
20100503,0.0
20100430,0.0
20100429,4.488
20100428,0.0
20100427,35.904
20100426,69.0
20100423,6.39
20100422,0.0
20100421,1.9169999999999998
20100420,3.8339999999999996
20100419,0.0
20100416,0.0
20100415,0.0
20100414,77.088
20100413,0.0
20100412,43.8
20100409,0.0
20100408,0.0
20100407,7.1240000000000006
20100406,8.768
20100405,0.0
20100402,0.0
20100401,237.104
20100331,19.728
20100330,4.384
20100329,1.204
20100326,0.0
20100325,13.700000000000001
20100324,0.0
20100323,6.04
20100322,1.8059999999999998
20100319,0.0
20100318,139.74
20100317,0.0
20100316,0.0
20100315,0.0
20100312,0.0
20100311,0.0
20100310,0.0
20100309,0.0
20100308,0.0
20100305,0.0
20100304,0.0
20100303,0.0
20100302,0.0
20100301,0.0
20100226,0.0
20100225,0.0
20100224,0.0
20100223,0.0
20100222,28.464
20100219,29.55
20100218,0.0
20100217,19.264
20100216,0.0
20100215,44.488
20100212,0.0
20100211,2.8480000000000003
20100210,0.0
20100209,27.186
20100208,65.7
20100205,37.449000000000005
20100204,0.0
20100203,0.0
20100202,0.0
20100201,0.0
20100129,0.0
20100128,0.0
20100127,0.0
20100126,0.0
20100125,0.0
20100122,0.0
20100121,0.0
20100120,0.0
20100119,0.0
20100118,0.0
20100115,0.0
20100114,58.4
20100113,2.19
20100112,10.219999999999999
20100111,35.77
20100108,6.803999999999999
20100107,13.5
20100106,0.0
20100105,0.0
20100104,3387.15
20091231,6.75
20091230,0.0
20091229,121.18
20091225,0.0
20091224,0.0
20091223,3.375
20091222,49.968
20091221,0.0
20091218,0.0
20091217,0.0
20091216,0.0
20091215,9.687999999999999
20091214,0.0
20091211,2710.07
20091210,0.0
20091209,0.0
20091208,8.541
20091207,62.322
20091204,4.164
20091203,5.28
20091202,0.0
20091201,0.0
20091130,0.0
20091127,0.0
20091126,0.0
20091125,0.0
20091124,99.6
20091123,100.34
20091120,54.02
20091119,0.0
20091118,69.09
20091117,91.52000000000001
20091116,323.439
20091113,0.0
20091112,0.0
20091111,15.54
20091110,0.0
20091109,0.0
20091106,0.0
20091105,146.0
20091104,116.8
20091103,21.92
20091102,0.0
20091030,0.0
20091029,10.794
20091028,8.738
20091027,0.0
20091026,0.0
20091023,0.0
20091022,10.28
20091021,1.028
20091020,0.0
20091019,0.514
20091016,0.0
20091015,0.0
20091014,0.0
20091013,0.0
20091012,25.186
20091009,0.0
20091008,0.0
20091007,1883.3999999999999
20091006,0.0
20091005,0.0
20091002,0.0
20091001,0.0
20090930,0.0
20090929,263.68199999999996
20090928,2.256
20090925,24.252
20090924,0.0
20090923,1.128
20090922,56.96399999999999
20090921,0.0
20090918,0.0
20090917,0.0
20090916,15.330000000000002
20090915,10.98
20090914,0.0
20090911,0.0
20090910,6885.36
20090909,0.0
20090908,27.400000000000002
20090907,33.976000000000006
20090904,0.0
20090903,0.0
20090902,0.0
20090901,0.0
20090831,0.0
20090828,64.66400000000002
20090827,1213.8200000000002
20090826,65.76
20090825,0.0
20090824,0.0
20090821,60.342
20090820,0.0
20090819,0.0
20090818,0.0
20090817,0.0
20090814,0.0
20090813,0.0
20090812,0.0
20090811,0.0
20090810,0.0
20090807,0.0
20090806,0.0
20090805,0.0
20090804,0.0
20090803,0.0
20090731,0.0
20090730,0.0
20090729,0.0
20090728,73.0
20090727,0.0
20090724,3060.16
20090723,0.0
20090722,0.0
20090721,0.0
20090720,0.0
20090717,0.0
20090716,4.27
20090715,0.0
20090714,0.0
20090713,0.0
20090710,14.639999999999999
20090709,0.0
20090708,0.0
20090707,2.484
20090706,0.0
20090703,0.0
20090702,21.735
20090701,0.0
20090630,0.0
20090629,0.0
20090626,0.0
20090625,0.0
20090624,0.0
20090623,0.0
20090622,0.0
20090619,3.075
20090618,36.900000000000006
20090617,0.0
20090616,32.12
20090615,0.0
20090612,0.0
20090611,0.0
20090610,54.485
20090609,0.0
20090608,0.0
20090605,0.0
20090604,0.0
20090603,0.0
20090602,0.0
20090601,0.0
20090529,0.0
20090528,3.768
20090527,0.0
20090526,3.792
20090525,0.0
20090522,0.0
20090521,0.0
20090520,0.0
20090519,0.0
20090518,0.0
20090515,0.0
20090514,0.0
20090513,0.0
20090512,6.28
20090511,0.0
20090508,21.488
20090507,0.0
20090506,0.0
20090505,0.0
20090504,0.0
20090501,0.0
20090430,0.0
20090429,0.0
20090428,54.95399999999999
20090427,0.0
20090424,0.0
20090423,0.0
20090422,0.0
20090421,0.0
20090420,0.0
20090417,0.0
20090416,0.0
20090415,0.0
20090414,0.0
20090413,0.0
20090410,0.0
20090409,0.0
20090408,3.78
20090407,7.845000000000001
20090406,20.397000000000002
20090403,0.0
20090402,230.461
20090401,0.0
20090331,165.508
20090330,311.418
20090327,0.0
20090326,0.0
20090325,0.0
20090324,21.564
20090323,0.0
20090320,0.0
20090319,5.84
20090318,0.0
20090317,0.0
20090316,0.0
20090313,0.0
20090312,0.0
20090311,0.0
20090310,1.226
20090309,0.0
20090306,0.0
20090305,0.0
20090304,0.0
20090303,0.0
20090302,0.0
20090227,0.0
20090226,0.0
20090225,0.0
20090224,1.226
20090223,0.0
20090220,0.0
20090219,0.0
20090218,6.13
20090217,0.0
20090216,0.0
20090213,0.0
20090212,6.743
20090211,29.2
20090210,0.0
20090209,0.0
20090206,0.0
20090205,467.2
20090204,0.0
20090203,4.44
20090202,74.61300000000001
20090130,0.0
20090129,0.0
20090128,0.0
20090127,0.0
20090126,0.0
20090123,13.797000000000002
20090122,0.0
20090121,0.0
20090120,1.5330000000000001
20090119,0.0
20090116,0.0
20090115,0.0
20090114,0.0
20090113,0.0
20090112,1.5330000000000001
20090109,0.0
20090108,0.0
20090107,0.0
20090106,0.0
20090105,0.0
20090102,0.0
20090101,0.0
20081231,0.0
20081230,0.0
20081229,0.0
20081226,0.0
20081225,0.0
20081224,0.0
20081223,0.0
20081222,0.0
20081219,0.0
20081218,14.6
20081217,11.68
20081216,0.0
20081215,0.0
20081212,0.0
20081211,0.0
20081210,0.0
20081209,0.0
20081208,0.0
20081205,3.726
20081204,0.0
20081203,0.0
20081202,0.0
20081201,1.944
20081128,0.0
20081127,0.0
20081126,0.0
20081125,0.0
20081124,3.105
20081121,0.0
20081120,0.0
20081119,0.6280000000000001
20081118,0.0
20081117,0.0
20081114,0.0
20081113,22.192
20081112,0.0
20081111,82.47399999999999
20081110,0.0
20081107,0.0
20081106,22.875999999999998
20081105,0.533
20081104,0.0
20081103,12.775
20081031,13.700000000000001
20081030,13.700000000000001
20081029,0.0
20081028,82.2
20081027,0.0
20081024,0.0
20081023,336.384
20081022,98.112
20081021,112.428
20081020,178.11999999999998
20081017,40.348000000000006
20081016,0.0
20081015,10.241000000000001
20081014,0.0
20081013,0.0
20081010,0.0
20081009,7.736000000000001
20081008,7.440000000000001
20081007,7.408
20081006,4.63
20081003,0.0
20081002,21.39
20081001,0.0
20080930,0.0
20080929,51.1
20080926,44.436
20080925,5.29
20080924,23.672
20080923,6.4559999999999995
20080922,0.0
20080919,49.726
20080918,3.345
20080917,0.0
20080916,0.0
20080915,2.144
20080912,11.638000000000002
20080911,0.0
20080910,0.0
20080909,116.07
20080908,0.0
20080905,0.0
20080904,0.0
20080903,0.0
20080902,4.38
20080901,0.0
20080829,0.0
20080828,1.095
20080827,7.727999999999999
20080826,0.0
20080825,0.0
20080822,1.107
20080821,0.0
20080820,43.173
20080819,5.475
20080818,0.0
20080815,0.0
20080814,0.0
20080813,1.131
20080812,0.0
20080811,0.0
20080808,9.056000000000001
20080807,0.0
20080806,5.475
20080805,0.0
20080804,1.1039999999999999
20080801,6.569999999999999
20080731,0.0
20080730,0.0
20080729,2.266
20080728,3.2849999999999997
20080725,0.0
20080724,0.0
20080723,16.424999999999997
20080722,11.33
20080721,125.925
20080718,23.0
20080717,0.0
20080716,20.376
20080715,124.52000000000001
20080714,14.716000000000001
20080711,5.66
20080710,0.0
20080709,40.752
20080708,2.272
20080707,17.25
20080704,0.0
20080703,5.66
20080702,0.0
20080701,18.576
20080630,0.0
20080627,113.2
20080626,3.429
20080625,74.712
20080624,2.2640000000000002
20080623,1.168
20080620,15.665000000000001
20080619,0.0
20080618,15.184
20080617,7.008
20080616,44.148
20080613,92.824
20080612,57.575
20080611,241.116
20080610,6.025
20080609,36.3
20080606,158.379
20080605,222.925
20080604,0.0
20080603,3.669
20080602,2.42
20080530,2.42
20080529,32.535000000000004
20080528,0.0
20080527,75.02
20080526,0.0
20080523,0.0
20080522,18.345
20080521,2.452
20080520,8.469999999999999
20080519,0.0
20080516,139.78
20080515,175.45
20080514,31.330000000000002
20080513,0.0
20080512,101.64
20080509,460.31000000000006
20080508,825.3719999999998
20080507,0.0
20080506,0.0
20080505,0.0
20080502,50.448
20080501,181.976
20080430,1.9280000000000002
20080429,0.0
20080428,80.73800000000001
20080425,181.91600000000003
20080424,0.0
20080423,28.47
20080422,0.0
20080421,12.493
20080418,0.0
20080417,3.1319999999999997
20080416,81.94
20080415,135.72
20080414,0.0
20080411,0.0
20080410,0.0
20080409,0.0
20080408,0.0
20080407,0.0
20080404,0.0
20080403,15.184000000000001
20080402,0.0
20080401,0.0
20080331,15.184000000000001
20080328,32.266
20080327,283.751
20080326,6.643
20080325,4.745
20080324,0.0
20080321,0.0
20080320,22.776
20080319,0.0
20080318,24.528000000000002
20080317,0.0
20080314,0.0
20080313,71.54
20080312,25.55
20080311,0.0
20080310,0.0
20080307,0.0
20080306,2.22
20080305,28.616
20080304,67.452
20080303,0.0
20080229,56.21
20080228,0.0
20080227,6.569999999999999
20080226,0.0
20080225,0.0
20080222,0.0
20080221,7.664999999999999
20080220,5.475
20080219,16.424999999999997
20080218,0.0
20080215,40.515
20080214,66.79499999999999
20080213,0.0
20080212,240.89999999999998
20080211,12.045
20080208,0.0
20080207,10.95
20080206,17.52
20080205,0.0
20080204,10.95
20080201,0.0
20080131,31.754999999999995
20080130,0.0
20080129,134.708
20080128,1.095
20080125,0.0
20080124,0.0
20080123,12.045
20080122,94.104
20080121,132.787
20080118,14.892
20080117,95.557
20080116,12.41
20080115,10.456000000000001
20080114,8.687
20080111,0.0
20080110,65.773
20080109,12.41
20080108,0.0
20080107,35.289
20080104,98.55000000000001
20080103,1.168
20080102,0.0
20080101,0.0
20071231,114.912
20071228,3.795
20071227,6.205
20071226,0.0
20071225,0.0
20071224,3.504
20071221,526.262
20071220,13.794
20071219,20.096000000000004
20071218,2221.39
20071217,100.521
20071214,42.048
20071213,0.0
20071212,2.672
20071211,0.0
20071210,118.19200000000001
20071207,11.392000000000001
20071206,1583.4279999999999
20071205,19.89
20071204,143.016
20071203,79.059
20071130,16.644
20071129,13.87
20071128,0.0
20071127,15.257
20071126,33.455999999999996
20071123,43.11
20071122,18.031
20071121,22.338
20071120,65.7
20071119,26.352999999999998
20071116,72.904
20071115,14.09
20071114,2.8200000000000003
20071113,4.2299999999999995
20071112,67.63199999999999
20071109,50.76
20071108,83.22
20071107,0.0
20071106,29.127
20071105,45.99
20071102,3.0660000000000003
20071101,18.396
20071031,6049.21
20071030,1436.421
20071029,671.454
20071026,371.25600000000003
20071025,1191.6119999999999
20071024,807.234
20071023,1056.27
20071022,4.672
20071019,35.04
20071018,2.5220000000000002
20071017,3.525
20071016,0.0
20071015,16.352
20071012,3.789
20071011,1.2630000000000001
20071010,13.97
20071009,0.0
20071008,0.0
20071005,0.0
20071004,0.0
20071003,23.36
20071002,17.625
20071001,1.27
20070928,0.0
20070927,46.99
20070926,52.56
20070925,16.352
20070924,37.6
20070921,17.52
20070920,2.336
20070919,0.0
20070918,79.42399999999999
20070917,28.543
20070914,28.543
20070913,0.0
20070912,0.0
20070911,45.99
20070910,0.0
20070907,1.314
20070906,26.28
20070905,17.082
20070904,45.99
20070903,15.768
20070831,0.0
20070830,32.85
20070829,0.0
20070828,95.922
20070827,0.0
20070824,0.0
20070823,0.0
20070822,0.0
20070821,0.0
20070820,0.0
20070817,32.85
20070816,35.478
20070815,26.28
20070814,0.0
20070813,0.0
20070810,37.96
20070809,87.6
20070808,0.0
20070807,0.0
20070806,74.898
20070803,342.813
20070802,5.344
20070801,6.645
20070731,56.96
20070730,8.016
20070727,34.176
20070726,594.516
20070725,79.866
20070724,51.948
20070723,65.268
20070720,2089.8
20070719,1340.064
20070718,282.94800000000004
20070717,881.11
20070716,14185.871
20070713,1750.86
20070712,16.419
20070711,580.9250000000001
20070710,645.744
20070709,65.773
20070706,1162.5
20070705,1202.31
20070704,0.0
20070703,0.0
20070702,40.734
20070629,190.291
20070628,4.074
20070627,8.213999999999999
20070626,155.05200000000002
20070625,919.8000000000001
20070622,107.74799999999999
20070621,125.28
20070620,77.672
20070619,72.124
20070618,6.935
20070615,0.0
20070614,2.994
20070613,0.0
20070612,5.988
20070611,79.341
20070608,22.455000000000002
20070607,41.391000000000005
20070606,44.457
20070605,16.79
20070604,8.395
20070601,83.94999999999999
20070531,25.185
20070530,0.0
20070529,1.679
20070528,0.0
20070525,95.703
20070524,166.221
20070523,35.259
20070522,0.0
20070521,42.9
20070518,39.467999999999996
20070517,0.0
20070516,61.32
20070515,85.848
20070514,0.0
20070511,84.036
20070510,39.336
20070509,338.884
20070508,9.49
20070507,0.0
20070504,36.062
20070503,30.368000000000002
20070502,94.9
20070501,9.675
20070430,69.66000000000001
20070427,59.13
20070426,1239.759
20070425,175.419
20070424,1.8980000000000001
20070423,13.286
20070420,0.0
20070419,45.552
20070418,5.694
20070417,0.0
20070416,5.694
20070413,47.45
20070412,0.0
20070411,0.0
20070410,0.0
20070409,0.0
20070406,0.0
20070405,216.372
20070404,0.0
20070403,32.266
20070402,0.0
20070330,74.022
20070329,22.776
20070328,0.0
20070327,24.674000000000003
20070326,17.082
20070323,0.0
20070322,0.0
20070321,0.0
20070320,1.8980000000000001
20070319,17.082
20070316,0.0
20070315,91.104
20070314,92.88000000000001
20070313,0.0
20070312,51.246
20070309,48.375
20070308,3865.131
20070307,130.086
20070306,382.37399999999997
20070305,9.855
20070302,197.10000000000002
20070301,139.941
20070228,163.59300000000002
20070227,0.0
20070226,14.566999999999998
20070223,56.187
20070222,222.66699999999997
20070221,2.227
20070220,22.27
20070219,99.08399999999999
20070216,15.588999999999999
20070215,15.588999999999999
20070214,53.448
20070213,256.105
20070212,151.621
20070209,186.29999999999998
20070208,0.0
20070207,96.36
20070206,33.726
20070205,9.636000000000001
20070202,0.0
20070201,62.634
20070131,161.403
20070130,9.636000000000001
20070129,26.499000000000002
20070126,67.452
20070125,36.135
20070124,48.18
20070123,62.634
20070122,24.09
20070119,4.8180000000000005
20070118,19.272000000000002
20070117,0.0
20070116,12.045
20070115,2.4090000000000003
20070112,28.907999999999998
20070111,4512.057000000001
20070110,2.4090000000000003
20070109,469.755
20070108,0.0
20070105,78.272
20070104,0.0
20070103,1264.2759999999998
20070102,457.856
20070101,0.0
20061229,23.0
20061228,517.5
20061227,975.1999999999999
20061226,0.0
20061225,0.0
20061222,57.5
20061221,16.099999999999998
20061220,18.400000000000002
20061219,2070.0
20061218,13.799999999999999
20061215,766.208
20061214,100.448
20061213,35.04
20061212,7.116
20061211,40.324
20061208,49.056
20061207,7.008
20061206,0.0
20061205,23.36
20061204,0.0
20061201,28.032
20061130,2.336
20061129,292.0
20061128,135.488
20061127,1308.087
20061124,908.704
20061123,23.36
20061122,30.368
20061121,0.0
20061120,107.45599999999999
20061117,408.8
20061116,385.44
20061115,280.32
20061114,1053.3999999999999
20061113,558.9
20061110,0.0
20061109,185.493
20061108,240.9
20061107,12.23
20061106,80.718
20061103,85.61
20061102,39.136
20061101,117.408
20061031,191.625
20061030,20.44
20061027,56.21000000000001
20061026,0.0
20061025,0.0
20061024,5.11
20061023,63.875
20061020,12.775
20061019,5.11
20061018,7.665
20061017,0.0
20061016,5.11
20061013,2.555
20061012,10.22
20061011,5.11
20061010,1351.595
20061009,71.955
20061006,29.315
20061005,40.515
20061004,140.45200000000003
20061003,375.439
20061002,33.732
20060929,25.299
20060928,0.0
20060927,59.031
20060926,2.811
20060925,0.0
20060922,0.0
20060921,0.0
20060920,340.131
20060919,19.677
20060918,5.622
20060915,42.165
20060914,2.811
20060913,75.897
20060912,56.22
20060911,163.03799999999998
20060908,407.59499999999997
20060907,2901.604
20060906,61.294999999999995
20060905,5.476
20060904,61.842000000000006
20060901,45.552
20060831,2.847
20060830,56.94
20060829,0.0
20060828,0.0
20060825,59.12
20060824,11.824
20060823,11.824
20060822,59.12
20060821,301.51199999999994
20060818,0.0
20060817,14.78
20060816,0.0
20060815,73.89999999999999
20060814,2.956
20060811,0.0
20060810,14.78
20060809,8.867999999999999
20060808,106.416
20060807,47.296
20060804,41.38399999999999
20060803,0.0
20060802,29.56
20060801,130.064
20060731,14.78
20060728,124.152
20060727,44.339999999999996
20060726,14.78
20060725,0.0
20060724,2.956
20060721,5.912
20060720,124.152
20060719,8.867999999999999
20060718,20.691999999999997
20060717,0.0
20060714,44.339999999999996
20060713,50.251999999999995
20060712,41.38399999999999
20060711,0.0
20060710,59.12
20060707,168.492
20060706,8.867999999999999
20060705,47.888000000000005
20060704,0.0
20060703,359.15999999999997
20060630,335.21599999999995
20060629,475.887
20060628,65.846
20060627,517.789
20060626,23.944000000000003
20060623,0.0
20060622,86.797
20060621,45.99
20060620,0.0
20060619,0.0
20060616,0.0
20060615,67.45200000000001
20060614,30.66
20060613,42.406
20060612,55.854000000000006
20060609,3.103
20060608,62.78
20060607,6.2780000000000005
20060606,21.973
20060605,91.031
20060602,0.0
20060601,24.824
20060531,182.062
20060530,6.2780000000000005
20060529,0.0
20060526,150.672
20060525,100.44800000000001
20060524,252.94500000000002
20060523,16.79
20060522,83.94999999999999
20060519,87.30799999999999
20060518,198.122
20060517,0.0
20060516,76.296
20060515,12672.071999999998
20060512,34.68
20060511,24.276
20060510,10.404
20060509,56.064
20060508,8423.616
20060505,28.032
20060504,1226.3999999999999
20060503,1594.32
20060502,0.0
20060501,0.0
20060428,7.008
20060427,129.648
20060426,301.344
20060425,224.256
20060424,938.3649999999999
20060421,105.12
20060420,275.64300000000003
20060419,80.592
20060418,255.20799999999997
20060417,0.0
20060414,0.0
20060413,20.148
20060412,124.246
20060411,419.75
20060410,651.5439999999999
20060407,5442.185
20060406,1713.096
20060405,97.08999999999999
20060404,643.422
20060403,139.50300000000001
20060331,230.60699999999997
20060330,638.496
20060329,92.783
20060328,200.531
20060327,0.0
20060324,165.56400000000002
20060323,38.112
20060322,130.216
20060321,31.76
20060320,952.8000000000001
20060317,31.76
20060316,22.232
20060315,279.48800000000006
20060314,144.54
20060313,372.592
20060310,32.85
20060309,59.13
20060308,134.685
20060307,20.148
20060306,1051.0539999999999
20060303,151.10999999999999
20060302,16.975
20060301,312.221
20060228,125.19500000000001
20060227,447.12500000000006
20060224,0.0
20060223,53.655
20060222,157.38800000000003
20060221,78.69400000000002
20060220,57.824000000000005
20060217,36.14
20060216,10.842
20060215,303.576
20060214,109.5
20060213,0.0
20060210,113.15
20060209,303.576
20060208,90.35
20060207,14.456000000000001
20060206,32.526
20060203,0.0
20060202,68.666
20060201,86.736
20060131,14.600000000000001
20060130,14.600000000000001
20060127,105.85
20060126,94.9
20060125,189.8
20060124,314.418
20060123,0.0
20060120,75.894
20060119,81.114
20060118,3.6500000000000004
20060117,93.964
20060116,138.7
20060113,26.060999999999996
20060112,63.29099999999999
20060111,3.7600000000000002
20060110,45.12
20060109,109.04
20060106,67.68
20060105,90.24
20060104,0.0
20060103,229.35999999999999
20060102,0.0
