20160408,25754.399999999998
20160407,82917.41500000001
20160406,6904408.985
20160405,15220.646
20160404,235776.422
20160401,5470.3279999999995
20160331,28330.569999999996
20160330,19710.0
20160329,25951.5
20160328,0.0
20160324,32439.375
20160323,34890.35
20160322,11129.580000000002
20160321,39559.065
20160318,9563.73
20160317,5651.295
20160316,124908.11
20160315,152656.14
20160314,59013.200000000004
20160311,11781.105
20160310,5635.308
20160309,30591.672000000002
20160308,14893.314
20160307,9074.192000000001
20160304,3069.212
20160303,2802.324
20160302,4670.54
20160301,24153.364
20160229,11743.072000000002
20160226,49774.612
20160225,6004.9800000000005
20160224,3069.212
20160223,9474.524
20160222,2391.48
20160219,4517.24
20160218,7253.280000000001
20160217,7174.44
20160216,142691.63999999998
20160215,18334.68
20160212,9034.48
20160211,49967.03999999999
20160210,8554.140000000001
20160209,288495.27
20160208,20640.75
20160205,9458.975
20160204,114205.58000000002
20160203,2613.7650000000003
20160202,6347.715
20160201,2115.905
20160129,35348.06
20160128,15558.125000000002
20160127,40700.05500000001
20160126,248.49200000000002
20160125,6088.054000000001
20160122,109709.218
20160121,30564.516000000003
20160120,43734.592000000004
20160119,4597.102000000001
20160118,30316.023999999998
20160115,21867.296000000002
20160114,4845.594
20160113,16151.98
20160112,341274.70800000004
20160111,9075.36
20160108,12999.84
20160107,6867.84
20160106,1962.2400000000002
20160105,7436.509999999999
20160104,29014.579999999998
20151231,3657.2999999999997
20151230,4266.849999999999
20151229,21943.8
20151224,1093.905
20151223,27712.260000000002
20151222,11661.312
20151221,12633.088000000002
20151218,5591.07
20151217,15314.67
20151216,7703.325
20151215,8559.25
20151214,9782.0
20151211,16335.939999999999
20151210,18286.5
20151209,39861.65
20151208,13044.369999999999
20151207,66150.77500000001
20151204,28892.67
20151203,13329.8
20151202,4683.315
20151201,20137.488
20151130,31413.36
20151127,11661.020000000002
20151126,10225.109999999999
20151125,330934.331
20151124,10088.746
20151123,62996.007
20151120,10138.97
20151119,21103.204999999998
20151118,6720.015
20151117,2593.6900000000005
20151116,45153.784999999996
20151113,51302.648
20151112,33743.885
20151111,5523.909999999999
20151110,11648.244999999999
20151109,34432.275
20151106,361.34999999999997
20151105,14694.9
20151104,7227.0
20151103,8551.949999999999
20151102,1324.95
20151030,21801.45
20151029,32903.28999999999
20151028,12263.489000000001
20151027,9361.52
20151026,10814.877000000002
20151023,1976.913
20151022,9508.104
20151021,23286.781
20151020,38292.880000000005
20151019,12341.380000000001
20151016,30793.736
20151015,4024.125
20151014,20475.989
20151013,62773.795
20151012,6129.810000000001
20151009,5883.8
20151008,1948.37
20151007,8373.1
20151006,17470.359999999997
20151005,3023.514
20151002,63941.722
20151001,5263.1539999999995
20150930,16530.120000000003
20150929,3981.128
20150928,8547.716
20150925,267847.512
20150924,58504.755
20150923,51090.291000000005
20150922,10288.619999999999
20150921,8739.56
20150918,767405.2000000001
20150917,305046.56
20150916,2274.68
20150915,63212.159999999996
20150914,58051.425
20150911,27871.399999999998
20150910,9342.539999999999
20150909,12261.080000000002
20150908,107085.16
20150907,13937.452000000001
20150904,19582.688000000002
20150903,28312.32
20150902,12268.672
20150901,7785.888
20150831,0.0
20150828,15883.924
20150827,363160.76499999996
20150826,13247.090999999999
20150825,142660.98
20150824,250400.80399999997
20150821,32855.840000000004
20150820,15954.15
20150819,170967.825
20150818,4321.6
20150817,12274.95
20150814,6460.5
20150813,11229.225
20150812,6774.400000000001
20150811,9738.199999999999
20150810,9368.674
20150807,1894.7880000000002
20150806,222914.625
20150805,14874.480000000001
20150804,10498.859999999999
20150803,22747.53
20150731,433335.3
20150730,365837.31000000006
20150729,6405.0199999999995
20150728,3759.7919999999995
20150727,939.9479999999999
20150724,14307.489000000001
20150723,8007.735000000001
20150722,5753.130000000001
20150721,11739.495
20150720,15826.692000000001
20150717,1796.53
20150716,4496.799999999999
20150715,5351.192
20150714,1101.716
20150713,1652.5740000000003
20150710,15502.718
20150709,0.0
20150708,0.0
20150707,1809.962
20150706,8262.87
20150703,10692.675
20150702,6453.2
20150701,5243.224999999999
20150630,3970.4700000000003
20150629,6401.37
20150626,7603.680000000001
20150625,2534.56
20150624,2125.76
20150623,2943.36
20150622,12918.080000000002
20150619,8869.5
20150618,7309.125
20150617,14536.125
20150616,1888.8749999999998
20150615,993.384
20150612,998.64
20150611,10402.5
20150610,1581.18
20150609,4909.9800000000005
20150608,1588.115
20150605,4931.515
20150604,6853.969999999999
20150603,595.3149999999999
20150602,25683.59
20150601,3085.272
20150529,4199.398
20150528,6455.025
20150527,19795.41
20150526,7951.744
20150525,0.0
20150522,777.888
20150521,12186.912
20150520,10112.544
20150519,16076.352000000003
20150518,7075.451999999999
20150515,8665.1
20150514,6152.221
20150513,7992.04
20150512,2277.6
20150511,9723.6
20150508,9110.4
20150507,5080.8
20150506,6394.8
20150505,8672.4
20150504,0.0
20150501,9811.199999999999
20150430,10249.199999999999
20150429,33112.799999999996
20150428,35685.32
20150427,29325.56
20150424,19704.16
20150423,32412.0
20150422,32850.0
20150421,66732.95
20150420,148301.69
20150417,8195.710000000001
20150416,13988.625
20150415,21881.75
20150414,28732.434999999998
20150413,26524.55
20150410,4987.36
20150409,21724.434999999998
20150408,3934.9919999999997
20150407,4162.313999999999
20150406,0.0
20150403,0.0
20150402,20521.760000000002
20150401,13081.6
20150331,8012.4800000000005
20150330,14962.080000000002
20150327,3712.0499999999997
20150326,9157.119999999999
20150325,10402.5
20150324,7588.349999999999
20150323,8684.445
20150320,9695.130000000001
20150319,110728.59
20150318,27705.324999999997
20150317,28791.199999999997
20150316,19391.719999999998
20150313,20323.199999999997
20150312,4826.76
20150311,6774.4
20150310,5466.24
20150309,588.672
20150306,1429.632
20150305,20771.712
20150304,22790.016000000003
20150303,8577.792
20150302,8157.312
20150227,18920.286
20150226,22117.248000000003
20150225,10724.868
20150224,20312.25
20150223,9181.137
20150220,8856.141
20150219,16331.049
20150218,6987.414
20150217,11212.362000000001
20150216,9668.631000000001
20150213,75967.815
20150212,2025.75
20150211,32412.0
20150210,11579.625
20150209,29236.5
20150206,10840.5
20150205,985.5
20150204,3679.2000000000003
20150203,2371.04
20150202,1144.6399999999999
20150130,23241.375
20150129,4742.08
20150128,6077.25
20150127,0.0
20150126,4352.625
20150123,329.37600000000003
20150122,9304.872000000001
20150121,3293.76
20150120,10128.312000000002
20150119,11248.424
20150116,5876.5
20150115,4890.2699999999995
20150114,43843.799999999996
20150113,34822.094999999994
20150112,4713.61
20150109,5575.375
20150108,5918.475
20150107,1479.272
20150106,27217.32
20150105,4623.455
20150102,348.94000000000005
20150101,0.0
20141231,2617.05
20141230,694.96
20141229,2692.9700000000003
20141226,0.0
20141225,0.0
20141224,1754.92
20141223,7048.88
20141222,11747.89
20141219,8426.025
20141218,7539.075000000001
20141217,34591.05
20141216,67496.895
20141215,1951.2900000000002
20141212,613.1999999999999
20141211,6920.400000000001
20141210,4662.1449999999995
20141209,11885.130000000001
20141208,4106.25
20141205,547.5
20141204,124100.0
20141203,1003.7500000000001
20141202,5383.75
20141201,180023.475
20141128,1988.2280000000003
20141127,9452.04
20141126,53531.265
20141125,5362.215
20141124,817.965
20141121,4816.905
20141120,727.08
20141119,4690.98
20141118,730.0
20141117,35040.0
20141114,5840.0
20141113,8186.22
20141112,48609.240000000005
20141111,5431.200000000001
20141110,25694.175
20141107,9427.877
20141106,9092.15
20141105,2192.19
20141104,1686.3
20141103,7188.3099999999995
20141031,2006.04
20141030,12119.825
20141029,4987.652
20141028,1367.582
20141027,4665.868
20141024,8776.571000000002
20141023,12446.5
20141022,11614.300000000001
20141021,16715.175
20141020,16322.800000000001
20141017,3766.7999999999997
20141016,45928.68
20141015,4296.05
20141014,7041.579999999999
20141013,15160.275000000001
20141010,41513.275
20141009,22895.866
20141008,3292.3
20141007,113883.65
20141006,18032.825
20141003,11955.21
20141002,10400.675000000001
20141001,299.3
20140930,2244.75
20140929,4190.2
20140926,1122.375
20140925,11747.525
20140924,5986.0
20140923,35990.825000000004
20140922,6478.0199999999995
20140919,4231.737
20140918,4380.219
20140917,32305.420000000002
20140916,366399.775
20140915,3482.465
20140912,87432.1
20140911,4816.175
20140910,6783.159999999999
20140909,1467.3
20140908,3301.4249999999997
20140905,6529.485
20140904,1100.475
20140903,2567.775
20140902,73.365
20140901,1393.935
20140829,440.19
20140828,293.46
20140827,1980.855
20140826,2714.505
20140825,0.0
20140822,1687.3949999999998
20140821,3814.98
20140820,10448.928
20140819,442.37999999999994
20140818,3907.6899999999996
20140815,737.3
20140814,11944.259999999998
20140813,368.65
20140812,12607.83
20140811,2801.74
20140808,5062.185
20140807,1032.2199999999998
20140806,54608.01500000001
20140805,7631.785000000001
20140804,36190.918
20140801,17782.800000000003
20140731,30886.884
20140730,17976.25
20140729,16885.775999999998
20140728,6631.758000000001
20140725,5278.338
20140724,11002.268
20140723,8606.699999999999
20140722,3963.8999999999996
20140721,20083.76
20140718,78161.611
20140717,14637.083999999999
20140716,19185.714
20140715,4027.045
20140714,17747.760000000002
20140711,4436.9400000000005
20140710,11462.095
20140709,7691.937
20140708,7669.380000000001
20140707,4779.456
20140704,11052.492
20140703,3871.92
20140702,5956.8
20140701,9977.640000000001
20140630,28271.44
20140627,188675.07
20140626,2829.48
20140625,2646.98
20140624,2691.072
20140623,4882.240000000001
20140620,1559.28
20140619,6928.648999999999
20140618,4868.224
20140617,8002.26
20140616,3225.4320000000002
20140613,7309.17
20140612,9716.3
20140611,21878.1
20140610,11060.230000000001
20140609,30192.800000000003
20140606,11037.6
20140605,23206.699999999997
20140604,134671.86
20140603,6158.28
20140602,6206.46
20140530,26411.399999999998
20140529,61189.33000000001
20140528,36690.282
20140527,4787.34
20140526,0.0
20140523,107658.21000000002
20140522,7253.279999999999
20140521,10456.593
20140520,23120.56
20140519,43672.688
20140516,39864.57000000001
20140515,2069.55
20140514,24808.977
20140513,120551.616
20140512,18037.132
20140509,5087.224
20140508,2421.848
20140507,2922.92
20140506,5708.599999999999
20140505,0.0
20140502,6859.079999999999
20140501,12608.414
20140430,12033.462000000001
20140429,0.0
20140428,5624.650000000001
20140425,7644.560000000001
20140424,16611.149999999998
20140423,8322.0
20140422,3911.34
20140421,0.0
20140418,0.0
20140417,1567.31
20140416,21034.95
20140415,35483.84
20140414,15862.462
20140411,34675.0
20140410,15944.660000000002
20140409,212627.1
20140408,15321.240000000002
20140407,13780.064
20140404,17048.127999999997
20140403,1424007.496
20140402,31397.811
20140401,19552.320000000003
20140331,33685.12
20140328,22967.406
20140327,6307.200000000001
20140326,9095.800000000001
20140325,28127.484
20140324,43318.2
20140321,1926.543
20140320,29026.26
20140319,9375.536
20140318,24479.82
20140317,15244.444
20140314,19603.858000000004
20140313,6690.45
20140312,20650.239999999998
20140311,12940.345
20140310,1990.3449999999998
20140307,16352.0
20140306,12383.866
20140305,13698.45
20140304,4425.99
20140303,21333.520000000004
20140228,21429.15
20140227,700.0699999999999
20140226,1826.46
20140225,11301.130000000001
20140224,24911.25
20140221,37825.68
20140220,6064.84
20140219,12163.041
20140218,9502.702
20140217,24013.788
20140214,11263.17
20140213,1014.7
20140212,3679.2000000000003
20140211,3977.2589999999996
20140210,3425.16
20140207,5156.355
20140206,5564.79
20140205,6844.81
20140204,55345.17800000001
20140203,56134.08
20140131,9937.125
20140130,3009.79
20140129,16480.115
20140128,37340.96
20140127,12803.250999999998
20140124,14175.14
20140123,611.01
20140122,20265.164999999997
20140121,12801.28
20140120,34629.375
20140117,18039.176
20140116,36132.079999999994
20140115,3871.9020000000005
20140114,14289.75
20140113,95181.05
20140110,12470.830000000002
20140109,13224.972
20140108,15768.0
20140107,4708.5
20140106,4599.0
20140103,12363.279999999999
20140102,81300.97600000001
20140101,0.0
20131231,51729.552
20131230,8916.187999999998
20131227,3983.9750000000004
20131226,0.0
20131225,0.0
20131224,8078.4
20131223,9228.659999999998
20131220,7967.950000000001
20131219,5794.74
20131218,9027.910000000002
20131217,17239.68
20131216,5936.068
20131213,32767.656000000003
20131212,6825.135
20131211,35872.2
20131210,8825.7
20131209,22943.649999999998
20131206,6056.079999999999
20131205,5883.8
20131204,14727.02
20131203,41148.64
20131202,8176.875999999999
20131129,14512.4
20131128,9165.150000000001
20131127,11359.529999999999
20131126,409428.52999999997
20131125,16214.029999999999
20131122,16468.8
20131121,2044.0
20131120,1635.2
20131119,10045.53
20131118,6140.686999999999
20131115,3650.2920000000004
20131113,0.0
20131112,0.0
20131111,26805.6
20131108,2500.25
20131107,42789.68
20131106,127912.79000000001
20131105,4419.128
20131104,17309.03
20131101,5999.427
20131031,20419.559999999998
20131030,5529.603999999999
20131029,88862.90000000001
20131028,6215.22
20131025,207481.33
20131024,7402.2
20131023,9233.039999999999
20131022,4892.324
20131021,2453.8950000000004
20131018,21387.54
20131017,12121.65
20131016,5746.56
20131015,78110.0
20131014,10599.965
20131011,4578.56
20131010,5212.2
20131009,54221.48
20131008,6580.512000000001
20131007,5863.724999999999
20131004,4098.512000000001
20131003,6097.325
20131002,7391.25
20131001,10393.74
20130930,10220.0
20130927,21730.64
20130926,9834.852
20130925,7916.557999999999
20130924,12877.199999999999
20130923,4374.525000000001
20130920,5599.1
20130919,102776.7
20130918,20444.38
20130917,25322.24
20130916,12894.720000000001
20130913,20717.4
20130912,2978.4
20130911,3219.2999999999997
20130910,7122.245
20130909,8350.470000000001
20130906,5694.0
20130905,5123.139999999999
20130904,1900.92
20130903,1526.4299999999998
20130902,2208.25
20130830,6536.42
20130829,5123.139999999999
20130828,13249.5
20130827,1055.58
20130826,0.0
20130823,12631.19
20130822,18195.98
20130821,615.755
20130820,6857.62
20130819,4185.820000000001
20130816,13917.449999999999
20130815,19326.02
20130814,13928.4
20130813,9415.416
20130812,6044.213999999999
20130809,9577.47
20130808,13759.04
20130807,5902.049999999999
20130806,19009.2
20130805,11571.23
20130802,22951.2
20130801,11689.49
20130731,3518.6
20130730,24497.34
20130729,27093.22
20130726,262.8
20130725,10074.0
20130724,3876.2999999999997
20130723,15212.47
20130722,15139.992000000002
20130719,558987.572
20130718,3531.76
20130717,9981.29
20130716,2119.9199999999996
20130715,20761.2
20130712,42294.74
20130711,15061.724999999999
20130710,14531.671999999999
20130709,6433.125
20130708,17113.39
20130705,11242.0
20130704,0.0
20130703,48019.4
20130702,3977.0399999999995
20130701,2899.9249999999997
20130628,14064.18
20130627,21094.08
20130626,19058.84
20130625,37606.68
20130624,49354.716
20130621,54604.0
20130620,33252.96
20130619,26579.300000000003
20130618,10224.088
20130617,10904.375
20130614,4296.05
20130613,9309.69
20130612,170631.66
20130611,4669.08
20130610,13301.184
20130607,4910.344999999999
20130606,7517.832
20130605,1003.7500000000001
20130604,20805.0
20130603,7219.991999999999
20130531,44275.96
20130530,28992.315
20130529,27181.184999999998
20130528,90340.055
20130527,0.0
20130524,20759.74
20130523,24894.095
20130522,7684.709999999999
20130521,4858.15
20130520,17047.69
20130517,3078.775
20130516,16341.05
20130515,3268.21
20130514,20399.850000000002
20130513,64898.24100000001
20130510,12310.428
20130509,13917.449999999999
20130508,26827.5
20130507,6889.74
20130506,0.0
20130503,8248.635
20130502,4551.404
20130501,3676.134
20130430,7877.43
20130429,63948.0
20130426,1839.6000000000001
20130425,10599.6
20130424,18943.865
20130423,31367.662000000004
20130422,32641.22
20130419,29419.73
20130418,79923.31999999999
20130417,181831.61200000002
20130416,45112.53999999999
20130415,11482.17
20130412,10751.074999999999
20130411,33587.299999999996
20130410,11404.06
20130409,13890.074999999999
20130408,160360.56
20130405,89357.11
20130404,102500.906
20130403,42215.096999999994
20130402,43743.206
20130401,0.0
20130329,0.0
20130328,67158.17499999999
20130327,129580.10999999999
20130326,30178.2
20130325,17678.994000000002
20130322,2728.74
20130321,23194.29
20130320,122453.84999999999
20130319,44987.418
20130318,213403.09
20130315,19918.342
20130314,119337.48000000001
20130313,123001.35
20130312,39145.447
20130311,396354.084
20130308,174470.0
20130307,31015.875
20130306,32521.5
20130305,15566.958
20130304,37948.32
20130301,28433.426999999996
20130228,31626.300999999996
20130227,34793.625
20130226,30902.725
20130225,25562.775
20130222,27621.593999999997
20130221,673586.914
20130220,168417.93500000003
20130219,100899.43199999999
20130218,94411.265
20130215,107348.69
20130214,209980.70399999997
20130213,4471.25
20130212,45606.75
20130211,63119.085
20130208,17353.998000000003
20130207,2411.92
20130206,13446.454000000002
20130205,3216.672
20130204,3454.9439999999995
20130201,17989.535999999996
20130131,831.908
20130130,27308.205
20130129,20827.995000000003
20130128,3260.0340000000006
20130125,24330.899999999998
20130124,36572.416
20130123,28146.975000000002
20130122,26405.925
20130121,1545.2640000000001
20130118,7268.464
20130117,2117.5840000000003
20130116,1716.96
20130115,286.525
20130114,7793.48
20130111,4567.464
20130110,2139.192
20130109,16535.376
20130108,16702.4
20130107,6920.400000000001
20130104,6303.549999999999
20130103,10156.125
20130102,34010.62699999999
20130101,0.0
20121231,2836.05
20121228,14520.576000000001
20121227,16620.056
20121226,0.0
20121225,0.0
20121224,5242.568
20121221,3495.24
20121220,11317.919999999998
20121219,16342.510000000002
20121218,1257.936
20121217,2096.56
20121214,2721.732
20121213,8112.855
20121212,138936.812
20121211,20031.199999999997
20121210,3000.3
20121207,3082.206
20121206,8575.091
20121205,83768.23
20121204,11308.284
20121203,16024.96
20121130,8832.197
20121129,4156.328
20121128,2423.673
20121127,430.335
20121126,3752.346
20121123,770.8800000000001
20121122,767.3760000000001
20121121,5083.866
20121120,2718.52
20121119,5776.8550000000005
20121116,195.64000000000001
20121115,44410.28
20121114,978.2
20121113,2246.502
20121112,10409.07
20121109,2956.5
20121108,2692.386
20121107,350.03499999999997
20121106,12001.2
20121105,2023.56
20121102,4300.065
20121101,3409.027
20121031,17045.135
20121030,13445.578000000001
20121029,9223.914999999999
20121026,10040.858
20121025,10044.216
20121024,7759.024
20121023,4245.68
20121022,8438.289
20121019,15549.803000000002
20121018,21352.5
20121017,55039.153
20121016,9353.344000000001
20121015,7971.599999999999
20121012,5246.072
20121011,29029.471999999998
20121010,16767.005
20121009,68579.412
20121008,4519.722
20121005,4918.521
20121004,4005.729
20121003,792.342
20121002,836.361
20121001,616.266
20120928,6074.622
20120927,8583.705
20120926,0.0
20120925,19060.227
20120924,6778.926
20120921,4269.843
20120920,103180.53600000001
20120919,31209.471
20120918,2185.547
20120917,8770.804
20120914,24412.222
20120913,2026.845
20120912,6981.3550000000005
20120911,75993.87599999999
20120910,10278.4
20120907,20751.125999999997
20120906,915.42
20120905,7901.5199999999995
20120904,126366.504
20120903,2702.1679999999997
20120831,8637.286999999998
20120830,1013.313
20120829,35272.94299999999
20120828,2074.879
20120827,0.0
20120824,2412.6499999999996
20120823,1681.1899999999998
20120822,19357.701999999997
20120821,9320.64
20120820,5485.585
20120817,6505.03
20120816,26458.85
20120815,5820.947
20120814,0.0
20120813,1010.2470000000001
20120810,3902.58
20120809,1944.72
20120808,10480.026
20120807,15046.176
20120806,2330.16
20120803,0.0
20120802,3484.728
20120801,1673.5249999999999
20120731,1808.648
20120730,1750.248
20120727,18921.600000000002
20120726,14729.721
20120725,7076.62
20120724,3022.565
20120723,2325.05
20120720,3725.92
20120719,9282.753
20120718,1874.64
20120717,2483.898
20120716,89092.266
20120713,2155.836
20120712,5202.126
20120711,1874.64
20120710,4686.6
20120709,6842.436000000001
20120706,4385.694
20120705,142.131
20120704,23713.977
20120703,3168.273
20120702,10269.348000000002
20120629,9627.97
20120628,6949.6
20120627,2041.4450000000002
20120626,8947.61
20120625,3328.7999999999997
20120622,3842.136
20120621,8036.204999999999
20120620,264.114
20120619,3477.501
20120618,3729.205
20120615,95160.53700000001
20120614,11757.964
20120613,9344.949
20120612,33750.528
20120611,10058.597
20120608,2175.4
20120607,6830.755999999999
20120606,870.16
20120605,0.0
20120604,0.0
20120601,1783.8279999999997
20120531,3393.624
20120530,5220.96
20120529,1623.3010000000002
20120528,34530.314
20120525,3492.32
20120524,14557.659999999998
20120523,1837.2640000000001
20120522,4311.2339999999995
20120521,12359.776
20120518,19080.813
20120517,1274.58
20120516,73160.89199999999
20120515,9799.812
20120514,14226.24
20120511,3429.5399999999995
20120510,2074.66
20120509,34253.06
20120508,1328.381
20120507,0.0
20120504,1815.0720000000001
20120503,12080.04
20120502,4970.715999999999
20120501,18125.972999999998
20120430,5109.051
20120427,6145.505
20120426,9726.885
20120425,13033.42
20120424,2189.854
20120423,208.415
20120420,4251.665999999999
20120419,4433.874
20120418,2133.279
20120417,669.2640000000001
20120416,45764.576
20120413,66046.093
20120412,12172.896
20120411,143935.925
20120410,3102.7920000000004
20120409,0.0
20120406,0.0
20120405,8341.271999999999
20120404,13499.598
20120403,112336.488
20120402,37520.175
20120330,20047.698
20120329,58889.611
20120328,40467.915
20120327,21872.844
20120326,2177.955
20120323,1793.6100000000001
20120322,1451.97
20120321,2220.6600000000003
20120320,12299.04
20120319,3288.2850000000003
20120316,54576.99
20120315,7558.785
20120314,88655.58
20120313,7644.195
20120312,52868.79
20120309,8952.72
20120308,5126.862999999999
20120307,2025.75
20120306,13666.257
20120305,9671.039999999999
20120302,10420.02
20120301,35034.233
20120229,19248.64
20120228,557903.814
20120227,851.2529999999999
20120224,9104.706
20120223,4189.105
20120222,2367.755
20120221,15341.388000000003
20120220,49469.91
20120217,81502.31
20120216,9979.83
20120215,21521.568000000003
20120214,96577.102
20120213,9831.202
20120210,3306.827
20120209,7397.747
20120208,6003.228
20120207,671.6
20120206,4029.6000000000004
20120203,2967.8880000000004
20120202,5406.380000000001
20120201,10275.480000000001
20120131,53802.825
20120130,3869.073
20120127,9093.975
20120126,5522.523
20120125,4034.4179999999997
20120124,231.48299999999998
20120123,826.725
20120120,3869.073
20120119,39474.677
20120118,29139.264000000003
20120117,35234.471999999994
20120116,35383.392
20120113,519129.86399999994
20120112,40066.488
20120111,6794.036999999999
20120110,2823.8589999999995
20120109,471.5799999999999
20120106,1660.02
20120105,0.0
20120104,691.6750000000001
20120103,830.01
20120102,0.0
20111230,0.0
20111229,17983.55
20111228,2766.7000000000003
20111227,0.0
20111226,0.0
20111223,1826.022
20111222,1632.3530000000003
20111221,695.325
20111220,1272.682
20111219,445.00800000000004
20111216,250456.065
20111215,1328.016
20111214,887.68
20111213,1397.9499999999998
20111212,0.0
20111209,950.6059999999999
20111208,0.0
20111207,69617.90999999999
20111206,3718.547
20111205,21273.002999999997
20111202,2641.213
20111201,2804.5870000000004
20111130,58732.953
20111129,5636.403
20111128,1478.25
20111125,5009.625
20111124,15003.179000000002
20111123,7460.746
20111122,4626.375
20111121,17410.5
20111118,1723.968
20111117,2720.637
20111116,205492.08000000002
20111115,2079.7700000000004
20111114,10183.646
20111111,4120.485
20111110,3202.875
20111109,280442.421
20111108,19180.896
20111107,2894.304
20111104,1545.264
20111103,1222.75
20111102,929.29
20111101,770.8800000000001
20111031,72.708
20111028,1938.88
20111027,3732.3440000000005
20111026,5712.25
20111025,0.0
20111024,2152.624
20111021,2074.368
20111020,4451.2480000000005
20111019,0.0
20111018,432.16
20111017,864.32
20111014,605.024
20111013,864.32
20111012,1292.1
20111011,2153.5
20111010,2670.34
20111007,0.0
20111006,3445.6
20111005,3999.7429999999995
20111004,3471.8799999999997
20111003,4016.1679999999997
20110930,0.0
20110929,826.506
20110928,0.0
20110927,0.0
20110926,0.0
20110923,4163.555
20110922,4690.98
20110921,0.0
20110920,1862.5949999999998
20110919,115.705
20110916,2267.818
20110915,1650.53
20110914,0.0
20110913,0.0
20110912,3155.425
20110909,119.355
20110908,0.0
20110907,0.0
20110906,835.485
20110905,1546.87
20110902,835.485
20110901,167.097
20110831,978.7109999999999
20110830,3027.31
20110826,582.175
20110825,1051.2
20110824,0.0
20110823,0.0
20110822,0.0
20110819,1438.319
20110818,951.92
20110817,1066.3840000000002
20110816,0.0
20110815,48.47200000000001
20110812,4296.78
20110811,7726.32
20110810,7243.133
20110809,3539.04
20110808,5598.005
20110805,7590.248
20110804,2575.44
20110803,11945.136
20110802,3576.2699999999995
20110801,2721.075
20110729,21622.016
20110728,1473.505
20110727,1741.4150000000002
20110726,0.0
20110725,160.746
20110722,10636.027000000002
20110721,10019.834
20110720,23261.742
20110719,14185.871000000001
20110718,2540.3999999999996
20110715,7766.615999999999
20110714,97185.192
20110713,15075.229999999998
20110712,11519.108
20110711,14594.598
20110708,5396.0869999999995
20110707,4834.06
20110706,0.0
20110705,6667.747000000001
20110704,8940.310000000001
20110701,9535.698
20110630,71221.428
20110629,1461.46
20110628,17626.142
20110627,18048.958
20110624,28851.935999999998
20110623,20296.627999999997
20110622,21050.28
20110621,1101.789
20110620,2741.661
20110617,60195.799999999996
20110616,111625.17599999999
20110615,6608.325
20110614,0.0
20110613,27134.975999999995
20110610,91596.75
20110609,19909.071000000004
20110608,110101.52
20110607,63818.79
20110606,19660.798
20110603,8104.9710000000005
20110602,4919.616
20110601,2020.567
20110531,136.65599999999998
20110527,295.139
20110526,91810.056
20110525,0.0
20110524,11023.583999999999
20110523,3002.7819999999997
20110520,2184.525
20110519,1701.63
20110518,3188.64
20110517,2451.924
20110516,4018.431
20110513,962.724
20110512,2750.64
20110511,2046.555
20110510,3371.8700000000003
20110509,2039.401
20110506,5013.932
20110505,8543.92
20110504,4881.145
20110503,6615.99
20110428,3725.1899999999996
20110427,1609.6499999999999
20110426,5242.86
20110421,21318.117000000002
20110420,2888.026
20110419,2781.2999999999997
20110418,1270.2
20110415,4580.712
20110414,6096.741
20110413,613.93
20110412,0.0
20110411,60380.928
20110408,0.0
20110407,1076.75
20110406,1852.0099999999998
20110405,11758.11
20110404,7273.063
20110401,16444.053
20110331,37895.76
20110330,15052.089
20110329,6251.428000000001
20110328,5886.72
20110325,7597.329
20110324,454478.29000000004
20110323,407.34000000000003
20110322,6038.9980000000005
20110321,1681.0439999999999
20110318,11574.15
20110317,41692.563
20110316,2117.5840000000003
20110315,6152.44
20110314,915.858
20110311,5463.393
20110310,40793.13
20110309,189314.112
20110308,25408.672
20110307,11382.525
20110304,34472.79
20110303,5090.581999999999
20110302,4970.862
20110301,679.7760000000001
20110228,3037.7490000000003
20110225,5670.0560000000005
20110224,2442.945
20110223,1796.676
20110222,40112.478
20110221,27493.333
20110218,34875.312000000005
20110217,145801.367
20110216,96776.976
20110215,26712.525
20110214,1916.25
20110211,1058.5
20110210,7008.0
20110209,1186.25
20110208,22155.5
20110207,5219.5
20110204,19856.0
20110203,0.0
20110202,3321.5
20110201,2646.25
20110131,1186.25
20110128,25915.0
20110127,2119.0440000000003
20110126,3433.92
20110125,1401.6
20110124,4502.639999999999
20110121,430.7
20110120,4948.086
20110119,5984.321
20110118,5380.099999999999
20110117,3916.596
20110114,195.202
20110113,4285.829999999999
20110112,3883.5999999999995
20110111,1997.28
20110110,1416.2
20110107,184.10600000000002
20110106,0.0
20110105,0.0
20110104,0.0
20101231,797.16
20101230,2972.779
20101229,2250.736
20101227,0.0
20101224,887.6069999999999
20101223,127.45800000000001
20101222,708.1
20101221,507.20399999999995
20101220,112.71199999999999
20101217,140.89
20101216,0.0
20101215,0.0
20101214,1317.066
20101213,566.48
20101210,212.43
20101209,7123.486
20101208,4754.563
20101207,13467.769999999999
20101206,6448.454999999999
20101203,5868.3240000000005
20101202,16775.765
20101201,2514.1200000000003
20101130,10041.515
20101129,0.0
20101126,1566.726
20101125,321.2
20101124,1188.075
20101123,0.0
20101122,2328.627
20101119,1256.332
20101118,312.075
20101117,0.0
20101116,2674.72
20101115,4500.45
20101112,1188.44
20101111,4528.92
20101110,989.8799999999999
20101109,3944.6279999999997
20101108,731.387
20101105,37640.917
20101104,12772.518
20101103,3373.2570000000005
20101102,204.035
20101101,1208.5149999999999
20101029,1296.6260000000002
20101028,515.526
20101027,468.65999999999997
20101026,562.392
20101025,3949.446
20101022,357.627
20101021,234.32999999999998
20101020,46.866
20101019,2140.214
20101018,3468.5950000000003
20101015,337.26
20101014,50.589
20101013,219.219
20101012,286.671
20101011,3878.49
20101008,8114.315
20101007,14420.274000000001
20101006,3419.466
20101005,0.0
20101004,1540.9569999999999
20101001,774.384
20100930,1405.3230000000003
20100929,2281.761
20100928,2761.5170000000003
20100927,343.684
20100924,749.856
20100923,883.3
20100922,324.12
20100921,795.6999999999999
20100920,2148.39
20100917,4912.535
20100916,1417.0759999999998
20100915,827.966
20100914,0.0
20100913,741.096
20100910,0.0
20100909,725.328
20100908,526.184
20100907,17255.739999999998
20100906,400.478
20100903,616.12
20100902,0.0
20100901,4158.81
20100831,1124.4189999999999
20100830,0.0
20100827,13862.7
20100826,924.1800000000001
20100825,1269.032
20100824,421.79400000000004
20100823,128.48
20100820,160.6
20100819,907.098
20100818,0.0
20100817,203.086
20100816,891.1839999999999
20100813,799.35
20100812,289.08
20100811,1493.5800000000002
20100810,1145.443
20100809,1871.428
20100806,1500.3690000000001
20100805,1471.68
20100804,2097.29
20100803,1726.5960000000002
20100802,716.2760000000001
20100730,3083.52
20100729,2420.0960000000005
20100728,863.736
20100727,3505.752
20100726,8882.64
20100723,495.59700000000004
20100722,1758.5700000000002
20100721,1841.644
20100720,1024.92
20100719,525.1619999999999
20100716,979.6599999999999
20100715,0.0
20100714,130.232
20100713,0.0
20100712,1041.856
20100709,2457.18
20100708,1349.04
20100707,0.0
20100706,3924.4800000000005
20100705,405.15
20100702,3823.521
20100701,1428.975
20100630,82.125
20100629,1872.45
20100628,3186.45
20100625,279.22499999999997
20100624,821.25
20100623,4275.318
20100622,6561.824
20100621,6195.072
20100618,1686.3
20100617,379.016
20100616,981.996
20100615,2146.346
20100614,643.86
20100611,572.32
20100610,780.516
20100609,178.12
20100608,339.815
20100607,1167.27
20100604,1638.704
20100603,2173.064
20100602,1772.148
20100601,1131.354
20100531,0.0
20100528,1854.054
20100527,2591.5
20100526,2736.405
20100525,2715.6
20100524,3201.4149999999995
20100521,3232.44
20100520,1905.5919999999999
20100519,1891.2839999999997
20100518,666.855
20100517,2534.268
20100514,4948.524
20100513,7413.588000000001
20100512,3274.4880000000003
20100511,3334.275
20100510,7033.477
20100507,3092.572
20100506,2812.836
20100505,5012.618
20100504,2624.715
20100503,0.0
20100430,310.68800000000005
20100429,3805.9280000000003
20100428,7003.911999999999
20100427,7086.474999999999
20100426,607.068
20100423,20239.104
20100422,518.373
20100421,2956.646
20100420,3905.8650000000002
20100419,4238.745
20100416,2048.38
20100415,673.425
20100414,837.675
20100413,1543.95
20100412,229.95
20100409,1269.762
20100408,2693.7
20100407,801.2480000000002
20100406,8864.682
20100405,0.0
20100402,0.0
20100401,7462.425
20100331,9204.132
20100330,11584.881
20100329,6634.6050000000005
20100326,7242.767999999999
20100325,9545.042
20100324,1053.39
20100323,1494.675
20100322,9266.984999999999
20100319,1593.5900000000001
20100318,1453.4299999999998
20100317,1321.3
20100316,2602.961
20100315,2299.9379999999996
20100312,259.88
20100311,0.0
20100310,3729.278
20100309,1328.6000000000001
20100308,4105.374
20100305,1359.26
20100304,1790.982
20100303,732.482
20100302,934.546
20100301,543.047
20100226,8265.06
20100225,2246.21
20100224,1116.8999999999999
20100223,259.077
20100222,10679.315999999999
20100219,7249.338
20100218,0.0
20100217,108.77
20100216,0.0
20100215,543.85
20100212,108.77
20100211,326.31
20100210,282.802
20100209,10.877
20100208,1250.855
20100205,282.802
20100204,0.0
20100203,0.0
20100202,554.8
20100201,887.68
20100129,133.152
20100128,0.0
20100127,10252.704
20100126,0.0
20100125,0.0
20100122,0.0
20100121,934.254
20100120,1810.838
20100119,94.024
20100118,129.28300000000002
20100115,464.28
20100114,0.0
20100113,1349.478
20100112,2781.0809999999997
20100111,2446.668
20100108,208.78
20100107,167.024
20100106,156.585
20100105,0.0
20100104,1481.8999999999999
20100101,0.0
20091231,0.0
20091230,160.965
20091229,2146.2
20091228,0.0
20091224,0.0
20091223,741.0960000000001
20091222,514.6500000000001
20091221,638.166
20091218,1132.23
20091217,102.93
20091216,205.86
20091215,1029.3000000000002
20091214,354.926
20091211,211.7
20091210,1143.18
20091209,0.0
20091208,264.625
20091207,51.465
20091204,422.013
20091203,411.72
20091202,0.0
20091201,689.6310000000001
20091130,2104.736
20091127,0.0
20091126,327.03999999999996
20091125,1588.48
20091124,0.0
20091123,95.63
20091120,582.54
20091119,0.0
20091118,1064.3400000000001
20091117,0.0
20091116,100.01
20091113,2000.2
20091112,1100.1100000000001
20091111,0.0
20091110,0.0
20091109,224.84000000000003
20091106,0.0
20091105,0.0
20091104,0.0
20091103,357.7
20091102,0.0
20091030,991.3399999999999
20091029,1012.583
20091028,386.31600000000003
20091027,0.0
20091026,67.89
20091023,573.05
20091022,2901.75
20091021,0.0
20091020,0.0
20091019,0.0
20091016,0.0
20091015,0.0
20091014,0.0
20091013,0.0
20091012,0.0
20091009,0.0
20091008,0.0
20091007,0.0
20091006,0.0
20091005,0.0
20091002,0.0
20091001,0.0
20090930,0.0
20090929,0.0
20090928,0.0
20090925,0.0
20090924,0.0
20090923,0.0
20090922,0.0
20090921,0.0
20090918,0.0
20090917,0.0
20090916,0.0
20090915,0.0
20090914,0.0
20090911,0.0
20090910,0.0
20090909,0.0
20090908,0.0
20090907,0.0
20090904,0.0
20090903,0.0
20090902,0.0
20090901,0.0
20090831,0.0
20090828,0.0
20090827,0.0
20090826,0.0
20090825,0.0
20090824,401.06199999999995
20090821,0.0
20090820,0.0
20090819,0.0
20090818,0.0
20090817,0.0
20090814,0.0
20090813,0.0
20090812,0.0
20090811,1893.255
20090810,0.0
20090807,0.0
20090806,0.0
20090805,0.0
20090804,0.0
20090803,0.0
20090731,0.0
20090730,0.0
20090729,0.0
20090728,0.0
20090727,0.0
20090724,0.0
20090723,0.0
20090722,0.0
20090721,0.0
20090720,0.0
20090717,0.0
20090716,0.0
20090715,0.0
20090714,0.0
20090713,0.0
20090710,0.0
20090709,0.0
20090708,0.0
20090707,0.0
20090706,0.0
20090703,0.0
20090702,0.0
20090701,0.0
20090630,0.0
20090629,0.0
20090626,0.0
20090625,0.0
20090624,0.0
20090623,0.0
20090622,0.0
20090619,0.0
20090618,0.0
20090617,0.0
20090616,0.0
20090615,0.0
20090612,0.0
20090611,0.0
20090610,0.0
20090609,0.0
20090608,0.0
20090605,0.0
20090604,0.0
20090603,0.0
20090602,0.0
20090601,0.0
20090529,0.0
20090528,0.0
20090527,0.0
20090526,0.0
20090525,0.0
20090522,0.0
20090521,0.0
20090520,0.0
20090519,0.0
20090518,0.0
20090515,0.0
20090514,0.0
20090513,0.0
20090512,0.0
20090511,0.0
20090508,0.0
20090507,0.0
20090506,0.0
20090505,0.0
20090504,0.0
20090501,0.0
20090430,0.0
20090429,0.0
20090428,0.0
20090427,0.0
20090424,0.0
20090423,0.0
20090422,0.0
20090421,0.0
20090420,0.0
20090417,0.0
20090416,0.0
20090415,0.0
20090414,0.0
20090413,0.0
20090410,0.0
20090409,0.0
20090408,0.0
20090407,0.0
20090406,0.0
20090403,0.0
20090402,0.0
20090401,0.0
20090331,0.0
20090330,259.88
20090327,0.0
20090326,0.0
20090325,0.0
20090324,0.0
20090323,0.0
20090320,0.0
20090319,0.0
20090318,0.0
20090317,0.0
20090316,547.5
20090313,0.0
20090312,0.0
20090311,0.0
20090310,0.0
20090309,0.0
20090306,0.0
20090305,0.0
20090304,0.0
20090303,0.0
20090302,0.0
20090227,0.0
20090226,0.0
20090225,0.0
20090224,0.0
20090223,0.0
20090220,0.0
20090219,0.0
20090218,0.0
20090217,0.0
20090216,0.0
20090213,0.0
20090212,0.0
20090211,0.0
20090210,0.0
20090209,0.0
20090206,0.0
20090205,0.0
20090204,0.0
20090203,59.13
20090202,0.0
20090130,0.0
20090129,0.0
20090128,0.0
20090127,0.0
20090126,0.0
20090123,0.0
20090122,0.0
20090121,0.0
20090120,0.0
20090119,0.0
20090116,0.0
20090115,0.0
20090114,0.0
20090113,0.0
20090112,0.0
20090109,0.0
20090108,0.0
20090107,0.0
20090106,0.0
20090105,0.0
20090102,0.0
20090101,0.0
20081231,0.0
20081230,0.0
20081229,0.0
20081226,0.0
20081225,0.0
20081224,0.0
20081223,0.0
20081222,0.0
20081219,0.0
20081218,0.0
20081217,2219.2
20081216,0.0
20081215,0.0
20081212,0.0
20081211,0.0
20081210,0.0
20081209,1011.78
20081208,0.0
20081205,0.0
20081204,0.0
20081203,0.0
20081202,0.0
20081201,0.0
20081128,1950.8519999999999
20081127,0.0
20081126,0.0
20081125,0.0
20081124,9370.207
20081121,5686.7
20081120,0.0
20081119,689.85
20081118,47.45
20081117,1907.4899999999998
20081114,3734.3150000000005
20081113,0.0
20081112,1007.4
20081111,8287.398
20081110,328.5
20081107,3285.0
20081106,0.0
20081105,0.0
20081104,197.10000000000002
20081103,131.4
20081031,919.8000000000001
20081030,705.18
20081029,29.93
20081028,110.96
20081027,413.91
20081024,65.7
20081023,65.7
20081022,161.184
20081021,0.0
20081020,0.0
20081017,33.58
20081016,0.0
20081015,193.45
20081014,831.1049999999999
20081013,26.572
20081010,0.0
20081009,1074.268
20081008,223.38
20081007,0.0
20081006,0.0
20081003,0.0
20081002,0.0
20081001,0.0
20080930,0.0
20080929,172.28
20080926,1131.5
20080925,0.0
20080924,654.591
20080923,330.39799999999997
20080922,5594.1359999999995
20080919,514.6500000000001
20080918,68.62
20080917,0.0
20080916,715.4000000000001
20080915,25.039
20080912,1287.72
20080911,0.0
20080910,751.1700000000001
20080909,430.70000000000005
20080908,0.0
20080905,1095.0
20080904,0.0
20080903,974.9879999999999
20080902,1204.5
20080901,0.0
20080829,0.0
20080828,0.0
20080827,12.264000000000001
20080826,277.98400000000004
20080825,0.0
20080822,0.0
20080821,0.0
20080820,4635.792
20080819,0.0
20080818,2177.006
20080815,4023.614
20080814,0.0
20080813,0.0
20080812,525.6
20080811,0.0
20080808,416.976
20080807,0.0
20080806,0.0
20080805,0.0
20080804,1752.0
20080801,350.4
20080731,438.0
20080730,350.4
20080729,483.552
20080728,164.25
20080725,0.0
20080724,0.0
20080723,0.0
20080722,0.0
20080721,0.0
20080718,513.1899999999999
20080717,1271.952
20080716,68.32799999999999
20080715,653.058
20080714,205.86
20080711,0.0
20080710,0.0
20080709,0.0
20080708,0.0
20080707,0.0
20080704,0.0
20080703,0.0
20080702,0.0
20080701,0.0
20080630,208.05
20080627,0.0
20080626,0.0
20080625,0.0
20080624,0.0
20080623,0.0
20080620,0.0
20080619,0.0
20080618,0.0
20080617,409.53
20080616,0.0
20080613,0.0
20080612,0.0
20080611,398.36099999999993
20080610,0.0
20080609,394.20000000000005
20080606,0.0
20080605,0.0
20080604,0.0
20080603,65.408
20080602,114.464
20080530,0.0
20080529,408.8
20080528,261.632
20080527,0.0
20080526,0.0
20080523,0.0
20080522,134.904
20080521,286.16
20080520,0.0
20080519,0.0
20080516,0.0
20080515,1635.2
20080514,0.0
20080513,0.0
20080512,0.0
20080509,0.0
20080508,0.0
20080507,0.0
20080506,0.0
20080505,0.0
20080502,0.0
20080501,0.0
20080430,0.0
20080429,1022.0000000000001
20080428,505.89
20080425,803.0
20080424,1003.75
20080423,803.0
20080422,0.0
20080421,0.0
20080418,102.2
20080417,134.904
20080416,0.0
20080415,337.26
20080414,401.5
20080411,1005.21
20080410,1040.25
20080409,0.0
20080408,25.039
20080407,0.0
20080404,2807.945
20080403,0.0
20080402,0.0
20080401,0.0
20080331,0.0
20080328,761.9010000000001
20080327,0.0
20080326,132.34900000000002
20080325,36.5
20080324,0.0
20080321,0.0
20080320,0.0
20080319,754.4549999999999
20080318,0.0
20080317,473.77000000000004
20080314,0.0
20080313,0.0
20080312,0.0
20080311,0.0
20080310,16.06
20080307,0.0
20080306,0.0
20080305,505.89
20080304,0.0
20080303,104.463
20080229,0.0
20080228,0.0
20080227,0.0
20080226,64.24
20080225,0.0
20080222,0.0
20080221,0.0
20080220,0.0
20080219,0.0
20080218,1573.88
20080215,366.095
20080214,10560.764
20080213,65.16
20080212,999.1199999999999
20080211,0.0
20080208,0.0
20080207,204.765
20080206,111.69
20080205,96.725
20080204,472.018
20080201,580.3499999999999
20080131,8106.285
20080130,1726.815
20080129,2288.5499999999997
20080128,177.974
20080125,470.12
20080124,29.93
20080123,29.93
20080122,739.271
20080121,1171.212
20080118,565.75
20080117,0.0
20080116,522.2420000000001
20080115,0.0
20080114,45.552
20080111,0.0
20080110,0.0
20080109,0.0
20080108,0.0
20080107,0.0
20080104,0.0
20080103,193.45
20080102,74.46
20080101,0.0
20071231,0.0
20071228,0.0
20071227,643.86
20071226,0.0
20071225,0.0
20071224,0.0
20071221,0.0
20071220,0.0
20071219,0.0
20071218,0.0
20071217,0.0
20071214,0.0
20071213,0.0
20071212,53.655
20071211,178.85000000000002
20071210,0.0
20071207,0.0
20071206,309.52
20071205,0.0
20071204,448.804
20071203,270.83
20071130,0.0
20071129,0.0
20071128,39.42
20071127,0.0
20071126,0.0
20071123,0.0
20071122,0.0
20071121,0.0
20071120,0.0
20071119,871.1820000000001
20071116,0.0
20071115,0.0
20071114,197.10000000000002
20071113,0.0
20071112,522.3149999999999
20071109,1298.2320000000002
20071108,260.60999999999996
20071107,0.0
20071106,0.0
20071105,0.0
20071102,0.0
20071101,372.29999999999995
20071031,0.0
20071030,33.58
20071029,0.0
20071026,248.492
20071025,0.0
20071024,0.0
20071023,636.633
20071022,1152.816
20071019,379.6
20071018,0.0
20071017,0.0
20071016,0.0
20071015,20.075
20071012,0.0
20071011,325.215
20071010,0.0
20071009,0.0
20071008,2769.401
20071005,515.964
20071004,0.0
20071003,0.0
20071002,0.0
20071001,180.67499999999998
20070928,573.78
20070927,0.0
20070926,445.3
20070925,0.0
20070924,0.0
20070921,333.975
20070920,42.048
20070919,0.0
20070918,0.0
20070917,0.0
20070914,0.0
20070913,0.0
20070912,35.25899999999999
20070911,0.0
20070910,141.03599999999997
20070907,0.0
20070906,777.4499999999999
20070905,0.0
20070904,0.0
20070903,1959.3929999999998
20070831,725.9850000000001
20070830,2657.2000000000003
20070829,1624.1040000000003
20070828,204.035
20070827,0.0
20070824,259.22299999999996
20070823,445.73799999999994
20070822,90.59299999999999
20070821,298.424
20070820,0.0
20070817,0.0
20070816,54.75
20070815,84.315
20070814,365.365
20070813,0.0
20070810,0.0
20070809,0.0
20070808,0.0
20070807,147.82500000000002
20070806,1197.2
20070803,62.05
20070802,0.0
20070801,136.51
20070731,0.0
20070730,217.17499999999998
20070727,1372.3999999999999
20070726,0.0
20070725,459.9
20070724,744.5999999999999
20070723,82.563
20070720,0.0
20070719,0.0
20070718,876.438
20070717,0.0
20070716,0.0
20070713,0.0
20070712,1064.3400000000001
20070711,74.46
20070710,181.916
20070709,495.378
20070706,6.205
20070705,0.0
20070704,0.0
20070703,820.6659999999999
20070702,0.0
20070629,1011.78
20070628,1384.08
20070627,901.8419999999999
20070626,97.455
20070625,4151.583
20070622,5883.289
20070621,725.62
20070620,0.0
20070619,0.0
20070618,0.0
20070615,604.4399999999999
20070614,15.110999999999999
20070613,0.0
20070612,0.0
20070611,50.37
20070608,0.0
20070607,0.0
20070606,503.7
20070605,503.7
20070604,0.0
20070601,0.0
20070531,0.0
20070530,132.86
20070529,4835.155000000001
20070528,0.0
20070525,355.875
20070524,1532.635
20070523,0.0
20070522,11672.262
20070521,0.0
20070518,45.26
20070517,72.416
20070516,215.35
20070515,89.06
20070514,66.795
20070511,801.54
20070510,543.12
20070509,0.0
20070508,391.937
20070507,0.0
20070504,696.42
20070503,183.96
20070502,0.0
20070501,892.0600000000001
20070430,0.0
20070427,689.85
20070426,226.29999999999998
20070425,2068.382
20070424,1423.5
20070423,163.666
20070420,68.255
20070419,0.0
20070418,0.0
20070417,0.0
20070416,0.0
20070413,595.023
20070412,66.57600000000001
20070411,153.957
20070410,0.0
20070409,0.0
20070406,0.0
20070405,0.0
20070404,0.0
20070403,0.0
20070402,700.8
20070330,0.0
20070329,242.944
20070328,240.9
20070327,699.924
20070326,1355.172
20070323,1200.12
20070322,438.0
20070321,0.0
20070320,0.0
20070319,206.736
20070316,0.0
20070315,0.0
20070314,0.0
20070313,981.996
20070312,944.255
20070309,871.255
20070308,0.0
20070307,0.0
20070306,0.0
20070305,725.9849999999999
20070302,0.0
20070301,335.07
20070228,333.245
20070227,0.0
20070226,872.7880000000001
20070223,0.0
20070222,0.0
20070221,0.0
20070220,0.0
20070219,2236.355
20070216,0.0
20070215,1073.1
20070214,0.0
20070213,0.0
20070212,0.0
20070209,703.5740000000001
20070208,0.0
20070207,38.69
20070206,0.0
20070205,0.0
20070202,135.05
20070201,0.0
20070131,0.0
20070130,0.0
20070129,1507.4499999999998
20070126,379.6
20070125,0.0
20070124,0.0
20070123,0.0
20070122,0.0
20070119,0.0
20070118,74.46
20070117,569.619
20070116,971.703
20070115,0.0
20070112,757.3019999999999
20070111,3.723
20070110,0.0
20070109,53.728
20070108,343.1
20070105,0.0
20070104,0.0
20070103,98.55000000000001
20070102,0.0
20070101,0.0
20061229,0.0
20061228,0.0
20061227,0.0
20061226,0.0
20061225,0.0
20061222,0.0
20061221,0.0
20061220,1445.3999999999999
20061219,58.035
20061218,835.7040000000001
20061215,445.66499999999996
20061214,764.7479999999999
20061213,945.204
20061212,0.0
20061211,0.0
20061208,35.478
20061207,634.37
20061206,0.0
20061205,166.44
20061204,486.91
20061201,3910.756
20061130,1153.035
20061129,303.534
20061128,939.51
20061127,1199.0249999999999
20061124,740.439
20061123,161.184
20061122,1163.547
20061121,93.44
20061120,1686.592
20061117,2484.774
20061116,7981.82
20061115,8143.296
20061114,6333.844999999999
20061113,3898.2
20061110,1624.98
20061109,707.3699999999999
20061108,472.8209999999999
20061107,0.0
20061106,1367.8740000000003
20061103,21262.271999999997
20061102,879.285
20061101,0.0
20061031,0.0
20061030,0.0
20061027,0.0
20061026,0.0
20061025,277.15999999999997
20061024,0.0
20061023,76.65
20061020,670.14
20061019,0.0
20061018,0.0
20061017,0.0
20061016,277.4
20061013,711.75
20061012,1147.341
20061011,1211.508
20061010,0.0
20061009,2938.25
20061006,0.0
20061005,922.72
20061004,861.4
20061003,306.59999999999997
20061002,960.753
20060929,1691.921
20060928,394.20000000000005
20060927,50.37
20060926,63.80199999999999
20060925,1310.6420000000003
20060922,160.965
20060921,404.2010000000001
20060920,797.671
20060919,529.3960000000001
20060918,1923.5500000000002
20060915,600.4250000000001
20060914,895.4910000000001
20060913,255.20799999999997
20060912,137.97
20060911,1405.98
20060908,3441.95
20060907,3829.872
20060906,619.5509999999999
20060905,423.4
20060904,624.88
20060901,745.914
20060831,1194.28
20060830,7461.549
20060829,801.5400000000001
20060828,0.0
20060825,303.616
20060824,1615.3319999999999
20060823,1266.112
20060822,1140.932
20060821,28.47
20060818,0.0
20060817,88.25699999999999
20060816,402.814
20060815,0.0
20060814,0.0
20060811,0.0
20060810,0.0
20060809,0.0
20060808,880.672
20060807,0.0
20060804,910.848
20060803,761.412
20060802,2136.564
20060801,155.52
20060731,894.24
20060728,148.92000000000002
20060727,0.0
20060726,233.6
20060725,1136.61
20060724,153.29999999999998
20060721,613.1999999999999
20060720,12.924
20060719,1318.248
20060718,1420.8719999999998
20060717,1581.0339999999999
20060714,104.38999999999999
20060713,284.23900000000003
20060712,146.0
20060711,293.46000000000004
20060710,419.16
20060707,0.0
20060706,0.0
20060705,378.0
20060704,90.155
20060703,139.221
20060630,0.0
20060629,1015.284
20060628,1.4240000000000002
20060627,369.23400000000004
20060626,2974.896
20060623,0.0
20060622,281.78000000000003
20060621,146.0
20060620,0.0
20060619,818.8000000000001
20060616,0.0
20060615,0.0
20060614,0.0
20060613,301.25
20060612,0.0
20060609,180.04
20060608,122.496
20060607,1067.625
20060606,0.0
20060605,0.0
20060602,0.0
20060601,0.0
20060531,0.0
20060530,0.0
20060529,0.0
20060526,52.9
20060525,126.96000000000001
20060524,0.0
20060523,581.9
20060522,278.76800000000003
20060519,0.0
20060518,0.0
20060517,0.0
20060516,0.0
20060515,0.0
20060512,0.0
20060511,0.0
20060510,314.75
20060509,727.65
20060508,0.0
20060505,675.0
20060504,498.40000000000003
20060503,0.0
20060502,69.35
20060501,0.0
20060428,0.0
20060427,379.48
20060426,135.269
20060425,227.32200000000003
20060424,59.400000000000006
20060421,113.4
20060420,0.0
20060419,0.0
20060418,0.0
20060417,0.0
20060414,0.0
20060413,28.35
20060412,0.0
20060411,0.0
20060410,508.0799999999999
20060407,0.0
20060406,0.0
20060405,8.1
20060404,48.6
20060403,128.25
20060331,294.91999999999996
20060330,197.82000000000002
20060329,265.209
20060328,1109.277
20060327,124.83
20060324,0.0
20060323,138.7
20060322,113.73399999999998
20060321,0.0
20060320,0.0
20060317,0.0
20060316,0.0
20060315,715.692
20060314,301.888
20060313,12.67
20060310,491.741
20060309,0.0
20060308,0.0
20060307,0.0
20060306,0.0
20060303,40.2
20060302,0.0
20060301,0.0
20060228,131.4
20060227,0.0
20060224,284.8
20060223,0.0
20060222,155.216
20060221,744.6
20060220,0.0
20060217,0.0
20060216,0.0
20060215,0.0
20060214,149.358
20060213,0.0
20060210,0.0
20060209,137.67799999999997
20060208,130.962
20060207,189.8
20060206,949.0
20060203,0.0
20060202,33.58
20060201,372.73799999999994
20060131,257.4
20060130,0.0
20060127,3114.54
20060126,86.724
20060125,911.04
20060124,527.52
20060123,53.6
20060120,38.86
20060119,341.76
20060118,1169.944
20060117,114.072
20060116,559.632
20060113,0.0
20060112,442.38
20060111,306.6
20060110,0.0
20060109,510.25
20060106,850.78
20060105,1634.43
20060104,0.0
20060103,508.24799999999993
20060102,0.0
