20160408,1155.1680000000001
20160407,15755.08
20160406,2038.89
20160405,2814.2960000000003
20160404,5291.04
20160401,4726.02
20160331,34200.945
20160330,6622.5599999999995
20160329,2726.55
20160328,0.0
20160324,429.68399999999997
20160323,2488.2780000000002
20160322,7046.69
20160321,32411.416
20160318,19600.5
20160317,1131.5
20160316,4745.0
20160315,8419.455
20160314,1507.7160000000001
20160311,912.5
20160310,409.53000000000003
20160309,2568.8700000000003
20160308,5063.28
20160307,2603.764
20160304,10574.56
20160303,7701.500000000001
20160302,1204.5
20160301,8869.5
20160229,50510.708000000006
20160226,3151.045
20160225,3476.844
20160224,1144.64
20160223,3115.056
20160222,1496.4999999999998
20160219,5584.5
20160218,19543.268
20160217,1788.5000000000002
20160216,1375.9039999999998
20160215,4745.0
20160212,15723.032000000001
20160211,4553.375
20160210,6191.568
20160209,75686.4
20160208,43317.469999999994
20160205,670.14
20160204,77.38
20160203,569.4000000000001
20160202,14110.243
20160201,455.52000000000004
20160129,1898.0
20160128,30699.420000000002
20160127,7091.658
20160126,6855.576
20160125,8743.94
20160122,6630.225
20160121,5010.72
20160120,9943.33
20160119,24214.100000000002
20160118,8744.889
20160115,5069.12
20160114,11425.23
20160113,6421.339999999999
20160112,21981.176000000003
20160111,81513.99
20160108,7554.606
20160107,16742.550000000003
20160106,7351.92
20160105,103707.961
20160104,2949.638
20151231,690.302
20151230,858.48
20151229,3869.7299999999996
20151228,0.0
20151225,0.0
20151224,1423.135
20151223,4154.736
20151222,6134.628000000001
20151221,2659.5359999999996
20151218,3433.92
20151217,4684.41
20151216,7993.049999999999
20151215,88808.87999999999
20151214,4654.969999999999
20151211,83453.01599999999
20151210,26138.672000000002
20151209,103963.68
20151208,4206.932000000001
20151207,7320.586
20151204,13694.800000000001
20151203,9857.627999999999
20151202,132057.26899999997
20151201,134948.74899999998
20151130,22304.112
20151127,11274.12
20151126,2547.846
20151125,2903.976
20151124,49137.76
20151123,1301.152
20151120,2646.7200000000003
20151119,233671.276
20151118,35750.0
20151117,55353.479999999996
20151116,10823.66
20151113,6909.426
20151112,8425.295
20151111,12023.538
20151110,4678.009
20151109,16321.632000000001
20151106,41119.306
20151105,4292.4
20151104,42049.679000000004
20151103,43564.356
20151102,5854.308000000001
20151030,39064.636
20151029,15388.134
20151028,15971.67
20151027,4398.615
20151026,4858.88
20151023,3720.0800000000004
20151022,3592.33
20151021,3685.7700000000004
20151020,9345.627
20151019,12871.791999999998
20151016,3522.9799999999996
20151015,9595.119999999999
20151014,2160.07
20151013,105118.60199999998
20151012,4233.124000000001
20151009,3784.4660000000003
20151008,1159.59
20151007,6341.61
20151006,42636.38
20151005,153849.544
20151002,168497.505
20151001,2657.784
20150930,2835.612
20150929,6229.82
20150928,4132.53
20150925,3812.352
20150924,17282.001
20150923,9776.16
20150922,5099.049999999999
20150921,1366.358
20150918,8014.643999999999
20150917,1909.375
20150916,10946.192000000001
20150915,6360.2
20150914,748.98
20150911,88203.70999999999
20150910,1706.01
20150909,5944.972
20150908,717.298
20150907,5195.848
20150904,1693.6
20150903,973.8199999999998
20150902,52916.386
20150901,1215.158
20150831,0.0
20150828,11284.34
20150827,13315.199999999999
20150826,7260.2880000000005
20150825,13312.134
20150824,39304.075999999994
20150821,11255.14
20150820,8597.94
20150819,8233.815999999999
20150818,3372.6
20150817,8033.504
20150814,7460.892
20150813,45999.49
20150812,1474.308
20150811,4500.173000000001
20150810,7718.436000000001
20150807,5344.038
20150806,1310.73
20150805,5155.5380000000005
20150804,6743.74
20150803,4829.99
20150731,4422.924
20150730,570.817
20150729,6825.104
20150728,58931.585999999996
20150727,3206.1600000000003
20150724,7134.071000000001
20150723,86102.332
20150722,623.42
20150721,15095.67
20150720,11444.21
20150717,3428.81
20150716,6132.0
20150715,6526.2
20150714,16963.503
20150713,8988.928000000002
20150710,1399.2640000000001
20150709,5980.598
20150708,6617.709
20150707,19442.495000000003
20150706,20380.14
20150703,1996.4039999999998
20150702,5276.148
20150701,7185.025000000001
20150630,907.4
20150629,14761.768000000002
20150626,6300.629999999999
20150625,23390.952
20150624,94032.906
20150623,17987.2
20150622,82702.576
20150619,1248851.781
20150618,1038318.4199999999
20150617,184310.4
20150616,29263.649999999998
20150615,44346.259
20150612,62083.82400000001
20150611,69261.696
20150610,59031.742000000006
20150609,150398.98
20150608,207200.28000000003
20150605,38259.504
20150604,43839.858
20150603,23750.696
20150602,202605.66
20150601,22481.81
20150529,16750.579999999998
20150528,10896.71
20150527,32105.399999999998
20150526,13797.438000000002
20150525,0.0
20150522,2081.1569999999997
20150521,28336.41
20150520,5996.802
20150519,35946.66
20150518,21535.0
20150515,15120.774
20150514,14842.36
20150513,26782.583
20150512,38692.426
20150511,40267.07
20150508,18052.316
20150507,30032.272999999997
20150506,8611.663999999999
20150505,3200.7219999999998
20150504,0.0
20150501,15998.971999999998
20150430,4350.07
20150429,20967.498
20150428,13261.179999999998
20150427,9032.144
20150424,51731.085
20150423,13343.816
20150422,15895.020000000002
20150421,21690.567
20150420,18167.363999999998
20150417,8882.055999999999
20150416,5321.407999999999
20150415,2856.3439999999996
20150414,14441.262
20150413,16294.475999999999
20150410,26763.406000000003
20150409,16395.946000000004
20150408,3839.8
20150407,29456.96
20150406,0.0
20150403,0.0
20150402,3831.0179999999996
20150401,6225.44
20150331,5048.68
20150330,5857.082
20150327,4914.944
20150326,157143.888
20150325,4682.293000000001
20150324,50715.581999999995
20150323,23261.377
20150320,7250.652
20150319,32428.06
20150318,3997.136
20150317,16738.316000000003
20150316,11218.677
20150313,17578.624
20150312,7082.460000000001
20150311,1672800.2559999998
20150310,6318.88
20150309,3898.2
20150306,26063.270999999997
20150305,19577.14
20150304,15394.823999999999
20150303,2333.184
20150302,18714.28
20150227,4030.4759999999997
20150226,5466.240000000001
20150225,5115.18
20150224,5562.599999999999
20150223,9271.438
20150220,8600.130000000001
20150219,3126.2579999999994
20150218,11599.335000000001
20150217,820735.0580000001
20150216,229913.208
20150213,6715.999999999999
20150212,50930.64000000001
20150211,9736.74
20150210,9109.098
20150209,120550.74
20150206,7557.6900000000005
20150205,5997.0960000000005
20150204,23418.692
20150203,3431.8759999999993
20150202,14827.008
20150130,6879.885
20150129,12763.971000000001
20150128,15406.212
20150127,4431.9619999999995
20150126,3653.796
20150123,18080.64
20150122,89398.55500000001
20150121,7468.776000000001
20150120,22089.337000000003
20150119,12374.303000000002
20150116,26320.296000000002
20150115,7899.768000000001
20150114,58708.06
20150113,20247.863999999998
20150112,82836.75
20150109,10929.020999999999
20150108,17595.336
20150107,186234.68
20150106,2773.5280000000002
20150105,8911.536
20150102,120531.03000000001
20150101,0.0
20141231,1752.0
20141230,0.0
20141229,747.604
20141226,0.0
20141225,0.0
20141224,4384.38
20141223,7186.12
20141222,12933.68
20141219,9909.458
20141218,9435.980000000001
20141217,4482.424
20141216,5621.0
20141215,20448.614
20141212,72551.78
20141211,7258.098
20141210,3702.5819999999994
20141209,4111.36
20141208,8660.428
20141205,26179.26
20141204,6561.678000000001
20141203,112246.26000000001
20141202,78296.88
20141201,5533.9839999999995
20141128,199633.1
20141127,20000.54
20141126,75231.61
20141125,53739.314999999995
20141124,76162.068
20141121,10127.216999999999
20141120,6503.424
20141119,12213.63
20141118,653943.9789999999
20141117,1043.316
20141114,32765.739999999998
20141113,1164.36
20141112,3800.81
20141111,966549.2
20141110,896173.404
20141107,10295.92
20141106,16782.408
20141105,1924.864
20141104,23329.688999999995
20141103,2045.644
20141031,18836.291999999998
20141030,7400.448
20141029,12900.409999999998
20141028,12684.042000000001
20141027,24160.372
20141024,5986.0
20141023,20662.212
20141022,13359.876
20141021,122.64000000000001
20141020,6877.9890000000005
20141017,65599.489
20141016,16820.076
20141015,91410.01599999999
20141014,1741.05
20141013,14357.056
20141010,18812.027
20141009,93527.88399999999
20141008,28488.833999999995
20141007,1747.3890000000001
20141006,12494.784
20141003,4996.704
20141002,9806.775
20141001,13643.992
20140930,115884.58
20140929,9044.992
20140926,12057.556000000002
20140925,26796.11
20140924,20813.76
20140923,34709.674999999996
20140922,76522.542
20140919,4471.104
20140918,3577.4379999999996
20140917,5717.214
20140916,5465.218000000001
20140915,5353.572
20140912,5656.624
20140911,101.889
20140910,93391.82
20140909,1200.8500000000001
20140908,2675.8880000000004
20140905,9218.878
20140904,3522.6880000000006
20140903,3372.6
20140902,816.432
20140901,5215.12
20140829,2351.0370000000003
20140828,4082.8900000000003
20140827,12810.259000000002
20140826,3088.995
20140825,0.0
20140822,4782.96
20140821,6633.51
20140820,2882.0400000000004
20140819,2796.849
20140818,11318.212000000001
20140815,5272.0599999999995
20140814,45787.287000000004
20140813,49812.499
20140812,5601.581999999999
20140811,20338.091999999997
20140808,8379.232
20140807,3749.2799999999997
20140806,5548.438
20140805,18515.573999999997
20140804,159.415
20140801,5304.909999999999
20140731,6811.776000000001
20140730,15945.828
20140729,106210.036
20140728,5781.6
20140725,7113.558
20140724,37547.549999999996
20140723,109470.608
20140722,1326.0240000000001
20140721,226.37299999999996
20140718,2726.55
20140717,5685.24
20140716,40803.49599999999
20140715,88206.265
20140714,8362.296
20140711,6110.1
20140710,8943.550000000001
20140709,28032.438
20140708,8227.1
20140707,12914.44
20140704,25811.048
20140703,31559.36
20140702,9464.742
20140701,75940.146
20140630,2367.244
20140627,4301.744
20140626,9233.916
20140625,9857.627999999999
20140624,6794.84
20140623,3417.2760000000003
20140620,13101.282000000001
20140619,64594.971999999994
20140618,859.866
20140617,122.838
20140616,412.12
20140613,6523.134
20140612,147809.77200000003
20140611,4719.485
20140610,14005.705999999998
20140609,12312.845
20140606,75264.64
20140605,3799.4640000000004
20140604,146.48800000000003
20140603,659.196
20140602,1397.184
20140530,12776.73
20140529,8744.808
20140528,5407.763
20140527,960.5250000000001
20140526,0.0
20140523,2597.616
20140522,6007.612
20140521,10715.901
20140520,259.97999999999996
20140519,4267.134
20140516,22688.64
20140515,20117.566
20140514,19120.594
20140513,21311.135
20140512,20781.256
20140509,14175.505000000001
20140508,4494.321
20140507,565.05
20140506,11001.888
20140505,0.0
20140502,0.0
20140501,500.05800000000005
20140430,0.0
20140429,3047.6
20140428,1112.44
20140425,0.0
20140424,2644.3199999999997
20140423,188.88
20140422,4100.253000000001
20140421,0.0
20140418,0.0
20140417,127055.94
20140416,5159.16
20140415,2979.678
20140414,6667.524
20140411,15559.550000000001
20140410,499.89799999999997
20140409,104.25599999999999
20140408,56593.167
20140407,3345.2389999999996
20140404,172.965
20140403,14009.289999999999
20140402,18417.091
20140401,21629.904
20140331,23908.316
20140328,1381.59
20140327,2960.1440000000002
20140326,1311.882
20140325,6284.088
20140324,2565.64
20140321,1276.23
20140320,1370.466
20140319,10470.476
20140318,18177.45
20140317,7097.370000000001
20140314,3376.026
20140313,7142.316
20140312,5130.396
20140311,11302.368
20140310,16650.81
20140307,10629.36
20140306,7000.861000000001
20140305,1862.2980000000002
20140304,17760.805
20140303,4028.15
20140228,382.415
20140227,4210.585999999999
20140226,1493.016
20140225,0.0
20140224,2266.299
20140221,786.7200000000001
20140220,39934.4
20140219,5008.172
20140218,0.0
20140217,43230.96
20140214,697.5849999999999
20140213,11258.336
20140212,83851.47600000001
20140211,26740.8
20140210,4712.463
20140207,149.408
20140206,16495.807999999997
20140205,243.26399999999998
20140204,16484.786
20140203,30580.212000000003
20140131,4579.900000000001
20140130,0.0
20140129,207.636
20140128,726.4530000000001
20140127,7130.76
20140124,451.776
20140123,0.0
20140122,1283.863
20140121,8744.148
20140120,697.7
20140117,456.95
20140116,0.0
20140115,348.85
20140114,775.0600000000001
20140113,176065.47600000002
20140110,17893.687
20140109,10556.371
20140108,776.226
20140107,4467.478999999999
20140106,2120.16
20140103,5182.5160000000005
20140102,140656.32
20140101,0.0
20131231,1607.148
20131230,420.204
20131227,3211.812
20131226,0.0
20131225,0.0
20131224,3351.456
20131223,488.75399999999996
20131220,1785.867
20131219,1145.067
20131218,1006.271
20131217,33621.63
20131216,6360.4800000000005
20131213,1986.906
20131212,4339.786
20131211,12431.035
20131210,10263.954
20131209,14863.253999999999
20131206,4009.5
20131205,9258.3
20131204,1882489.2370000002
20131203,8379.671
20131202,6433.66
20131129,26176.461999999996
20131128,184838.6
20131127,71.94600000000001
20131126,186840.28800000003
20131125,32827.144
20131122,12158.286
20131121,6051.746
20131120,16663.79
20131119,1382.238
20131118,2458.6800000000003
20131115,2381.156
20131114,101164.113
20131113,14632.006000000001
20131112,5842.851000000001
20131111,775.467
20131108,135831.424
20131107,157837.3
20131106,167204.28
20131105,15674.163999999999
20131104,2896.56
20131101,3453.408
20131031,7145.148000000001
20131030,23495.986000000004
20131029,17911.265
20131028,259.97600000000006
20131025,291.762
20131024,2236.8599999999997
20131023,2719.12
20131022,130.94400000000002
20131021,1998.543
20131018,3715.88
20131017,11246.626999999999
20131016,1533.847
20131015,20630.61
20131014,0.0
20131011,635.0820000000001
20131010,7439.532000000001
20131009,0.0
20131008,5940.153
20131007,0.0
20131004,0.0
20131003,203.154
20131002,29.022000000000006
20131001,4552.236
20130930,29.181
20130927,0.0
20130926,0.0
20130925,875.4300000000001
20130924,0.0
20130923,80131.128
20130920,384.87800000000004
20130919,14092.456
20130918,0.0
20130917,10704.0
20130916,1799.4389999999999
20130913,6720.328
20130912,21452.064000000002
20130911,0.0
20130910,50685.215
20130909,0.0
20130906,0.0
20130905,0.0
20130904,0.0
20130903,196754.24000000002
20130902,1174.6909999999998
20130830,74539.01000000001
20130829,28.651
20130828,2635.892
20130827,0.0
20130826,0.0
20130823,0.0
20130822,6242.639999999999
20130821,112.428
20130820,566.12
20130819,0.0
20130816,2377.704
20130815,676.4749999999999
20130814,444.40000000000003
20130813,7812.456
20130812,1269.0939999999998
20130809,2676.133
20130808,0.0
20130807,3118.9900000000002
20130806,1078.956
20130805,344.864
20130802,106.536
20130801,786.3000000000001
20130731,405.885
20130730,750.232
20130729,267.94
20130726,1997.5499999999997
20130725,397.29600000000005
20130724,15112.170999999998
20130723,852.355
20130722,2530.8559999999998
20130719,0.0
20130718,2585.044
20130717,4055.436
20130716,879.4530000000001
20130715,0.0
20130712,1406.326
20130711,478.838
20130710,1652.957
20130709,859.112
20130708,4945.395
20130705,240.35
20130704,358.14
20130703,2763.352
20130702,122.56
20130701,0.0
20130628,949.7669999999999
20130627,3055.246
20130626,48.812000000000005
20130625,0.0
20130624,6546.69
20130621,20708.295
20130620,1628.286
20130619,0.0
20130618,2101.54
20130617,17869.248000000003
20130614,2705.089
20130613,0.0
20130612,893.916
20130611,8927.446
20130610,1851.8159999999998
20130607,2703.183
20130606,482.82
20130605,112183.227
20130604,33211.152
20130603,3104.885
20130531,728.624
20130530,1508.78
20130529,27220.05
20130528,1316.224
20130527,0.0
20130524,5437.9259999999995
20130523,1399.2440000000001
20130522,5680.790999999999
20130521,1544.2679999999998
20130520,3299.118
20130517,441.54099999999994
20130516,23843.213999999996
20130515,453.1
20130514,8114.118
20130513,348.585
20130510,579.384
20130509,0.0
20130508,89.24000000000001
20130507,2203.443
20130506,0.0
20130503,111.285
20130502,0.0
20130501,13102.992
20130430,2127.05
20130429,1270.929
20130426,2328.69
20130425,88422.912
20130424,3178.368
20130423,7333.696000000001
20130422,613.1160000000001
20130419,9091.269
20130418,63493.08000000001
20130417,186.336
20130416,139.75199999999998
20130415,186.336
20130412,443.55499999999995
20130411,32216.1
20130410,19241.892
20130409,201770.835
20130408,1298.55
20130405,9821.76
20130404,1122.676
20130403,1244.706
20130402,32582.010000000002
20130401,0.0
20130329,0.0
20130328,349.86
20130327,11270.49
20130326,3606.192
20130325,311707.24
20130322,2081.3520000000003
20130321,7277.945000000001
20130320,4030.012
20130319,12552.715
20130318,74.013
20130315,2645.468
20130314,1104.2240000000002
20130313,12919.830000000002
20130312,12789.301
20130311,20458.399999999998
20130308,26194.978
20130307,1278.145
20130306,4708.32
20130305,0.0
20130304,2284.92
20130301,3300.4400000000005
20130228,7062.4800000000005
20130227,413.53200000000004
20130226,3467.7279999999996
20130225,5726.314
20130222,6942.1050000000005
20130221,441727.19
20130220,3743.23
20130219,65.736
20130218,131.154
20130215,3286.8
20130214,0.0
20130213,1639.425
20130212,0.0
20130211,4185.591
20130208,111.09
20130207,22623.95
20130206,3643.752
20130205,1199.016
20130204,2153.28
20130201,1872.72
20130131,1479.204
20130130,0.0
20130129,1457.451
20130128,7896.338999999999
20130125,18925.11
20130124,15472.471999999998
20130123,104914.656
20130122,870.12
20130121,5995.151999999999
20130118,5655.39
20130117,367.098
20130116,2113.664
20130115,716.1759999999999
20130114,4149.486
20130111,2011.8719999999998
20130110,865.7969999999999
20130109,2565.84
20130108,2675.619
20130107,2091.805
20130104,3479.002
20130103,470.404
20130102,6513.099999999999
20130101,0.0
20121231,0.0
20121228,1008.4799999999999
20121227,4309.552
20121226,0.0
20121225,0.0
20121224,207.19
20121221,1989.024
20121220,718.6550000000001
20121219,2607.691
20121218,60157.515
20121217,3331.4120000000003
20121214,835.6320000000001
20121213,70621.237
20121212,5159.18
20121211,53131.17999999999
20121210,1904.9279999999999
20121207,525.744
20121206,8437.58
20121205,17171.058
20121204,6246.57
20121203,30556.18
20121130,6762.556
20121129,0.0
20121128,1630.806
20121127,86.745
20121126,1220.49
20121123,0.0
20121122,1547.348
20121121,618.38
20121120,655.234
20121119,723.217
20121116,2623.764
20121115,657.248
20121114,1788.255
20121113,3058.0359999999996
20121112,1063.26
20121109,339.72
20121108,4106.657
20121107,1512.7559999999999
20121106,2896.9199999999996
20121105,693.5379999999999
20121102,239.34300000000002
20121101,18.411
20121031,757.0239999999999
20121030,2788.064
20121029,757.0239999999999
20121026,1936.792
20121025,93.115
20121024,2228.3999999999996
20121023,7906.759
20121022,1652.22
20121019,9088.024
20121018,4549.5
20121017,2176.306
20121016,878.64
20121015,1321.776
20121012,1037.286
20121011,0.0
20121010,2643.552
20121009,4374.895
20121008,981.401
20121005,3692.7999999999997
20121004,6032.347999999999
20121003,2828.0789999999997
20121002,5185.362
20121001,5546.88
20120928,134638.21199999997
20120927,160.92000000000002
20120926,2008.1100000000001
20120925,4159.116
20120924,240.03199999999998
20120921,0.0
20120920,276.96
20120919,0.0
20120918,48969.09
20120917,2091.712
20120914,83014.81999999999
20120913,1438.052
20120912,803.068
20120911,336.168
20120910,1460.8619999999999
20120907,37.14
20120906,51086.07
20120905,3175.4700000000003
20120904,699.618
20120903,672.336
20120831,561.87
20120830,2453.499
20120829,904.0799999999999
20120828,4898.644
20120827,0.0
20120824,712.44
20120823,603.6320000000001
20120822,329.222
20120821,351.45
20120820,247.61100000000002
20120817,3004.848
20120816,1325.8639999999998
20120815,193.66
20120814,2030.2179999999998
20120813,889.3799999999999
20120810,903.026
20120809,3057.824
20120808,285.03999999999996
20120807,160.76
20120806,445.588
20120803,1194.986
20120802,7595.25
20120801,2980.4439999999995
20120731,496.07500000000005
20120730,3304.1189999999997
20120727,1094.799
20120726,993.2
20120725,941.143
20120724,0.0
20120723,42869.458
20120720,3785.835
20120719,3286.082
20120718,1967.3000000000002
20120717,783.0999999999999
20120716,558.54
20120713,5335.0199999999995
20120712,1959.66
20120711,376.7
20120710,207.185
20120709,0.0
20120706,188.35
20120705,319.294
20120704,2024.6
20120703,16593.635
20120702,0.0
20120629,0.0
20120628,7565.435
20120627,2503.7999999999997
20120626,1943.469
20120625,796.179
20120622,1095.504
20120621,1484.25
20120620,118.74
20120619,753.207
20120618,0.0
20120615,138190.348
20120614,4019.7329999999997
20120613,5002.398
20120612,2479.162
20120611,115322.77200000001
20120608,3232.002
20120607,1399.848
20120606,1255.746
20120605,0.0
20120604,0.0
20120601,116764.95599999998
20120531,1255.746
20120530,352.66499999999996
20120529,103.46
20120528,0.0
20120525,0.0
20120524,1805.458
20120523,171.9
20120522,1555.7669999999998
20120521,1244.74
20120518,28821.9
20120517,0.0
20120516,1200.1200000000001
20120515,0.0
20120514,56603.217000000004
20120511,0.0
20120510,386.784
20120509,128.928
20120508,2471.12
20120507,0.0
20120504,41851.12899999999
20120503,636.6899999999999
20120502,657.913
20120501,429.76
20120430,0.0
20120427,282.789
20120426,652.59
20120425,2066.535
20120424,2378.31
20120423,1328.67
20120420,2017.4059999999997
20120419,2006.5320000000002
20120418,3533.8710000000005
20120417,712.538
20120416,1257.42
20120413,827.6969999999999
20120412,0.0
20120411,0.0
20120410,4117.815
20120409,0.0
20120406,0.0
20120405,0.0
20120404,4942.24
20120403,34845.988000000005
20120402,91.256
20120330,0.0
20120329,1619.7939999999999
20120328,1740.354
20120327,4546.832
20120326,4635.107999999999
20120323,14418.448
20120322,113.54
20120321,567.7
20120320,2097.0570000000002
20120319,4848.035
20120316,911.4000000000001
20120315,654.1800000000001
20120314,0.0
20120313,8106.156
20120312,3741.85
20120309,2074.0539999999996
20120308,1249.28
20120307,0.0
20120306,78.31200000000001
20120305,710.532
20120302,8877.484
20120301,5280.739
20120229,5732.2519999999995
20120228,141.505
20120227,1276.884
20120224,261.40400000000005
20120223,645.1840000000001
20120222,32408.88
20120221,3115.351
20120220,3680.368
20120217,0.0
20120216,305676.00899999996
20120215,1161.28
20120214,187.29
20120213,721.7719999999999
20120210,869.085
20120209,1062.215
20120208,474.33599999999996
20120207,138.34799999999998
20120206,0.0
20120203,654.819
20120202,22303.532000000003
20120201,16955.179
20120131,694.934
20120130,0.0
20120127,373.52
20120126,0.0
20120125,6714.018
20120124,5822.128
20120123,1187.792
20120120,2466.2129999999997
20120119,4471.224999999999
20120118,0.0
20120117,1491.906
20120116,2598.616
20120113,0.0
20120112,508.545
20120111,9665.565
20120110,4326.8099999999995
20120109,462.124
20120106,3598.7639999999997
20120105,6789.668000000001
20120104,28032.666
20120103,55.550999999999995
20120102,0.0
20111230,422.234
20111229,0.0
20111228,585.528
20111227,0.0
20111226,0.0
20111223,0.0
20111222,226.01999999999998
20111221,0.0
20111220,16631.305
20111219,0.0
20111216,6759.48
20111215,276.165
20111214,0.0
20111213,0.0
20111212,0.0
20111209,1986.4
20111208,4091.2560000000003
20111207,629.51
20111206,233.818
20111205,2982.582
20111202,3792.2940000000003
20111201,980.0980000000001
20111130,481.32
20111129,4218.88
20111128,13753.935
20111125,557.1
20111124,2769.788
20111123,16161.946000000002
20111122,3429.6
20111121,1608.64
20111118,662.144
20111117,103.46
20111116,1227.082
20111115,1548.894
20111114,0.0
20111111,0.0
20111110,656.995
20111109,0.0
20111108,1661.7600000000002
20111107,515.865
20111104,1498.465
20111103,0.0
20111102,0.0
20111101,1090.2320000000002
20111031,329.69300000000004
20111028,3445.413
20111027,1281.3
20111026,303.485
20111025,0.0
20111024,382.016
20111021,627.453
20111020,759.458
20111019,551.798
20111018,1178.925
20111017,9047.304
20111014,737.8
20111013,34220.899999999994
20111012,1601.172
20111011,1661.9759999999999
20111010,315.79200000000003
20111007,7420.517999999999
20111006,5790.433999999999
20111005,1120.132
20111004,6145.523999999999
20111003,0.0
20110930,296.582
20110929,375.216
20110928,2200.416
20110927,0.0
20110926,0.0
20110923,8817.576
20110922,7773.402000000001
20110921,3930.4
20110920,0.0
20110919,1198.224
20110916,0.0
20110915,25.467
20110914,1235.184
20110913,2992.0409999999997
20110912,0.0
20110909,0.0
20110908,696.1950000000002
20110907,653.925
20110906,23237.028000000002
20110905,0.0
20110902,0.0
20110901,498.99699999999996
20110831,585.7409999999999
20110830,807.5759999999999
20110826,1198.704
20110825,2841.244
20110824,1704.162
20110823,1370.1960000000001
20110822,0.0
20110819,0.0
20110818,226.22400000000002
20110817,129.79
20110816,15708.61
20110815,38672.85
20110812,15125.972
20110811,2518.637
20110810,2749.032
20110809,8718.5
20110808,8013.85
20110805,25056.760000000002
20110804,7947.800000000001
20110803,6884.676
20110802,7713.0
20110801,15439.489999999998
20110729,160.3
20110728,36500.394
20110727,3558.6600000000003
20110726,0.0
20110725,606.8599999999999
20110722,418.665
20110721,1548.3839999999998
20110720,0.0
20110719,256.79200000000003
20110718,46527.185999999994
20110715,131.58
20110714,49065.34
20110713,9740.768
20110712,1587.264
20110711,1301.547
20110708,8231.51
20110707,82408.775
20110706,3909.0090000000005
20110705,29567.395
20110704,345.27
20110701,1340.859
20110630,5389.495999999999
20110629,8311.367
20110628,2537.886
20110627,10293.12
20110624,1650.6149999999998
20110623,7640.16
20110622,2019.774
20110621,5850.257
20110620,2507.0679999999998
20110617,381264.384
20110616,3914.488
20110615,29379.203999999998
20110614,52457.301
20110613,2784.235
20110610,2494.0960000000005
20110609,12335.512
20110608,271.648
20110607,7775.924
20110606,4151.994
20110603,36335.596000000005
20110602,34691.297999999995
20110601,35671.814999999995
20110531,5531.12
20110527,54352.647
20110526,1197.5049999999999
20110525,1061.1200000000001
20110524,13875.336
20110523,808.2719999999999
20110520,0.0
20110519,0.0
20110518,4448.236
20110517,1833.624
20110516,69.39800000000001
20110513,0.0
20110512,1387.96
20110511,6337.548
20110510,1026.66
20110509,5862.79
20110506,1223.2849999999999
20110505,10925.304
20110504,0.0
20110503,7393.984
20110428,0.0
20110427,1221.722
20110426,0.0
20110421,1496.6229999999998
20110420,0.0
20110419,1287551.6639999999
20110418,14814.65
20110415,0.0
20110414,3089.0339999999997
20110413,20870.132
20110412,0.0
20110411,7984.746000000001
20110408,839.4719999999999
20110407,5830.584000000001
20110406,1428.28
20110405,5601.9169999999995
20110404,3052.5699999999997
20110401,0.0
20110331,7185.618
20110330,10224.964
20110329,39794.03399999999
20110328,55278.918000000005
20110325,7038.417
20110324,905.364
20110323,1663.844
20110322,0.0
20110321,11611.935
20110318,0.0
20110317,5997.3949999999995
20110316,2685.96
20110315,4382.084000000001
20110314,12754.920999999998
20110311,3925.604
20110310,2086.425
20110309,0.0
20110308,7790.358
20110307,13013.616
20110304,2651.7960000000003
20110303,13279.904
20110302,4548.250999999999
20110301,1003.574
20110228,0.0
20110225,5825.795
20110224,7866.9
20110223,1929.62
20110222,1579.2920000000001
20110221,1724.1119999999999
20110218,567.072
20110217,35.548
20110216,11610.643
20110215,0.0
20110214,2352.025
20110211,0.0
20110210,0.0
20110209,0.0
20110208,0.0
20110207,9676.597
20110204,6019.592999999999
20110203,2998.268
20110202,589.722
20110201,0.0
20110131,236416.446
20110128,0.0
20110127,1792.548
20110126,2538.6379999999995
20110125,2090.199
20110124,6457.779
20110121,0.0
20110120,0.0
20110119,839.4570000000001
20110118,1444.86
20110117,1898.1979999999999
20110114,12343.688
20110113,4748.814
20110112,4767.5160000000005
20110111,988.55
20110110,292.87
20110107,398.874
20110106,800.744
20110105,0.0
20110104,974.1339999999999
20101231,2597.109
20101230,1083.684
20101229,0.0
20101227,0.0
20101224,4616.997
20101223,2277.2
20101222,21782.863999999998
20101221,1995.9840000000002
20101220,13047.679999999998
20101217,2166.6749999999997
20101216,0.0
20101215,14706.576
20101214,12924.72
20101213,2496.13
20101210,10220.67
20101209,6066.753000000001
20101208,83188.672
20101207,1872.7920000000001
20101206,4818.432
20101203,1455.568
20101202,0.0
20101201,2770.444
20101130,1157.985
20101129,110179.524
20101126,1888.48
20101125,1341.324
20101124,7249.76
20101123,0.0
20101122,0.0
20101119,21071.765
20101118,824.398
20101117,726.981
20101116,4018.245
20101115,0.0
20101112,1322.2440000000001
20101111,0.0
20101110,671.868
20101109,870.94
20101108,0.0
20101105,1649.4060000000002
20101104,344.652
20101103,1115.01
20101102,8666.019
20101101,0.0
20101029,139846.38
20101028,0.0
20101027,1179.12
20101026,49.556000000000004
20101025,5890.706
20101022,3005.16
20101021,20470.899999999998
20101020,2670.1920000000005
20101019,2078.5690000000004
20101018,689.728
20101015,8376.665
20101014,891.256
20101013,0.0
20101012,0.0
20101011,2800.3559999999998
20101008,3514.464
20101007,7242.3
20101006,111.95
20101005,1870.7479999999998
20101004,4857.912
20101001,14544.024000000001
20100930,0.0
20100929,0.0
20100928,0.0
20100927,2566.625
20100924,0.0
20100923,0.0
20100922,0.0
20100921,58.893
20100920,942.288
20100917,200.02
20100916,7459.78
20100915,0.0
20100914,0.0
20100913,3435.425
20100910,336.43
20100909,477.504
20100908,545.8050000000001
20100907,494.064
20100906,0.0
20100903,2965.6389999999997
20100902,930.8209999999999
20100901,38055.426
20100831,5952.925
20100830,0.0
20100827,11078.406
20100826,1834.2939999999999
20100825,29531.727999999996
20100824,0.0
20100823,169.784
20100820,5452.41
20100819,1443.164
20100818,1867.624
20100817,51359.659999999996
20100816,5901.432
20100813,27234.756
20100812,1479.204
20100811,130.518
20100810,197.208
20100809,3615.049
20100806,1563.349
20100805,4546.832
20100804,0.0
20100803,7046.08
20100802,9808.006999999998
20100730,7670.262
20100729,4617.156
20100728,22503.292
20100727,1306.076
20100726,1833.6
20100723,830.8799999999999
20100722,0.0
20100721,38753.064
20100720,3514.8680000000004
20100719,0.0
20100716,9380.192000000001
20100715,13984.073
20100714,10415.564
20100713,0.0
20100712,88.87
20100709,3912.236
20100708,45914.96
20100707,625.0239999999999
20100706,1347.505
20100705,1455.6360000000002
20100702,1322.5779999999997
20100701,0.0
20100630,0.0
20100629,686.322
20100628,799.68
20100625,2661.368
20100624,233.23999999999998
20100623,939.62
20100622,121.821
20100621,2219.49
20100618,1741.9199999999998
20100617,2525.46
20100616,590.04
20100615,0.0
20100614,0.0
20100611,33722.334
20100610,228.995
20100609,0.0
20100608,4112.892
20100607,3277.2899999999995
20100604,2163.0559999999996
20100603,3648.1000000000004
20100602,6872.8
20100601,1690.502
20100531,0.0
20100528,629.578
20100527,1088.6999999999998
20100526,1306.44
20100525,0.0
20100524,0.0
20100521,0.0
20100520,0.0
20100519,2674.05
20100518,3670.884
20100517,0.0
20100514,0.0
20100513,132.21599999999998
20100512,0.0
20100511,0.0
20100510,2441.66
20100507,2297.148
20100506,1506.8
20100505,4507.958
20100504,0.0
20100503,0.0
20100430,90574.78199999999
20100429,31736.975
20100428,3092.327
20100427,1460.538
20100426,7076.862
20100423,0.0
20100422,0.0
20100421,2496.439
20100420,7847.215999999999
20100419,5885.523
20100416,36989.264
20100415,4611.348000000001
20100414,0.0
20100413,0.0
20100412,190.83900000000003
20100409,413.832
20100408,184.42600000000002
20100407,83.83
20100406,1171.571
20100405,0.0
20100402,0.0
20100401,0.0
20100331,33.85
20100330,1407.09
20100329,5897.106000000001
20100326,1860.7050000000002
20100325,230.37300000000002
20100324,2243.836
20100323,9135.836
20100322,3822.573
20100319,5532.246999999999
20100318,453.908
20100317,433.77599999999995
20100316,237943.494
20100315,0.0
20100312,138.483
20100311,2108.019
20100310,0.0
20100309,1053.456
20100308,76.935
20100305,415.449
20100304,5538.51
20100303,205.54300000000003
20100302,0.0
20100301,363.653
20100226,254.672
20100225,0.0
20100224,203.47600000000003
20100223,0.0
20100222,3175.8599999999997
20100219,0.0
20100218,1651.65
20100217,272.178
20100216,4989.93
20100215,30.454000000000004
20100212,4518.524
20100211,0.0
20100210,131.796
20100209,0.0
20100208,0.0
20100205,120.96800000000002
20100204,60290.011999999995
20100203,3082.1720000000005
20100202,0.0
20100201,7462.182
20100129,0.0
20100128,57.300000000000004
20100127,478.03999999999996
20100126,7393.88
20100125,0.0
20100122,4913.474999999999
20100121,0.0
20100120,0.0
20100119,4307.095
20100118,0.0
20100115,0.0
20100114,0.0
20100113,880.2909999999999
20100112,2071.922
20100111,0.0
20100108,0.0
20100107,299.24
20100106,613.442
20100105,481.503
20100104,0.0
20100101,0.0
20091231,0.0
20091230,0.0
20091229,0.0
20091228,0.0
20091225,0.0
20091224,0.0
20091223,0.0
20091222,0.0
20091221,0.0
20091218,0.0
20091217,28.862000000000002
20091216,0.0
20091215,4459.179
20091214,545.75
20091211,0.0
20091210,0.0
20091209,0.0
20091208,0.0
20091207,0.0
20091204,0.0
20091203,0.0
20091202,587.88
20091201,1989.9460000000001
20091130,120060.74
20091127,28288.260000000002
20091126,0.0
20091125,4203.94
20091124,0.0
20091123,0.0
20091120,134.23
20091119,0.0
20091118,1809.9070000000002
20091117,3568.9559999999997
20091116,0.0
20091113,16326.641999999998
20091112,0.0
20091111,0.0
20091110,3883.1040000000003
20091109,0.0
20091106,13.795
20091105,13.264
20091104,172.432
20091103,1788.124
20091102,0.0
20091030,3210.552
20091029,302170.21499999997
20091028,0.0
20091027,767.0139999999999
20091026,760.548
20091023,0.0
20091022,1044.1879999999999
20091021,0.0
20091020,927.1500000000001
20091019,0.0
20091016,0.0
20091015,1551.8879999999997
20091014,4770.22
20091013,258004.05599999998
20091012,2597.1
20091009,14122.653999999999
20091008,1000.646
20091007,2115.53
20091006,0.0
20091005,808.18
20091002,1470.1499999999999
20091001,196.94400000000002
20090930,36.927
20090929,0.0
20090928,0.0
20090925,0.0
20090924,0.0
20090923,0.0
20090922,0.0
20090921,0.0
20090918,0.0
20090917,0.0
20090916,161.395
20090915,504.669
20090914,0.0
20090911,112.212
20090910,0.0
20090909,2590.244
20090908,0.0
20090907,4451.076000000001
20090904,14834.400000000001
20090903,495.977
20090902,0.0
20090901,0.0
20090831,0.0
20090828,0.0
20090827,0.0
20090826,0.0
20090825,0.0
20090824,1613.723
20090821,0.0
20090820,0.0
20090819,0.0
20090818,0.0
20090817,0.0
20090814,0.0
20090813,4432.155000000001
20090812,0.0
20090811,0.0
20090810,0.0
20090807,0.0
20090806,7044.42
20090805,72.89999999999999
20090804,826.1999999999999
20090803,0.0
20090731,0.0
20090730,0.0
20090729,133.067
20090728,2636.5499999999997
20090727,4022.46
20090724,17596.612
20090723,0.0
20090722,0.0
20090721,0.0
20090720,0.0
20090717,0.0
20090716,0.0
20090715,6696.714
20090714,0.0
20090713,400.486
20090710,0.0
20090709,0.0
20090708,0.0
20090707,938.08
20090706,476.37899999999996
20090703,0.0
20090702,446.93999999999994
20090701,142.428
20090630,0.0
20090629,0.0
20090626,148.291
20090625,0.0
20090624,0.0
20090623,1164.0030000000002
20090622,0.0
20090619,0.0
20090618,0.0
20090617,0.0
20090616,3967.1379999999995
20090615,0.0
20090612,0.0
20090611,0.0
20090610,0.0
20090609,0.0
20090608,478.55199999999996
20090605,0.0
20090604,935.3739999999999
20090603,0.0
20090602,0.0
20090601,8541.864
20090529,0.0
20090528,0.0
20090527,5395.7119999999995
20090526,0.0
20090525,0.0
20090522,200.243
20090521,2037.9009999999998
20090520,3239.2250000000004
20090519,2200.3199999999997
20090518,0.0
20090515,0.0
20090514,0.0
20090513,0.0
20090512,0.0
20090511,0.0
20090508,0.0
20090507,0.0
20090506,0.0
20090505,522.0939999999999
20090504,0.0
20090501,0.0
20090430,432.67
20090429,0.0
20090428,0.0
20090427,0.0
20090424,0.0
20090423,0.0
20090422,0.0
20090421,0.0
20090420,0.0
20090417,0.0
20090416,524.2669999999999
20090415,5186.688
20090414,551.152
20090413,0.0
20090410,0.0
20090409,3997.812
20090408,95.499
20090407,360.774
20090406,0.0
20090403,0.0
20090402,721.548
20090401,1394.766
20090331,0.0
20090330,67.03899999999999
20090327,832.065
20090326,287.31
20090325,0.0
20090324,1955.714
20090323,0.0
20090320,1108.91
20090319,0.0
20090318,1441.583
20090317,0.0
20090316,0.0
20090313,267.894
20090312,5041.071
20090311,0.0
20090310,0.0
20090309,0.0
20090306,0.0
20090305,67798.476
20090304,0.0
20090303,164.152
20090302,0.0
20090227,0.0
20090226,28.65
20090225,0.0
20090224,0.0
20090223,1795.4
20090220,0.0
20090219,0.0
20090218,0.0
20090217,0.0
20090216,0.0
20090213,0.0
20090212,0.0
20090211,453.83200000000005
20090210,0.0
20090209,0.0
20090206,368.316
20090205,0.0
20090204,0.0
20090203,0.0
20090202,0.0
20090130,229.2
20090129,0.0
20090128,0.0
20090127,294.45000000000005
20090126,1095.63
20090123,199435.10400000002
20090122,554.455
20090121,0.0
20090120,0.0
20090119,804.8299999999999
20090116,0.0
20090115,0.0
20090114,0.0
20090113,584.698
20090112,0.0
20090109,0.0
20090108,2502.185
20090107,7994.911999999998
20090106,0.0
20090105,0.0
20090102,0.0
20090101,0.0
20081231,0.0
20081230,0.0
20081229,0.0
20081226,0.0
20081225,0.0
20081224,0.0
20081223,2515.17
20081222,0.0
20081219,0.0
20081218,0.0
20081217,3799.0400000000004
20081216,0.0
20081215,0.0
20081212,0.0
20081211,306.55800000000005
20081210,272.187
20081209,0.0
20081208,1120.096
20081205,310.38
20081204,1482.888
20081203,100.998
20081202,0.0
20081201,208.164
20081128,0.0
20081127,7727.376
20081126,1746.024
20081125,482.93899999999996
20081124,0.0
20081121,11760.616999999998
20081120,16049.0
20081119,0.0
20081118,0.0
20081117,0.0
20081114,0.0
20081113,0.0
20081112,0.0
20081111,0.0
20081110,0.0
20081107,0.0
20081106,0.0
20081105,0.0
20081104,233.982
20081103,183.36
20081031,4200.534000000001
20081030,16219.616
20081029,764.864
20081028,0.0
20081027,0.0
20081024,14298.171999999999
20081023,896.2599999999999
20081022,6769.95
20081021,0.0
20081020,42047.668
20081017,2941.554
20081016,338.067
20081015,0.0
20081014,2398.086
20081013,155.243
20081010,717.3399999999999
20081009,1862.3249999999998
20081008,1818.247
20081007,953.9399999999999
20081006,0.0
20081003,0.0
20081002,892.9139999999999
20081001,0.0
20080930,3328.134
20080929,2253.029
20080926,1075.8120000000001
20080925,0.0
20080924,0.0
20080923,565.5949999999999
20080922,0.0
20080919,0.0
20080918,0.0
20080917,63.668
20080916,0.0
20080915,637.386
20080912,1370.466
20080911,0.0
20080910,0.0
20080909,1261.734
20080908,0.0
20080905,0.0
20080904,559.232
20080903,2394.936
20080902,369.74799999999993
20080901,2990.136
20080829,2948.211
20080828,0.0
20080827,1274.925
20080826,0.0
20080825,0.0
20080822,413.04
20080821,0.0
20080820,0.0
20080819,3828.4159999999997
20080818,3115.224
20080815,0.0
20080814,809.1039999999998
20080813,0.0
20080812,0.0
20080811,0.0
20080808,0.0
20080807,583.842
20080806,0.0
20080805,372.465
20080804,1422.6680000000001
20080801,0.0
20080731,13.052000000000001
20080730,475.4
20080729,1318.9360000000001
20080728,776.2149999999999
20080725,84.996
20080724,6718.165
20080723,1857.0
20080722,696.098
20080721,669.9809999999999
20080718,0.0
20080717,97.092
20080716,1352.945
20080715,1035.648
20080714,0.0
20080711,1073.312
20080710,1550.5019999999997
20080709,362.434
20080708,5046.936
20080707,343.17800000000005
20080704,265.183
20080703,6505.338
20080702,0.0
20080701,600.712
20080630,1710.688
20080627,0.0
20080626,567.27
20080625,1194.216
20080624,0.0
20080623,511.02799999999996
20080620,2168.625
20080619,2419.015
20080618,0.0
20080617,2968.0800000000004
20080616,0.0
20080613,2478.48
20080612,5262.082
20080611,5642.599999999999
20080610,6691.165000000001
20080609,10367.775
20080606,670.624
20080605,473.308
20080604,1439.56
20080603,11261.36
20080602,9608.676
20080530,17067.564
20080529,7312.866
20080528,0.0
20080527,122.562
20080526,0.0
20080523,3654.8740000000003
20080522,60017.959
20080521,44547.077
20080520,0.0
20080519,0.0
20080516,5789.736000000001
20080515,0.0
20080514,26083.656
20080513,5232.648
20080512,33271.409999999996
20080509,13009.187
20080508,0.0
20080507,0.0
20080506,341.68
20080505,0.0
20080502,0.0
20080501,0.0
20080430,0.0
20080429,0.0
20080428,0.0
20080425,1593.319
20080424,3278.961
20080423,0.0
20080422,51.729
20080421,0.0
20080418,839.7130000000001
20080417,850.1010000000001
20080416,0.0
20080415,4659.445
20080414,1694.144
20080411,3333.321
20080410,2812.608
20080409,0.0
20080408,888.7
20080407,355.48
20080404,2757.234
20080403,68.548
20080402,3678.66
20080401,0.0
20080331,2758.491
20080328,108.07799999999999
20080327,108.396
20080326,1098.793
20080325,0.0
20080324,0.0
20080321,0.0
20080320,186.175
20080319,87.015
20080318,1060.08
20080317,1620.842
20080314,3814.978
20080313,1747.0460000000003
20080312,1269.9679999999998
20080311,575.552
20080310,3910.28
20080307,0.0
20080306,0.0
20080305,479.8980000000001
20080304,979.83
20080303,0.0
20080229,0.0
20080228,3804.8400000000006
20080227,0.0
20080226,10155.22
20080225,0.0
20080222,1352.925
20080221,782.5139999999999
20080220,0.0
20080219,144.31199999999998
20080218,667.443
20080215,177.74
20080214,373.254
20080213,212.016
20080212,1011.5790000000001
20080211,17.827
20080208,542.779
20080207,0.0
20080206,2182.7189999999996
20080205,2313.708
20080204,1506.5099999999998
20080201,3366.3050000000003
20080131,60322.905000000006
20080130,567.321
20080129,773.874
20080128,5886.888
20080125,0.0
20080124,6283.5
20080123,9145.224
20080122,1740.5
20080121,1124.874
20080118,7703.8279999999995
20080117,1282.82
20080116,168.45
20080115,0.0
20080114,73.432
20080111,898.0
20080110,0.0
20080109,3755.844
20080108,705.64
20080107,44321.823
20080104,105209.57700000002
20080103,0.0
20080102,6538.74
20080101,0.0
20071231,0.0
20071228,27264.438
20071227,23351.289
20071226,0.0
20071225,0.0
20071224,9046.4
20071221,176535.447
20071220,32422.928999999996
20071219,15359.904999999999
20071218,11889.999
20071217,22194.878
20071214,84263.22
20071213,647.823
20071212,3342.6
20071211,262.106
20071210,532.899
20071207,563.78
20071206,4675.56
20071205,3038.6070000000004
20071204,3256.605
20071203,0.0
20071130,0.0
20071129,25385.832000000002
20071128,0.0
20071127,79.904
20071126,1307.3280000000002
20071123,4200.858
20071122,5899.994
20071121,8702.64
20071120,0.0
20071119,167.503
20071116,169.35799999999998
20071115,0.0
20071114,2067.903
20071113,1044.8999999999999
20071112,47.752
20071109,2124.964
20071108,1098.27
20071107,2614.59
20071106,740.156
20071105,0.0
20071102,0.0
20071101,0.0
20071031,317.629
20071030,4919.306
20071029,23530.265
20071026,2044.1339999999998
20071025,1313.6580000000001
20071024,3160.2560000000003
20071023,13493.409999999998
20071022,0.0
20071019,1022.4169999999999
20071018,14147.172
20071017,4963.706999999999
20071016,1421.9309999999998
20071015,0.0
20071012,10602.885
20071011,0.0
20071010,2177.4759999999997
20071009,8421.15
20071008,6877.745
20071005,1028.228
20071004,3656.2300000000005
20071003,2514.886
20071002,2796.075
20071001,3022.0840000000003
20070928,2228.889
20070927,6653.2300000000005
20070926,6169.865999999999
20070925,35662.176
20070924,1361.44
20070921,4241.900000000001
20070920,1981.7839999999999
20070919,3304.005
20070918,0.0
20070917,0.0
20070914,0.0
20070913,0.0
20070912,140.068
20070911,1645.7990000000002
20070910,91151.634
20070907,0.0
20070906,662.14
20070905,0.0
20070904,67.382
20070903,8968.988000000001
20070831,827.025
20070830,1408.514
20070829,10581.032000000001
20070828,1383.72
20070827,0.0
20070824,427.98600000000005
20070823,2772.084
20070822,2213.4
20070821,0.0
20070820,1529.328
20070817,0.0
20070816,828.3499999999999
20070815,0.0
20070814,0.0
20070813,17239.882
20070810,11969.89
20070809,6111.576
20070808,868.8
20070807,79445.763
20070806,2137.536
20070803,2377.7400000000002
20070802,6281.86
20070801,3284.924
20070731,28128.954
20070730,11019.813999999998
20070727,437.645
20070726,18660.432
20070725,3701.204
20070724,5483.982000000001
20070723,2003.55
20070720,307.521
20070719,3907.12
20070718,7098.760000000001
20070717,6607.215
20070716,4657.356
20070713,8056.602
20070712,6128.64
20070711,5271.75
20070710,49065.653999999995
20070709,797.98
20070706,1077.2730000000001
20070705,480.69599999999997
20070704,4120.901
20070703,3986.874
20070702,0.0
20070629,35176.128000000004
20070628,5175.588
20070627,5767.545
20070626,35310.526
20070625,9580.727
20070622,0.0
20070621,41.650000000000006
20070620,3796.2000000000003
20070619,1129.545
20070618,5691.391
20070615,3775.416
20070614,0.0
20070613,2560.3830000000003
20070612,3898.0950000000003
20070611,0.0
20070608,4136.286
20070607,212.095
20070606,4150.292
20070605,131475.0
20070604,6128.08
20070601,10536.526
20070531,6116.1
20070530,1203.328
20070529,0.0
20070528,0.0
20070525,6723.36
20070524,2594.0249999999996
20070523,0.0
20070522,10828.274
20070521,3579.578
20070518,1443.1299999999999
20070517,6193.095
20070516,2026.9439999999997
20070515,5494.75
20070514,43.851
20070511,1025.0639999999999
20070510,2613.818
20070509,7159.7519999999995
20070508,4305.238
20070507,0.0
20070504,999.1740000000001
20070503,20834.82
20070502,7865.496
20070501,0.0
20070430,0.0
20070427,3816.852
20070426,23878.778
20070425,2925.714
20070424,6316.31
20070423,1981.44
20070420,5788.151999999999
20070419,7006.62
20070418,21146.24
20070417,7664.298
20070416,22250.029
20070413,12102.045
20070412,9693.39
20070411,2478.2760000000003
20070410,3935.0969999999998
20070409,0.0
20070406,0.0
20070405,7487.424
20070404,7691.926
20070403,1975.654
20070402,9326.24
20070330,0.0
20070329,12312.481
20070328,1207.85
20070327,63030.825
20070326,2193.352
20070323,35173.902
20070322,38142.774
20070321,5020.218
20070320,293628.375
20070319,9944.1
20070316,3117.9030000000002
20070315,55448.268
20070314,13034.723
20070313,0.0
20070312,0.0
20070309,1627.408
20070308,3457.9880000000003
20070307,569.0360000000001
20070306,8170.379999999999
20070305,9320.52
20070302,179.332
20070301,0.0
20070228,1218.375
20070227,0.0
20070226,2162.368
20070223,22422.816
20070222,0.0
20070221,32636.31
20070220,4353.986
20070219,10148.112000000001
20070216,0.0
20070215,3499.2000000000003
20070214,0.0
20070213,4681.188
20070212,18852.264
20070209,445.68
20070208,0.0
20070207,0.0
20070206,174.24
20070205,272029.378
20070202,623.952
20070201,7260.183000000001
20070131,4315.626
20070130,0.0
20070129,4047.475
20070126,7508.200000000001
20070125,435.07
20070124,4730.6
20070123,4570.077
20070122,387.261
20070119,254.832
20070118,0.0
20070117,37460.304000000004
20070116,5566.888
20070115,8012.4800000000005
20070112,4411.576
20070111,1081.7
20070110,1044.168
20070109,5256.004
20070108,2611.98
20070105,0.0
20070104,5826.87
20070103,8287.104
20070102,559.3770000000001
20070101,0.0
20061229,1233.792
20061228,1130.48
20061227,9448.92
20061226,0.0
20061225,0.0
20061222,1054.344
20061221,17495.64
20061220,1540.33
20061219,1839.6000000000001
20061218,10848.401
20061215,5443.6050000000005
20061214,39.819
20061213,414889.08300000004
20061212,21262.488
20061211,11185.056
20061208,5553.691000000001
20061207,6607.036
20061206,683.802
20061205,630334.844
20061204,58728.708
20061201,4644.945
20061130,8263.991999999998
20061129,3904.11
20061128,22561.242000000002
20061127,47737.899000000005
20061124,37696.1
20061123,18358.956
20061122,9383.011
20061121,1277.605
20061120,4973.142
20061117,1574.187
20061116,73.854
20061115,11618.688
20061114,3459.365
20061113,598.48
20061110,296.056
20061109,364.5
20061108,12717.177999999998
20061107,610.181
20061106,2935.278
20061103,6919.100999999999
20061102,660.87
20061101,17183.284
20061031,5515.295999999999
20061030,1479.4650000000001
20061027,46043.802
20061026,3510.052
20061025,408.54
20061024,2785.5
20061023,43816.547
20061020,76.614
20061019,52616.954
20061018,0.0
20061017,19425.665
20061016,0.0
20061013,0.0
20061012,0.0
20061011,0.0
20061010,0.0
20061009,801.1080000000001
20061006,0.0
20061005,0.0
20061004,1081.671
20061003,1578.8220000000001
20061002,3360.3569999999995
20060929,1800.528
20060928,6669.488000000001
20060927,6762.582
20060926,79094.73
20060925,0.0
20060922,6434.5199999999995
20060921,791.07
20060920,0.0
20060919,75.128
20060918,12418.460000000001
20060915,108.234
20060914,965.64
20060913,0.0
20060912,1370.258
20060911,152.06
20060908,482.82
20060907,186.495
20060906,261348.73500000002
20060905,0.0
20060904,112.215
20060901,0.0
20060831,1435.4879999999998
20060830,75.87
20060829,2545.308
20060828,0.0
20060825,37.034
20060824,37.723000000000006
20060823,0.0
20060822,419.91400000000004
20060821,931.15
20060818,0.0
20060817,2253.84
20060816,221.88
20060815,147.604
20060814,36.980000000000004
20060811,42220.73
20060810,11652.184000000001
20060809,111.897
20060808,382.54
20060807,5344.878000000001
20060804,852.0820000000001
20060803,77.99400000000001
20060802,9864.598
20060801,7375.347
20060731,1597.7699999999998
20060728,155.776
20060727,276.318
20060726,2052.743
20060725,194.985
20060724,3392.739
20060721,2222.829
20060720,2438.215
20060719,3267.6349999999998
20060718,1862.3
20060717,0.0
20060714,0.0
20060713,674.244
20060712,5850.306
20060711,0.0
20060710,37.935
20060707,11032.18
20060706,17692.087
20060705,0.0
20060704,789.9570000000001
20060703,0.0
20060630,49303.960999999996
20060629,480.051
20060628,5500.944
20060627,2538.25
20060626,2410.002
20060623,1988.847
20060622,0.0
20060621,39.076
20060620,5849.424
20060619,10363.011
20060616,8453.328000000001
20060615,2073.2
20060614,26397.998999999996
20060613,10428.432
20060612,4417.479
20060609,2101.0499999999997
20060608,19071.325
20060607,3021.018
20060606,0.0
20060605,791.07
20060602,4876.43
20060601,4884.9839999999995
20060531,2597.616
20060530,288.62399999999997
20060529,0.0
20060526,182.915
20060525,3877.798
20060524,5121.62
20060523,1411.2150000000001
20060522,9242.48
20060519,473.16100000000006
20060518,253.84799999999998
20060517,451.09200000000004
20060516,6809.288
20060515,5727.722000000001
20060512,1534.338
20060511,0.0
20060510,31709.91
20060509,5042.56
20060508,8288.434
20060505,1060.696
20060504,4813.326
20060503,34391.708999999995
20060502,0.0
20060501,0.0
20060428,6990.783
20060427,13369.143
20060426,1797.4959999999999
20060425,951.84
20060424,1698.543
20060421,7031.178
20060420,2244.89
20060419,0.0
20060418,2290.44
20060417,0.0
20060414,0.0
20060413,271.11699999999996
20060412,2228.784
20060411,2194.082
20060410,14729.256
20060407,4230.911999999999
20060406,1208.832
20060405,836.33
20060404,3742.497
20060403,33450.96
20060331,8438.08
20060330,5632.149
20060329,648.516
20060328,2757.6479999999997
20060327,36842.88
20060324,2618.054
20060323,626.858
20060322,589.984
20060321,4070.77
20060320,4351.1320000000005
20060317,2579.36
20060316,2094.68
20060315,3089.988
20060314,6299.731999999999
20060313,11498.501
20060310,2606.544
20060309,2695.671
20060308,6770.279999999999
20060307,1275.75
20060306,5857.44
20060303,0.0
20060302,3426.3
20060301,3370.0939999999996
20060228,146.648
20060227,992.7360000000001
20060224,1173.184
20060223,1462.24
20060222,0.0
20060221,1759.776
20060220,625.056
20060217,5073.984
20060216,50923.68
20060215,2684.064
20060214,146069.91
20060213,7353.6
20060210,12465.872
20060209,8098.611999999999
20060208,4400.62
20060207,87199.244
20060206,14859.064
20060203,1736.6580000000001
20060202,216.468
20060201,578.96
20060131,36.077999999999996
20060130,3412.608
20060127,1228.488
20060126,6860.764000000001
20060125,0.0
20060124,53719.5
20060123,16608.915
20060120,1204.599
20060119,5110.42
20060118,2705.85
20060117,3660.8999999999996
20060116,6882.492
20060113,512.526
20060112,7039.868
20060111,1575.348
20060110,4918.34
20060109,84839.725
20060106,34989.395
20060105,161716.08200000002
20060104,17957.604
20060103,44821.276000000005
20060102,0.0
