20160408,339829.30799999996
20160407,505427.91
20160406,525389.76
20160405,826560.166
20160404,766168.142
20160401,1966173.6779999998
20160331,425703.88
20160330,292465.59400000004
20160329,827116.28
20160328,0.0
20160324,341200.54000000004
20160323,737141.444
20160322,1867705.0
20160321,476674.52400000003
20160318,678286.7999999999
20160317,609998.2200000001
20160316,620701.626
20160315,1012016.52
20160314,545109.25
20160311,657710.1440000001
20160310,1241300.6870000002
20160309,469071.866
20160308,942824.3459999999
20160307,1243140.3599999999
20160304,473811.97500000003
20160303,301786.81799999997
20160302,288945.97199999995
20160301,678316.5839999999
20160229,268315.515
20160226,437154.87899999996
20160225,573825.479
20160224,471960.47599999997
20160223,360500.864
20160222,318142.90599999996
20160219,352154.336
20160218,350655.5
20160217,528177.1190000001
20160216,206797.685
20160215,363235.15200000006
20160212,276139.874
20160211,422745.336
20160210,528622.2000000001
20160209,590842.8740000001
20160208,672441.106
20160205,459706.55
20160204,279839.076
20160203,701056.3759999999
20160202,282565.115
20160201,957920.6
20160129,512378.97000000003
20160128,497801.016
20160127,948240.8
20160126,940113.71
20160125,1045550.5299999999
20160122,353383.656
20160121,527877.892
20160120,648176.49
20160119,367090.355
20160118,294774.438
20160115,724528.358
20160114,495640.8
20160113,547048.5680000001
20160112,409766.81200000003
20160111,259224.825
20160108,231049.38
20160107,621176.71
20160106,435951.401
20160105,1177478.1010000003
20160104,446285.135
20151231,224277.9
20151230,217454.00600000002
20151229,323042.885
20151228,0.0
20151225,0.0
20151224,53771.07000000001
20151223,360586.858
20151222,292013.505
20151221,285310.718
20151218,541239.52
20151217,792570.6359999999
20151216,1238473.324
20151215,1143079.0410000002
20151214,429876.852
20151211,337296.792
20151210,258997.795
20151209,305821.82
20151208,285620.822
20151207,752659.2000000001
20151204,480436.944
20151203,901502.4040000001
20151202,564963.498
20151201,611001.824
20151130,446926.73199999996
20151127,104848.367
20151126,151460.4
20151125,467553.31999999995
20151124,563244.64
20151123,278483.612
20151120,292395.952
20151119,491894.7320000001
20151118,451093.1340000001
20151117,215446.944
20151116,411446.25
20151113,371116.086
20151112,556974.378
20151111,1673245.264
20151110,571886.088
20151109,418641.641
20151106,1007838.0
20151105,524284.54000000004
20151104,313872.40599999996
20151103,212081.57100000003
20151102,378372.87000000005
20151030,477513.7320000001
20151029,214900.758
20151028,319836.798
20151027,362725.685
20151026,429933.13499999995
20151023,279909.44800000003
20151022,385725.795
20151021,448600.768
20151020,1107087.632
20151019,375126.633
20151016,159177.52200000003
20151015,510894.80700000003
20151014,252638.10799999998
20151013,332170.659
20151012,354661.594
20151009,461180.712
20151008,331222.9
20151007,569112.453
20151006,1362414.9139999999
20151005,2640071.2800000003
20151002,429642.66800000006
20151001,983024.497
20150930,324968.406
20150929,339274.21599999996
20150928,362979.36
20150925,616809.12
20150924,746538.88
20150923,698989.016
20150922,698651.245
20150921,272251.45599999995
20150918,631378.314
20150917,302005.088
20150916,474918.29
20150915,202549.158
20150914,291486.883
20150911,286262.784
20150910,234443.588
20150909,163497.51599999997
20150908,174043.388
20150907,116086.425
20150904,314354.79
20150903,293397.80399999995
20150902,470616.69200000004
20150901,497405.94000000006
20150831,0.0
20150828,879745.776
20150827,347620.45200000005
20150826,701946.8300000001
20150825,323808.29
20150824,719598.3030000001
20150821,465116.58
20150820,488289.043
20150819,241223.682
20150818,351134.307
20150817,432477.69599999994
20150814,223713.318
20150813,362652.32
20150812,330804.02599999995
20150811,311940.315
20150810,206957.19
20150807,189736.125
20150806,543980.3049999999
20150805,448862.39999999997
20150804,331120.992
20150803,349001.685
20150731,343006.56000000006
20150730,255445.542
20150729,294458.64
20150728,353724.42
20150727,470312.72
20150724,871985.73
20150723,1155290.919
20150722,127253.381
20150721,136372.90600000002
20150720,1024847.5839999999
20150717,262561.728
20150716,194247.96300000002
20150715,103000.22600000001
20150714,279374.139
20150713,382871.349
20150710,265698.757
20150709,252479.844
20150708,554200.378
20150707,139211.0
20150706,200715.325
20150703,173501.21699999998
20150702,312351.013
20150701,217627.6
20150630,175986.35599999997
20150629,258612.72
20150626,245740.33800000002
20150625,328289.75999999995
20150624,248665.44800000003
20150623,181103.364
20150622,334234.29600000003
20150619,343336.812
20150618,279218.576
20150617,254679.261
20150616,364188.532
20150615,356516.67
20150612,221407.24799999996
20150611,322140.24
20150610,263126.675
20150609,220406.418
20150608,156244.382
20150605,177483.73200000002
20150604,165824.464
20150603,318983.428
20150602,389817.883
20150601,988574.76
20150529,490989.24000000005
20150528,393065.653
20150527,258363.79
20150526,351907.815
20150525,0.0
20150522,549482.3879999999
20150521,225605.33200000002
20150520,187380.78
20150519,384002.192
20150518,154073.14299999998
20150515,128770.68599999999
20150514,219991.48599999998
20150513,120944.93999999999
20150512,165261.342
20150511,188994.81
20150508,262296.3
20150507,686563.4670000001
20150506,293051.2
20150505,412300.35
20150504,0.0
20150501,178473.393
20150430,1033458.81
20150429,1402448.5520000001
20150428,523216.404
20150427,175451.85
20150424,520380.208
20150423,151153.8
20150422,140265.704
20150421,196017.264
20150420,135716.63600000003
20150417,276339.602
20150416,223584.40000000002
20150415,395831.69599999994
20150414,1250388.822
20150413,584571.955
20150410,505991.032
20150409,295107.975
20150408,263311.0
20150407,298225.148
20150406,0.0
20150403,0.0
20150402,208115.69999999998
20150401,244373.705
20150331,422675.32899999997
20150330,343547.928
20150327,6883040.06
20150326,162921.108
20150325,495168.78200000006
20150324,624431.634
20150323,249961.84199999998
20150320,301785.285
20150319,341820.675
20150318,521700.705
20150317,336641.10599999997
20150316,511316.45499999996
20150313,632796.9450000001
20150312,977219.065
20150311,491149.05
20150310,359362.188
20150309,230494.58
20150306,302385.856
20150305,123650.68800000001
20150304,192240.95200000002
20150303,71415.96
20150302,755869.7579999999
20150227,157203.72
20150226,204863.71000000002
20150225,329609.466
20150224,343628.73899999994
20150223,161366.208
20150220,169150.125
20150219,122031.90999999999
20150218,209056.743
20150217,224998.40999999997
20150216,73511.196
20150213,222302.036
20150212,167721.15
20150211,103457.936
20150210,194677.598
20150209,290503.5
20150206,374454.95999999996
20150205,508229.50399999996
20150204,213833.79
20150203,221141.924
20150202,828010.928
20150130,456956.64
20150129,481974.03199999995
20150128,501438.168
20150127,338501.716
20150126,256877.73
20150123,816629.52
20150122,676987.4
20150121,557052.342
20150120,240264.024
20150119,126345.55299999999
20150116,321691.071
20150115,229231.68
20150114,179311.17599999998
20150113,378157.593
20150112,332328.777
20150109,264979.926
20150108,175594.19999999998
20150107,416099.128
20150106,369580.0
20150105,876011.6070000001
20150102,564901.568
20150101,0.0
20141231,135524.0
20141230,104427.95999999999
20141229,219315.214
20141226,0.0
20141225,0.0
20141224,47110.842
20141223,257718.05999999997
20141222,180055.96000000002
20141219,294657.87899999996
20141218,169407.15800000002
20141217,175094.734
20141216,447182.37799999997
20141215,407639.785
20141212,441316.75499999995
20141211,154066.5
20141210,440653.69600000005
20141209,218277.108
20141208,199764.38199999998
20141205,499940.57300000003
20141204,939853.392
20141203,277796.32
20141202,373485.058
20141201,678374.7839999999
20141128,533390.268
20141127,64073.784
20141126,226519.74000000002
20141125,259173.384
20141124,445270.8
20141121,181324.99199999997
20141120,169183.08299999998
20141119,87107.104
20141118,149928.714
20141117,156288.52800000002
20141114,155957.2
20141113,234087.74400000004
20141112,768952.8
20141111,158899.83000000002
20141110,149890.608
20141107,166162.308
20141106,114735.34099999999
20141105,620892.4480000001
20141104,332728.744
20141103,851971.932
20141031,288843.436
20141030,258345.24800000002
20141029,184770.3
20141028,265655.76
20141027,254849.42400000003
20141024,365918.7
20141023,353204.23500000004
20141022,385275.01999999996
20141021,465287.97699999996
20141020,339003.67799999996
20141017,418252.624
20141016,359260.81
20141015,514509.0
20141014,384358.28599999996
20141013,521682.768
20141010,745119.76
20141009,332646.4
20141008,330368.80000000005
20141007,623878.1669999999
20141006,488698.93799999997
20141003,1409795.8559999997
20141002,1251126.189
20141001,470639.979
20140930,735874.37
20140929,334016.17199999996
20140926,1840405.0439999998
20140925,857255.3519999998
20140924,390520.80000000005
20140923,637711.5750000001
20140922,708382.656
20140919,496506.726
20140918,457145.41799999995
20140917,189250.16400000002
20140916,326904.7679999999
20140915,272687.12
20140912,399268.755
20140911,744771.28
20140910,465895.125
20140909,548082.248
20140908,200153.59
20140905,247614.198
20140904,256727.28900000005
20140903,94019.109
20140902,122563.34999999999
20140901,121565.31599999999
20140829,234801.872
20140828,229730.27
20140827,156772.671
20140826,324385.017
20140825,0.0
20140822,120205.012
20140821,274894.713
20140820,336919.74700000003
20140819,305088.7
20140818,151297.546
20140815,153993.354
20140814,198595.77
20140813,211688.32
20140812,71107.11
20140811,97318.198
20140808,127212.921
20140807,138604.80800000002
20140806,117979.68
20140805,104933.70300000001
20140804,89936.0
20140801,132613.26
20140731,399106.69500000007
20140730,154161.264
20140729,239721.21600000001
20140728,420826.60400000005
20140725,379431.456
20140724,646405.074
20140723,1327459.0829999999
20140722,1119417.624
20140721,206499.587
20140718,201303.486
20140717,140548.379
20140716,146502.24000000002
20140715,188028.984
20140714,223458.183
20140711,54636.623999999996
20140710,196189.25199999998
20140709,389972.56999999995
20140708,180343.347
20140707,57055.21800000001
20140704,163294.994
20140703,315392.36399999994
20140702,222629.31799999997
20140701,126353.23199999999
20140630,273017.08
20140627,211172.88599999997
20140626,188887.5
20140625,545275.544
20140624,66584.322
20140623,88030.70000000001
20140620,721232.262
20140619,327118.913
20140618,904162.232
20140617,179692.12800000003
20140616,111699.18400000001
20140613,639731.3389999999
20140612,551131.02
20140611,482566.06200000003
20140610,57205.428
20140609,118439.32800000001
20140606,333068.194
20140605,341310.186
20140604,2205554.6939999997
20140603,734494.1719999999
20140602,104934.87199999999
20140530,256373.82600000003
20140529,334981.086
20140528,284900.735
20140527,91437.476
20140526,0.0
20140523,158745.4
20140522,372625.434
20140521,110164.592
20140520,340174.74400000006
20140519,616290.8200000001
20140516,1240335.408
20140515,164175.248
20140514,101441.822
20140513,96300.40000000001
20140512,199192.18
20140509,204959.18
20140508,189034.22999999998
20140507,240743.062
20140506,91638.36
20140505,0.0
20140502,724395.5810000001
20140501,1158325.712
20140430,837945.1000000001
20140429,505131.53
20140428,356999.19999999995
20140425,242499.31799999997
20140424,385629.50399999996
20140423,381504.906
20140422,311604.23
20140421,0.0
20140418,0.0
20140417,389381.124
20140416,411610.208
20140415,508283.45099999994
20140414,492838.272
20140411,326078.955
20140410,2250452.03
20140409,1168871.9119999998
20140408,2204788.705
20140407,311316.384
20140404,392165.928
20140403,470367.32399999996
20140402,2088034.0379999997
20140401,1381179.457
20140331,314297.99600000004
20140328,1069392.038
20140327,459973.5840000001
20140326,402874.959
20140325,463155.07000000007
20140324,986573.8040000001
20140321,1028442.4920000001
20140320,1366423.344
20140319,383617.92
20140318,515709.37600000005
20140317,304762.45800000004
20140314,1293876.668
20140313,523290.13399999996
20140312,476836.584
20140311,313590.48
20140310,462613.848
20140307,862223.148
20140306,645843.2640000001
20140305,668339.82
20140304,2279112.488
20140303,191279.418
20140228,121674.21700000002
20140227,87302.16
20140226,782395.02
20140225,260722.42
20140224,200256.285
20140221,123549.57999999999
20140220,69814.49900000001
20140219,85346.125
20140218,89459.232
20140217,42320.655
20140214,113375.808
20140213,141202.44
20140212,254397.408
20140211,212447.73899999997
20140210,324292.05899999995
20140207,180675.0
20140206,1467291.24
20140205,258340.284
20140204,2142535.108
20140203,130453.92
20140131,3057602.08
20140130,311061.32200000004
20140129,455762.36
20140128,469054.6379999999
20140127,402021.5040000001
20140124,305305.856
20140123,273268.492
20140122,138446.98200000002
20140121,1121130.496
20140120,301215.228
20140117,380438.405
20140116,220895.08000000002
20140115,171178.86800000002
20140114,220955.67
20140113,227938.12
20140110,88535.714
20140109,176587.0
20140108,131647.76200000002
20140107,54742.115999999995
20140106,143319.44
20140103,178056.34399999998
20140102,269773.544
20140101,0.0
20131231,6595.111999999999
20131230,150793.91
20131227,182856.24
20131226,0.0
20131225,0.0
20131224,25480.212
20131223,153310.22
20131220,114521.23199999999
20131219,339765.308
20131218,443942.71099999995
20131217,330787.82
20131216,213068.75000000003
20131213,150563.6
20131212,287747.02
20131211,193989.03199999998
20131210,250001.361
20131209,170770.592
20131206,96465.84999999999
20131205,249804.248
20131204,165163.084
20131203,151162.55999999997
20131202,229867.583
20131129,130930.464
20131128,43253.814
20131127,266785.573
20131126,148500.396
20131125,487910.39200000005
20131122,62053.504
20131121,187143.341
20131120,80942.4
20131119,370053.8790000001
20131118,120639.25600000001
20131115,113994.72
20131114,300272.36000000004
20131113,239492.56000000003
20131112,374895.29600000003
20131111,569345.768
20131108,365019.5640000001
20131107,186124.09
20131106,92242.794
20131105,94431.63599999998
20131104,392252.397
20131101,610180.209
20131031,153795.81600000002
20131030,134423.952
20131029,238485.525
20131028,228368.38199999998
20131025,469679.518
20131024,203782.56600000002
20131023,219307.91399999996
20131022,239267.13600000003
20131021,143640.64
20131018,220200.12
20131017,162576.256
20131016,749439.9
20131015,217423.2
20131014,52257.049999999996
20131011,115640.76000000001
20131010,248974.53
20131009,503700.29199999996
20131008,425844.697
20131007,2064946.912
20131004,750731.1240000001
20131003,595388.0
20131002,98945.806
20131001,612208.952
20130930,370931.396
20130927,254043.50400000002
20130926,114115.304
20130925,116749.48399999998
20130924,95284.856
20130923,119175.42
20130920,915893.04
20130919,212804.92799999999
20130918,134341.112
20130917,131555.49000000002
20130916,99083.87099999998
20130913,75619.24
20130912,328552.56000000006
20130911,359913.78
20130910,598018.7999999999
20130909,151468.065
20130906,123000.255
20130905,66021.273
20130904,82527.668
20130903,44682.278
20130902,105787.424
20130830,78774.3
20130829,739025.428
20130828,62284.413
20130827,136381.155
20130826,0.0
20130823,170714.88
20130822,72240.508
20130821,85465.073
20130820,691075.962
20130819,120679.658
20130816,70212.15900000001
20130815,86822.47699999998
20130814,130964.70099999999
20130813,85700.978
20130812,76332.01199999999
20130809,134752.4
20130808,76153.968
20130807,63747.10399999999
20130806,69807.3
20130805,67198.69
20130802,46004.454000000005
20130801,345925.611
20130731,77483.076
20130730,87507.2
20130729,165414.64599999998
20130726,121794.66
20130725,193577.02000000002
20130724,252025.389
20130723,463185.00000000006
20130722,67179.856
20130719,145783.525
20130718,148157.922
20130717,158139.90099999998
20130716,69349.512
20130715,120343.12800000001
20130712,28517.888000000003
20130711,30018.476
20130710,19361.06
20130709,86733.19799999999
20130708,63097.404
20130705,105316.16000000002
20130704,380074.5
20130703,52672.712
20130702,100238.05200000001
20130701,88744.05600000001
20130628,105407.912
20130627,231024.56000000003
20130626,221323.04299999998
20130625,239358.24000000002
20130624,198299.38999999998
20130621,224759.226
20130620,648192.208
20130619,310521.706
20130618,93926.47
20130617,118477.24799999999
20130614,178704.0
20130613,68822.104
20130612,100109.71800000001
20130611,119129.07199999999
20130610,71841.198
20130607,112248.45
20130606,168846.372
20130605,101865.84100000001
20130604,50221.810000000005
20130603,39266.335
20130531,113512.518
20130530,182015.06100000002
20130529,88481.25
20130528,106136.598
20130527,0.0
20130524,82298.521
20130523,153891.386
20130522,67707.79199999999
20130521,35550.284
20130520,22168.625
20130517,59064.3
20130516,87443.48800000001
20130515,83860.283
20130514,134026.248
20130513,53551.632
20130510,364802.636
20130509,118643.97999999998
20130508,60644.166
20130507,479506.04800000007
20130506,0.0
20130503,130935.507
20130502,358651.58799999993
20130501,203086.292
20130430,112805.44
20130429,94870.8
20130426,156249.975
20130425,87612.264
20130424,108825.81199999999
20130423,116654.0
20130422,166463.19
20130419,157571.87399999998
20130418,102875.688
20130417,171493.192
20130416,70320.453
20130415,96105.47
20130412,32741.376000000004
20130411,374781.56399999995
20130410,189297.108
20130409,100778.10600000001
20130408,84576.93400000001
20130405,115819.90499999998
20130404,85295.57899999998
20130403,364117.24299999996
20130402,354036.25
20130401,0.0
20130329,0.0
20130328,107018.73000000001
20130327,122899.36
20130326,138980.39299999998
20130325,216079.41600000003
20130322,239327.872
20130321,594118.384
20130320,715509.5669999999
20130319,283147.728
20130318,1943833.02
20130315,402073.5839999999
20130314,477972.261
20130313,269994.0
20130312,179050.823
20130311,134529.656
20130308,73345.16
20130307,207794.20799999998
20130306,597263.25
20130305,470396.57300000003
20130304,775139.3760000002
20130301,322557.508
20130228,141826.809
20130227,315695.07
20130226,171712.05999999997
20130225,288390.92100000003
20130222,87115.35300000002
20130221,58489.060000000005
20130220,71486.272
20130219,714238.1959999999
20130218,105350.76400000001
20130215,238745.25900000002
20130214,1315856.864
20130213,78109.416
20130212,132442.07499999998
20130211,156215.54700000002
20130208,102002.9
20130207,56107.216
20130206,330790.5
20130205,66981.888
20130204,149565.32
20130201,512156.028
20130131,158260.861
20130130,60323.549999999996
20130129,336213.80100000004
20130128,81610.49600000001
20130125,398994.28799999994
20130124,520563.47000000003
20130123,82554.82400000001
20130122,446042.142
20130121,117602.562
20130118,67290.743
20130117,139237.28000000003
20130116,96681.85100000001
20130115,570701.882
20130114,365787.816
20130111,5116532.77
20130110,742562.906
20130109,225629.952
20130108,53457.316
20130107,83054.363
20130104,129287.088
20130103,239544.536
20130102,297796.2
20130101,0.0
20121231,17661.558
20121228,40278.479999999996
20121227,66833.69
20121226,0.0
20121225,0.0
20121224,2770.411
20121221,50879.24800000001
20121220,73866.145
20121219,124467.336
20121218,91117.598
20121217,191913.204
20121214,556296.0619999999
20121213,330056.9440000001
20121212,137790.41999999998
20121211,1483474.74
20121210,129763.194
20121207,697786.8110000001
20121206,159084.958
20121205,93171.798
20121204,51332.067
20121203,421336.14400000003
20121130,339566.232
20121129,193896.03
20121128,318184.44
20121127,84253.09599999999
20121126,78577.2
20121123,57886.335999999996
20121122,141716.652
20121121,233751.11
20121120,67532.37299999999
20121119,51417.695999999996
20121116,335315.572
20121115,549565.4619999999
20121114,126215.832
20121113,180856.88700000002
20121112,189460.096
20121109,135652.104
20121108,193336.99599999998
20121107,417439.696
20121106,322641.75
20121105,112682.227
20121102,270464.712
20121101,101036.52600000001
20121031,196735.0
20121030,122648.17600000002
20121029,80661.35
20121026,99803.679
20121025,190015.204
20121024,210929.704
20121023,420805.945
20121022,257952.55
20121019,331144.352
20121018,268190.31999999995
20121017,1712768.3399999999
20121016,96806.76000000001
20121015,141072.5
20121012,173913.74
20121011,261548.196
20121010,100888.92
20121009,64719.358
20121008,125362.60799999998
20121005,608684.22
20121004,85514.53600000001
20121003,326452.49600000004
20121002,148319.77300000002
20121001,68822.721
20120928,83878.07999999999
20120927,84740.44399999999
20120926,216231.84
20120925,66975.478
20120924,178968.01
20120921,386813.4220000001
20120920,170761.00799999997
20120919,544587.2999999999
20120918,289087.30000000005
20120917,3813959.472
20120914,2512589.805
20120913,104960.56800000001
20120912,34071.436
20120911,390928.14
20120910,767089.329
20120907,616243.224
20120906,316085.358
20120905,204873.916
20120904,534426.4299999999
20120903,226700.89199999996
20120831,592808.18
20120830,159736.629
20120829,247254.02
20120828,197351.12000000002
20120827,0.0
20120824,370606.39999999997
20120823,125452.84499999999
20120822,130573.64
20120821,66164.28
20120820,86545.73400000001
20120817,93574.32
20120816,91225.764
20120815,98742.13300000002
20120814,205444.32
20120813,112920.78
20120810,53577.48
20120809,20891.129999999997
20120808,29444.779000000002
20120807,50928.284
20120806,53137.43
20120803,47894.132
20120802,187731.55999999997
20120801,407310.654
20120731,68608.134
20120730,347713.016
20120727,1842102.0750000002
20120726,56344.31999999999
20120725,79948.00000000001
20120724,109401.88799999999
20120723,201721.338
20120720,49861.189999999995
20120719,274592.54600000003
20120718,246924.456
20120717,40285.049999999996
20120716,49337.488
20120713,107364.09400000001
20120712,244827.828
20120711,54932.49999999999
20120710,191609.66999999998
20120709,105795.39600000001
20120706,1123879.7219999998
20120705,192314.412
20120704,196674.41
20120703,291547.984
20120702,578583.6919999999
20120629,223389.97300000003
20120628,136109.376
20120627,75483.46
20120626,70350.61
20120625,66749.886
20120622,43296.008
20120621,525175.42
20120620,138790.228
20120619,119585.928
20120618,461307.43999999994
20120615,182079.785
20120614,89361.636
20120613,277444.352
20120612,182814.456
20120611,126559.662
20120608,269564.748
20120607,164957.808
20120606,318803.46300000005
20120605,0.0
20120604,0.0
20120601,132371.046
20120531,171498.60499999998
20120530,104420.84400000001
20120529,159415.01999999996
20120528,89443.44
20120525,51403.695999999996
20120524,85105.152
20120523,57170.388
20120522,150816.248
20120521,404164.5
20120518,144919.74599999998
20120517,472245.76
20120516,82862.592
20120515,205664.36
20120514,255526.864
20120511,168603.35499999998
20120510,240868.90200000003
20120509,205563.328
20120508,135553.824
20120507,0.0
20120504,211775.19
20120503,58793.71599999999
20120502,247065.288
20120501,66174.5
20120430,298190.4
20120427,169167.563
20120426,138240.684
20120425,124900.29899999998
20120424,210939.094
20120423,184615.248
20120420,40593.255999999994
20120419,93332.788
20120418,303639.12000000005
20120417,72960.28799999999
20120416,314757.896
20120413,159834.96000000002
20120412,93318.30900000001
20120411,132330.604
20120410,129507.18
20120409,0.0
20120406,0.0
20120405,137709.171
20120404,333728.406
20120403,336059.004
20120402,128856.38800000002
20120330,139257.282
20120329,104284.65
20120328,115261.476
20120327,678426.595
20120326,121062.762
20120323,255027.75600000002
20120322,135310.5
20120321,332317.608
20120320,258327.801
20120319,103010.154
20120316,1525071.24
20120315,931843.198
20120314,178221.96000000002
20120313,364324.896
20120312,60746.219999999994
20120309,131436.20799999998
20120308,265309.594
20120307,538564.7999999999
20120306,244013.74199999997
20120305,412635.2739999999
20120302,72423.937
20120301,50958.534
20120229,53047.701
20120228,246384.93
20120227,37423.012
20120224,1038568.0799999998
20120223,133892.22
20120222,71255.008
20120221,36674.105
20120220,123215.82400000001
20120217,108200.016
20120216,152161.79
20120215,246340.265
20120214,168545.055
20120213,116386.60100000001
20120210,78813.615
20120209,61501.770000000004
20120208,73854.1
20120207,174398.16100000002
20120206,88699.38
20120203,122934.044
20120202,183598.58
20120201,132686.844
20120131,222198.13
20120130,417607.45
20120127,76835.04699999999
20120126,74006.217
20120125,866431.16
20120124,139045.92299999998
20120123,72186.40000000001
20120120,163755.06
20120119,210762.972
20120118,187034.17599999998
20120117,187326.03
20120116,202180.94600000003
20120113,165155.19999999998
20120112,177392.75900000002
20120111,135744.96
20120110,97509.969
20120109,132981.47199999998
20120106,72284.576
20120105,95214.70300000001
20120104,64544.848
20120103,85629.219
20120102,0.0
20111230,5915.19
20111229,53263.72
20111228,78969.64800000002
20111227,0.0
20111226,0.0
20111223,21482.316
20111222,29601.208000000006
20111221,50799.35
20111220,89382.38399999999
20111219,129861.16000000002
20111216,439247.424
20111215,186871.87999999998
20111214,279213.831
20111213,107123.12
20111212,137157.51
20111209,94340.82
20111208,141371.334
20111207,79704.17399999998
20111206,38835.434
20111205,170293.08599999998
20111202,24677.660000000003
20111201,108102.488
20111130,184360.722
20111129,73504.39899999999
20111128,120962.31400000001
20111125,37137.560999999994
20111124,101563.44
20111123,75237.231
20111122,75998.84
20111121,256974.886
20111118,71888.20999999999
20111117,121074.87999999999
20111116,54369.67
20111115,102393.01199999999
20111114,60991.208
20111111,40338.432
20111110,246918.11999999997
20111109,249817.68000000002
20111108,216949.67599999998
20111107,81799.71199999998
20111104,126895.46200000001
20111103,79179.40800000001
20111102,148553.394
20111101,125798.12
20111031,151904.24000000002
20111028,237143.71199999997
20111027,228001.99499999997
20111026,132835.764
20111025,110301.32100000001
20111024,50793.366
20111021,395725.408
20111020,79327.494
20111019,91274.81999999999
20111018,145951.236
20111017,192609.04
20111014,119144.76
20111013,137712.456
20111012,45852.905999999995
20111011,322827.12
20111010,636707.9119999999
20111007,1752231.775
20111006,115068.95099999999
20111005,883641.0560000001
20111004,252740.6
20111003,466127.046
20110930,92512.90000000001
20110929,137764.716
20110928,94184.454
20110927,336401.52
20110926,395807.09300000005
20110923,124153.72200000001
20110922,858516.8790000001
20110921,114781.039
20110920,37936.056000000004
20110919,85243.56000000001
20110916,162114.02000000002
20110915,75540.765
20110914,105838.79999999999
20110913,730616.85
20110912,585561.616
20110909,330563.77200000006
20110908,204379.11000000002
20110907,61330.22
20110906,115383.8
20110905,181813.80000000002
20110902,65689.853
20110901,129534.228
20110831,253649.888
20110830,212928.226
20110826,76468.068
20110825,187222.27500000002
20110824,182583.36599999998
20110823,104007.33399999999
20110822,148668.588
20110819,78619.08600000001
20110818,232198.4
20110817,68206.515
20110816,147423.5
20110815,85235.962
20110812,70512.75
20110811,85964.216
20110810,73878.336
20110809,393325.31399999995
20110808,443425.725
20110805,88099.977
20110804,491767.92
20110803,176607.186
20110802,228633.08
20110801,144128.06100000002
20110729,192252.8
20110728,161070.11999999997
20110727,85986.68
20110726,62650.06
20110725,129049.692
20110722,196085.00800000003
20110721,52349.76
20110720,184266.6
20110719,267968.4
20110718,618049.5360000001
20110715,134709.674
20110714,136314.36000000002
20110713,205973.66100000002
20110712,199097.426
20110711,113661.29200000002
20110708,121779.744
20110707,104435.692
20110706,231702.0
20110705,148759.4
20110704,214374.72
20110701,136976.616
20110630,229937.034
20110629,93546.063
20110628,605112.33
20110627,108778.395
20110624,86764.44200000001
20110623,135636.33599999998
20110622,129772.91600000001
20110621,133619.58
20110620,58849.388
20110617,65121.840000000004
20110616,245770.56000000003
20110615,481089.5640000001
20110614,51076.348
20110613,33848.64000000001
20110610,34893.270000000004
20110609,131046.972
20110608,293239.24799999996
20110607,852633.6120000001
20110606,42613.020000000004
20110603,102948.61499999999
20110602,196698.5
20110601,505430.319
20110531,158475.7
20110527,1698945.936
20110526,1246991.76
20110525,29750.055
20110524,96418.4
20110523,34581.492
20110520,156694.5
20110519,126336.28199999999
20110518,154584.8
20110517,175141.59999999998
20110516,26555.356000000003
20110513,12605.859
20110512,13262.865
20110511,199187.901
20110510,56726.02
20110509,38149.732
20110506,24715.902
20110505,96456.36
20110504,172108.44999999998
20110503,59492.664
20110428,46277.84
20110427,146321.076
20110426,407703.915
20110421,47590.452000000005
20110420,159109.63199999998
20110419,64645.416
20110418,55391.231999999996
20110415,98095.165
20110414,216752.75999999998
20110413,305900.36799999996
20110412,84068.85299999999
20110411,264545.632
20110408,413115.979
20110407,75289.98400000001
20110406,81188.85599999999
20110405,572534.62
20110404,285154.79
20110401,336613.22000000003
20110331,194958.76399999997
20110330,144376.48
20110329,170942.20200000002
20110328,135639.84
20110325,160308.0
20110324,175294.462
20110323,183887.09100000001
20110322,138073.80599999998
20110321,170375.742
20110318,64682.890999999996
20110317,99074.28600000001
20110316,177941.88
20110315,134532.576
20110314,115007.12000000001
20110311,71642.136
20110310,146812.125
20110309,287311.94
20110308,265053.072
20110307,252576.20400000003
20110304,1137619.736
20110303,213280.83500000002
20110302,101047.476
20110301,283076.48000000004
20110228,1018679.8139999999
20110225,47318.6
20110224,142714.854
20110223,271091.34
20110222,241860.38799999998
20110221,90815.65000000001
20110218,32322.356
20110217,23964.951
20110216,26715.882999999998
20110215,5375.136
20110214,34752.672
20110211,78754.444
20110210,140536.38799999998
20110209,57381.284999999996
20110208,54860.376
20110207,32222.784
20110204,14380.416
20110203,503419.895
20110202,402400.56999999995
20110201,374031.52
20110131,28277.568
20110128,20958.3
20110127,5161.246
20110126,47358.02
20110125,46828.04
20110124,23531.841999999997
20110121,22894.569000000003
20110120,117045.57199999999
20110119,131060.112
20110118,45752.51699999999
20110117,76408.37
20110114,36562.123
20110113,196519.65
20110112,158435.55
20110111,89395.8
20110110,100429.004
20110107,112606.88
20110106,176284.926
20110105,127680.212
20110104,160454.0
20101231,19248.64
20101230,63640.08600000001
20101229,79201.49300000002
20101227,0.0
20101224,16887.528000000002
20101223,51340.9
20101222,429272.558
20101221,1258336.3320000002
20101220,959061.152
20101217,130190.682
20101216,209511.16799999998
20101215,117005.56799999998
20101214,287116.30000000005
20101213,77695.944
20101210,20751.586000000003
20101209,26805.600000000002
20101208,74267.28000000001
20101207,50903.046
20101206,57382.299
20101203,942616.7519999999
20101202,244557.3
20101201,199414.83
20101130,664568.64
20101129,219026.28000000003
20101126,21960.45
20101125,405610.63
20101124,102002.754
20101123,204867.19999999998
20101122,7843.12
20101119,135904.39200000002
20101118,527249.8
20101117,62262.43
20101116,86478.18
20101115,12921.145999999999
20101112,792831.1
20101111,104422.85
20101110,307888.45
20101109,94648.588
20101108,278075.98000000004
20101105,145119.328
20101104,46313.53599999999
20101103,116227.68
20101102,103712.55999999998
20101101,963437.94
20101029,999959.8399999999
20101028,25263.840000000004
20101027,223399.71000000002
20101026,206401.806
20101025,388125.962
20101022,869589.432
20101021,135563.19
20101020,90321.44
20101019,144822.50999999998
20101018,269516.0
20101015,118522.8
20101014,160439.4
20101013,105715.68000000001
20101012,493004.0399999999
20101011,181646.19199999998
20101008,269396.27999999997
20101007,322052.6400000001
20101006,155750.46399999998
20101005,410377.96800000005
20101004,485801.86
20101001,665233.378
20100930,169187.28199999998
20100929,52435.17
20100928,775584.1200000001
20100927,749404.86
20100924,999416.136
20100923,1244397.4200000002
20100922,89910.45000000001
20100921,1769186.828
20100920,157160.386
20100917,951737.5
20100916,3565247.0
20100915,2214878.4
20100914,1319150.004
20100913,352633.8
20100910,271205.366
20100909,408722.32800000004
20100908,1409562.1099999999
20100907,2387025.978
20100906,484844.10000000003
20100903,1871276.16
20100902,494910.8
20100901,1670240.0
20100831,416371.56
20100830,0.0
20100827,1293221.2799999998
20100826,16830.15
20100825,416844.6
20100824,161460.816
20100823,141211.19999999998
20100820,164720.85
20100819,425360.78
20100818,584118.4060000001
20100817,103449.322
20100816,430262.73
20100813,114506.19400000002
20100812,29409.072
20100811,313647.42000000004
20100810,644525.03
20100809,1077684.984
20100806,62608.157999999996
20100805,687118.924
20100804,672789.9
20100803,353028.0
20100802,1227451.2
20100730,116729.92
20100729,325167.696
20100728,884817.086
20100727,253764.06000000003
20100726,164242.69999999998
20100723,345560.1
20100722,877489.2
20100721,765523.26
20100720,1024065.9000000001
20100719,124448.94
20100716,5195381.53
20100715,1021342.27
20100714,342034.2
20100713,231223.12
20100712,57799.939999999995
20100709,71954.64
20100708,527857.4519999999
20100707,570731.5199999999
20100706,42021.719999999994
20100705,21819.699999999997
20100702,1222501.8
20100701,28499.2
20100630,123764.20000000001
20100629,140970.3
20100628,317138.27999999997
20100625,110192.04
20100624,2406891.0300000003
20100623,312451.68
20100622,141975.218
20100621,463824.48
20100618,185086.536
20100617,304407.08
20100616,61066.836
20100615,10138.24
20100614,103735.92
20100611,1814020.8
20100610,138105.05
20100609,1855126.2239999997
20100608,131947.5
20100607,146315.944
20100604,170447.7
20100603,70036.2
20100602,331682.946
20100601,777074.634
20100531,0.0
20100528,465912.86400000006
20100527,209583.0
20100526,76895.27999999998
20100525,705694.65
20100524,189208.992
20100521,154526.4
20100520,347989.54000000004
20100519,450264.0
20100518,169609.076
20100517,213228.912
20100514,74727.18
20100513,140918.032
20100512,486344.98
20100511,199637.334
20100510,102447.03199999999
20100507,598513.86
20100506,167070.72
20100505,432845.616
20100504,221387.39199999996
20100503,0.0
20100430,172580.76
20100429,418896.63
20100428,135695.466
20100427,322449.468
20100426,338014.23600000003
20100423,9378.456
20100422,215132.02199999997
20100421,172776.4
20100420,242231.52000000002
20100419,51427.04000000001
20100416,2352585.6
20100415,1012364.7300000001
20100414,236547.74
20100413,1737369.3399999999
20100412,738829.3500000001
20100409,324489.088
20100408,274472.7
20100407,1017184.19
20100406,76760.96
20100405,0.0
20100402,0.0
20100401,302951.168
20100331,1057665.756
20100330,773103.288
20100329,154466.53999999998
20100326,380623.752
20100325,2025788.5439999998
20100324,157722.924
20100323,165113.152
20100322,140978.184
20100319,1.326221952E7
20100318,286025.096
20100317,157093.08
20100316,2064010.76
20100315,248969.42000000004
20100312,2936334.4800000004
20100311,1218342.552
20100310,158672.8
20100309,2885220.7559999996
20100308,970205.0399999999
20100305,33128.568
20100304,439776.23600000003
20100303,34164.0
20100302,1782202.1439999999
20100301,392986.74
20100226,26827.5
20100225,53704.64000000001
20100224,169396.5
20100223,173710.362
20100222,73384.272
20100219,14125.5
20100218,413720.2
20100217,16398.72
20100216,368929.58999999997
20100215,108689.70000000001
20100212,429853.19999999995
20100211,153460.308
20100210,28360.5
20100209,202703.47999999998
20100208,95046.0
20100205,21975.92
20100204,234313.79399999997
20100203,1074435.9000000001
20100202,1280440.4400000002
20100201,529337.6000000001
20100129,3899549.04
20100128,961777.92
20100127,149026.58
20100126,1334747.33
20100125,95878.2
20100122,386644.5
20100121,17890.109999999997
20100120,15452.640000000001
20100119,176267.26
20100118,101837.19
20100115,21715.309999999998
20100114,2300.96
20100113,10960.95
20100112,48665.815
20100111,880593.1599999999
20100108,64104.950000000004
20100107,766594.9
20100106,87708.04
20100105,42780.92
20100104,115511.55
20091231,0.0
20091230,1430.8
20091229,10651.649
20091224,12094.82
20091223,2940.2940000000003
20091222,2266.032
20091221,37657.467
20091218,104884.94
20091217,61779.9
20091216,4480.740000000001
20091215,3160.6080000000006
20091214,1589.1370000000002
20091211,5270.599999999999
20091210,284.584
20091209,1357.8
20091208,1485.5500000000002
20091207,35191.840000000004
20091204,1344.66
20091203,44836.600000000006
20091202,1329.91
20091201,4126.468
20091130,134.32000000000002
20091127,0.0
20091126,7652.079000000001
20091125,539.908
20091124,941.262
20091123,42579.44
20091120,133.59
20091119,1074.5600000000002
20091118,8507.712
20091117,8077.741999999999
20091116,1578.552
20091113,1195.74
20091112,7573.0199999999995
20091111,2579.8199999999997
20091110,13492.59
20091109,13315.2
20091106,7655.071999999999
20091105,46877.68
20091104,20095.44
20091103,10590.84
20091102,7831.0019999999995
20091030,15425.63
20091029,1454.2330000000002
20091028,7440.159999999999
20091027,87012.496
20091026,3166.5939999999996
20091023,1659.1439999999998
20091022,21907.592000000004
20091021,28002.800000000003
20091020,12409.27
20091019,1328.6
20091016,832.1999999999999
20091015,12559.650000000001
20091014,10858.75
20091013,14935.8
20091012,5910.079999999999
20091009,4269.04
20091008,28900.699999999997
20091007,3468.96
20091006,8567.864
20091005,39082.01
20091002,4027.8479999999995
20091001,2172.0420000000004
20090930,1524.24
20090929,5457.4800000000005
20090928,5267.679999999999
20090925,2730.2000000000003
20090924,6639.984
20090923,6972.308000000001
20090922,957.7600000000001
20090921,1091.934
20090918,2649.9
20090917,12417.3
20090916,2336.0
20090915,10570.983999999999
20090914,351.276
20090911,4098.22
20090910,13718.159999999998
20090909,10628.8
20090908,8505.083999999999
20090907,3410.56
20090904,9776.160000000002
20090903,10424.4
20090902,1522.0500000000002
20090901,414.64
20090831,0.0
20090828,1979.249
20090827,10373.300000000001
20090826,2276.672
20090825,3172.339
20090824,0.0
20090821,0.0
20090820,104.974
20090819,106.94500000000001
20090818,40546.244000000006
20090817,40500.4
20090814,19555.24
20090813,47592.204
20090812,61922.25
20090811,0.0
20090810,23075.3
20090807,36045.648
20090806,30513.999999999996
20090805,10874.08
20090804,8403.394999999999
20090803,676604.88
20090731,40077.0
20090730,21175.840000000004
20090729,388748.36000000004
20090728,36040.465000000004
20090727,481830.66000000003
20090724,317961.72000000003
20090723,125974.64
20090722,24531.65
20090721,73105.26600000002
20090720,39877.71
20090717,14002.86
20090716,61313.868
20090715,431080.69500000007
20090714,1363.348
20090713,2967851.208
20090710,29039.4
20090709,3390.1200000000003
20090708,70115.04
20090707,25942.448
20090706,47158.0
20090703,5369058.75
20090702,9290.710000000001
20090701,0.0
20090630,468028.988
20090629,295306.17
20090626,275871.01499999996
20090625,30652.335000000003
20090624,57967.840000000004
20090623,14631.39
20090622,54250.68
20090619,109520.148
20090618,6887.55
20090617,312746.60000000003
20090616,126625.8
20090615,53908.091
20090612,198247.56
20090611,41409.104
20090610,406792.5
20090609,27410.04
20090608,409407.36000000004
20090605,186599.68
20090604,42796.25
20090603,487.275
20090602,6162.66
20090601,9849.89
20090529,972356.35
20090528,0.0
20090527,188677.99
20090526,40451.49
20090525,0.0
20090522,12527.529999999999
20090521,23030.04
20090520,14207.114
20090519,23173.412
20090518,354590.85699999996
20090515,6145.139999999999
20090514,934954.8
20090513,35553.044
20090512,3176.96
20090511,35304.99
20090508,55941.36
20090507,27720.29
20090506,54103.804000000004
20090505,73702.26
20090504,0.0
20090501,61149.18
20090430,56324.46400000001
20090429,270993.885
20090428,22137.98
20090427,360386.4
20090424,837502.72
20090423,89910.45
20090422,6876.6
20090421,6105.719999999999
20090420,2603.91
20090417,18120.059999999998
20090416,628959.2399999999
20090415,157396.17599999998
20090414,149558.75
20090413,0.0
20090410,0.0
20090409,629287.229
20090408,32417.84
20090407,3731486.25
20090406,201186.832
20090403,17628.77
20090402,152269.824
20090401,9992.24
20090331,15521.625
20090330,35478.0
20090327,89478.29
20090326,54399.6
20090325,53655.0
20090324,6946.68
20090323,83538.28
20090320,20754.63
20090319,116073.65000000001
20090318,812942.965
20090317,7012020.475
20090316,20156.760000000002
20090313,9073.9
20090312,14454.000000000002
20090311,508390.98
20090310,861510.96
20090309,4943.925
20090306,6238.214999999999
20090305,2499.5200000000004
20090304,1312983.8399999999
20090303,15866.55
20090302,12446.5
20090227,7583.24
20090226,27587.43
20090225,19867.68
20090224,5031.889999999999
20090223,12099.75
20090220,5058.9
20090219,3794.5399999999995
20090218,316622.9
20090217,302185.325
20090216,1000479.6000000001
20090213,41002.64
20090212,53967.294
20090211,1687000.8
20090210,53607.185
20090209,581681.5199999999
20090206,16709.7
20090205,0.0
20090204,426790.70399999997
20090203,0.0
20090202,654.3720000000001
20090130,11591.67
20090129,230741.028
20090128,26280.0
20090127,4650.099999999999
20090126,400266.3
20090123,0.0
20090122,8084.02
20090121,241108.05000000002
20090120,24203.149999999998
20090119,50352.626
20090116,42048.0
20090115,0.0
20090114,39946.695
20090113,3467.5
20090112,159839.70500000002
20090109,0.0
20090108,25389.4
20090107,103516.92
20090106,21750.35
20090105,40807.0
20090102,2549.1600000000003
20090101,0.0
20081231,16060.0
20081230,32685.75
20081229,40350.75
20081226,0.0
20081225,0.0
20081224,0.0
20081223,1501.6100000000001
20081222,20517.38
20081219,8851.25
20081218,261280.13999999998
20081217,12491.760000000002
20081216,18334.68
20081215,568316.68
20081212,17777.325
20081211,0.0
20081210,21462.0
20081209,1310.715
20081208,32550.7
20081205,0.0
20081204,13014.805
20081203,5033.349999999999
20081202,557201.7000000001
20081201,572.32
20081128,109500.0
20081127,73284.189
20081126,2011.1499999999999
20081125,351572.745
20081124,7548.200000000001
20081121,509583.8
20081120,13510.109999999999
20081119,42705.0
20081118,104649.15000000001
20081117,12716.0
20081114,2003.8500000000001
20081113,0.0
20081112,18533.97
20081111,0.0
20081110,117248.95
20081107,17110.032
20081106,20527.6
20081105,16728.096
20081104,762676.26
20081103,6065.059
20081031,2708575.609
20081030,13797.0
20081029,77870.56
20081028,213975.264
20081027,34305.766
20081024,19315.8
20081023,6622.56
20081022,6937.92
20081021,14570.434999999998
20081020,2230.88
20081017,728691.84
20081016,611167.6799999999
20081015,7848.959999999999
20081014,91202.112
20081013,122289.59999999999
20081010,281148.112
20081009,14574.663
20081008,52189.014
20081007,704.45
20081006,35091.1
20081003,37032.9
20081002,13453.9
20081001,7759.023999999999
20080930,14261.645
20080929,24609.394999999997
20080926,192249.15
20080925,40361.700000000004
20080924,21654.719999999998
20080923,14662.050000000001
20080922,22463.559999999998
20080919,11825.27
20080918,17522.628
20080917,38703.14
20080916,50010.840000000004
20080915,23131.875
20080912,52706.365
20080911,27113.66
20080910,29259.859999999997
20080909,330187.75999999995
20080908,0.0
20080905,4608.8550000000005
20080904,10879.92
20080903,23122.75
20080902,507841.655
20080901,411081.61499999993
20080829,0.0
20080828,649.7
20080827,60811.92
20080826,909.58
20080825,0.0
20080822,3248.5
20080821,0.0
20080820,309062.29000000004
20080819,288817.2
20080818,16693.04
20080815,8573.85
20080814,15936.976
20080813,3064.2000000000003
20080812,5652.39
20080811,6929.160000000001
20080808,9725.527000000002
20080807,178625.16000000003
20080806,21872.99
20080805,174929.31600000002
20080804,9997.35
20080801,22912.591999999997
20080731,0.0
20080730,48258.840000000004
20080729,15190.278
20080728,22883.165999999997
20080725,4116.1050000000005
20080724,36587.6
20080723,23181.145
20080722,17012.708
20080721,18257.728
20080718,5013.932
20080717,98172.59
20080716,35806.5
20080715,61461.62
20080714,3911.3400000000006
20080711,56011.44
20080710,5227.53
20080709,17108.28
20080708,0.0
20080707,81292.8
20080704,0.0
20080703,89702.4
20080702,0.0
20080701,40926.719999999994
20080630,961979.4
20080627,380365.04
20080626,131767.91999999998
20080625,12193.92
20080624,27999.879999999997
20080623,49377.200000000004
20080620,31298.020000000004
20080619,0.0
20080618,41050.09
20080617,37129.259999999995
20080616,502232.7
20080613,0.0
20080612,18932.55
20080611,19729.71
20080610,21921.899999999998
20080609,107791.8
20080606,14506.560000000001
20080605,1682.6499999999999
20080604,263065.72000000003
20080603,328654.17600000004
20080602,48355.2
20080530,38310.108
20080529,6747.536
20080528,9943.038000000002
20080527,13169.346
20080526,0.0
20080523,1839.6000000000001
20080522,0.0
20080521,8369.304
20080520,0.0
20080519,501229.68000000005
20080516,11773.44
20080515,25018.56
20080514,34293.94
20080513,100761.17
20080512,23747.776
20080509,7799.9039999999995
20080508,5258.628
20080507,0.0
20080506,5788.608
20080505,0.0
20080502,380299.48600000003
20080501,224007.07
20080430,42603.895
20080429,21555.878
20080428,40685.308999999994
20080425,10533.9
20080424,12697.62
20080423,26474.910000000003
20080422,26896.557999999997
20080421,12866.469000000001
20080418,35673.63999999999
20080417,7822.679999999999
20080416,89544.72
20080415,10183.5
20080414,688863.04
20080411,3368.95
20080410,4198.23
20080409,234012.44999999998
20080408,1635.2
20080407,1896.1020000000003
20080404,87681.906
20080403,6674.974
20080402,58699.008
20080401,3087832.11
20080331,33504.371999999996
20080328,0.0
20080327,67853.5
20080326,207574.04
20080325,27955.35
20080324,0.0
20080321,0.0
20080320,7845964.8100000005
20080319,0.0
20080318,10307.6
20080317,1141566.7
20080314,13137.664000000002
20080313,0.0
20080312,45070.200000000004
20080311,23965.899999999998
20080310,1528758.7
20080307,37476.155999999995
20080306,13824.156
20080305,39960.492000000006
20080304,63965.520000000004
20080303,17782.8
20080229,127313.606
20080228,2533.1
20080227,17731.7
20080226,18339.644
20080225,1259.25
20080222,1259.25
20080221,0.0
20080220,5758.969999999999
20080219,2134.52
20080218,4566.879999999999
20080215,0.0
20080214,2482.0
20080213,383171.16
20080212,9977.64
20080211,996771.2
20080208,216094.892
20080207,39330.356
20080206,18641.28
20080205,24571.8
20080204,25315.524
20080201,26458.12
20080131,19558.16
20080130,31585.274999999998
20080129,671618.25
20080128,61479.87
20080125,0.0
20080124,43887.6
20080123,711320.468
20080122,101848.14
20080121,17847.624
20080118,3938.058
20080117,438820.52
20080116,60697.31
20080115,578.16
20080114,18589.158
20080111,25955.15
20080110,35587.5
20080109,0.0
20080108,7447.752
20080107,29838.75
20080104,7234.592
20080103,7567.764
20080102,904.324
20080101,0.0
20071231,0.0
20071228,2379.7999999999997
20071227,11899.0
20071226,0.0
20071225,0.0
20071224,0.0
20071221,0.0
20071220,162611.15
20071219,68685.408
20071218,530798.184
20071217,46073.95
20071214,96015.44
20071213,11157.904
20071212,54365.655
20071211,28979.394000000004
20071210,21388.416
20071207,1197.2
20071206,14366.4
20071205,832791.3
20071204,43179.5
20071203,17132.735
20071130,0.0
20071129,60736.0
20071128,0.0
20071127,4066648.9599999995
20071126,199120.63999999998
20071123,1048677.1199999999
20071122,29481.342
20071121,34883.92600000001
20071120,7510150.648
20071119,2295493.7600000002
20071116,16616.406
20071115,0.0
20071114,11680.0
20071113,200942.72
20071112,739.344
20071109,115664.84999999999
20071108,14303.328
20071107,2277.6
20071106,0.0
20071105,10761.659999999998
20071102,0.0
20071101,68061.477
20071031,69017.12
20071030,2140.944
20071029,0.0
20071026,0.0
20071025,546.6239999999999
20071024,35166.144
20071023,290895.072
20071022,485617.17
20071019,390854.848
20071018,2724.36
20071017,2025107.6
20071016,0.0
20071015,36364.95
20071012,27699.120000000003
20071011,1765.14
20071010,0.0
20071009,0.0
20071008,1466424.0
20071005,1133763.0
20071004,5414680.100000001
20071003,32381.048000000003
20071002,820609.06
20071001,67075.31999999999
20070928,11223.75
20070927,0.0
20070926,311.71
20070925,42926.920000000006
20070924,0.0
20070921,1001925.0
20070920,2226.5
20070919,1755283.54
20070918,0.0
20070917,1320.5700000000002
20070914,4384.38
20070913,337.26
20070912,0.0
20070911,98504.375
20070910,3449.25
20070907,33020.82
20070906,0.0
20070905,0.0
20070904,2284.9
20070903,7677.264000000001
20070831,0.0
20070830,2766511.222
20070829,57122.5
20070828,26276.350000000002
20070827,0.0
20070824,3427.3500000000004
20070823,466759.37200000003
20070822,2284.9
20070821,0.0
20070820,114975.0
20070817,351495.0
20070816,41391.0
20070815,0.0
20070814,4764.564
20070813,40084.008
20070810,148197.30000000002
20070809,12161.8
20070808,62962.5
20070807,67701.952
20070806,11333.25
20070803,0.0
20070802,11651.968
20070801,0.0
20070731,1566134.992
20070730,27300.54
20070727,140683.41
20070726,22630.0
20070725,0.0
20070724,0.0
20070723,0.0
20070720,0.0
20070719,34099.905999999995
20070718,10510.54
20070717,1160.6999999999998
20070716,0.0
20070713,1067.8439999999998
20070712,23863.992
20070711,15838.079999999998
20070710,0.0
20070709,60973.25
20070706,1423.5
20070705,0.0
20070704,418746.25
20070703,0.0
20070702,0.0
20070629,481427.7
20070628,164763.91999999998
20070627,43800.0
20070626,36573.0
20070625,29346.0
20070622,0.0
20070621,39770.4
20070620,0.0
20070619,0.0
20070618,13665.6
20070615,3909.15
20070614,0.0
20070613,0.0
20070612,10804.0
20070611,0.0
20070608,6482.400000000001
20070607,0.0
20070606,2549.744
20070605,76794.832
20070604,0.0
20070601,33533.28
20070531,1841445.878
20070530,2540.3999999999996
20070529,14978.87
20070528,0.0
20070525,24514.714
20070524,0.0
20070523,0.0
20070522,5927.599999999999
20070521,33406.26
20070518,103786.144
20070517,0.0
20070516,52861.854999999996
20070515,0.0
20070514,30881.774
20070511,3980.6899999999996
20070510,10475.5
20070509,10475.5
20070508,10475.5
20070507,0.0
20070504,2514.12
20070503,2095.1
20070502,43452.373999999996
20070501,0.0
20070430,1047.55
20070427,16760.8
20070426,3561.67
20070425,209.51
20070424,0.0
20070423,1257.06
20070420,335.216
20070419,1550.374
20070418,1766.016
20070417,0.0
20070416,9469.852
20070413,0.0
20070412,0.0
20070411,39662.36
20070410,325906.456
20070409,0.0
20070406,0.0
20070405,3175.5
20070404,7451.84
20070403,17994.5
20070402,3556.56
20070330,1905.3
20070329,0.0
20070328,4911.44
20070327,0.0
20070326,0.0
20070323,9653.52
20070322,8722.04
20070321,106696.79999999999
20070320,89972.5
20070319,0.0
20070316,2627.27
20070315,2085664.75
20070314,174218.15
20070313,14261.28
20070312,13440.176000000001
20070309,6159.01
20070308,328451.82
20070307,1292.1
20070306,45912.619999999995
20070305,136546.5
20070302,2110.4300000000003
20070301,172409.21
20070228,30648.904000000002
20070227,0.0
20070226,394712.46
20070223,323725.80000000005
20070222,291284.016
20070221,54366.312000000005
20070220,341713.438
20070219,46792.416
20070216,9766.816
20070215,9421.088000000002
20070214,273384.416
20070213,0.0
20070212,37568.72
20070209,4088.0
20070208,0.0
20070207,1062.88
20070206,1022.0
20070205,25754.4
20070202,14553.28
20070201,4742.08
20070131,0.0
20070130,2738.96
20070129,17210.48
20070126,74588.11499999999
20070125,1144.6399999999999
20070124,20440.0
20070123,0.0
20070122,122.64
20070119,32168.91
20070118,0.0
20070117,0.0
20070116,1664.4
20070115,35784.6
20070112,10293.0
20070111,14180.688
20070110,25997.928
20070109,11431.8
20070108,24853.579999999998
20070105,50511.619999999995
20070104,234436.58000000002
20070103,24620.856
20070102,23487.75
20070101,0.0
20061229,82402.4
20061228,395705.625
20061227,28816.896
20061226,0.0
20061225,0.0
20061222,30827.899999999998
20061221,542630.9
20061220,92873.51999999999
20061219,2825.83
20061218,2861.6
20061215,1716.9599999999998
20061214,36270.78
20061213,177633.82
20061212,39364.520000000004
20061211,7730.408
20061208,0.0
20061207,16990.75
20061206,2861.6
20061205,12698.35
20061204,4363.94
20061201,10981.39
20061130,1073.1
20061129,1788.5
20061128,8370.179999999998
20061127,3577.0
20061124,26827.5
20061123,0.0
20061122,0.0
20061121,1799.4499999999998
20061120,20153.84
20061117,47145.59
20061116,0.0
20061115,5687.43
20061114,4256.63
20061113,939999.83
20061110,178.85
20061109,3111.99
20061108,1852.448
20061107,7979.776
20061106,4096.76
20061103,0.0
20061102,21588.144
20061101,27008.832000000002
20061031,6612.486000000001
20061030,10736.402
20061027,45505.28
20061026,998920.32
20061025,1423967.9300000002
20061024,1773.8999999999999
20061023,76455.09
20061020,0.0
20061019,0.0
20061018,1773.8999999999999
20061017,7876.115999999999
20061016,5889.348
20061013,1915.812
20061012,79080.462
20061011,44530.0
20061010,22721.25
20061009,204507.602
20061006,2749.764
20061005,8578.960000000001
20061004,6719.650000000001
20061003,28299.326
20061002,29127.0
20060929,1520.298
20060928,7172.687999999999
20060927,85262.175
20060926,9258.444
20060925,4015.0
20060922,0.0
20060921,0.0
20060920,4135.450000000001
20060919,15738.800000000001
20060918,13426.744000000002
20060915,8088.400000000001
20060914,121.326
20060913,0.0
20060912,0.0
20060911,505727.21
20060908,7102.9
20060907,40.588
20060906,99501.92
20060905,213311.84
20060904,8088.400000000001
20060901,0.0
20060831,3639.78
20060830,0.0
20060829,0.0
20060828,0.0
20060825,0.0
20060824,3212.0
20060823,762.8499999999999
20060822,49464.8
20060821,1474.746
20060818,0.0
20060817,34875.75
20060816,479890.32
20060815,33440.862
20060814,11694.6
20060811,0.0
20060810,0.0
20060809,2806.704
20060808,2260.9559999999997
20060807,3547.3619999999996
20060804,0.0
20060803,0.0
20060802,0.0
20060801,6821.849999999999
20060731,1559.28
20060728,0.0
20060727,0.0
20060726,141738.552
20060725,402801.006
20060724,5610.049999999999
20060721,0.0
20060720,19491.0
20060719,3274.4880000000003
20060718,0.0
20060717,1949.1
20060714,3391.4339999999997
20060713,0.0
20060712,66393.5
20060711,3202.5099999999998
20060710,468.65999999999997
20060707,2929.125
20060706,39.201
20060705,70313.089
20060704,376060.23
20060703,37595.0
20060630,443243.736
20060629,1850.5500000000002
20060628,0.0
20060627,250971.59100000001
20060626,1105.9499999999998
20060623,0.0
20060622,17218.656
20060621,0.0
20060620,0.0
20060619,0.0
20060616,219.43800000000002
20060615,0.0
20060614,0.0
20060613,0.0
20060612,6473.421
20060609,13714.875
20060608,377032.152
20060607,18104.219
20060606,5830.51
20060605,1788.5
20060602,259124.52300000002
20060601,896.075
20060531,0.0
20060530,0.0
20060529,0.0
20060526,71686.0
20060525,17921.5
20060524,0.0
20060523,35914.686
20060522,0.0
20060519,90872.22499999999
20060518,0.0
20060517,9357.14
20060516,0.0
20060515,25969.019999999997
20060512,154311.78
20060511,61181.299999999996
20060510,7341.755999999999
20060509,222232.07499999998
20060508,24724.443
20060505,253722.44999999998
20060504,0.0
20060503,1884923.875
20060502,1475.5489999999998
20060501,0.0
20060428,0.0
20060427,683.7909999999999
20060426,38328.284999999996
20060425,1403.571
20060424,7197.799999999999
20060421,6442.030999999999
20060420,4498.625
20060419,14107.688
20060418,81838.986
20060417,0.0
20060414,0.0
20060413,0.0
20060412,3634.8889999999997
20060411,28791.199999999997
20060410,18930.214
20060407,6298.075
20060406,0.0
20060405,0.0
20060404,323.901
20060403,0.0
20060331,6478.0199999999995
20060330,97723.64
20060329,46751.38999999999
20060328,0.0
20060327,0.0
20060324,2373515.795
20060323,2124.3
20060322,743.5050000000001
20060321,0.0
20060320,1416.2
20060317,311564.0
20060316,26943.204999999998
20060315,4638.055
20060314,27995.646
20060313,1477.8120000000001
20060310,196619.368
20060309,7389.06
20060308,5734.588
20060307,427646.41000000003
20060306,1679185.274
20060303,101851.42499999999
20060302,3099.069
20060301,69990.20999999999
20060228,47008.35
20060227,3168.711
20060224,557.136
20060223,9157.922999999999
20060222,345.29
20060221,13811.6
20060220,447495.84
20060217,3153815.4960000003
20060216,183385.41700000002
20060215,2970550.3099999996
20060214,79967.412
20060213,0.0
20060210,84938.931
20060209,12129.095999999998
20060208,459072.18
20060207,24751.818
20060206,49080.52799999999
20060203,35159.939
20060202,3803.9569999999994
20060201,100964.84
20060131,79918.648
20060130,11518.524
20060127,57912.579
20060126,2844.08
20060125,11020.81
20060124,4747.701000000001
20060123,1142.304
20060120,58482.125
20060119,101021.12299999999
20060118,25660.157
20060117,10148.679
20060116,196555.128
20060113,55445.69
20060112,697.661
20060111,15568.856
20060110,20782.954
20060109,14944.633000000002
20060106,20837.193
20060105,120567.165
20060104,45537.984
20060103,353144.07
20060102,0.0
