20160408,5142.375
20160407,2117.31
20160406,5129.272
20160405,3245.872
20160404,1130.841
20160401,2248.641
20160331,3758.2920000000004
20160330,9149.193
20160329,1976.256
20160328,0.0
20160324,13534.388
20160323,1744.05
20160322,2504.81
20160321,3291.822
20160318,1229.886
20160317,1670.2920000000001
20160316,908.676
20160315,5700.51
20160314,4079.385
20160311,4132.536
20160310,3156.582
20160309,3378.4259999999995
20160308,9502.5
20160307,46480.56
20160304,10322.564999999999
20160303,2420.2419999999997
20160302,1583.5159999999998
20160301,10547.404999999999
20160229,1333.783
20160226,3583.658
20160225,1510.64
20160224,238.91100000000003
20160223,564.8480000000001
20160222,933.4770000000001
20160219,518.051
20160218,1854.9299999999998
20160217,3574.634
20160216,3540.9730000000004
20160215,199.92000000000002
20160212,1879.08
20160211,1560.721
20160210,3437.3499999999995
20160209,10355.422
20160208,13925.802000000001
20160205,2313.3599999999997
20160204,70.688
20160203,94.752
20160202,1252.08
20160201,571.52
20160129,610.848
20160128,749.952
20160127,0.0
20160126,706.86
20160125,1429.1970000000001
20160122,1274.754
20160121,1342.25
20160120,5012.424
20160119,1463.869
20160118,6794.183
20160115,198.22
20160114,2706.264
20160113,151.8
20160112,956.58
20160111,379.5
20160108,2500.1459999999997
20160107,1114.7
20160106,798.3879999999999
20160105,2294.656
20160104,166.4
20151231,0.0
20151230,217.984
20151229,37.800000000000004
20151228,0.0
20151225,0.0
20151224,0.0
20151223,412.5
20151222,1301.0249999999999
20151221,3012.39
20151218,19243.894999999997
20151217,6138.9349999999995
20151216,3091.75
20151215,2892.9900000000002
20151214,1671.776
20151211,2561.5440000000003
20151210,1371.396
20151209,2313.321
20151208,2589.65
20151207,1655.104
20151204,2628.75
20151203,2258.622
20151202,2892.592
20151201,917.056
20151130,3782.1440000000002
20151127,355.74
20151126,1363.428
20151125,2822.805
20151124,4551.95
20151123,2656.5
20151120,1483.845
20151119,2088.1
20151118,2781.909
20151117,1053.858
20151116,4416.552
20151113,12315.751000000002
20151112,939.28
20151111,167.16
20151110,1539.3509999999999
20151109,554.0699999999999
20151106,6142.95
20151105,1030.249
20151104,0.0
20151103,4014.9999999999995
20151102,0.0
20151030,2248.3999999999996
20151029,1332.8
20151028,5326.2
20151027,176.57999999999998
20151026,405.0
20151023,1775.5199999999998
20151022,4415.880000000001
20151021,5884.563999999999
20151020,3133.9
20151019,2880.36
20151016,3550.428
20151015,197.976
20151014,3375.228
20151013,8153.200000000001
20151012,4896.84
20151009,5692.248
20151008,1760.76
20151007,1971.0
20151006,707.2829999999999
20151005,883.0
20151002,9228.065
20151001,5638.941
20150930,10397.52
20150929,6607.744000000001
20150928,78.21
20150925,5764.076999999999
20150924,2934.28
20150923,5336.192
20150922,3671.514
20150921,3437.1900000000005
20150918,15450.358
20150917,18153.224
20150916,2937.06
20150915,3483.5030000000006
20150914,26127.36
20150911,3254.5589999999997
20150910,68.172
20150909,1407.9
20150908,593.912
20150907,2983.71
20150904,2226.601
20150903,414.18
20150902,1373.75
20150901,3496.2850000000003
20150831,0.0
20150828,3311.914
20150827,2919.0
20150826,358.745
20150825,5534.25
20150824,8037.615
20150821,4538.952
20150820,6164.2880000000005
20150819,4563.702
20150818,2582.272
20150817,3590.8290000000006
20150814,3796.8
20150813,2051.7749999999996
20150812,6281.4710000000005
20150811,2581.051
20150810,5882.9890000000005
20150807,85.8
20150806,2316.6
20150805,6831.936
20150804,4143.96
20150803,4487.163999999999
20150731,6681.763
20150730,3863.16
20150729,3738.0
20150728,11728.080000000002
20150727,1899.24
20150724,699.181
20150723,1348.0880000000002
20150722,10624.25
20150721,3185.28
20150720,12838.859
20150717,2674.722
20150716,21298.62
20150715,6052.277
20150714,3790.7760000000003
20150713,4458.586
20150710,11034.14
20150709,3556.8520000000003
20150708,7956.416
20150707,2065.032
20150706,2123.472
20150703,30024.162
20150702,14476.528
20150701,4841.639
20150630,3240.105
20150629,5818.538
20150626,358.93000000000006
20150625,10942.36
20150624,248.36900000000003
20150623,638.242
20150622,8975.252
20150619,1187.12
20150618,154.8
20150617,1990.728
20150616,5929.5199999999995
20150615,2817.99
20150612,288.36
20150611,2469.6899999999996
20150610,731.808
20150609,5844.61
20150608,3889.6000000000004
20150605,1651.398
20150604,2536.3799999999997
20150603,3184.9809999999998
20150602,7179.5
20150601,2437.358
20150529,10696.259000000002
20150528,6174.81
20150527,5290.389
20150526,695.804
20150525,0.0
20150522,1550.56
20150521,3671.9920000000006
20150520,420.0
20150519,3145.8
20150518,8257.850999999999
20150515,2107.729
20150514,5855.33
20150513,3510.9879999999994
20150512,38556.63
20150511,2715.855
20150508,7132.592000000001
20150507,4670.61
20150506,9512.379
20150505,8959.458
20150504,0.0
20150501,4947.967000000001
20150430,10527.905
20150429,19620.43
20150428,11886.160000000002
20150427,2659.072
20150424,4014.4
20150423,1755.52
20150422,5739.1359999999995
20150421,21695.024999999998
20150420,64.242
20150417,13392.555
20150416,1908.885
20150415,16506.115999999998
20150414,1736.0200000000002
20150413,2469.946
20150410,2908.575
20150409,5761.1050000000005
20150408,1125.6960000000001
20150407,6371.2
20150406,0.0
20150403,0.0
20150402,5592.576
20150401,898.304
20150331,6466.384
20150330,1994.135
20150327,5480.475
20150326,3144.779
20150325,2533.806
20150324,5010.863
20150323,3681.9990000000003
20150320,3850.0879999999997
20150319,1974.024
20150318,2054.793
20150317,1988.8439999999998
20150316,0.0
20150313,8887.135999999999
20150312,8426.220000000001
20150311,1275.01
20150310,826.177
20150309,2712.16
20150306,3194.895
20150305,2139.511
20150304,3127.0910000000003
20150303,7608.588
20150302,4961.2
20150227,11815.989
20150226,2045.9120000000003
20150225,4102.142
20150224,4750.812
20150223,13238.276
20150220,14896.159999999998
20150219,3357.159
20150218,2162.94
20150217,3150.8360000000002
20150216,1147.3
20150213,413.475
20150212,51.407999999999994
20150211,2480.105
20150210,962.3879999999999
20150209,3192.392
20150206,851.5079999999999
20150205,19534.325999999997
20150204,25043.486999999997
20150203,9411.335
20150202,8935.776
20150130,12107.672
20150129,66998.928
20150128,89069.878
20150127,3361.0830000000005
20150126,3323.5290000000005
20150123,1073.703
20150122,2432.066
20150121,415.14
20150120,345.788
20150119,336.661
20150116,2755.551
20150115,1760.26
20150114,9213.696
20150113,6876.828
20150112,20202.966
20150109,736.0
20150108,161.0
20150107,20.24
20150106,0.0
20150105,4977.2
20150102,19.89
20150101,0.0
20141231,280.67
20141230,460.564
20141229,674.492
20141226,0.0
20141225,0.0
20141224,40.222
20141223,312.936
20141222,450.398
20141219,388.96
20141218,0.0
20141217,712.194
20141216,0.0
20141215,314.291
20141212,467.0
20141211,986.274
20141210,6.789999999999999
20141209,776.0
20141208,367.145
20141205,0.0
20141204,64.02
20141203,282.75499999999994
20141202,3637.4999999999995
20141201,125.67299999999999
20141128,48.9
20141127,802.0480000000001
20141126,1590.118
20141125,3931.55
20141124,822.1600000000001
20141121,234.03299999999996
20141120,1696.8469999999998
20141119,1020.9569999999999
20141118,69.601
20141117,2897.1949999999997
20141114,331.5
20141113,293.046
20141112,586.0649999999999
20141111,2273.06
20141110,6.795
20141107,337.485
20141106,36.24
20141105,213.36300000000003
20141104,928.6500000000001
20141103,0.0
20141031,339.75
20141030,59.8
20141029,350.52
20141028,0.45999999999999996
20141027,238.73999999999998
20141024,6062.799999999999
20141023,2054.2200000000003
20141022,427.232
20141021,0.0
20141020,0.0
20141017,382.08
20141016,712.42
20141015,825.3059999999999
20141014,19.32
20141013,18.06
20141010,826.965
20141009,28.21
20141008,182.28
20141007,12.152
20141006,1365.364
20141003,217.0
20141002,1062.866
20141001,235.66199999999998
20140930,7537.4259999999995
20140929,3654.4489999999996
20140926,1480.0700000000002
20140925,2204.996
20140924,178.86499999999998
20140923,375.7
20140922,45.968
20140919,4800.12
20140918,3303.68
20140917,283.50399999999996
20140916,877.4239999999999
20140915,262.34700000000004
20140912,2698.83
20140911,586.866
20140910,5495.628
20140909,586.365
20140908,4913.049999999999
20140905,7771.151999999999
20140904,2763.4500000000003
20140903,3408.516
20140902,4856.254
20140901,3605.335
20140829,622.0740000000001
20140828,0.0
20140827,370.47499999999997
20140826,1947.64
20140825,0.0
20140822,4.745
20140821,6.57
20140820,0.0
20140819,69.715
20140818,0.0
20140815,247.46999999999997
20140814,525.235
20140813,217.17499999999998
20140812,9.125
20140811,0.0
20140808,0.0
20140807,34.317
20140806,201.105
20140805,426.19
20140804,158.404
20140801,252.73
20140731,0.0
20140730,1882.542
20140729,2590.656
20140728,434.30400000000003
20140725,733.5619999999999
20140724,2538.016
20140723,276.64
20140722,962.624
20140721,4798.625999999999
20140718,8952.795
20140717,147.6
20140716,324.71999999999997
20140715,1161.243
20140714,0.0
20140711,411.90099999999995
20140710,1630.637
20140709,1614.996
20140708,33.864
20140707,830.332
20140704,319.05199999999996
20140703,63.455000000000005
20140702,226.09199999999996
20140701,7858.825
20140630,3455.834
20140627,2066.044
20140626,2335.4429999999998
20140625,108.99600000000001
20140624,0.0
20140623,451.2
20140620,354.568
20140619,0.0
20140618,20.139999999999997
20140617,1160.49
20140616,168.52100000000002
20140613,591.0
20140612,31.584
20140611,57.903999999999996
20140610,1275.768
20140609,927.184
20140606,2459.1839999999997
20140605,420.225
20140604,403.2
20140603,708.921
20140602,1951.6000000000001
20140530,700.07
20140529,1069.815
20140528,9259.289
20140527,7099.14
20140526,0.0
20140523,5800.848999999999
20140522,8902.479
20140521,11238.234
20140520,716.38
20140519,2.45
20140516,1041.25
20140515,450.3
20140514,391.524
20140513,747.74
20140512,1740.464
20140509,0.0
20140508,261.072
20140507,861.084
20140506,67.40400000000001
20140505,0.0
20140502,0.0
20140501,3986.974
20140430,6629.156000000001
20140429,95.07800000000002
20140428,0.0
20140425,0.0
20140424,95.9
20140423,0.0
20140422,322.49800000000005
20140421,0.0
20140418,0.0
20140417,0.0
20140416,621.008
20140415,0.0
20140414,1004.4449999999999
20140411,1751.643
20140410,561.719
20140409,1142.5800000000002
20140408,1663.18
20140407,979.2760000000001
20140404,240.572
20140403,0.0
20140402,0.0
20140401,1218.2040000000002
20140331,14.05
20140328,516.759
20140327,421.5
20140326,196.138
20140325,421.5
20140324,458.592
20140321,663.16
20140320,6.744
20140319,0.0
20140318,91.325
20140317,0.0
20140314,574.926
20140313,147.525
20140312,0.0
20140311,1630.9759999999999
20140310,169.344
20140307,29.375999999999998
20140306,164.448
20140305,624.9599999999999
20140304,1648.2239999999997
20140303,6504.192
20140228,505.344
20140227,136.857
20140226,2158.842
20140225,7.203
20140224,70.8
20140221,200.01
20140220,378.42600000000004
20140219,1770.354
20140218,141.6
20140217,143.37
20140214,1283.9
20140213,340.06
20140212,986.5210000000001
20140211,763.4000000000001
20140210,7932.073
20140207,111.93600000000002
20140206,155.82000000000002
20140205,893.8980000000001
20140204,513.888
20140203,199.704
20140131,318.0
20140130,1669.182
20140129,293.514
20140128,117.66000000000001
20140127,1409.0580000000002
20140124,1243.648
20140123,2955.3990000000003
20140122,652.013
20140121,483.3710000000001
20140120,1513.614
20140117,238.19600000000003
20140116,392.168
20140115,2802.025
20140114,3036.0699999999997
20140113,6581.68
20140110,140.44199999999998
20140109,11.834999999999999
20140108,5523.0
20140107,72.675
20140106,0.0
20140103,2047.7959999999998
20140102,0.0
20140101,0.0
20131231,0.0
20131230,0.0
20131227,34.72
20131226,0.0
20131225,0.0
20131224,0.0
20131223,0.0
20131220,0.0
20131219,208.32000000000002
20131218,0.0
20131217,0.0
20131216,0.0
20131213,0.0
20131212,0.0
20131211,0.0
20131210,0.0
20131209,0.0
20131206,306.59999999999997
20131205,3544.004
20131204,838.9699999999999
20131203,657.5
20131202,0.0
20131129,0.0
20131128,0.0
20131127,0.0
20131126,318.22999999999996
20131125,0.0
20131122,32.875
20131121,16.043
20131120,789.0
20131119,13.676
20131118,79.952
20131115,0.0
20131114,1242.675
20131113,0.0
20131112,0.0
20131111,1723.91
20131108,0.0
20131107,0.0
20131106,0.0
20131105,0.0
20131104,29.61
20131101,0.0
20131031,73.696
20131030,0.0
20131029,3.948
20131028,90.475
20131025,31.255
20131024,1501.556
20131023,193.452
20131022,115.15
20131021,449.743
20131018,0.0
20131017,132.916
20131016,1468.327
20131015,493.5
20131014,433.75
20131011,4449.928000000001
20131010,2026.8500000000001
20131009,2281.98
20131008,82.125
20131007,1361.815
20131004,646.05
20131003,2753.56
20131002,50.24999999999999
20131001,1620.235
20130930,1668.2999999999997
20130927,0.0
20130926,7050.678
20130925,10.452
20130924,2216.6279999999997
20130923,68.33999999999999
20130920,40.602
20130919,205.01999999999998
20130918,3169.7699999999995
20130917,934.8
20130916,6769.29
20130913,0.0
20130912,0.0
20130911,0.0
20130910,1408.944
20130909,1740.6599999999999
20130906,27.335999999999995
20130905,292.25399999999996
20130904,29.400000000000002
20130903,102.9
20130902,84.0
20130830,0.0
20130829,525.0
20130828,0.0
20130827,697.15
20130826,0.0
20130823,261.29400000000004
20130822,7.14
20130821,0.0
20130820,21.419999999999998
20130819,121.80000000000001
20130816,0.0
20130815,999.5519999999999
20130814,1556.7839999999997
20130813,168.63
20130812,560.64
20130809,2975.1150000000002
20130808,731.46
20130807,5.109999999999999
20130806,576.6999999999999
20130805,0.0
20130802,292.0
20130801,655.905
20130731,58.4
20130730,1750.6599999999999
20130729,8.030000000000001
20130726,0.0
20130725,0.0
20130724,1783.7199999999998
20130723,580.35
20130722,0.0
20130719,0.0
20130718,71.175
20130717,0.0
20130716,632.688
20130715,0.0
20130712,0.0
20130711,16.79
20130710,5872.156
20130709,1377.51
20130708,941.064
20130705,1872.45
20130704,1424.389
20130703,712.5
20130702,980.9200000000001
20130701,1370.0
20130628,5364.92
20130627,0.0
20130626,1045.36
20130625,642.8549999999999
20130624,0.0
20130621,359.37899999999996
20130620,1714.551
20130619,785.583
20130618,783.972
20130617,1647.0
20130614,410.0
20130613,0.0
20130612,133.665
20130611,0.0
20130610,323.811
20130607,0.0
20130606,4019.9999999999995
20130605,634.5569999999999
20130604,14109.321000000002
20130603,63.31499999999999
20130531,2199.4770000000003
20130530,1892.0
20130529,0.0
20130528,0.0
20130527,0.0
20130524,0.0
20130523,12.450000000000001
20130522,0.0
20130521,0.0
20130520,0.0
20130517,675.0
20130516,150.0
20130515,4830.0
20130514,35.42
20130513,8.05
20130510,0.0
20130509,0.0
20130508,16.1
20130507,25.277
20130506,0.0
20130503,93.21900000000001
20130502,6.44
20130501,402.5
20130430,0.0
20130429,129.381
20130426,342.57599999999996
20130425,0.0
20130424,0.0
20130423,735.6600000000001
20130422,91.5
20130419,0.0
20130418,836.4
20130417,0.0
20130416,18.04
20130415,32.928000000000004
20130412,201.6
20130411,277.704
20130410,0.0
20130409,77.616
20130408,2.788
20130405,147.6
20130404,6.02
20130403,0.0
20130402,0.0
20130401,0.0
20130329,0.0
20130328,25.8
20130327,0.86
20130326,0.0
20130325,0.0
20130322,70.52
20130321,234.26399999999998
20130320,0.0
20130319,1260.932
20130318,979.3679999999999
20130315,281.088
20130314,0.0
20130313,36.783
20130312,660.081
20130311,0.0
20130308,649.9879999999999
20130307,1242.48
20130306,724.002
20130305,43.8
20130304,536.9879999999999
20130301,0.0
20130228,0.438
20130227,0.0
20130226,0.0
20130225,459.99999999999994
20130222,6.4399999999999995
20130221,62.33
20130220,738.876
20130219,667.8000000000001
20130218,0.0
20130215,657.4480000000001
20130214,631.8
20130213,293.47999999999996
20130212,396.4100000000001
20130211,117.0
20130208,70.66799999999999
20130207,0.0
20130206,23.4
20130205,50.778
20130204,173.39399999999998
20130201,0.0
20130131,0.0
20130130,117.0
20130129,41.652
20130128,171.98999999999998
20130125,117.936
20130124,311.75
20130123,50.147999999999996
20130122,61.74
20130121,0.0
20130118,169.596
20130117,126.0
20130116,151.2
20130115,213.3
20130114,131.544
20130111,1331.568
20130110,290.79200000000003
20130109,204.23999999999998
20130108,215.01600000000002
20130107,14.632000000000001
20130104,0.0
20130103,584.929
20130102,440.583
20130101,0.0
20121231,13.004999999999999
20121228,33.891000000000005
20121227,240.20999999999998
20121226,0.0
20121225,0.0
20121224,508.72499999999997
20121221,1615.346
20121220,0.0
20121219,2406.261
20121218,299.15
20121217,275.8
20121214,6934.499999999999
20121213,840.5950000000001
20121212,0.0
20121211,44.46
20121210,0.0
20121207,0.0
20121206,240.54000000000002
20121205,0.0
20121204,0.0
20121203,1952.25
20121130,398.288
20121129,296.73
20121128,2458.75
20121127,980.4749999999999
20121126,300.314
20121123,2.85
20121122,289.27500000000003
20121121,2180.5350000000003
20121120,0.0
20121119,146.0
20121116,0.0
20121115,359.955
20121114,0.0
20121113,83.22
20121112,102.315
20121109,356.25
20121108,1411.32
20121107,307.184
20121106,0.0
20121105,713.064
20121102,4.275
20121101,205.20000000000002
20121031,64.695
20121030,529.245
20121029,209.19000000000003
20121026,0.0
20121025,475.665
20121024,144.0
20121023,2.016
20121022,19.113
20121019,0.0
20121018,5894.882
20121017,3568.8500000000004
20121016,75.33
20121015,45.705
20121012,69.75
20121011,128.03
20121010,0.0
20121009,0.0
20121008,0.0
20121005,558.9300000000001
20121004,775.0
20121003,1197.32
20121002,128.326
20121001,309.075
20120928,606.6899999999999
20120927,502.12200000000007
20120926,1427.426
20120925,103.98600000000002
20120924,167.757
20120921,10.397
20120920,79.5
20120919,0.0
20120918,1729.555
20120917,159.46800000000002
20120914,418.946
20120913,893.788
20120912,566.99
20120911,278.07
20120910,687.952
20120907,1036.892
20120906,2902.772
20120905,730.0
20120904,207.32
20120903,1022.0
20120831,584.2919999999999
20120830,7.884
20120829,2088.092
20120828,1550.0
20120827,0.0
20120824,65.10000000000001
20120823,10.857
20120822,5.593
20120821,652.736
20120820,0.0
20120817,1892.7369999999999
20120816,0.0
20120815,79.81
20120814,431.66800000000006
20120813,1658.16
20120810,155.125
20120809,821.615
20120808,56.21
20120807,183.95999999999998
20120806,946.81
20120803,2509.7400000000002
20120802,5264.0
20120801,23.688000000000002
20120731,86.75
20120730,246.37
20120727,173.5
20120726,1552.478
20120725,59.495000000000005
20120724,937.65
20120723,320.446
20120720,3012.324
20120719,0.0
20120718,1282.859
20120717,12493.949999999999
20120716,2314.77
20120713,8495.58
20120712,219.699
20120711,161.63400000000001
20120710,77.973
20120709,243.162
20120706,16.116
20120705,67.071
20120704,142.20000000000002
20120703,0.0
20120702,183.675
20120629,0.0
20120628,469.734
20120627,0.0
20120626,1022.55
20120625,151.21499999999997
20120622,1256.6399999999999
20120621,1208.226
20120620,0.0
20120619,4583.958
20120618,0.0
20120615,256.434
20120614,948.0
20120613,188.889
20120612,1373.415
20120611,0.0
20120608,90.06
20120607,1154.8949999999998
20120606,71.655
20120605,0.0
20120604,0.0
20120601,1014.1349999999999
20120531,100.46999999999998
20120530,122.39999999999999
20120529,0.0
20120528,163.96499999999997
20120525,5617.0
20120524,4949.81
20120523,6336.24
20120522,258.06
20120521,95.11499999999998
20120518,191.50499999999997
20120517,80.32499999999999
20120516,71.788
20120515,1303.4180000000001
20120514,76.24499999999999
20120511,0.0
20120510,63.239999999999995
20120509,63.02
20120508,158.098
20120507,0.0
20120504,384.4220000000001
20120503,919.7849999999999
20120502,1547.0040000000001
20120501,762.816
20120430,61.376
20120427,100.832
20120426,0.0
20120425,2910.4280000000003
20120424,1293.2679999999998
20120423,1169.168
20120420,560.17
20120419,8.06
20120418,138.88
20120417,1770.0400000000002
20120416,2357.222
20120413,1024.8600000000001
20120412,3.29
20120411,614.9010000000001
20120410,746.172
20120409,0.0
20120406,0.0
20120405,266.49
20120404,0.0
20120403,34.545
20120402,1040.627
20120330,3197.88
20120329,624.442
20120328,820.3080000000001
20120327,147.822
20120326,949.3920000000002
20120323,349.776
20120322,634.316
20120321,79.11600000000001
20120320,492.04600000000005
20120319,2350.2309999999998
20120316,723.43
20120315,6152.805
20120314,1258.2599999999998
20120313,102.644
20120312,9675.336
20120309,643.8600000000001
20120308,223.02
20120307,1389.78
20120306,3863.22
20120305,2119.7459999999996
20120302,5432.513999999999
20120301,13799.699999999999
20120229,56744.94
20120228,2496.123
20120227,2403.74
20120224,2230.291
20120223,48.580000000000005
20120222,374.76000000000005
20120221,154.068
20120220,638.918
20120217,1659.4759999999999
20120216,249.49300000000002
20120215,1964.3670000000002
20120214,9177.109
20120213,7845.442000000001
20120210,3786.656
20120209,5844.088
20120208,111.30000000000001
20120207,2423.4
20120206,393.12
20120203,4621.26
20120202,9043.44
20120201,438.58199999999994
20120131,54202.062
20120130,3228.835
20120127,262.67900000000003
20120126,6560.382
20120125,2722.475
20120124,435.925
20120123,0.0
20120120,728.735
20120119,116.13699999999999
20120118,139.825
20120117,148.05
20120116,398.009
20120113,130.22
20120112,1431.522
20120111,133.59
20120110,493.188
20120109,1314.876
20120106,230.388
20120105,229.07399999999998
20120104,94.17
20120103,963.162
20120102,0.0
20111230,0.0
20111229,0.0
20111228,120.888
20111227,0.0
20111226,0.0
20111223,88.476
20111222,134.028
20111221,43.8
20111220,33.726
20111219,272.436
20111216,438.0
20111215,101.178
20111214,604.0020000000001
20111213,262.8
20111212,0.0
20111209,0.0
20111208,568.524
20111207,9.636000000000001
20111206,91.98
20111205,29.346
20111202,491.436
20111201,102.92999999999999
20111130,911.478
20111129,2187.78
20111128,210.0
20111125,1140.0
20111124,1033.2959999999998
20111123,70.67999999999999
20111122,2939.3759999999997
20111121,12535.713
20111118,1076.604
20111117,1655.6399999999999
20111116,26.28
20111115,42.924
20111114,905.784
20111111,619.248
20111110,1428.648
20111109,65.664
20111108,943.0079999999999
20111107,3861.8639999999996
20111104,68.875
20111103,5731.349999999999
20111102,3.8000000000000003
20111101,275.5
20111031,8961.35
20111028,7896.400000000001
20111027,2051.154
20111026,2647.71
20111025,9959.951999999997
20111024,257.69
20111021,343.465
20111020,183.595
20111019,183.23000000000002
20111018,935.859
20111017,2255.847
20111014,128.31
20111013,0.0
20111012,1832.8590000000002
20111011,2170.0
20111010,765.6239999999999
20111007,227.76
20111006,0.0
20111005,0.0
20111004,0.0
20111003,9.212
20110930,0.0
20110929,9.212
20110928,296.1
20110927,0.0
20110926,0.0
20110923,573.447
20110922,0.0
20110921,32.571000000000005
20110920,0.0
20110919,329.0
20110916,177.989
20110915,4479.076
20110914,0.0
20110913,112.428
20110912,232.48100000000002
20110909,94.218
20110908,0.0
20110907,210.65
20110906,813.4920000000001
20110905,0.0
20110902,47.837999999999994
20110901,1148.112
20110831,1601.058
20110830,100.00999999999999
20110826,821.25
20110825,584.0
20110824,36.5
20110823,751.446
20110822,841.451
20110819,1279.22
20110818,5848.41
20110817,3.7800000000000002
20110816,601.4399999999999
20110815,1525.8600000000001
20110812,236.51999999999998
20110811,3070.074
20110810,1428.59
20110809,184.223
20110808,163.614
20110805,878.7719999999999
20110804,931.608
20110803,0.0
20110802,4249.66
20110801,1463.4750000000001
20110729,3493.625
20110728,9975.0
20110727,2428.2
20110726,2002.2959999999998
20110725,997.2719999999998
20110722,15818.184
20110721,5884.447999999999
20110720,0.0
20110719,0.0
20110718,14.6
20110715,327.40500000000003
20110714,0.0
20110713,269.005
20110712,0.0
20110711,0.0
20110708,1488.3380000000002
20110707,607.438
20110706,1392.11
20110705,188.34
20110704,0.0
20110701,92.345
20110630,569.9040000000001
20110629,0.0
20110628,813.4920000000001
20110627,746.467
20110624,2210.9999999999995
20110623,154.36799999999997
20110622,2019.6479999999997
20110621,638.7779999999999
20110620,2226.0
20110617,588.0
20110616,949.5840000000001
20110615,1095.0
20110614,204.54600000000002
20110613,1181.724
20110610,657.0
20110609,34.164
20110608,667.0740000000001
20110607,5047.074
20110606,28.032
20110603,76.21199999999999
20110602,140.598
20110601,96.36
20110531,0.0
20110527,5372.946
20110526,5034.54
20110525,483.84000000000003
20110524,840.42
20110523,365.29200000000003
20110520,293.46
20110519,0.0
20110518,1641.6
20110517,8023.722
20110516,1087.3799999999999
20110513,224.20000000000002
20110512,1221.7
20110511,786.125
20110510,3177.275
20110509,912.2079999999999
20110506,828.624
20110505,719.739
20110504,2214.1349999999998
20110503,5398.134
20110428,1647.715
20110427,24164.712
20110426,39209.916000000005
20110421,1256.0380000000002
20110420,546.84
20110419,3791.7000000000003
20110418,957.5
20110415,263.887
20110414,365.0
20110413,1995.25
20110412,2409.0
20110411,804.095
20110408,76.328
20110407,0.0
20110406,108.57000000000001
20110405,6169.408
20110404,593.187
20110401,4161.13
20110331,1479.146
20110330,574.14
20110329,840.42
20110328,420.0
20110325,0.0
20110324,442.26
20110323,0.0
20110322,6.300000000000001
20110321,0.0
20110318,0.0
20110317,201.042
20110316,438.0
20110315,1198.26
20110314,522.5
20110311,104.023
20110310,0.0
20110309,299.94300000000004
20110308,74.78399999999999
20110307,31.464
20110304,0.0
20110303,278.616
20110302,2321.537
20110301,141.984
20110228,66.975
20110225,907.1199999999999
20110224,295.18199999999996
20110223,0.0
20110222,493.20000000000005
20110221,155.084
20110218,566.0
20110217,1191.36
20110216,163.74399999999997
20110215,2810.025
20110214,262.8
20110211,0.0
20110210,36.088
20110209,123.176
20110208,141.895
20110207,1691.228
20110204,451.55000000000007
20110203,97.44
20110202,729.8690000000001
20110201,5678.400000000001
20110131,0.0
20110128,0.0
20110127,187.0
20110126,978.3840000000001
20110125,1224.5749999999998
20110124,7749.753
20110121,0.0
20110120,2393.16
20110119,746.46
20110118,764.7479999999999
20110117,456.834
20110114,2784.65
20110113,6349.759
20110112,9.31
20110111,0.0
20110110,0.0
20110107,0.0
20110106,855.589
20110105,1564.7819999999997
20110104,784.8559999999999
20101231,436.73999999999995
20101230,1792.548
20101229,5112.256
20101227,0.0
20101224,4127.054999999999
20101223,6523.991999999999
20101222,2631.9359999999997
20101221,8062.985999999999
20101220,519.1120000000001
20101217,1872.45
20101216,1585.912
20101215,361.674
20101214,162.442
20101213,0.0
20101210,0.0
20101209,430.18
20101208,391.106
20101207,1677.2479999999998
20101206,7393.44
20101203,426.445
20101202,8781.462
20101201,0.0
20101130,0.0
20101129,695.635
20101126,73.94999999999999
20101125,13.286000000000001
20101124,561.589
20101123,0.0
20101122,5.66
20101119,81.10400000000001
20101118,498.08000000000004
20101117,1450.0080000000003
20101116,1711.4040000000002
20101115,1204.0
20101112,0.0
20101111,0.0
20101110,0.0
20101109,717.876
20101108,961.8480000000001
20101105,0.0
20101104,9525.843
20101103,506.25
20101102,820.125
20101101,2895.399
20101029,679.725
20101028,1.4240000000000002
20101027,421.952
20101026,4485.12
20101025,4010.62
20101022,7932.540000000001
20101021,1824.27
20101020,8075.447999999999
20101019,7471.728000000001
20101018,10981.856000000002
20101015,166.14
20101014,1765.557
20101013,2277.66
20101012,1698.8000000000002
20101011,609.8259999999999
20101008,7613.316
20101007,3781.895
20101006,1576.074
20101005,6706.656
20101004,3111.049
20101001,215.064
20100930,861.546
20100929,184.12800000000001
20100928,145.464
20100927,204.62399999999997
20100924,98.092
20100923,78.256
20100922,269.55
20100921,613.64
20100920,72.624
20100917,90.914
20100916,0.0
20100915,263.72
20100914,189.744
20100913,81.89200000000001
20100910,36.088
20100909,551.15
20100908,86.76
20100907,154.722
20100906,3844.76
20100903,396.42499999999995
20100902,4308.36
20100901,181.44000000000003
20100831,12.809999999999999
20100830,0.0
20100827,400.05899999999997
20100826,873.6
20100825,186.78400000000002
20100824,163.8
20100823,0.0
20100820,0.0
20100819,0.0
20100818,0.0
20100817,45.552
20100816,69.454
20100813,241.38
20100812,0.0
20100811,1294.083
20100810,1050.45
20100809,255.50000000000003
20100806,0.0
20100805,1095.0
20100804,0.0
20100803,0.0
20100802,220.06400000000002
20100730,1698.476
20100729,11842.199999999999
20100728,0.0
20100727,2439.712
20100726,918.72
20100723,2258.04
20100722,9627.75
20100721,7580.325999999999
20100720,5419.514999999999
20100719,2918.96
20100716,342.504
20100715,0.0
20100714,507.20400000000006
20100713,2267.745
20100712,0.0
20100709,19.856
20100708,6.205
20100707,372.3
20100706,2454.6980000000003
20100705,2.41
20100702,910.98
20100701,739.3199999999999
20100630,195.21
20100629,3361.6899999999996
20100628,323.0
20100625,8178.1900000000005
20100624,0.0
20100623,57.65
20100622,0.0
20100621,40.355
20100618,1205.0
20100617,61.11
20100616,4085.505
20100615,3032.7120000000004
20100614,364.781
20100611,2587.36
20100610,1639.338
20100609,7538.947000000001
20100608,3746.5440000000003
20100607,1275.164
20100604,2794.44
20100603,4901.000999999999
20100602,0.0
20100601,1935.2299999999998
20100528,2308.415
20100527,41.075
20100526,1465.556
20100525,8.215
20100524,60.443999999999996
20100521,923.4499999999999
20100520,429.0
20100519,151.10999999999999
20100518,0.0
20100517,621.192
20100514,288.78799999999995
20100513,0.0
20100512,0.0
20100511,38.763000000000005
20100510,7795.7880000000005
20100507,1420.4339999999997
20100506,3347.9159999999997
20100505,597.87
20100504,1038.2060000000001
20100430,4729.14
20100429,1039.095
20100428,1250.01
20100427,2014.8000000000002
20100426,1292.148
20100423,186.20000000000002
20100422,2017.574
20100421,50.06399999999999
20100420,0.0
20100419,1122.472
20100416,84.336
20100415,394.20000000000005
20100414,0.0
20100413,704.34
20100412,98.685
20100409,1869.21
20100408,7740.000000000001
20100407,3823.56
20100406,7774.975999999999
20100401,323.90100000000007
20100331,6571.168
20100330,1418.9499999999998
20100329,211.70000000000002
20100326,2931.0960000000005
20100325,66.43
20100324,1087.47
20100323,5466.24
20100322,3212.7999999999997
20100319,18818.013000000003
20100318,150.6
20100317,10606.17
20100316,354.78000000000003
20100315,1249.32
20100312,2100.15
20100311,2896.0560000000005
20100310,451.359
20100309,112.42
20100308,563.951
20100305,550.4200000000001
20100304,0.0
20100303,0.0
20100302,1584.1
20100301,695.742
20100226,0.0
20100225,137.576
20100224,2191.728
20100223,1380.504
20100222,2047.0359999999998
20100219,1922.3819999999998
20100218,486.75399999999996
20100217,63.072
20100216,4013.5
20100215,6716.6320000000005
20100212,1324.5120000000002
20100211,1806.1230000000003
20100210,26.65
20100209,4424.238
20100208,7046.397999999999
20100205,4972.1759999999995
20100204,5969.21
20100203,2297.529
20100202,5658.543000000001
20100201,18416.440000000002
20100129,3625.188
20100128,3274.0499999999997
20100127,1728.7649999999999
20100126,1204.58
20100125,1228.4070000000002
20100122,1087.857
20100121,8106.923999999999
20100120,15294.084
20100119,10609.365
20100118,699.556
20100115,1240.122
20100114,5085.618
20100113,1186.0
20100112,203.992
20100111,5196.213
20100108,7357.568
20100107,16041.888
20100106,6513.698
20100105,970.4620000000001
20100104,11562.242
20091231,2763.123
20091230,747.52
20091229,1534.1000000000001
20091224,2336.7999999999997
20091223,11217.1
20091222,16553.489999999998
20091221,1134.145
20091218,2600.6400000000003
20091217,2690.72
20091216,4058.1679999999997
20091215,2998.548
20091214,7981.090000000001
20091211,1671.043
20091210,6034.9
20091209,2752.1000000000004
20091208,4088.0000000000005
20091207,2146.2000000000003
20091204,3382.82
20091203,6132.0
20091202,2669.0
20091201,306.6
20091130,1533.0
20091127,5509.602
20091126,2350.6
20091125,0.0
20091124,2663.04
20091123,379.6
20091120,0.0
20091119,0.0
20091118,0.0
20091117,0.0
20091116,425.64599999999996
20091112,0.0
20091111,0.0
20091110,0.0
20091109,1105.002
20091106,1748.04
20091105,0.0
20091104,0.0
20091103,0.0
20091102,38.7
20091030,0.0
20091029,0.0
20091028,512.46
20091027,37.96
20091026,0.0
20091023,0.0
20091022,2805.75
20091021,1031.355
20091020,602.4
20091019,1608.4079999999997
20091016,7433.225
20091015,474.5
20091014,967.5000000000001
20091013,3922.29
20091012,0.0
20091009,0.0
20091008,0.0
20091007,0.0
20091006,0.0
20091005,1058.5
20091002,1572.931
20091001,0.0
20090930,2190.0
20090929,438.0
20090928,43.8
20090925,0.0
20090924,115.0
20090923,736.0
20090922,2273.767
20090921,4598.755
20090918,6681.0
20090917,538.5
20090916,215.39999999999998
20090915,219.70799999999997
20090914,0.0
20090911,0.0
20090910,4707.04
20090909,891.1840000000001
20090908,1077.0
20090907,1781.6
20090904,0.0
20090903,12836.300000000001
20090902,2336.0
20090901,3225.5499999999997
20090831,0.0
20090828,9076.455
20090827,19.71
20090826,0.0
20090825,139.32000000000002
20090824,369.58500000000004
20090821,284.445
20090820,1054.575
20090819,1217.115
20090818,1337.085
20090817,9381.960000000001
20090814,2696.744
20090813,3052.16
20090812,1361.4239999999998
20090811,1128.4959999999999
20090810,2343.5190000000002
20090807,5227.092
20090806,2772.978
20090805,8443.764
20090804,19958.871
20090803,10718.297999999999
20090731,7624.704
20090730,4056.7559999999994
20090729,47.523
20090728,45.99
20090727,941.262
20090724,1811.3700000000001
20090723,2089.4790000000003
20090722,75.117
20090721,982.6529999999999
20090720,909.03
20090717,533.8
20090716,646.84
20090715,0.0
20090714,8452.88
20090713,1417.7099999999998
20090710,3464.1419999999994
20090709,193.874
20090708,5618.664
20090707,5387.4
20090706,111.46999999999998
20090703,1295.25
20090702,11088.188999999998
20090701,4661.191
20090630,2232.516
20090629,2949.804
20090626,6608.763000000001
20090625,538.904
20090624,1578.9229999999998
20090623,2958.69
20090622,2224.542
20090619,1829.234
20090618,2211.924
20090617,2901.312
20090616,4810.704
20090615,12353.292
20090612,16617.302
20090611,10339.427999999998
20090610,6521.382
20090609,16534.938
20090608,31294.224
20090605,9052.368
20090604,4627.616
20090603,7208.576
20090602,3881.264
20090601,640.712
20090529,1101.57
20090528,2031.94
20090527,324.12
20090526,2135.25
20090525,0.0
20090522,10174.08
20090521,283.08000000000004
20090520,97.8
20090519,0.0
20090518,3.504
20090515,14.308
20090514,322.95200000000006
20090513,723.0
20090512,1062.385
20090511,1456.7150000000001
20090508,1494.3690000000001
20090507,5623.92
20090506,4272.338
20090505,0.0
20090504,0.0
20090501,498.55
20090430,798.0
20090429,2197.455
20090428,2750.3500000000004
20090427,41.418
20090424,3498.7439999999997
20090423,345.68
20090422,2412.215
20090421,3500.475
20090420,5371.632
20090417,911.424
20090416,789.3600000000001
20090415,2661.606
20090414,926.64
20090413,0.0
20090410,0.0
20090409,14.308
20090408,0.0
20090407,0.0
20090406,0.0
20090403,65.7
20090402,45.632
20090401,0.0
20090331,145.702
20090330,0.0
20090327,198.4
20090326,75.888
20090325,898.408
20090324,702.99
20090323,4.6530000000000005
20090320,254.94000000000003
20090319,1278.084
20090318,2732.2439999999997
20090317,0.0
20090316,1416.878
20090313,2207.52
20090312,2095.83
20090311,4964.442
20090310,0.0
20090309,24.948999999999998
20090306,13.68
20090305,2654.496
20090304,0.0
20090303,0.0
20090302,0.0
20090227,0.0
20090226,33.912000000000006
20090225,3360.0
20090224,0.0
20090223,0.0
20090220,0.0
20090219,0.0
20090218,0.0
20090217,0.0
20090216,0.0
20090213,172.54999999999998
20090212,0.0
20090211,0.0
20090210,0.0
20090209,0.0
20090206,134.4
20090205,0.0
20090204,0.0
20090203,0.0
20090202,0.0
20090130,0.0
20090129,0.0
20090128,56.76
20090127,32.9
20090126,0.0
20090123,0.0
20090122,10.95
20090121,2.5549999999999997
20090120,1.915
20090119,0.0
20090116,102.98
20090115,43.435
20090114,0.0
20090113,0.0
20090112,0.0
20090109,146.013
20090108,0.0
20090107,0.0
20090106,2417.19
20090105,116.8
20090102,0.0
20090101,0.0
20081231,11.359
20081230,53.76
20081229,0.0
20081226,0.0
20081225,0.0
20081224,0.0
20081223,375.22400000000005
20081222,0.0
20081219,0.0
20081218,21.9
20081217,0.0
20081216,0.0
20081215,0.0
20081212,0.438
20081211,7.592
20081210,0.0
20081209,0.0
20081208,0.0
20081205,0.0
20081204,0.0
20081203,0.0
20081202,0.0
20081201,0.0
20081128,0.0
20081127,0.0
20081126,0.0
20081125,0.0
20081124,0.0
20081121,19.0
20081120,0.0
20081119,0.0
20081118,0.0
20081117,0.0
20081114,0.0
20081113,0.0
20081112,0.0
20081111,0.0
20081110,0.0
20081107,0.0
20081106,149.328
20081105,1.46
20081104,0.0
20081103,2.92
20081031,0.0
20081030,0.0
20081029,23.798000000000002
20081028,0.0
20081027,7.884
20081024,32.85
20081023,0.0
20081022,0.0
20081021,0.0
20081020,24.472
20081017,0.0
20081016,167.118
20081015,0.0
20081014,1.02
20081013,0.612
20081010,0.0
20081009,45.75
20081008,78.183
20081007,2414.475
20081006,174.476
20081003,2.41
20081002,12.05
20081001,0.0
20080930,159.12
20080929,4.208
20080926,0.0
20080925,69.169
20080924,0.0
20080923,6.63
20080922,137.81199999999998
20080919,0.0
20080918,201.94199999999998
20080917,0.0
20080916,0.0
20080915,0.0
20080912,137.0
20080911,68.912
20080910,0.0
20080909,2564.9849999999997
20080908,0.0
20080905,17.94
20080904,0.0
20080903,0.0
20080902,0.0
20080901,11.76
20080829,0.0
20080828,0.0
20080827,0.0
20080826,329.0
20080825,0.0
20080822,0.0
20080821,0.0
20080820,0.0
20080819,0.0
20080818,3.65
20080815,0.0
20080814,111.69
20080813,236.22199999999998
20080812,0.0
20080811,29.362
20080808,0.0
20080807,0.0
20080806,0.0
20080805,0.0
20080804,9.209999999999999
20080801,0.0
20080731,0.0
20080730,321.2
20080729,0.0
20080728,0.0
20080725,0.0
20080724,5241.6
20080723,0.0
20080722,0.45300000000000007
20080721,0.0
20080718,0.0
20080717,0.0
20080716,0.0
20080715,109.5
20080714,0.0
20080711,0.0
20080710,0.0
20080709,583.854
20080708,52.074
20080707,0.0
20080704,0.0
20080703,0.0
20080702,9.927999999999999
20080701,0.0
20080630,0.0
20080627,0.0
20080626,0.0
20080625,0.0
20080624,7.008
20080623,0.0
20080620,0.0
20080619,0.0
20080618,0.0
20080617,0.0
20080616,91.68799999999999
20080613,0.0
20080612,204.75
20080611,5986.0
20080610,0.0
20080609,0.0
20080606,58.4
20080605,683.1
20080604,1397.25
20080603,17.73
20080602,17.73
20080530,0.0
20080529,627.21
20080528,197.976
20080527,0.0
20080526,0.0
20080523,31.536
20080522,124.2
20080521,1902.514
20080520,325.872
20080519,109.06200000000001
20080516,2233.8
20080515,0.0
20080514,1050.7530000000002
20080513,1263.9199999999998
20080512,2527.687
20080509,0.0
20080508,109.5
20080507,74.76
20080506,1752.0
20080505,0.0
20080502,77.875
20080501,0.0
20080430,0.0
20080429,109.5
20080428,118.75
20080425,126.24
20080424,0.0
20080423,13.149999999999999
20080422,0.0
20080421,19.52
20080418,2.48
20080417,0.0
20080416,14.879999999999999
20080415,57.584
20080414,21.824
20080411,0.0
20080410,0.0
20080409,19.84
20080408,24.8
20080407,12.775
20080404,1283.632
20080403,0.0
20080402,7.665000000000001
20080401,0.0
20080331,4415.551
20080328,0.0
20080327,67.744
20080326,0.0
20080325,0.0
20080324,0.0
20080321,0.0
20080320,0.0
20080319,14.6
20080318,68.912
20080317,0.0
20080314,0.0
20080313,266.88800000000003
20080312,52.56
20080311,13.14
20080310,0.0
20080307,0.0
20080306,70.788
20080305,0.0
20080304,312.3
20080303,8.328
20080229,0.0
20080228,111.04
20080227,83.28
20080226,1043.082
20080225,487.18800000000005
20080222,161.70200000000003
20080221,0.0
20080220,28.872
20080219,0.0
20080218,0.0
20080215,357.5
20080214,1788.6339999999998
20080213,754.8549999999999
20080212,76.7
20080211,48.72
20080208,12.600000000000001
20080207,1889.9850000000001
20080206,0.0
20080205,7.3
20080204,0.73
20080201,136.51
20080131,275.94
20080130,7.01
20080129,1077.48
20080128,823.36
20080125,576.923
20080124,0.0
20080123,1.534
20080122,94.415
20080121,51.24
20080118,1291.5
20080117,664.4399999999999
20080116,0.0
20080115,431.24399999999997
20080114,117.60000000000001
20080111,447.636
20080110,438.0
20080109,61.75
20080108,0.0
20080107,170.04999999999998
20080104,191.698
20080103,14.25
20080102,285.0
20080101,0.0
20071231,179.54999999999998
20071228,197.2
20071227,54.23
20071226,0.0
20071225,0.0
20071224,147.89999999999998
20071221,255.50000000000003
20071220,15.330000000000002
20071219,264.25
20071218,0.0
20071217,0.0
20071214,0.0
20071213,0.0
20071212,229.95000000000002
20071211,460.35
20071210,216.89000000000001
20071207,0.0
20071206,1022.0000000000001
20071205,705.686
20071204,866.6560000000001
20071203,1593.8
20071130,83.50999999999999
20071129,2211.822
20071128,483.16499999999996
20071127,1940.0479999999998
20071126,183.546
20071123,4490.079
20071122,177.724
20071121,0.0
20071120,283.0
20071119,622.544
20071116,0.0
20071115,180.75
20071114,28.92
20071113,0.0
20071112,172.31500000000003
20071109,48.2
20071108,2135.2000000000003
20071107,9855.432
20071106,18602.79
20071105,120.875
20071102,647.89
20071101,295.902
20071031,322.66
20071030,0.0
20071029,493.0
20071026,3467.7619999999997
20071025,92.053
20071024,963.235
20071023,855.049
20071022,239.0
20071019,224.66000000000003
20071018,23.725
20071017,239.0
20071016,3590.1809999999996
20071015,3434.787
20071012,3644.16
20071011,171.495
20071010,7680.188000000001
20071009,0.0
20071008,0.0
20071005,0.0
20071004,0.0
20071003,0.0
20071002,0.0
20071001,0.0
20070928,0.0
20070927,0.0
20070926,0.0
20070925,0.0
20070924,0.0
20070921,0.0
20070920,0.0
20070919,0.0
20070918,0.0
20070917,0.0
20070914,0.0
20070913,0.0
20070912,82.91099999999999
20070911,45.552
20070910,0.0
20070907,142.35
20070906,0.0
20070905,224.66000000000003
20070904,0.0
20070903,0.0
20070831,0.0
20070830,255.50000000000003
20070829,10.26
20070828,112.42
20070827,0.0
20070824,17.442
20070823,547.5
20070822,51.1
20070821,8.208
20070820,600.936
20070817,0.0
20070816,218.708
20070815,0.0
20070814,525.312
20070813,4190.2
20070810,538.33
20070809,1084.45
20070808,0.0
20070807,465.52
20070806,490.56
20070803,94.60799999999999
20070802,170.66
20070801,311.905
20070731,4492.6089999999995
20070730,62.38099999999999
20070727,359.74399999999997
20070726,233.6
20070725,227.76
20070724,176.755
20070723,2974.896
20070720,4103.67
20070719,12576.074999999999
20070718,136.03
20070717,301.05
20070716,5.575
20070713,479.952
20070712,5109.200000000001
20070711,400.62399999999997
20070710,3328.446
20070709,7853.816
20070706,1265.0
20070705,1584.9759999999999
20070704,3365.6139999999996
20070703,695.75
20070702,4460.849999999999
20070629,0.039
20070628,0.052000000000000005
20070627,0.013000000000000001
20070626,0.442
20070625,0.039
20070622,0.135
20070621,0.075
20070620,0.42
20070619,0.144
20070618,0.0
20070615,0.0
20070614,0.0
20070613,0.0
20070612,0.0
20070611,0.0
20070608,0.0
20070607,0.0
20070606,0.0
20070605,0.0
20070604,0.0
20070601,0.0
20070531,0.0
20070530,0.0
20070529,0.010000000000000002
20070528,0.0
20070525,0.0
20070524,0.0
20070523,0.0
20070522,0.0
20070521,0.0
20070518,0.010000000000000002
20070517,0.0
20070516,0.0
20070515,0.0
20070514,0.010000000000000002
20070511,0.0
20070510,0.0
20070509,0.0
20070508,0.0
20070507,0.0
20070504,0.0
20070503,0.010000000000000002
20070502,0.0
20070501,0.0
20070430,0.010000000000000002
20070427,0.09000000000000001
20070426,0.0
20070425,0.0
20070424,0.0
20070423,0.0
20070420,0.012
20070419,0.024
20070418,0.0
20070417,0.0
20070416,0.0
20070413,0.0
20070412,0.0
20070411,0.0
20070410,0.0
20070409,0.0
20070406,0.0
20070405,0.0
20070404,0.010000000000000002
20070403,0.0
20070402,0.0
20070330,0.0
20070329,0.012
20070328,0.0
20070327,0.0
20070326,0.012
20070323,0.0
20070322,0.0
20070321,0.012
20070320,0.0
20070319,0.0
20070316,0.0
20070315,0.072
20070314,0.012
20070313,0.16799999999999998
20070312,0.0
20070309,0.0
20070308,0.0
20070307,0.024
20070306,0.0
20070305,0.0
20070302,0.13
20070301,0.0
20070228,0.0
20070227,0.013000000000000001
20070226,0.026000000000000002
20070223,0.0
20070222,0.0
20070221,0.0
20070220,0.0
20070219,0.024
20070216,0.0
20070215,0.0
20070214,0.024
20070213,0.0
20070212,0.0
20070209,0.0
20070208,0.0
20070207,0.0
20070206,0.0
20070205,0.0
20070202,0.012
20070201,0.0
20070131,0.0
20070130,0.0
20070129,0.0
20070126,0.0
20070125,0.0
20070124,0.0
20070123,0.0
20070122,0.0
20070119,0.0
20070118,0.0
20070117,0.0
20070116,0.132
20070115,0.024
20070112,0.0
20070111,0.012
20070110,0.0
20070109,0.0
20070108,0.0
20070105,0.0
20070104,0.0
20070103,0.0
20070102,0.0
20070101,0.0
20061229,0.0
20061228,0.0
20061227,0.0
20061226,0.0
20061225,0.0
20061222,0.0
20061221,0.0
20061220,0.0
20061219,0.012
20061218,0.024
20061215,0.0
20061214,0.0
20061213,0.0
20061212,0.0
20061211,0.024
20061208,0.0
20061207,0.0
20061206,0.0
20061205,0.0
20061204,0.0
20061201,0.0
20061130,0.0
20061129,0.0
20061128,0.0
20061127,0.015
20061124,0.0
20061123,0.0
20061122,0.0
20061121,0.032
20061120,0.32
20061117,0.06
20061116,0.0
20061115,0.0
20061114,0.46499999999999997
20061113,0.052000000000000005
20061110,0.06
20061109,0.12
20061108,0.020000000000000004
20061107,0.010000000000000002
20061106,0.0
20061103,0.0
20061102,0.0
20061101,0.0
20061031,0.0
20061030,0.020000000000000004
20061027,0.0
20061026,0.0
20061025,0.0
20061024,0.0
20061023,0.0
20061020,0.0
20061019,0.0
20061018,0.0
20061017,0.0
20061016,0.010000000000000002
20061013,0.0
20061012,0.010000000000000002
20061011,0.024
20061010,0.024
20061009,0.0
20061006,0.010000000000000002
20061005,0.36
20061004,0.0
20061003,0.0
20061002,0.0
20060929,0.0
20060928,0.0
20060927,1.875
20060926,1.275
20060925,2.3249999999999997
20060922,0.0
20060921,2.235
20060920,0.0
20060919,0.045
20060918,0.0
20060915,0.0
20060914,0.015
20060913,0.0
20060912,0.015
20060911,0.0
20060908,1.5299999999999998
20060907,0.0
20060906,0.0
20060905,0.0
20060904,0.06
20060901,0.0
20060831,0.032
20060830,0.032
20060829,0.285
20060828,0.0
20060825,0.24
20060824,0.026000000000000002
20060823,0.0
20060822,0.0
20060821,0.0
20060818,0.0
20060817,0.0
20060816,0.0
20060815,0.0
20060814,0.0
20060811,0.0
20060810,0.0
20060809,0.22799999999999998
20060808,0.0
20060807,0.036
20060804,0.0
20060803,0.0
20060802,0.0
20060801,0.0
20060731,0.0
20060728,0.0
20060727,0.0
20060726,0.0
20060725,0.0
20060724,0.0
20060721,0.0
20060720,0.0
20060719,0.0
20060718,0.0
20060717,0.0
20060714,0.0
20060713,0.0
20060712,0.0
20060711,0.0
20060710,0.0
20060707,0.012
20060706,0.0
20060705,0.012
20060704,0.013000000000000001
20060703,0.0
20060630,0.0
20060629,0.0
20060628,0.156
20060627,0.0
20060626,0.0
20060623,0.0
20060622,0.012
20060621,0.0
20060620,0.0
20060619,0.0
20060616,0.0
20060615,0.0
20060614,0.0
20060613,0.0
20060612,0.0
20060609,0.0
20060608,0.0
20060607,0.0
20060606,0.013000000000000001
20060605,0.377
20060602,0.21
20060601,0.0
20060531,0.0
20060530,0.03
20060529,0.0
20060526,0.0
20060525,0.0
20060524,0.0
20060523,0.0
20060522,0.0
20060519,0.0
20060518,0.0
20060517,0.0
20060516,0.0
20060515,3.795
20060512,0.0
20060511,3.0900000000000003
20060510,0.0
20060509,0.75
20060508,4.83
20060505,2.175
20060504,4.034999999999999
20060503,0.09
20060502,0.096
20060501,0.0
20060428,0.0
20060427,0.0
20060426,0.019000000000000003
20060425,0.0
20060424,0.0
20060421,0.13299999999999998
20060420,0.038000000000000006
20060419,0.019000000000000003
20060418,0.19
20060417,0.0
20060414,0.0
20060413,0.019000000000000003
20060412,0.0
20060411,0.056999999999999995
20060410,0.7789999999999999
20060407,0.0
20060406,0.06
20060405,2.0549999999999997
20060404,0.015
20060403,0.0
20060331,0.075
20060330,0.016
20060329,0.016
20060328,1.095
20060327,0.016
20060324,0.0
20060323,0.75
20060322,1.68
20060321,0.0
20060320,0.015
20060317,0.0
20060316,11.205
20060315,0.048
20060314,0.03
20060313,0.128
20060310,0.06
20060309,0.0
20060308,0.032
20060307,0.054
20060306,0.216
20060303,0.16
20060302,0.09
20060301,0.09
20060228,0.648
20060227,0.048
20060224,0.064
20060223,0.99
20060222,1.494
20060221,0.03
20060220,0.0
20060217,0.0
20060216,0.27
20060215,0.46499999999999997
20060214,0.015
20060213,0.0
20060210,0.255
20060209,0.15
20060208,3.375
20060207,0.0
20060206,0.3
20060203,0.165
20060202,0.0
20060201,4.109999999999999
20060131,0.0
20060130,0.0
20060127,0.0
20060126,0.075
20060125,0.6749999999999999
20060124,0.0
20060123,0.03
20060120,0.0
20060119,4.14
20060118,0.015
20060117,17.25
20060116,0.0
20060113,0.054
20060112,0.0
20060111,0.0
20060110,0.018
20060109,0.018
20060106,0.0
20060105,0.0
20060104,0.0
20060103,0.0
20060102,0.0
