20160408,0.0
20160407,0.0
20160406,284.7
20160405,730.0
20160404,0.0
20160401,452.6
20160331,226.3
20160330,3445.6000000000004
20160329,1927.1999999999998
20160328,0.0
20160324,0.0
20160323,14.600000000000001
20160322,0.0
20160321,0.0
20160318,0.0
20160317,2430.8999999999996
20160316,2359.36
20160315,2005.4560000000001
20160314,5279.068
20160311,737.3000000000001
20160310,3708.619
20160309,1012.6559999999998
20160308,1806.75
20160307,1857.339
20160304,2356.002
20160303,137.313
20160302,57.816
20160301,3736.359
20160229,0.0
20160226,195.129
20160225,3353.3279999999995
20160224,0.0
20160223,4305.248
20160222,3938.788
20160219,0.0
20160218,17455.760000000002
20160217,143.08
20160216,85.848
20160215,35.77
20160212,0.0
20160211,343.392
20160210,1806.75
20160209,0.0
20160208,0.0
20160205,1850.112
20160204,0.0
20160203,289.08
20160202,1806.75
20160201,1806.75
20160129,0.0
20160128,7.227
20160127,2818.5299999999997
20160126,1655.6400000000003
20160125,5534.568
20160122,1557.8200000000002
20160121,819.06
20160120,1272.39
20160119,70.956
20160118,2430.9
20160115,803.0
20160114,2665.8869999999997
20160113,674.082
20160112,66.57600000000001
20160111,0.0
20160108,124.83
20160107,0.0
20160106,1099.7450000000001
20160105,1104.3439999999998
20160104,0.0
20151231,111.252
20151230,0.0
20151229,27.813
20151224,1112.52
20151223,0.0
20151222,74.16799999999999
20151221,723.1379999999999
20151218,454.279
20151217,12145.009999999998
20151216,936.3709999999999
20151215,945.6419999999998
20151214,46.355
20151211,1422588.595
20151210,0.0
20151209,1297.9399999999998
20151208,0.0
20151207,0.0
20151204,2484.6279999999997
20151203,0.0
20151202,268.859
20151201,4320.286
20151130,927.0999999999999
20151127,0.0
20151126,259.58799999999997
20151125,185.42
20151124,10374.249
20151123,180.31
20151120,229.51199999999997
20151119,765.04
20151118,115.63199999999999
20151117,356.53200000000004
20151116,0.0
20151113,19.272000000000002
20151112,96.36
20151111,0.0
20151110,192.72
20151109,1464.672
20151106,0.0
20151105,1975.3799999999999
20151104,96.36
20151103,395.07599999999996
20151102,433.62
20151030,356.53200000000004
20151029,0.0
20151028,0.0
20151027,0.0
20151026,115.63199999999999
20151023,539.616
20151022,529.98
20151021,481.8
20151020,145.635
20151019,582.54
20151016,0.0
20151015,436.90500000000003
20151014,359.233
20151013,2456.377
20151012,0.0
20151009,1325.753
20151008,0.0
20151007,0.0
20151006,207.32
20151005,539.032
20151002,1181.724
20151001,2601.866
20150930,0.0
20150929,62.634
20150928,709.852
20150925,3110.822
20150924,0.0
20150923,7829.25
20150922,1043.9
20150921,2056.4829999999997
20150918,30456.987
20150917,22922.073
20150916,1218.954
20150915,20622.062
20150914,1158.51
20150911,3022.2
20150910,50.37
20150909,936.8820000000001
20150908,0.0
20150907,0.0
20150904,0.0
20150903,41.464
20150902,0.0
20150901,20.732
20150831,0.0
20150828,207.32
20150827,549.3979999999999
20150826,3586.636
20150825,6635.7
20150824,0.0
20150821,0.0
20150820,949.365
20150819,565.75
20150818,364.416
20150817,1890.4080000000001
20150814,0.0
20150813,57.305
20150812,1719.15
20150811,240.681
20150810,836.653
20150807,749.71
20150806,403.69
20150805,3806.2200000000003
20150804,853.5160000000001
20150803,283.824
20150731,886.95
20150730,3569.7
20150729,107.091
20150728,285.57599999999996
20150727,594.9499999999999
20150724,493.48
20150723,0.0
20150722,0.0
20150721,14892.0
20150720,0.0
20150717,0.0
20150716,0.0
20150715,5038.9710000000005
20150714,2235.333
20150713,378.87
20150710,0.0
20150709,0.0
20150708,126.29
20150707,530.418
20150706,0.0
20150703,50.224000000000004
20150702,0.0
20150701,1284215.124
20150630,866.364
20150629,678.024
20150626,728.248
20150625,0.0
20150624,0.0
20150623,0.0
20150622,50.224000000000004
20150619,31163.992
20150618,5022.4
20150617,0.0
20150616,0.0
20150615,3289.672
20150612,514.7959999999999
20150611,3478.012
20150610,188.34
20150609,2247.524
20150608,213.452
20150605,25.112000000000002
20150604,1004.48
20150603,138.116
20150602,313.9
20150601,841.2520000000001
20150529,4746.168
20150528,7340.004
20150527,1226.4
20150526,914.3249999999999
20150525,0.0
20150522,585.168
20150521,44969.89800000001
20150520,0.0
20150519,38583.712
20150518,1496.5
20150515,12.118000000000002
20150514,169.652
20150513,0.0
20150512,1197.2
20150511,610.572
20150508,526.768
20150507,0.0
20150506,71.832
20150505,550.712
20150504,0.0
20150501,933.8159999999999
20150430,836.142
20150429,1790.5439999999999
20150428,74.022
20150427,1677.832
20150424,419.458
20150423,431.795
20150422,24.674000000000003
20150421,234.403
20150420,0.0
20150417,246.74
20150416,678.5350000000001
20150415,74.022
20150414,863.59
20150413,2072.616
20150410,0.0
20150409,2652.455
20150408,145.85999999999999
20150407,85.085
20150406,0.0
20150403,0.0
20150402,218.79
20150401,7839.974999999999
20150331,145.85999999999999
20150330,122.64
20150327,466.032
20150326,1336.776
20150325,192.144
20150324,144.108
20150323,1693.269
20150320,1224.918
20150319,120.09
20150318,1200.9
20150317,3026.268
20150316,696.522
20150313,1068.8010000000002
20150312,1681.26
20150311,132.09900000000002
20150310,144.108
20150309,1741.305
20150306,2023.2679999999998
20150305,1747.912
20150304,5076.128
20150303,9924.788
20150302,3153.2349999999997
20150227,490.852
20150226,0.0
20150225,0.0
20150224,2178.904
20150223,407.048
20150220,2274.68
20150219,70.956
20150218,0.0
20150217,141.912
20150216,354.78000000000003
20150213,2128.6800000000003
20150212,366.60600000000005
20150211,177.39000000000001
20150210,449.388
20150209,1324.512
20150206,307.476
20150205,1643.814
20150204,6409.692000000001
20150203,210.24
20150202,0.0
20150130,58.4
20150129,1203.04
20150128,0.0
20150127,0.0
20150126,11.68
20150123,350.4
20150122,256.96000000000004
20150121,1354.8799999999999
20150120,619.04
20150119,513.9200000000001
20150116,0.0
20150115,1132.9599999999998
20150114,362.08
20150113,81.75999999999999
20150112,0.0
20150109,198.56
20150108,0.0
20150107,0.0
20150106,46.72
20150105,35.04
20150102,0.0
20150101,0.0
20141231,35.04
20141230,2230.88
20141229,1659.801
20141226,0.0
20141225,0.0
20141224,0.0
20141223,0.0
20141222,217.759
20141219,389.674
20141218,0.0
20141217,0.0
20141216,45.844
20141215,80.22699999999999
20141212,22.922
20141211,1203.405
20141210,0.0
20141209,690.215
20141208,1470.95
20141205,984.405
20141204,1018.35
20141203,0.0
20141202,0.0
20141201,0.0
20141128,135.78
20141127,33.945
20141126,407.34000000000003
20141125,282.875
20141124,0.0
20141121,0.0
20141120,0.0
20141119,0.0
20141118,0.0
20141117,337.26
20141114,0.0
20141113,865.634
20141112,427.19599999999997
20141111,0.0
20141110,337.26
20141107,831.908
20141106,618.3100000000001
20141105,0.0
20141104,0.0
20141103,382.228
20141031,0.0
20141030,0.0
20141029,2990.3720000000003
20141028,4361.603999999999
20141027,0.0
20141024,0.0
20141023,0.0
20141022,0.0
20141021,677.4399999999999
20141020,3001.7599999999998
20141017,0.0
20141016,0.0
20141015,5057.44
20141014,0.0
20141013,1518.3999999999999
20141010,4730.400000000001
20141009,11.826
20141008,0.0
20141007,0.0
20141006,201.042
20141003,212.86800000000002
20141002,3831.624
20141001,0.0
20140930,47.304
20140929,59.13
20140926,0.0
20140925,11.826
20140924,118.26
20140923,0.0
20140922,0.0
20140919,0.0
20140918,2956.5
20140917,0.0
20140916,792.3420000000001
20140915,0.0
20140912,0.0
20140911,94.608
20140910,0.0
20140909,0.0
20140908,130.086
20140905,709.5600000000001
20140904,0.0
20140903,1170.7740000000001
20140902,0.0
20140901,0.0
20140829,47.304
20140828,0.0
20140827,0.0
20140826,236.52
20140825,0.0
20140822,0.0
20140821,35.478
20140820,496.69200000000006
20140819,107.091
20140818,261.778
20140815,0.0
20140814,0.0
20140813,0.0
20140812,725.8389999999999
20140811,237.98
20140808,1070.9099999999999
20140807,428.364
20140806,2689.174
20140805,1463.577
20140804,11.899000000000001
20140801,23.798000000000002
20140731,0.0
20140730,0.0
20140729,35.696999999999996
20140728,0.0
20140725,285.57599999999996
20140724,1308.8899999999999
20140723,367.92
20140722,1913.184
20140721,148.92
20140718,384.71
20140717,49.64
20140716,1091.496
20140715,944.328
20140714,981.12
20140711,13563.983999999999
20140710,12214.944
