20160408,344250.26999999996
20160407,234863.48400000003
20160406,140377.248
20160405,117025.49699999999
20160404,207296.24799999996
20160401,187849.221
20160331,395257.68
20160330,246640.03
20160329,124567.29599999999
20160328,0.0
20160324,106980.775
20160323,195410.46
20160322,230289.92
20160321,261118.08
20160318,310862.538
20160317,268591.536
20160316,268629.543
20160315,342550.383
20160314,292423.848
20160311,415622.60399999993
20160310,352747.542
20160309,327858.33
20160308,303010.5
20160307,393863.265
20160304,449842.93600000005
20160303,172118.16900000002
20160302,281974.808
20160301,365313.024
20160229,208435.22400000002
20160226,208492.38
20160225,174716.67599999998
20160224,331174.89599999995
20160223,186089.54
20160222,226308.90600000002
20160219,637339.186
20160218,479122.673
20160217,371356.986
20160216,393094.988
20160215,447917.085
20160212,338396.672
20160211,536514.23
20160210,865025.0340000001
20160209,462476.10800000007
20160208,357225.67199999996
20160205,184967.81800000003
20160204,315054.79799999995
20160203,217869.96000000002
20160202,185296.046
20160201,247665.05699999997
20160129,258662.16000000003
20160128,190452.92799999999
20160127,313287.64499999996
20160126,395477.208
20160125,334395.48000000004
20160122,162231.088
20160121,272378.112
20160120,140344.243
20160119,162128.97999999998
20160118,182749.275
20160115,187173.168
20160114,113856.05600000001
20160113,194417.253
20160112,148531.348
20160111,170432.60700000002
20160108,213301.119
20160107,232785.144
20160106,301387.42
20160105,129013.92400000001
20160104,115018.40000000001
20151231,16083.36
20151230,129615.15000000001
20151229,175419.93600000002
20151228,0.0
20151225,0.0
20151224,52617.524000000005
20151223,160923.11999999997
20151222,137356.80000000002
20151221,101720.637
20151218,283472.651
20151217,146915.307
20151216,172974.73
20151215,251992.343
20151214,127698.35399999999
20151211,125963.836
20151210,241150.95200000002
20151209,184390.69999999998
20151208,117341.95199999999
20151207,197959.356
20151204,134932.58000000002
20151203,131813.63199999998
20151202,214287.12
20151201,160413.22000000003
20151130,98114.36600000001
20151127,109523.30799999999
20151126,168094.25600000002
20151125,105126.55500000001
20151124,130254.75
20151123,87226.293
20151120,267594.054
20151119,249394.937
20151118,182401.569
20151117,172936.22799999997
20151116,121168.61600000001
20151113,134097.36
20151112,161675.192
20151111,138796.119
20151110,209205.444
20151109,192939.344
20151106,311424.724
20151105,173785.99
20151104,333407.11600000004
20151103,235471.908
20151102,267798.89400000003
20151030,286119.41199999995
20151029,248083.2
20151028,220074.49599999998
20151027,168776.803
20151026,152911.92599999998
20151023,287389.174
20151022,286413.74799999996
20151021,168108.612
20151020,145893.812
20151019,126137.20499999999
20151016,164207.39299999998
20151015,263794.82
20151014,306156.556
20151013,329822.685
20151012,337054.05299999996
20151009,413056.18799999997
20151008,322606.69399999996
20151007,424655.946
20151006,860656.679
20151005,305096.112
20151002,214959.14800000002
20151001,128695.34999999999
20150930,171444.88
20150929,145017.63999999998
20150928,153412.758
20150925,169200.276
20150924,174506.36000000002
20150923,156399.46399999998
20150922,116680.82999999999
20150921,146210.766
20150918,386863.50000000006
20150917,162221.84
20150916,229817.94299999997
20150915,99416.145
20150914,188926.59200000003
20150911,188066.786
20150910,160818.372
20150909,137577.56900000002
20150908,100863.954
20150907,145185.522
20150904,203548.45500000002
20150903,209377.432
20150902,199549.296
20150901,305610.76800000004
20150831,0.0
20150828,290928.726
20150827,236464.68000000002
20150826,229892.04
20150825,180729.756
20150824,288183.07599999994
20150821,559124.475
20150820,349574.778
20150819,215747.41200000004
20150818,194408.928
20150817,166331.172
20150814,84274.12
20150813,289214.37000000005
20150812,291580.775
20150811,167926.572
20150810,178273.22699999998
20150807,93582.49600000001
20150806,176139.12
20150805,235077.12
20150804,189583.768
20150803,344071.776
20150731,237392.46000000002
20150730,184459.301
20150729,181787.4
20150728,382044.096
20150727,264536.387
20150724,227612.54
20150723,415432.07999999996
20150722,417234.69399999996
20150721,295040.072
20150720,548254.528
20150717,343393.022
20150716,285214.5
20150715,314133.12
20150714,172941.252
20150713,411539.775
20150710,135255.764
20150709,204639.07200000001
20150708,230061.82200000004
20150707,223034.064
20150706,222284.27
20150703,77861.16900000001
20150702,166969.98
20150701,185367.663
20150630,189839.639
20150629,207183.6
20150626,254569.684
20150625,175283.73
20150624,234049.68000000002
20150623,200594.682
20150622,289366.452
20150619,252213.79
20150618,186497.115
20150617,126388.43800000001
20150616,157444.146
20150615,114234.05
20150612,175125.13199999998
20150611,206370.416
20150610,182012.86500000002
20150609,160099.746
20150608,119576.94600000001
20150605,202525.568
20150604,184977.83599999998
20150603,177025.365
20150602,149366.605
20150601,126730.525
20150529,141112.55
20150528,114790.0
20150527,319661.49700000003
20150526,269043.15
20150525,0.0
20150522,180931.06
20150521,191889.04799999998
20150520,240652.95799999996
20150519,281268.528
20150518,220099.38
20150515,260607.22600000002
20150514,618715.395
20150513,358223.26399999997
20150512,203419.034
20150511,166270.275
20150508,331138.638
20150507,455414.58799999993
20150506,485945.328
20150505,301065.46099999995
20150504,0.0
20150501,129063.68800000001
20150430,289263.582
20150429,165464.58400000003
20150428,259911.82799999998
20150427,202577.847
20150424,479080.77599999995
20150423,233022.56999999998
20150422,195019.5
20150421,186733.63499999998
20150420,229212.802
20150417,190375.257
20150416,332277.792
20150415,360898.85000000003
20150414,275478.56999999995
20150413,295063.73
20150410,193389.45500000002
20150409,179825.49899999998
20150408,201150.642
20150407,243874.62399999998
20150406,0.0
20150403,0.0
20150402,241196.445
20150401,333642.188
20150331,320245.744
20150330,216937.896
20150327,254856.205
20150326,439111.638
20150325,225331.544
20150324,421218.02999999997
20150323,296277.216
20150320,548304.1680000001
20150319,535769.776
20150318,133681.91
20150317,182661.82899999997
20150316,76750.508
20150313,216911.178
20150312,194012.53000000003
20150311,134406.486
20150310,273300.075
20150309,227857.344
20150306,276559.25
20150305,236451.80000000002
20150304,203509.4
20150303,211719.35400000002
20150302,215270.778
20150227,205716.48
20150226,215378.144
20150225,206520.687
20150224,214409.17800000004
20150223,227490.19199999998
20150220,156553.902
20150219,253670.733
20150218,262456.348
20150217,270311.15200000006
20150216,449293.44600000005
20150213,262769.789
20150212,188501.31300000002
20150211,155394.042
20150210,169530.80000000002
20150209,190790.68300000002
20150206,246681.59999999998
20150205,161560.35
20150204,145073.148
20150203,208818.09
20150202,165426.815
20150130,275463.801
20150129,340596.19
20150128,150677.737
20150127,296428.04099999997
20150126,330228.64
20150123,346563.36
20150122,412137.56000000006
20150121,255905.661
20150120,347606.91299999994
20150119,276936.068
20150116,424518.36
20150115,488185.69200000004
20150114,351836.05600000004
20150113,427114.56
20150112,359059.26
20150109,295230.17699999997
20150108,191395.52000000002
20150107,177870.11000000002
20150106,282542.778
20150105,155666.33500000002
20150102,108470.96
20150101,0.0
20141231,39749.007999999994
20141230,162059.854
20141229,85036.825
20141226,0.0
20141225,0.0
20141224,14708.376
20141223,50877.045
20141222,53843.872
20141219,316475.16000000003
20141218,135436.958
20141217,161607.12
20141216,177742.70799999998
20141215,142322.39
20141212,168183.45899999997
20141211,218931.526
20141210,176165.24
20141209,257585.46399999998
20141208,399884.31
20141205,178057.726
20141204,120488.095
20141203,313617.361
20141202,400148.25600000005
20141201,453219.62399999995
20141128,376073.18
20141127,151057.261
20141126,162766.86
20141125,329509.5
20141124,236065.92
20141121,328850.802
20141120,470480.22000000003
20141119,399397.79
20141118,288393.926
20141117,290990.986
20141114,357466.182
20141113,284775.92
20141112,176817.242
20141111,354569.792
20141110,337122.54600000003
20141107,170255.46800000002
20141106,370711.656
20141105,401713.379
20141104,203967.52000000002
20141103,196116.544
20141031,864414.316
20141030,527276.8119999999
20141029,268749.792
20141028,218112.33599999998
20141027,249915.5
20141024,219926.662
20141023,436510.80000000005
20141022,198891.42
20141021,170725.60400000002
20141020,133640.38799999998
20141017,190821.70799999998
20141016,186507.22999999998
20141015,190258.56000000003
20141014,132956.068
20141013,91205.187
20141010,214754.02799999996
20141009,230603.373
20141008,186351.918
20141007,197400.33599999998
20141006,269763.324
20141003,183912.72
20141002,250816.027
20141001,256046.72300000003
20140930,277250.65499999997
20140929,181359.175
20140926,219578.15999999997
20140925,143876.04
20140924,169050.699
20140923,169723.428
20140922,188308.4
20140919,342494.60699999996
20140918,181478.292
20140917,147628.11599999998
20140916,218759.42200000002
20140915,148598.016
20140912,260963.55000000002
20140911,281072.067
20140910,320093.475
20140909,166740.992
20140908,172920.64800000002
20140905,164822.508
20140904,135628.416
20140903,296125.167
20140902,181445.1
20140901,356366.37
20140829,103955.088
20140828,135262.68000000002
20140827,138733.378
20140826,188801.214
20140825,0.0
20140822,165110.40000000002
20140821,148358.662
20140820,128887.63200000001
20140819,114948.71999999999
20140818,139277.16
20140815,186093.0
20140814,150781.5
20140813,127033.536
20140812,139351.89
20140811,147939.245
20140808,193820.256
20140807,118574.157
20140806,276015.77400000003
20140805,238012.55800000002
20140804,177642.28799999997
20140801,217151.87399999998
20140731,277671.268
20140730,352920.763
20140729,323564.515
20140728,312257.75
20140725,401765.152
20140724,155938.22
20140723,375879.66
20140722,329150.77499999997
20140721,176239.13600000003
20140718,221855.844
20140717,226184.701
20140716,203655.4
20140715,200965.12799999997
20140714,266193.864
20140711,173515.85
20140710,210968.175
20140709,153688.75
20140708,205755.684
20140707,212302.948
20140704,142701.025
20140703,359453.314
20140702,192405.02399999998
20140701,443568.576
20140630,362095.824
20140627,254190.848
20140626,216725.62800000003
20140625,554227.828
20140624,287554.592
20140623,404466.72000000003
20140620,1412046.3
20140619,745127.1680000001
20140618,434562.61799999996
20140617,357048.402
20140616,489914.811
20140613,267236.566
20140612,358081.009
20140611,229054.023
20140610,199881.73799999998
20140609,192911.22400000002
20140606,107753.94
20140605,218592.58700000003
20140604,174894.86
20140603,213283.22400000002
20140602,238420.0
20140530,253297.59
20140529,181005.438
20140528,302317.679
20140527,198184.55999999997
20140526,0.0
20140523,389872.56
20140522,180029.28
20140521,127953.23199999999
20140520,1013483.56
20140519,224971.023
20140516,362298.993
20140515,158521.39800000002
20140514,227735.76
20140513,168370.12
20140512,158473.81
20140509,197500.505
20140508,312095.64
20140507,379472.94000000006
20140506,316155.31200000003
20140505,0.0
20140502,315266.56
20140501,128750.04099999998
20140430,338593.68
20140429,335984.54400000005
20140428,291510.608
20140425,405090.032
20140424,484866.00000000006
20140423,387482.241
20140422,159449.08500000002
20140421,0.0
20140418,0.0
20140417,123322.54000000001
20140416,122451.18599999999
20140415,200518.88999999998
20140414,282696.11699999997
20140411,181160.79600000003
20140410,249649.875
20140409,410421.5779999999
20140408,245781.35
20140407,178433.316
20140404,207672.88
20140403,167200.74
20140402,184736.505
20140401,350140.7
20140331,305921.392
20140328,252731.64
20140327,273369.618
20140326,319633.884
20140325,298083.576
20140324,505469.52
20140321,926924.856
20140320,281239.56
20140319,275020.2
20140318,226332.77700000003
20140317,301022.80000000005
20140314,403507.13
20140313,1140734.9379999998
20140312,2301628.68
20140311,3394244.4999999995
20140310,810008.8809999999
20140307,487054.512
20140306,515368.31999999995
20140305,401849.904
20140304,367160.508
20140303,638302.77
20140228,240541.245
20140227,432733.018
20140226,357671.827
20140225,519233.30500000005
20140224,413308.61
20140221,485487.33
20140220,373380.85
20140219,538224.288
20140218,474513.60000000003
20140217,399370.517
20140214,817603.726
20140213,991493.055
20140212,756259.56
20140211,424860.0
20140210,540839.772
20140207,220066.686
20140206,289180.156
20140205,286355.64
20140204,245075.6
20140203,277303.90599999996
20140131,230926.83600000004
20140130,211691.056
20140129,225684.756
20140128,230780.53199999998
20140127,303118.104
20140124,409619.95099999994
20140123,540690.44
20140122,240064.734
20140121,503880.237
20140120,178686.08800000002
20140117,218908.405
20140116,187760.96600000001
20140115,248950.353
20140114,220487.13
20140113,205973.487
20140110,272024.103
20140109,316041.81999999995
20140108,110422.92799999999
20140107,205192.26700000002
20140106,346428.935
20140103,281948.28599999996
20140102,322865.49500000005
20140101,0.0
20131231,81923.54
20131230,168082.5
20131227,224918.05699999997
20131226,0.0
20131225,0.0
20131224,124034.59199999999
20131223,171790.1
20131220,192218.67700000003
20131219,235981.62000000002
20131218,142634.408
20131217,79328.783
20131216,125860.176
20131213,74654.073
20131212,139800.65199999997
20131211,187562.404
20131210,254886.07
20131209,137004.79400000002
20131206,169727.628
20131205,140185.76
20131204,136143.48
20131203,251385.24
20131202,174402.56
20131129,132124.509
20131128,109582.96200000001
20131127,69019.113
20131126,166461.827
20131125,153084.756
20131122,171893.799
20131121,219317.81100000002
20131120,185484.09399999998
20131119,108117.644
20131118,99166.427
20131115,163624.70799999998
20131114,122347.57999999999
20131113,181376.384
20131112,156398.11999999997
20131111,178956.55
20131108,248293.234
20131107,415441.60000000003
20131106,261042.628
20131105,265900.675
20131104,226947.396
20131101,278600.539
20131031,368203.605
20131030,766877.076
20131029,118438.11499999999
20131028,136857.47999999998
20131025,208633.824
20131024,236782.737
20131023,220211.2
20131022,338153.958
20131021,73703.77
20131018,130651.79400000001
20131017,135565.458
20131016,140536.58000000002
20131015,174862.228
20131014,124165.56599999999
20131011,189340.17299999998
20131010,79761.114
20131009,76602.988
20131008,166822.416
20131007,65666.09700000001
20131004,114398.76800000001
20131003,72404.904
20131002,190649.38199999998
20131001,603918.561
20130930,259193.8
20130927,374977.38
20130926,206543.80000000002
20130925,418417.164
20130924,335646.87
20130923,390535.108
20130920,567199.617
20130919,819261.18
20130918,331943.634
20130917,513840.94899999996
20130916,892735.437
20130913,315892.221
20130912,344684.42
20130911,629286.28
20130910,742181.7
20130909,230343.95799999998
20130906,395079.93700000003
20130905,275590.4
20130904,317439.84299999994
20130903,453064.184
20130902,492028.576
20130830,644982.7399999999
20130829,1154574.278
20130828,552221.625
20130827,558047.616
20130826,0.0
20130823,376994.29199999996
20130822,203327.464
20130821,178988.556
20130820,261273.51900000003
20130819,240404.18399999998
20130816,504871.704
20130815,311479.32
20130814,261336.24
20130813,478326.95200000005
20130812,693613.05
20130809,482205.23199999996
20130808,152441.295
20130807,116763.768
20130806,293780.82
20130805,149580.405
20130802,136163.287
20130801,186332.16000000003
20130731,319127.363
20130730,351058.43999999994
20130729,223650.095
20130726,111545.40000000001
20130725,171558.894
20130724,201260.444
20130723,285705.962
20130722,272986.2
20130719,89012.692
20130718,156803.208
20130717,228931.325
20130716,94931.352
20130715,181254.285
20130712,200102.49000000002
20130711,403966.962
20130710,186968.539
20130709,115518.43800000001
20130708,127352.187
20130705,254309.37000000002
20130704,137797.162
20130703,167802.18
20130702,250494.24
20130701,309578.4
20130628,388831.872
20130627,137855.536
20130626,213685.50000000003
20130625,182352.625
20130624,180323.208
20130621,342893.70999999996
20130620,219760.368
20130619,132581.514
20130618,190113.24300000002
20130617,163811.22
20130614,234448.33299999998
20130613,137974.797
20130612,140182.588
20130611,169167.0
20130610,166283.71
20130607,255178.32200000001
20130606,248439.24000000002
20130605,229555.012
20130604,106255.807
20130603,122195.503
20130531,198435.354
20130530,292729.28
20130529,291728.367
20130528,202502.877
20130527,0.0
20130524,186073.744
20130523,158901.17599999998
20130522,402515.86899999995
20130521,360443.39999999997
20130520,409020.59
20130517,399118.083
20130516,370653.012
20130515,231763.492
20130514,279987.534
20130513,182519.85600000003
20130510,154778.104
20130509,182221.65600000002
20130508,330106.273
20130507,370095.98400000005
20130506,0.0
20130503,962990.2940000001
20130502,226786.15
20130501,384664.44
20130430,465061.10000000003
20130429,372972.621
20130426,425115.49999999994
20130425,323834.436
20130424,305378.466
20130423,422671.53500000003
20130422,393440.21599999996
20130419,501250.18100000004
20130418,510360.691
20130417,379524.096
20130416,542337.0240000001
20130415,770011.456
20130412,335607.921
20130411,183130.065
20130410,326682.884
20130409,632600.573
20130408,525752.451
20130405,395847.095
20130404,229657.752
20130403,143075.016
20130402,234546.642
20130401,0.0
20130329,0.0
20130328,335271.156
20130327,250753.33199999997
20130326,599888.896
20130325,294919.13
20130322,126841.60500000001
20130321,216534.57100000003
20130320,229416.005
20130319,207923.03999999998
20130318,156769.347
20130315,170438.666
20130314,233696.73600000003
20130313,534580.02
20130312,218500.023
20130311,242247.348
20130308,290809.884
20130307,285628.56
20130306,183162.43200000003
20130305,250828.00000000003
20130304,361685.289
20130301,362154.454
20130228,205926.423
20130227,176858.56
20130226,218214.9
20130225,237175.686
20130222,406305.152
20130221,380008.8
20130220,322886.304
20130219,350736.165
20130218,494493.82399999996
20130215,599189.84
20130214,950913.159
20130213,2132112.7520000003
20130212,451907.52200000006
20130211,490429.368
20130208,256141.305
20130207,287386.37200000003
20130206,152018.67200000002
20130205,248096.34
20130204,358010.68799999997
20130201,476969.73600000003
20130131,274332.107
20130130,195269.43800000002
20130129,187355.37600000002
20130128,260933.83699999997
20130125,293696.395
20130124,238133.008
20130123,227952.116
20130122,392331.973
20130121,353100.41599999997
20130118,306677.088
20130117,403536.7
20130116,354487.927
20130115,620353.27
20130114,355519.47000000003
20130111,349679.278
20130110,1202544.5489999999
20130109,1431827.84
20130108,2400655.4930000002
20130107,136389.696
20130104,120952.02
20130103,196462.56
20130102,202697.348
20130101,0.0
20121231,11257.4
20121228,88091.43599999999
20121227,86931.76999999999
20121225,0.0
20121224,48858.75
20121221,317566.64400000003
20121220,184389.24
20121219,320495.57999999996
20121218,179229.6
20121217,266495.625
20121214,145773.992
20121213,544276.3200000001
20121212,235634.50999999998
20121211,181527.64
20121210,286669.54
20121207,373779.70999999996
20121206,410294.01800000004
20121205,292831.47
20121204,310852.98
20121203,216186.28799999997
20121130,169377.082
20121129,559746.334
20121128,316878.39900000003
20121127,136923.1
20121126,147417.65999999997
20121123,64240.0
20121122,166979.46999999997
20121121,91683.71100000001
20121120,302597.60099999997
20121119,153216.573
20121116,229725.16000000003
20121115,220356.09200000003
20121114,343191.60000000003
20121113,291498.48
20121112,199743.33
20121109,319775.425
20121108,329359.356
20121107,383250.0
20121106,354904.68399999995
20121105,211801.887
20121102,232168.07499999998
20121101,277714.88
20121031,356567.04
20121030,573721.256
20121029,544521.0160000001
20121026,411888.63
20121025,344535.39900000003
20121024,239388.19400000002
20121023,190949.994
20121022,257491.148
20121019,198435.9
20121018,335605.216
20121017,288189.984
20121016,382699.836
20121015,252493.568
20121012,230282.26200000002
20121011,429137.8
20121010,637315.494
20121009,405489.45
20121008,308409.129
20121005,411782.57399999996
20121004,408128.72400000005
20121003,447299.178
20121002,729866.41
20121001,388983.105
20120928,244308.042
20120927,142290.90199999997
20120926,362059.01
20120925,231760.16000000003
20120924,198183.04200000002
20120921,410531.84
20120920,192168.76900000003
20120919,319402.07599999994
20120918,315843.612
20120917,325104.81200000003
20120914,841089.2100000001
20120913,319285.12799999997
20120912,233347.712
20120911,215837.421
20120910,238211.976
20120907,372556.23000000004
20120906,269099.17
20120905,608119.2000000001
20120904,236413.32
20120903,158447.239
20120831,267590.553
20120830,385215.16000000003
20120829,400754.87399999995
20120828,263870.02
20120827,0.0
20120824,319302.0
20120823,261922.24799999996
20120822,359700.784
20120821,1305981.68
20120820,279423.56
20120817,1136844.184
20120816,4152261.9
20120815,128034.24799999999
20120814,330368.80000000005
20120813,372896.84800000006
20120810,317175.58699999994
20120809,376057.07
20120808,168168.312
20120807,512613.738
20120806,337211.52800000005
20120803,256551.78399999999
20120802,424871.388
20120801,372805.452
20120731,429122.03200000006
20120730,616371.924
20120727,472093.92000000004
20120726,169860.25
20120725,218566.734
20120724,522803.53299999994
20120723,628555.842
20120720,225689.6
20120719,215775.00900000002
20120718,189025.90799999997
20120717,163374.696
20120716,191107.28399999999
20120713,184887.27000000002
20120712,152981.136
20120711,251899.12600000002
20120710,171454.278
20120709,156053.91199999998
20120706,168927.402
20120705,148088.47999999998
20120704,242258.932
20120703,276016.65
20120702,260972.22200000004
20120629,313181.74
20120628,142256.268
20120627,170881.028
20120626,202638.733
20120625,200796.71999999997
20120622,167289.13600000003
20120621,174054.11399999997
20120620,127126.87199999999
20120619,216064.08599999998
20120618,307051.58300000004
20120615,418821.012
20120614,168524.88
20120613,150606.3
20120612,197675.751
20120611,278046.561
20120608,291557.055
20120607,403459.32000000007
20120606,900157.1739999999
20120605,0.0
20120604,0.0
20120601,221698.152
20120531,164333.51200000002
20120530,127669.40800000001
20120529,95792.424
20120528,99734.16600000001
20120525,201320.158
20120524,174149.676
20120523,146219.073
20120522,239811.008
20120521,207148.16100000002
20120518,271162.08
20120517,444318.852
20120516,491660.97000000003
20120515,221328.623
20120514,164768.26
20120511,263303.691
20120510,376426.816
20120509,329526.776
20120508,333118.63499999995
20120507,0.0
20120504,309179.08499999996
20120503,291382.347
20120502,426612.41599999997
20120501,311924.372
20120430,179353.902
20120427,208606.84399999998
20120426,201049.00799999997
20120425,180714.128
20120424,256299.34999999998
20120423,332205.562
20120420,558312.76
20120419,626572.87
20120418,407281.75800000003
20120417,363486.69000000006
20120416,342195.681
20120413,511528.8
20120412,787994.2
20120411,376959.73000000004
20120410,346725.75
20120409,0.0
20120406,0.0
20120405,250476.739
20120404,340881.09299999994
20120403,375251.68200000003
20120402,373478.22
20120330,505529.088
20120329,470419.1
20120328,775892.691
20120327,478959.23
20120326,925464.7999999999
20120323,785450.2890000001
20120322,391179.58
20120321,509424.806
20120320,536445.2100000001
20120319,431532.1780000001
20120316,538328.8049999999
20120315,651210.864
20120314,566592.42
20120313,506555.76
20120312,249880.44899999996
20120309,423628.032
20120308,522057.24
20120307,262169.40499999997
20120306,622583.712
20120305,512421.648
20120302,663372.9
20120301,304583.792
20120229,428531.9
20120228,343113.432
20120227,300607.95
20120224,328224.639
20120223,468945.28
20120222,607706.02
20120221,692858.257
20120220,948218.125
20120217,1290495.964
20120216,1609560.0640000002
20120215,751181.0229999999
20120214,325165.36000000004
20120213,129399.50799999999
20120210,627882.125
20120209,342944.14499999996
20120208,152242.96
20120207,241747.16499999998
20120206,261759.75
20120203,366396.85500000004
20120202,252817.54200000002
20120201,448725.744
20120131,391138.38
20120130,376179.147
20120127,951249.057
20120126,478685.96599999996
20120125,201324.312
20120124,187060.844
20120123,399936.145
20120120,417725.418
20120119,355531.47300000006
20120118,250042.63900000002
20120117,359851.17000000004
20120116,173763.32399999996
20120113,261614.49600000004
20120112,185304.592
20120111,305162.22000000003
20120110,319326.966
20120109,235741.76499999998
20120106,309194.032
20120105,378584.544
20120104,233551.01700000002
20120103,447281.439
20120102,0.0
20111230,125998.785
20111229,164364.29
20111228,167966.72
20111227,0.0
20111226,0.0
20111223,62211.41
20111222,172793.628
20111221,441177.49199999997
20111220,231770.308
20111219,366093.759
20111216,398264.79
20111215,364111.37799999997
20111214,877902.714
20111213,435027.356
20111212,398565.68
20111209,512543.658
20111208,365251.12000000005
20111207,241892.07
20111206,155530.29599999997
20111205,144786.375
20111202,315803.548
20111201,336460.59400000004
20111130,622135.2
20111129,270985.62200000003
20111128,326990.86199999996
20111125,174662.55
20111124,234846.69
20111123,355988.923
20111122,277556.804
20111121,308614.938
20111118,334081.872
20111117,154896.656
20111116,189245.78399999999
20111115,331429.49
20111114,79023.95999999999
20111111,116084.381
20111110,87031.184
20111109,233978.724
20111108,295078.848
20111107,219951.774
20111104,214308.144
20111103,438233.60000000003
20111102,429185.03099999996
20111101,503704.964
20111031,266952.24
20111028,334144.36
20111027,523978.524
20111026,440522.29600000003
20111025,577647.467
20111024,482195.514
20111021,544620.15
20111020,972762.2300000001
20111019,332916.792
20111018,297313.232
20111017,353215.391
20111014,403817.75
20111013,363224.64
20111012,211064.535
20111011,139111.136
20111010,187577.88
20111007,298718.044
20111006,506624.59900000005
20111005,317149.668
20111004,558259.835
20111003,260311.57599999997
20110930,223176.33
20110929,299386.57800000004
20110928,324964.97500000003
20110927,517256.976
20110926,1370575.0
20110923,370752.473
20110922,583783.92
20110921,424248.99
20110920,458171.50599999994
20110919,444219.60000000003
20110916,536569.856
20110915,469445.48
20110914,552745.2690000001
20110913,335823.36
20110912,424688.012
20110909,249701.17200000002
20110908,498327.78400000004
20110907,725423.776
20110906,840843.2729999999
20110905,416029.92
20110902,381398.35500000004
20110901,572706.9
20110831,634881.073
20110830,680918.742
20110826,366224.064
20110825,978160.5799999998
20110824,890714.3180000001
20110823,675457.758
20110822,435883.584
20110819,427582.827
20110818,339477.88599999994
20110817,642538.043
20110816,544077.468
20110815,418901.88599999994
20110812,1599624.18
20110811,1257103.8
20110810,1577134.632
20110809,814590.6479999999
20110808,332488.744
20110805,465940.998
20110804,573115.39
20110803,609748.9249999999
20110802,481288.6400000001
20110801,509538.029
20110729,847999.39
20110728,734166.84
20110727,528284.94
20110726,914009.0559999999
20110725,470585.31
20110722,333972.71099999995
20110721,274891.62
20110720,474585.56600000005
20110719,657514.473
20110718,530616.4199999999
20110715,212229.696
20110714,262334.85099999997
20110713,732160.8
20110712,799405.453
20110711,227293.184
20110708,194997.6
20110707,190600.664
20110706,180614.556
20110705,89552.076
20110704,125583.36000000002
20110701,367324.904
20110630,154788.79200000002
20110629,186111.11800000002
20110628,193415.763
20110627,169928.74800000002
20110624,398714.79399999994
20110623,535342.71
20110622,730432.8899999999
20110621,153533.59999999998
20110620,218255.40099999998
20110617,362935.936
20110616,705153.574
20110615,807438.3999999999
20110614,424678.788
20110613,267216.208
20110610,395870.79
20110609,844314.35
20110608,2489946.05
20110607,464039.1
20110606,241602.114
20110603,281472.246
20110602,1577685.9479999999
20110601,1581882.4959999998
20110531,2139444.5799999996
20110527,504442.84799999994
20110526,1136400.54
20110525,686148.17
20110524,294270.3
20110523,328136.4
20110520,369625.008
20110519,472201.96
20110518,639725.647
20110517,781836.132
20110516,653268.8
20110513,254195.48799999998
20110512,458797.5
20110511,825528.53
20110510,272037.42
20110509,146714.816
20110506,458152.38
20110505,669614.619
20110504,473748.538
20110503,310071.29600000003
20110428,339545.046
20110427,308353.75200000004
20110426,542625.8629999999
20110421,555716.88
20110420,456661.282
20110419,182536.646
20110418,211214.98799999998
20110415,160980.76799999998
20110414,134183.928
20110413,243988.77599999998
20110412,568363.3999999999
20110411,491663.76
20110408,613443.674
20110407,442718.793
20110406,590606.5
20110405,395919.953
20110404,262438.431
20110401,385321.521
20110331,355765.5
20110330,500100.37000000005
20110329,314859.22
20110328,157409.316
20110325,898921.562
20110324,902710.992
20110323,248702.313
20110322,215762.30399999997
20110321,404943.99399999995
20110318,3675597.45
20110317,1184410.1079999998
20110316,852898.42
20110315,1034717.7679999998
20110314,727789.414
20110311,536939.8200000001
20110310,614337.705
20110309,693170.478
20110308,603509.25
20110307,386527.408
20110304,399297.152
20110303,491050.55999999994
20110302,408715.32
20110301,541951.416
20110228,423008.136
20110225,709015.7119999999
20110224,1970767.1300000001
20110223,1479085.047
20110222,694114.003
20110221,938830.662
20110218,3261296.7539999997
20110217,1054091.895
20110216,1390794.832
20110215,482418.32800000004
20110214,243974.322
20110211,342854.136
20110210,398243.03200000006
20110209,346535.964
20110208,508439.52499999997
20110207,477612.72000000003
20110204,375272.56000000006
20110203,712089.5229999999
20110202,1216282.492
20110201,277907.496
20110131,589705.826
20110128,845098.808
20110127,577589.067
20110126,662610.853
20110125,559127.586
20110124,250208.59500000003
20110121,558015.65
20110120,700012.768
20110119,439003.0200000001
20110118,398907.04
20110117,294956.208
20110114,491099.83499999996
20110113,139474.53000000003
20110112,336982.162
20110111,267341.184
20110110,255459.63099999996
20110107,1252840.5999999999
20110106,567804.512
20110105,591913.2000000001
20110104,427880.667
20101231,99197.072
20101230,297234.392
20101229,350096.977
20101228,0.0
20101227,0.0
20101224,48264.096
20101223,146705.764
20101222,246864.246
20101221,173826.87
20101220,205882.484
20101217,677992.318
20101216,543908.327
20101215,472729.67699999997
20101214,209320.2
20101213,392349.888
20101210,235941.84
20101209,864688.65
20101208,1522663.2
20101207,2604610.8000000003
20101206,524357.613
20101203,497192.488
20101202,1095245.28
20101201,881560.264
20101130,1511946.8
20101129,615924.506
20101126,531045.5079999999
20101125,626099.246
20101124,551573.4
20101123,681225.05
20101122,421802.76
20101119,481043.428
20101118,567000.49
20101117,730485.1579999999
20101116,1113453.086
20101115,543486.825
20101112,524089.703
20101111,1297655.665
20101110,460003.806
20101109,1827307.5299999998
20101108,700906.2150000001
20101105,784226.7359999999
20101104,2908813.115
20101103,667570.9110000001
20101102,455625.85000000003
20101101,707431.32
20101029,345013.47599999997
20101028,867572.0039999998
20101027,478065.9039999999
20101026,494694.72
20101025,765991.044
20101022,639823.976
20101021,666249.1000000001
20101020,398721.766
20101019,650560.743
20101018,1107491.76
20101015,1532829.1800000002
20101014,5777584.416
20101013,823375.3949999999
20101012,319912.572
20101011,331230.19999999995
20101008,694599.4530000001
20101007,832800.06
20101006,895338.5760000001
20101005,850704.624
20101004,556832.32
20101001,797896.132
20100930,849254.26
20100929,638728.976
20100928,1134948.812
20100927,788274.5129999999
20100924,447898.72699999996
20100923,278918.39999999997
20100922,988107.706
20100921,518397.96599999996
20100920,198608.03399999999
20100917,954226.7999999999
20100916,675396.0
20100915,1070396.08
20100914,554444.49
20100913,387524.442
20100910,305909.055
20100909,226704.42
20100908,309065.064
20100907,436308.00599999994
20100906,331130.555
20100903,773537.492
20100902,522549.98699999996
20100901,739000.535
20100831,344828.20200000005
20100830,0.0
20100827,475281.39200000005
20100826,193077.846
20100825,241392.31200000003
20100824,344262.52499999997
20100823,164788.81300000002
20100820,375045.895
20100819,456209.12
20100818,138311.63999999998
20100817,220896.46699999998
20100816,304355.25
20100813,355963.914
20100812,276494.8
20100811,176706.35499999998
20100810,185556.50999999998
20100809,214423.77599999998
20100806,267194.016
20100805,78264.76
20100804,275934.74399999995
20100803,486211.97399999993
20100802,377108.94800000003
20100730,525219.0129999999
20100729,618688.213
20100728,493901.94
20100727,1114793.658
20100726,615098.0
20100723,211605.09999999998
20100722,397324.984
20100721,240629.827
20100720,265659.848
20100719,202464.55100000004
20100716,287345.52
20100715,182190.188
20100714,274176.31999999995
20100713,369935.676
20100712,455080.2480000001
20100709,445629.814
20100708,654908.2579999999
20100707,542802.2309999999
20100706,759446.448
20100705,464403.88100000005
20100702,215769.38499999998
20100701,653792.088
20100630,378051.597
20100629,510470.166
20100628,163102.148
20100625,314988.79500000004
20100624,729677.34
20100623,1032708.224
20100622,765313.458
20100621,857314.92
20100618,1.068550494E7
20100617,2040427.3800000001
20100616,674152.08
20100615,806908.566
20100614,555464.5920000001
20100611,954405.5039999998
20100610,892715.686
20100609,1116214.384
20100608,1313381.325
20100607,1030462.16
20100604,647966.25
20100603,430273.68
20100602,252279.24
20100601,1027537.78
20100531,0.0
20100528,768178.708
20100527,979226.3799999999
20100526,573469.02
20100525,290459.55400000006
20100524,60409.836
20100521,712587.456
20100520,1704107.328
20100519,1371845.2000000002
20100518,307347.52
20100517,685032.0
20100514,661092.38
20100513,295719.642
20100512,1604602.7799999998
20100511,1921717.1160000002
20100510,364970.8
20100507,1462241.9760000003
20100506,392314.848
20100505,684052.778
20100504,383944.96
20100503,0.0
20100430,282936.904
20100429,392548.74
20100428,417047.54
20100427,175214.59999999998
20100426,502694.05999999994
20100423,402537.33
20100422,961745.0700000001
20100421,219829.28
20100420,428288.07999999996
20100419,263737.32
20100416,209406.34
20100415,255272.97
20100414,263322.68
20100413,125526.42000000001
20100412,618049.536
20100409,923997.5
20100408,515889.905
20100407,369307.73
20100406,563241.574
20100405,0.0
20100402,0.0
20100401,715913.482
20100331,1187392.1579999998
20100330,398185.216
20100329,491503.30600000004
20100326,1153694.3360000001
20100325,1063896.8900000001
20100324,1239811.56
20100323,0.0
20100322,0.0
20100319,0.0
