20160408,1199416.19
20160407,1264392.704
20160406,1854388.845
20160405,1864283.1720000003
20160404,1768927.094
20160401,1710610.4550000003
20160331,2073235.5000000002
20160330,3505291.896
20160329,1578208.4640000002
20160328,0.0
20160324,2216448.85
20160323,2002521.5499999998
20160322,3194612.568
20160321,1574355.96
20160318,1.1858934908E7
20160317,3462650.61
20160316,2406670.452
20160315,2102039.1810000003
20160314,3548252.0280000004
20160311,2071268.04
20160310,2447318.622
20160309,2379690.208
20160308,3008514.9839999997
20160307,3650651.6550000003
20160304,3123891.628
20160303,3075562.387
20160302,3195678.9119999995
20160301,2453790.999
20160229,1704047.4
20160226,1797105.5450000002
20160225,1348503.5960000001
20160224,2289714.4960000003
20160223,2139044.988
20160222,1030781.1
20160219,1970986.044
20160218,1715483.4570000002
20160217,2465758.0859999997
20160216,1369387.29
20160215,1333026.5250000001
20160212,1858536.9239999999
20160211,4026933.2399999998
20160210,2287513.692
20160209,1975116.6160000002
20160208,1830188.41
20160205,2032176.1900000002
20160204,3321935.591
20160203,3517298.9400000004
20160202,2882657.58
20160201,2472243.55
20160129,2703313.735
20160128,2678125.596
20160127,2913190.5599999996
20160126,1856785.0809999998
20160125,1479083.472
20160122,2619668.4220000003
20160121,2338306.872
20160120,1656785.7349999999
20160119,1543004.944
20160118,1430025.3839999998
20160115,2504237.148
20160114,2728057.815
20160113,2506520.6999999997
20160112,2152599.4680000003
20160111,2246053.0850000004
20160108,3290888.772
20160107,6074353.506000001
20160106,2380810.3200000003
20160105,3917010.531
20160104,1912233.54
20151231,372409.12799999997
20151230,1035693.924
20151229,1729390.075
20151228,0.0
20151225,0.0
20151224,489873.8
20151223,1941245.888
20151222,1023968.5109999999
20151221,1373966.0399999998
20151218,2443857.852
20151217,2879107.59
20151216,1734860.61
20151215,1834725.6689999998
20151214,1791733.446
20151211,2265476.4
20151210,2163936.089
20151209,2024035.1300000001
20151208,3655460.4
20151207,1730861.572
20151204,2372502.3359999997
20151203,3082955.3249999997
20151202,2155038.525
20151201,2647583.4050000003
20151130,4219449.887999999
20151127,1329612.081
20151126,824181.534
20151125,1166917.5559999999
20151124,1445428.689
20151123,1351549.339
20151120,1806081.55
20151119,1531127.655
20151118,1596265.9440000001
20151117,1199133.624
20151116,1514959.515
20151113,1785199.2400000002
20151112,1773505.512
20151111,1835565.1439999999
20151110,1634405.76
20151109,2470553.2350000003
20151106,1984984.75
20151105,1933004.8139999998
20151104,2528605.755
20151103,1753371.9840000002
20151102,1287204.4740000002
20151030,2069567.548
20151029,1669590.3
20151028,1822671.558
20151027,2267199.69
20151026,4862877.488000001
20151023,2227311.8559999997
20151022,1292975.2799999998
20151021,1595162.4
20151020,1499887.2
20151019,1148181.5799999998
20151016,1942594.788
20151015,3827442.3000000003
20151014,1347841.6260000002
20151013,1950608.764
20151012,1828044.465
20151009,1918010.4679999999
20151008,1985442.4659999998
20151007,3837495.816
20151006,2444394.2989999996
20151005,2183816.473
20151002,3222599.235
20151001,1942097.7920000001
20150930,2068391.709
20150929,1430624.654
20150928,1739260.145
20150925,1999341.76
20150924,1743749.162
20150923,1721540.7999999998
20150922,1999389.2750000001
20150921,1670383.518
20150918,5387278.905
20150917,3102547.2460000003
20150916,3290002.179
20150915,1573047.432
20150914,1642598.54
20150911,974365.6979999999
20150910,1852657.92
20150909,2511976.4340000004
20150908,2351894.02
20150907,1279316.52
20150904,2981274.462
20150903,3482921.25
20150902,1894172.6099999999
20150901,2960020.1909999996
20150831,0.0
20150828,2109960.762
20150827,2783906.15
20150826,2673074.749
20150825,2467783.324
20150824,4571654.346000001
20150821,2598721.788
20150820,2333086.7539999997
20150819,2664634.94
20150818,1314643.896
20150817,1127098.024
20150814,1739407.7820000001
20150813,1984561.385
20150812,3212112.892
20150811,2649152.7090000003
20150810,3219579.168
20150807,3002049.204
20150806,3871618.695
20150805,2270186.193
20150804,2957003.3350000004
20150803,2490222.362
20150731,2566642.6240000003
20150730,3010929.13
20150729,3585108.2559999996
20150728,3961831.5449999995
20150727,2867763.7199999997
20150724,4486698.26
20150723,7214551.541999999
20150722,2341070.7989999996
20150721,1288573.6500000001
20150720,1382976.24
20150717,1466578.25
20150716,1911268.271
20150715,874783.875
20150714,2218049.693
20150713,2326802.9239999996
20150710,3038401.338
20150709,3944647.498
20150708,2898712.3659999995
20150707,2354981.4599999995
20150706,1577102.4000000001
20150703,1569442.622
20150702,2129971.224
20150701,3197975.02
20150630,2908206.12
20150629,3654204.07
20150626,2351633.448
20150625,1638890.904
20150624,2116014.9499999997
20150623,2239590.3600000003
20150622,2495894.0319999997
20150619,2154641.72
20150618,2385305.2520000003
20150617,2170839.69
20150616,2725961.8320000004
20150615,2183510.745
20150612,2053774.3139999998
20150611,2088507.088
20150610,2783642.85
20150609,2432860.296
20150608,1792491.4209999999
20150605,1862085.384
20150604,2193219.555
20150603,2410127.078
20150602,2343423.588
20150601,2125183.023
20150529,5874554.38
20150528,3233704.149
20150527,2770540.38
20150526,2316882.249
20150525,0.0
20150522,2158712.127
20150521,2831660.3639999996
20150520,3293660.5999999996
20150519,2154207.822
20150518,1789344.0899999999
20150515,2270627.9159999997
20150514,2625198.625
20150513,3547751.948
20150512,4677717.506
20150511,2695342.5
20150508,4299204.488
20150507,6430404.711999999
20150506,6147636.293
20150505,5717700.868
20150504,0.0
20150501,1839546.8909999998
20150430,3919746.7849999997
20150429,4131852.567
20150428,5571048.48
20150427,5527638.256
20150424,3398318.462
20150423,1772684.55
20150422,1602519.8579999998
20150421,2131143.84
20150420,4297406.881999999
20150417,3596051.916
20150416,3618135.5
20150415,6954579.694999999
20150414,4438961.245
20150413,2913886.396
20150410,5662191.710000001
20150409,3479886.6399999997
20150408,2093386.2100000002
20150407,3134780.98
20150406,0.0
20150403,0.0
20150402,1878847.875
20150401,2577049.504
20150331,2214097.5919999997
20150330,3318257.3400000003
20150327,1807910.7
20150326,2046555.755
20150325,1773887.0699999998
20150324,2273381.1539999996
20150323,1707168.267
20150320,2624339.772
20150319,3062841.32
20150318,2170156.096
20150317,3734929.6159999995
20150316,2113038.576
20150313,3604183.0
20150312,2322689.941
20150311,2683537.164
20150310,3057115.4699999997
20150309,2675163.183
20150306,3077416.908
20150305,6008711.103
20150304,2336299.446
20150303,2585988.853
20150302,2762215.575
20150227,2392781.184
20150226,1972635.0709999998
20150225,1584377.8830000001
20150224,2431649.2970000003
20150223,3386856.8230000003
20150220,5430061.52
20150219,2012149.2240000002
20150218,2437989.142
20150217,1898438.316
20150216,2197001.996
20150213,1722889.232
20150212,1892306.6559999997
20150211,1672230.92
20150210,2159921.81
20150209,1993151.0429999998
20150206,3230780.49
20150205,2888418.9310000003
20150204,3137571.1750000003
20150203,6479695.350000001
20150202,2374222.25
20150130,2320609.856
20150129,2214906.432
20150128,1792952.865
20150127,2142215.721
20150126,2522880.0
20150123,2015637.456
20150122,7159590.048
20150121,5559413.131
20150120,2396949.0489999996
20150119,1537649.875
20150116,2411658.2879999997
20150115,3187153.7100000004
20150114,3740977.54
20150113,2285315.516
20150112,2727797.205
20150109,2503918.0500000003
20150108,2493275.904
20150107,3081646.855
20150106,4168955.6129999994
20150105,5043197.36
20150102,2121707.556
20150101,0.0
20141231,670006.418
20141230,2013837.44
20141229,1294368.548
20141226,0.0
20141225,0.0
20141224,474239.948
20141223,1365773.304
20141222,1759798.59
20141219,3937933.384
20141218,3731864.9840000006
20141217,3232400.7039999994
20141216,6067979.0
20141215,2639292.2509999997
20141212,2434087.18
20141211,2164691.553
20141210,3321995.572
20141209,3451354.386
20141208,3155503.296
20141205,2986469.024
20141204,3156786.0119999996
20141203,2235047.056
20141202,3345708.7319999994
20141201,5039749.545000001
20141128,5148258.930000001
20141127,1599390.5980000002
20141126,2862513.6280000005
20141125,2226375.208
20141124,1508421.8109999998
20141121,5232449.988
20141120,1576754.5820000002
20141119,1293105.192
20141118,1740957.839
20141117,1483416.7300000002
20141114,2256525.526
20141113,1876249.3319999997
20141112,5563931.29
20141111,2370547.98
20141110,1386242.3280000002
20141107,1826815.3760000002
20141106,2542888.5769999996
20141105,3861853.008
20141104,2223927.699
20141103,1517034.9959999998
20141031,2746132.3959999997
20141030,2666510.0799999996
20141029,2901502.3109999998
20141028,2077058.6099999999
20141027,3144753.568
20141024,1446281.767
20141023,1575929.0159999998
20141022,1932334.1369999999
20141021,2548090.5829999996
20141020,3119650.785
20141017,3700355.4
20141016,7491215.835000001
20141015,4751010.996
20141014,3039029.58
20141013,3085007.91
20141010,2888082.648
20141009,2827976.0779999997
20141008,2587314.472
20141007,4117804.533
20141006,3407392.53
20141003,3051478.0349999997
20141002,5026420.896
20141001,3771329.5039999997
20140930,3365121.15
20140929,4757079.894
20140926,2374550.497
20140925,3909575.85
20140924,3016217.565
20140923,3186581.97
20140922,3069878.6670000004
20140919,5862237.332
20140918,2368085.2520000003
20140917,1396371.8099999998
20140916,1607623.1549999998
20140915,1473935.8479999998
20140912,1316223.759
20140911,1572301.125
20140910,2302215.741
20140909,1676387.193
20140908,2386982.1780000003
20140905,1728870.6979999999
20140904,2280171.179
20140903,2645287.568
20140902,2071524.78
20140901,798003.15
20140829,2459378.316
20140828,5010536.915999999
20140827,1909873.8040000002
20140826,2580338.592
20140825,0.0
20140822,1784495.1579999998
20140821,1957964.8199999998
20140820,1251956.2049999998
20140819,938826.3479999999
20140818,1113683.088
20140815,1094911.0999999999
20140814,867491.946
20140813,857618.4820000001
20140812,1154383.602
20140811,1245209.4719999998
20140808,1878537.804
20140807,1460011.68
20140806,2251842.756
20140805,2008258.7140000002
20140804,3600310.1319999998
20140801,2996817.4719999996
20140731,2665691.045
20140730,2536398.655
20140729,3150891.2560000005
20140728,5766199.920000001
20140725,2413854.208
20140724,1622787.08
20140723,2406578.4119999995
20140722,1159307.5559999999
20140721,1158894.0559999999
20140718,1329667.4070000001
20140717,1995015.0480000002
20140716,1729438.6199999999
20140715,1631548.806
20140714,1197513.2650000001
20140711,1203175.5960000001
20140710,2503841.892
20140709,1540076.4740000002
20140708,3162700.837
20140707,1623510.9989999998
20140704,968613.975
20140703,3598546.056
20140702,1528936.564
20140701,2258349.549
20140630,3342475.8220000006
20140627,1292160.2400000002
20140626,1339573.74
20140625,1487613.9080000003
20140624,1632212.442
20140623,3304225.1339999996
20140620,3261739.66
20140619,2358828.56
20140618,1648482.96
20140617,1714368.32
20140616,2238148.3850000002
20140613,1891285.7520000003
20140612,1613980.868
20140611,2184924.456
20140610,1363613.928
20140609,1958040.372
20140606,3154730.04
20140605,2164846.536
20140604,1739839.992
20140603,1691294.295
20140602,1400818.405
20140530,3715907.285
20140529,1432677.244
20140528,1704800.745
20140527,2612959.9560000002
20140526,0.0
20140523,2189917.888
20140522,2516602.0
20140521,1695752.9160000002
20140520,2059572.7359999998
20140519,1601113.7449999999
20140516,2119073.3200000003
20140515,1944246.1570000001
20140514,1582162.45
20140513,1931715.1230000001
20140512,5658346.391999999
20140509,1831958.713
20140508,1545072.8479999998
20140507,2167113.04
20140506,4953790.671999999
20140505,0.0
20140502,1799001.034
20140501,934011.008
20140430,1475069.49
20140429,1091651.211
20140428,1410467.4409999999
20140425,1032545.58
20140424,1711353.5999999999
20140423,1444392.0959999997
20140422,1932381.2850000001
20140421,0.0
20140418,0.0
20140417,1344015.975
20140416,1324521.072
20140415,1393400.1570000001
20140414,2371483.32
20140411,1646431.4880000001
20140410,2594193.4809999997
20140409,3251889.828
20140408,3676122.531
20140407,2515388.2169999997
20140404,4404089.992000001
20140403,4393408.056
20140402,3160616.76
20140401,8984225.705
20140331,4180574.176
20140328,4482934.95
20140327,3785851.3510000003
20140326,4691451.982000001
20140325,2275988.4839999997
20140324,2947903.812
20140321,3870952.1179999993
20140320,4024041.78
20140319,3793770.9719999996
20140318,2728905.732
20140317,2457771.373
20140314,4173139.9
20140313,3677716.2600000002
20140312,2166993.32
20140311,3071485.859
20140310,2538281.248
20140307,1781309.719
20140306,4200260.385
20140305,3366397.9200000004
20140304,3121890.187
20140303,3955654.5600000005
20140228,3766072.0919999997
20140227,2910850.145
20140226,2989122.8579999995
20140225,5653921.176
20140224,3298021.74
20140221,3487490.685
20140220,3257207.7319999994
20140219,2641286.0
20140218,4208756.600000001
20140217,5600536.64
20140214,3074600.2559999996
20140213,6361502.974
20140212,3721015.29
20140211,6063736.824
20140210,3965142.387
20140207,5870390.688999999
20140206,6054044.598
20140205,4681224.712
20140204,6785106.180000001
20140203,3502822.62
20140131,3409783.3770000003
20140130,2443744.864
20140129,4444260.192
20140128,3163041.644
20140127,2970931.3899999997
20140124,8081395.919999999
20140123,2798665.236
20140122,2801003.148
20140121,3363746.268
20140120,1635286.7999999998
20140117,2945055.2060000002
20140116,6958671.126
20140115,2309161.99
20140114,2374561.935
20140113,2482484.94
20140110,3510300.4480000003
20140109,4408254.152
20140108,3039658.776
20140107,2940631.4060000004
20140106,1860466.7580000001
20140103,2330464.188
20140102,2799002.5
20140101,0.0
20131231,752192.0000000001
20131230,800622.378
20131227,1412784.446
20131226,0.0
20131225,0.0
20131224,351345.309
20131223,1151660.85
20131220,2422866.1100000003
20131219,2035366.3850000002
20131218,1216266.8699999999
20131217,1627195.404
20131216,2107766.886
20131213,2018240.028
20131212,2669236.4800000004
20131211,1768806.06
20131210,1363895.2079999999
20131209,1992654.3509999998
20131206,1511450.1110000003
20131205,2582332.368
20131204,3050376.648
20131203,2764631.7600000002
20131202,2251013.6760000004
20131129,1515146.08
20131128,1528632.2640000002
20131127,1883776.388
20131126,2760556.95
20131125,2193642.639
20131122,2466899.136
20131121,2328306.0919999997
20131120,4047733.2
20131119,4123679.6229999997
20131118,1.2321334656E7
20131115,1739592.021
20131114,3701373.831
20131113,2850823.1160000004
20131112,3734312.1839999994
20131111,1626045.6960000002
20131108,4473657.216
20131107,2717107.53
20131106,1372211.28
20131105,1822568.448
20131104,1443947.6800000002
20131101,1699203.246
20131031,1867014.799
20131030,1604494.816
20131029,3112766.216
20131028,2341813.278
20131025,3528272.502
20131024,6025010.992000001
20131023,1202308.162
20131022,2638075.504
20131021,2661527.661
20131018,1903798.39
20131017,1588952.224
20131016,2576875.764
20131015,2518304.2559999996
20131014,901945.055
20131011,1603096.196
20131010,1607910.5999999999
20131009,1563657.4029999997
20131008,1778101.026
20131007,1145538.4479999999
20131004,1543020.4000000001
20131003,1584888.9840000002
20131002,1780090.4
20131001,1310483.5799999998
20130930,2104246.768
20130927,842955.5009999999
20130926,1485318.7359999998
20130925,1538828.17
20130924,2218608.329
20130923,2197882.029
20130920,2993488.694
20130919,4180623.4470000006
20130918,5043149.918
20130917,1509597.222
20130916,2021310.995
20130913,1008913.269
20130912,1309296.0169999998
20130911,1797943.224
20130910,3802436.5949999997
20130909,1636548.9829999998
20130906,2219510.16
20130905,2439622.075
20130904,1882704.268
20130903,2409125.998
20130902,2482394.784
20130830,1947724.6380000003
20130829,2603222.9859999996
20130828,2935125.032
20130827,4020293.3759999997
20130826,0.0
20130823,2640387.0840000003
20130822,4624068.078000001
20130821,7417583.820000001
20130820,4712539.05
20130819,2036150.091
20130816,2454494.128
20130815,3102792.0
20130814,3377869.9240000006
20130813,2461540.7760000005
20130812,1567750.9200000002
20130809,1663764.2740000002
20130808,2406240.6939999997
20130807,1862229.9599999997
20130806,4293151.17
20130805,1962521.792
20130802,1751116.4279999998
20130801,2854962.1100000003
20130731,2975238.916
20130730,4655860.012
20130729,2495984.61
20130726,1988662.139
20130725,1771254.4799999997
20130724,1286281.218
20130723,1387198.89
20130722,1285081.05
20130719,1536910.74
20130718,3090812.754
20130717,2849643.1920000003
20130716,2249254.5670000003
20130715,3550116.7279999997
20130712,3612506.049
20130711,2308240.36
20130710,2278484.3219999997
20130709,3004904.71
20130708,1479401.9780000001
20130705,4798832.836
20130704,2071594.406
20130703,1669749.7319999998
20130702,1818271.44
20130701,2048658.768
20130628,2360360.137
20130627,3253504.5840000003
20130626,3568373.824
20130625,2620128.2580000004
20130624,2978607.0859999997
20130621,4825928.307
20130620,5246512.117000001
20130619,3272794.4000000004
20130618,1290250.6239999998
20130617,1959198.3479999998
20130614,2945884.04
20130613,4865910.192
20130612,5244541.19
20130611,6720743.674000001
20130610,2592058.7070000004
20130607,5514596.504
20130606,3159845.7809999995
20130605,4713527.875
20130604,1831053.515
20130603,2449217.452
20130531,4698157.944
20130530,1370247.6649999998
20130529,1723896.0
20130528,1974571.1010000003
20130527,0.0
20130524,2435274.435
20130523,4025490.1
20130522,2377076.1279999996
20130521,2106635.4719999996
20130520,3827132.496
20130517,1397858.02
20130516,1933756.344
20130515,2048573.962
20130514,1685752.281
20130513,1419031.68
20130510,1184445.894
20130509,1671617.3849999998
20130508,3627186.773
20130507,2229679.2959999996
20130506,0.0
20130503,2186518.67
20130502,2927482.981
20130501,2362868.0349999997
20130430,4810464.8100000005
20130429,8526285.536
20130426,1958691.1080000002
20130425,1683081.439
20130424,2096849.664
20130423,2839529.472
20130422,1431798.036
20130419,1953373.8120000004
20130418,2260396.039
20130417,2436182.074
20130416,1224070.736
20130415,1264356.765
20130412,2318809.4
20130411,6146510.064
20130410,2446442.0349999997
20130409,2786109.2399999998
20130408,3068052.3219999997
20130405,3408931.646
20130404,2418455.28
20130403,1732161.6
20130402,3760946.1539999996
20130401,0.0
20130329,0.0
20130328,2398300.9990000003
20130327,3342681.54
20130326,2785173.3800000004
20130325,3906972.9090000005
20130322,2512167.98
20130321,1468809.4799999997
20130320,2235649.455
20130319,1603478.9070000001
20130318,3307151.4159999997
20130315,5526281.399999999
20130314,2224210.968
20130313,1851060.995
20130312,1883078.568
20130311,1750808.64
20130308,2377481.495
20130307,1651496.64
20130306,1478623.593
20130305,3281231.115
20130304,1389495.3930000002
20130301,1474388.2999999998
20130228,2900747.24
20130227,2077609.4919999999
20130226,2267807.4439999997
20130225,2153556.21
20130222,2277561.825
20130221,2052951.828
20130220,1773959.4319999998
20130219,2603057.798
20130218,1113143.6120000002
20130215,2668487.5519999997
20130214,2771050.048
20130213,1768996.736
20130212,4362017.597
20130211,2141305.992
20130208,4470422.18
20130207,2528421.6999999997
20130206,1300148.703
20130205,1575551.67
20130204,2426650.7180000003
20130201,1816259.7600000002
20130131,2937088.75
20130130,2828843.7320000003
20130129,2296603.36
20130128,2968527.7720000003
20130125,2723459.0880000005
20130124,2628257.982
20130123,1772213.846
20130122,1644776.8699999999
20130121,1056482.238
20130118,3079434.423
20130117,4693703.63
20130116,2504033.768
20130115,1572011.955
20130114,2849432.7359999996
20130111,1894192.1010000003
20130110,1351247.7550000001
20130109,1378922.185
20130108,1461840.642
20130107,1143362.7079999999
20130104,1430298.7519999999
20130103,1249800.033
20130102,1793205.5070000002
20130101,0.0
20121231,358081.55700000003
20121228,788832.2540000001
20121227,768844.7999999999
20121226,0.0
20121225,0.0
20121224,344817.18
20121221,3801457.0079999994
20121220,1732334.3100000003
20121219,2106330.804
20121218,1451652.0399999998
20121217,1484697.6520000002
20121214,3195217.519
20121213,1950293.9880000001
20121212,2035111.013
20121211,4013994.4319999996
20121210,834393.096
20121207,1183454.838
20121206,1306288.718
20121205,1525884.504
20121204,2374082.932
20121203,2176052.918
20121130,2206497.1240000003
20121129,2780613.873
20121128,2084300.38
20121127,4276196.832
20121126,2340707.04
20121123,1671085.5659999999
20121122,995036.84
20121121,1368151.54
20121120,2678281.2
20121119,991890.1440000001
20121116,1363880.819
20121115,1395594.387
20121114,1784560.7010000001
20121113,1109580.864
20121112,1027469.8350000001
20121109,1093917.854
20121108,1900193.0559999999
20121107,1587521.364
20121106,790706.4
20121105,992919.753
20121102,2662865.469
20121101,1495961.26
20121031,1603711.45
20121030,1169675.715
20121029,1307839.95
20121026,1030125.48
20121025,1339140.852
20121024,1324953.64
20121023,1885525.76
20121022,1814179.224
20121019,2829142.459
20121018,1939235.579
20121017,2056754.56
20121016,2167446.86
20121015,1488248.1600000001
20121012,1610356.707
20121011,1973272.815
20121010,2372591.25
20121009,1521163.7070000002
20121008,1105355.6430000002
20121005,2155547.2120000003
20121004,1363230.9559999998
20121003,1106289.669
20121002,1028887.02
20121001,1283532.8660000002
20120928,1729904.2059999998
20120927,1678362.7830000003
20120926,1460923.695
20120925,1729872.45
20120924,1317832.2079999999
20120921,1961580.5910000002
20120920,1037593.53
20120919,2381730.435
20120918,1454815.9970000002
20120917,1299075.2959999999
20120914,2597360.71
20120913,1381914.747
20120912,1561972.736
20120911,2231235.072
20120910,608094.8520000001
20120907,1667028.78
20120906,1238385.4989999998
20120905,999198.8879999999
20120904,1111590.418
20120903,398334.72000000003
20120831,1272498.37
20120830,1046567.7119999998
20120829,945620.1
20120828,608797.02
20120827,0.0
20120824,314711.76
20120823,472977.408
20120822,583780.635
20120821,1116747.52
20120820,568691.156
20120817,1268284.672
20120816,934550.625
20120815,664017.1980000001
20120814,1355206.2719999999
20120813,1264946.3360000001
20120810,657667.5599999999
20120809,996464.3520000001
20120808,904832.66
20120807,1046510.664
20120806,1271820.816
20120803,656093.142
20120802,1667294.7829999998
20120801,681665.642
20120731,1011624.4
20120730,1402500.997
20120727,1412157.53
20120726,2300265.065
20120725,1797807.7259999998
20120724,1664665.084
20120723,2478423.904
20120720,2643423.975
20120719,1334191.303
20120718,846728.679
20120717,847805.232
20120716,736221.06
20120713,807012.0300000001
20120712,1684262.166
20120711,8209443.928
20120710,1411903.438
20120709,1398991.71
20120706,1569408.1139999998
20120705,1652501.85
20120704,2528971.9299999997
20120703,3.613942161E7
20120702,1151650.8
20120629,1358075.2880000002
20120628,1252035.323
20120627,1811821.3440000003
20120626,948573.5150000001
20120625,1763419.2400000002
20120622,1036546.06
20120621,988031.64
20120620,1890892.8779999998
20120619,1257464.38
20120618,1640959.9920000003
20120615,7781826.992
20120614,1424526.124
20120613,1126166.085
20120612,1437090.41
20120611,1225496.436
20120608,1200613.9
20120607,1439815.663
20120606,1917508.311
20120605,0.0
20120604,0.0
20120601,1734482.6979999999
20120531,2.0552795657999996E7
20120530,2061012.6500000001
20120529,1384639.26
20120528,522809.49600000004
20120525,1066197.825
20120524,1084903.02
20120523,1548569.8800000001
20120522,1334789.3599999999
20120521,1348196.1279999998
20120518,1290398.258
20120517,1299760.4479999999
20120516,3201949.783
20120515,2205643.328
20120514,1955756.52
20120511,1625259.006
20120510,1749381.991
20120509,1481742.665
20120508,2248090.845
20120507,0.0
20120504,1459750.085
20120503,1322107.9800000002
20120502,1499230.576
20120501,987582.1900000001
20120430,2145171.357
20120427,1038543.844
20120426,1107972.1730000002
20120425,1123911.0659999999
20120424,1940011.9379999998
20120423,1765020.474
20120420,1382129.0429999998
20120419,1346323.572
20120418,1276883.803
20120417,2269369.98
20120416,2219147.77
20120413,1384732.26
20120412,1325409.535
20120411,1041460.6320000001
20120410,1423053.51
20120409,0.0
20120406,0.0
20120405,1126416.51
20120404,1565693.7179999999
20120403,2509231.274
20120402,849223.2210000001
20120330,1435141.4560000002
20120329,1028105.289
20120328,1389940.496
20120327,1332130.6260000002
20120326,2212235.6229999997
20120323,1133443.01
20120322,1810019.2319999998
20120321,986886.335
20120320,1159510.83
20120319,1330416.372
20120316,1.2767060628E7
20120315,1758747.957
20120314,1669893.3059999999
20120313,1651869.696
20120312,869650.135
20120309,1650879.665
20120308,1366845.408
20120307,1847833.2920000001
20120306,1571958.889
20120305,748416.54
20120302,1277810.496
20120301,3659088.5
20120229,4459062.954000001
20120228,1203664.8599999999
20120227,1278989.877
20120224,6.317196025E7
20120223,1163111.423
20120222,1552039.5679999997
20120221,1116616.5359999998
20120220,1125424.125
20120217,950586.0300000001
20120216,1424351.4719999998
20120215,2261555.539
20120214,897297.6039999999
20120213,875633.472
20120210,1114349.824
20120209,726083.1799999999
20120208,329303.649
20120207,1723626.5790000001
20120206,842731.4040000001
20120203,1419253.04
20120202,1368472.6549999998
20120201,1012729.0
20120131,543589.2150000001
20120130,1007872.1639999999
20120127,936873.228
20120126,611404.999
20120125,1115147.3399999999
20120124,1037679.5240000001
20120123,1684723.44
20120120,814051.4800000001
20120119,1271121.566
20120118,556306.3099999999
20120117,806014.3080000001
20120116,379193.535
20120113,321708.267
20120112,448204.32000000007
20120111,202457.794
20120110,439075.728
20120109,310944.96
20120106,259190.304
20120105,430688.17000000004
20120104,753242.9780000001
20120103,428245.74
20120102,0.0
20111230,80815.672
20111229,204632.92500000002
20111228,480591.84
20111227,0.0
20111226,0.0
20111223,96782.23999999999
20111222,204540.336
20111221,543675.4139999999
20111220,337137.036
20111219,338993.06
20111216,646438.62
20111215,1065700.72
20111214,925459.3250000001
20111213,669464.664
20111212,476689.708
20111209,906155.7200000001
20111208,591402.7370000001
20111207,1164885.639
20111206,2053681.99
20111205,1333212.895
20111202,250990.592
20111201,471615.98899999994
20111130,627004.196
20111129,495803.027
20111128,812349.45
20111125,286735.25
20111124,291464.942
20111123,414914.626
20111122,777214.8239999999
20111121,440315.186
20111118,248327.72
20111117,928686.1439999999
20111116,372833.265
20111115,233339.75999999998
20111114,383160.721
20111111,161045.13600000003
20111110,301564.825
20111109,362561.437
20111108,669019.96
20111107,392981.1
20111104,351927.11699999997
20111103,480564.162
20111102,634083.102
20111101,497452.66000000003
20111031,384363.98
20111028,646913.3280000001
20111027,1779287.4
20111026,727864.968
20111025,610858.4219999999
20111024,362346.82200000004
20111021,482950.188
20111020,486680.57599999994
20111019,650069.1840000001
20111018,171513.5
20111017,365474.14300000004
20111014,359732.31999999995
20111013,1079994.996
20111012,294497.615
20111011,303832.935
20111010,286439.73600000003
20111007,693886.9
20111006,1238144.97
20111005,767161.38
20111004,459846.23000000004
20111003,287543.013
20110930,581430.6379999999
20110929,825656.0560000001
20110928,544935.0719999999
20110927,1200725.6909999999
20110926,377338.45999999996
20110923,264165.538
20110922,300190.856
20110921,409197.558
20110920,215296.39200000002
20110919,399314.74799999996
20110916,551785.08
20110915,621232.4049999999
20110914,641546.8480000001
20110913,530871.7799999999
20110912,529985.706
20110909,324947.989
20110908,662518.8
20110907,308568.41399999993
20110906,786453.5280000002
20110905,699413.9880000001
20110902,604005.576
20110901,452111.2689999999
20110831,518544.04
20110830,473944.89999999997
20110826,284634.243
20110825,282809.3
20110824,446741.658
20110823,219841.98200000002
20110822,195700.73599999998
20110819,640727.192
20110818,786092.615
20110817,528934.7
20110816,533942.5599999999
20110815,481784.985
20110812,477024.08
20110811,1027385.3869999999
20110810,1243857.8699999999
20110809,1413503.664
20110808,936237.8480000001
20110805,1078579.266
20110804,867568.801
20110803,760144.4900000001
20110802,640909.076
20110801,493328.88800000004
20110729,858651.696
20110728,343651.67
20110727,557236.206
20110726,677192.448
20110725,345084.594
20110722,378010.94
20110721,579937.183
20110720,735603.48
20110719,500933.37000000005
20110718,375062.688
20110715,609613.9480000001
20110714,494131.233
20110713,301285.6
20110712,491889.18399999995
20110711,413641.4039999999
20110708,470814.075
20110707,1593852.3
20110706,305607.58499999996
20110705,900619.396
20110704,237078.94
20110701,261365.40200000003
20110630,492047.738
20110629,952108.808
20110628,573020.259
20110627,276416.0
20110624,298253.837
20110623,729597.2620000001
20110622,770110.8720000001
20110621,553246.785
20110620,801324.27
20110617,2116612.198
20110616,1293740.091
20110615,501436.136
20110614,562192.71
20110613,612354.542
20110610,170045.725
20110609,447792.1379999999
20110608,526888.164
20110607,438942.26200000005
20110606,584953.776
20110603,459418.0679999999
20110602,368384.238
20110601,524118.852
20110531,885530.3140000001
20110527,910042.4199999999
20110526,801812.7180000001
20110525,817577.28
20110524,1144585.3860000002
20110523,578349.305
20110520,482027.10299999994
20110519,506538.23999999993
20110518,816911.73
20110517,792058.9060000001
20110516,1039761.0000000001
20110513,917423.9999999999
20110512,1490151.225
20110511,643840.0540000001
20110510,821732.946
20110509,1519997.82
20110506,700829.901
20110505,1262448.4949999999
20110504,2074979.4959999998
20110503,1780142.96
20110428,903787.8879999999
20110427,1129785.25
20110426,347579.864
20110421,828785.277
20110420,257072.721
20110419,531286.701
20110418,687597.95
20110415,686201.8200000001
20110414,595276.675
20110413,642298.0920000001
20110412,434553.38300000003
20110411,353509.339
20110408,315912.564
20110407,480341.16000000003
20110406,384537.636
20110405,460149.43
20110404,320415.54900000006
20110401,533241.056
20110331,727291.2869999999
20110330,316135.115
20110329,858939.536
20110328,1046717.727
20110325,396237.79799999995
20110324,365861.2
20110323,241008.158
20110322,400708.512
20110321,470446.536
20110318,1339747.878
20110317,1485436.0839999998
20110316,733603.6919999999
20110315,946680.285
20110314,536549.2699999999
20110311,769922.3999999999
20110310,1097220.852
20110309,577982.293
20110308,690547.5049999999
20110307,566017.9559999999
20110304,660380.922
20110303,697281.984
20110302,782253.235
20110301,482294.67
20110228,373238.735
20110225,330771.76
20110224,511618.31999999995
20110223,716200.9560000001
20110222,978783.708
20110221,290969.097
20110218,346947.18
20110217,546728.4
20110216,517953.177
20110215,349508.768
20110214,437904.029
20110211,559427.016
20110210,2648299.857
20110209,592942.6490000001
20110208,830035.4039999999
20110207,499293.22300000006
20110204,787004.2440000001
20110203,778087.752
20110202,1477332.12
20110201,666764.91
20110131,525412.39
20110128,387605.068
20110127,557792.25
20110126,1305968.8320000002
20110125,1242745.504
20110124,560922.364
20110121,1079150.854
20110120,1568154.56
20110119,1550651.4
20110118,956701.583
20110117,404972.47000000003
20110114,1357154.331
20110113,847805.36
20110112,953443.875
20110111,846196.9559999999
20110110,751643.721
20110107,1218235.6800000002
20110106,1192925.324
20110105,693145.9920000001
20110104,781714.225
20101231,287076.493
20101230,780844.374
20101229,355747.04099999997
20101227,0.0
20101224,18843.675
20101223,220589.193
20101222,400668.45
20101221,507852.24000000005
20101220,315685.83799999993
20101217,1074560.0
20101216,485844.438
20101215,462362.58200000005
20101214,1056350.556
20101213,1110140.0960000001
20101210,1312520.625
20101209,614606.915
20101208,689753.0700000001
20101207,594637.9979999999
20101206,1685792.05
20101203,1370178.172
20101202,2279592.9
20101201,3023251.0349999997
20101130,3010244.7899999996
20101129,511337.8439999999
20101126,173893.944
20101125,275334.972
20101124,252315.392
20101123,334626.888
20101122,273133.88
20101119,183370.192
20101118,389678.88
20101117,274311.18
20101116,189867.26899999997
20101115,561735.0
20101112,592287.325
20101111,527873.5680000001
20101110,185094.225
20101109,333361.87299999996
20101108,227869.5
20101105,656522.5799999998
20101104,541427.793
20101103,408133.592
20101102,720378.428
20101101,118365.65599999999
20101029,218912.24699999997
20101028,312378.096
20101027,212850.26100000003
20101026,260740.20799999996
20101025,311962.58
20101022,174834.2
20101021,308479.04000000004
20101020,127902.72
20101019,238000.878
20101018,437526.95999999996
20101015,383005.37
20101014,262167.516
20101013,354216.668
20101012,298260.52099999995
20101011,397281.60199999996
20101008,212592.43
20101007,247336.16999999998
20101006,562931.616
20101005,335390.83
20101004,356874.80799999996
20101001,309274.13200000004
20100930,351940.227
20100929,412657.32
20100928,417637.394
20100927,461070.19
20100924,1086664.6560000002
20100923,973259.5
20100922,254454.995
20100921,239653.218
20100920,210418.90000000002
20100917,1554340.506
20100916,235409.397
20100915,154858.185
20100914,192797.68
20100913,450943.119
20100910,276623.844
20100909,688031.13
20100908,396061.809
20100907,244760.802
20100906,305291.83999999997
20100903,308772.912
20100902,468711.39200000005
20100901,433111.482
20100831,141848.136
20100830,0.0
20100827,148714.87
20100826,229878.21
20100825,235967.53600000002
20100824,160035.944
20100823,198187.762
20100820,263373.66
20100819,111675.619
20100818,118258.68599999999
20100817,603020.2960000001
20100816,100422.45
20100813,113964.47
20100812,119752.41600000001
20100811,150952.046
20100810,416781.674
20100809,310300.151
20100806,706748.832
20100805,304098.366
20100804,241605.007
20100803,127967.325
20100802,451522.228
20100730,178312.10199999998
20100729,601684.1039999999
20100728,439214.355
20100727,504646.95599999995
20100726,121045.47
20100723,364676.802
20100722,238673.354
20100721,546736.128
20100720,355251.28800000006
20100719,478649.1780000001
20100716,721126.4210000001
20100715,207660.18
20100714,181440.24
20100713,166686.14200000002
20100712,296011.058
20100709,137126.99000000002
20100708,323627.25
20100707,201362.05800000002
20100706,145631.204
20100705,160903.68000000002
20100702,172827.48799999998
20100701,465761.60799999995
20100630,427795.476
20100629,214942.536
20100628,145468.796
20100625,478452.609
20100624,173342.36000000002
20100623,140847.66
20100622,197011.23200000002
20100621,323244.048
20100618,594260.9400000001
20100617,517328.22400000005
20100616,202354.162
20100615,256947.444
20100614,222270.048
20100611,400848.906
20100610,630775.95
20100609,410519.88
20100608,345815.013
20100607,406131.24
20100604,353876.625
20100603,803468.196
20100602,1052061.9840000002
20100601,769831.7200000001
20100531,0.0
20100528,293412.25800000003
20100527,1006426.91
20100526,352651.75800000003
20100525,506606.86
20100524,255427.58400000003
20100521,357117.24
20100520,544332.3840000001
20100519,484228.41800000006
20100518,374234.432
20100517,331620.3
20100514,538833.89
20100513,244465.5
20100512,752548.893
20100511,268812.864
20100510,763864.9920000001
20100507,751786.152
20100506,877698.432
20100505,630353.504
20100504,1180386.45
20100503,0.0
20100430,492336.52799999993
20100429,242904.28800000003
20100428,372607.032
20100427,686697.75
20100426,684211.115
20100423,495983.31599999993
20100422,343493.89999999997
20100421,175860.53399999999
20100420,286280.95999999996
20100419,192838.536
20100416,433087.812
20100415,549106.3439999999
20100414,236060.556
20100413,250939.65
20100412,250012.33
20100409,124950.231
20100408,344472.254
20100407,484658.972
20100406,345905.755
20100405,0.0
20100402,0.0
20100401,312585.43
20100331,354926.0
20100330,197893.69999999998
20100329,187977.92
20100326,219130.41299999997
20100325,220922.82
20100324,319828.652
20100323,622587.186
20100322,278554.86
20100319,1332115.377
20100318,691460.38
20100317,457451.585
20100316,851001.47
20100315,191307.07199999996
20100312,617582.574
20100311,452002.113
20100310,930984.12
20100309,555471.6
20100308,456857.20399999997
20100305,826833.624
20100304,1200710.862
20100303,786308.1270000001
20100302,739599.1229999999
20100301,381798.819
20100226,863308.827
20100225,902451.963
20100224,1182766.6
20100223,237894.705
20100222,307024.42199999996
20100219,182606.58
20100218,251480.59100000001
20100217,398702.187
20100216,260517.58199999997
20100215,643652.1
20100212,793993.552
20100211,1074143.672
20100210,629862.48
20100209,879318.6000000001
20100208,535546.428
20100205,1279971.244
20100204,450466.32000000007
20100203,225939.028
20100202,235144.68000000002
20100201,595366.684
20100129,382265.95999999996
20100128,407045.1
20100127,474559.3979999999
20100126,765321.0499999999
20100125,400421.06
20100122,2299117.334
20100121,526717.4639999999
20100120,584910.228
20100119,572494.5599999999
20100118,442825.29000000004
20100115,2850192.4359999998
20100114,625431.632
20100113,738476.496
20100112,3150018.75
20100111,1319781.232
20100108,4564183.38
20100107,324646.148
20100106,305158.392
20100105,622241.11
20100104,372498.56
20100101,0.0
20091231,44234.204
20091230,131464.125
20091229,122232.85199999998
20091228,0.0
20091225,0.0
20091224,46284.409
20091223,156385.856
20091222,297374.928
20091221,320924.13600000006
20091218,672478.482
20091217,349235.04
20091216,643452.6599999999
20091215,1139497.15
20091214,254885.70500000002
20091211,582094.9
20091210,817075.933
20091209,426209.462
20091208,373938.12
20091207,336249.096
20091204,856572.693
20091203,2277090.5349999997
20091202,1128592.848
20091201,1067853.72
20091130,438621.96
20091127,749518.302
20091126,536000.1749999999
20091125,365953.14
20091124,165746.828
20091123,163538.79499999998
20091120,300291.432
20091119,346902.672
20091118,694171.59
20091117,548120.064
20091116,879269.232
20091113,190259.696
20091112,267218.32499999995
20091111,211921.721
20091110,317930.914
20091109,166482.51100000003
20091106,274174.264
20091105,355077.402
20091104,588759.6000000001
20091103,312407.465
20091102,283504.698
20091030,517575.616
20091029,281273.746
20091028,356634.054
20091027,324944.57399999996
20091026,654044.3759999999
20091023,509790.852
20091022,331727.206
20091021,791662.32
20091020,1013365.95
20091019,1045454.175
20091016,1121379.28
20091015,559808.895
20091014,364174.95399999997
20091013,1466909.977
20091012,299809.54
20091009,212670.34999999998
20091008,290078.88
20091007,519147.16500000004
20091006,463503.13800000004
20091005,719694.6900000001
20091002,344009.14200000005
20091001,332466.94
20090930,800926.7999999999
20090929,588346.785
20090928,168413.486
20090925,186912.558
20090924,355118.488
20090923,193059.01200000002
20090922,1762486.515
20090921,518485.14200000005
20090918,1060794.02
20090917,350711.85599999997
20090916,333815.87399999995
20090915,732965.26
20090914,259711.66199999998
20090911,272140.35
20090910,917739.0639999999
20090909,330007.28
20090908,273887.386
20090907,151804.422
20090904,178834.612
20090903,226899.24800000002
20090902,420112.0
20090901,368005.41
20090831,0.0
20090828,253053.63999999998
20090827,306953.90400000004
20090826,190399.20899999997
20090825,270556.104
20090824,1036721.472
20090821,497379.2949999999
20090820,445932.61799999996
20090819,216025.078
20090818,144382.174
20090817,132597.28
20090814,308300.9
20090813,394664.572
20090812,201651.15600000002
20090811,443448.36900000006
20090810,260943.264
20090807,509740.01999999996
20090806,568534.95
20090805,496632.13999999996
20090804,268078.23500000004
20090803,351535.88
20090731,1055265.735
20090730,1120767.218
20090729,624261.632
20090728,773416.02
20090727,513879.11999999994
20090724,431471.97500000003
20090723,686852.985
20090722,262752.588
20090721,244963.472
20090720,274162.92799999996
20090717,290943.202
20090716,510401.92500000005
20090715,399951.15900000004
20090714,349244.775
20090713,298261.20999999996
20090710,397649.54600000003
20090709,595366.821
20090708,3433482.0
20090707,729165.0260000001
20090706,454808.68799999997
20090703,101725.272
20090702,320994.81
20090701,444340.488
20090630,472876.48
20090629,310988.722
20090626,255574.168
20090625,148362.43099999998
20090624,223566.296
20090623,215311.456
20090622,444309.89400000003
20090619,1068239.0760000001
20090618,256342.32
20090617,751273.233
20090616,574135.6560000001
20090615,245919.99100000004
20090612,286188.616
20090611,260236.59999999998
20090610,462193.36799999996
20090609,458012.80399999995
20090608,196860.92500000002
20090605,867174.2999999999
20090604,362654.19
20090603,189494.13
20090602,278428.935
20090601,260093.43200000003
20090529,332403.96699999995
20090528,402247.5839999999
20090527,213582.876
20090526,218286.06
20090525,0.0
20090522,211704.84999999998
20090521,358310.718
20090520,505547.63
20090519,347718.12600000005
20090518,200960.24
20090515,357591.325
20090514,402198.3180000001
20090513,942193.3559999999
20090512,506197.11100000003
20090511,347273.118
20090508,773512.818
20090507,1340358.986
20090506,917531.16
20090505,1076341.2
20090504,0.0
20090501,429004.50299999997
20090430,687850.1649999999
20090429,252155.067
20090428,299394.89999999997
20090427,270346.68
20090424,448702.311
20090423,641887.686
20090422,383959.56
20090421,571536.416
20090420,387335.361
20090417,359723.92500000005
20090416,591439.138
20090415,483961.565
20090414,801900.182
20090413,0.0
20090410,0.0
20090409,803881.3290000001
20090408,595161.1889999999
20090407,297189.68399999995
20090406,285973.923
20090403,486284.97400000005
20090402,1066363.049
20090401,635052.852
20090331,551916.135
20090330,422574.516
20090327,709074.432
20090326,1288021.3439999998
20090325,304754.268
20090324,678847.878
20090323,1505307.24
20090320,2358387.64
20090319,1540354.2389999998
20090318,402707.712
20090317,235470.344
20090316,376617.93
20090313,505591.008
20090312,255935.22600000002
20090311,728058.127
20090310,525732.2760000001
20090309,388452.45399999997
20090306,498521.907
20090305,1676919.5
20090304,1463382.966
20090303,2172633.7380000004
20090302,574602.5549999999
20090227,361099.464
20090226,692350.396
20090225,1316148.244
20090224,294877.952
20090223,239136.174
20090220,301051.416
20090219,299624.70399999997
20090218,355413.78599999996
20090217,354907.75
20090216,200325.078
20090213,1166264.352
20090212,342985.974
20090211,185452.48500000002
20090210,229170.944
20090209,248410.24000000002
20090206,506398.9
20090205,0.0
20090204,0.0
20090203,0.0
20090202,456772.09599999996
20090130,282439.95
20090129,128871.64499999999
20090128,431788.284
20090127,237925.25
20090126,0.0
20090123,1131472.844
20090122,4203013.836
20090121,407463.22400000005
20090120,186745.68
20090119,160666.418
20090116,187820.24000000002
20090115,174881.136
20090114,173179.725
20090113,299887.064
20090112,399274.595
20090109,236230.336
20090108,422292.736
20090107,1133051.104
20090106,407647.7679999999
20090105,1024188.534
20090102,334052.96400000004
20090101,0.0
20081231,252580.219
20081230,162549.59999999998
20081229,75175.4
20081226,0.0
20081225,0.0
20081224,2606.1
20081223,107111.73199999999
20081222,99971.456
20081219,525105.06
20081218,328367.067
20081217,487070.6
20081216,110535.95
20081215,94814.24399999999
20081212,228258.59
20081211,241162.8
20081210,235922.987
20081209,337399.722
20081208,199910.20799999998
20081205,171017.75
20081204,202031.00400000002
20081203,412149.24
20081202,199418.664
20081201,354334.99199999997
20081128,372886.92000000004
20081127,326153.269
20081126,346529.175
20081125,486135.032
20081124,134284.23
20081121,235854.24
20081120,124196.65200000002
20081119,247073.90200000003
20081118,165610.72
20081117,85216.55
20081114,130269.23000000001
20081113,107506.37
20081112,141009.136
20081111,134691.56999999998
20081110,314432.89999999997
20081107,183085.095
20081106,261568.25
20081105,374887.68
20081104,378094.229
20081103,260443.92500000002
20081031,631068.8650000001
20081030,348428.12399999995
20081029,647260.048
20081028,371323.09500000003
20081027,361491.328
20081024,352743.3
20081023,138530.056
20081022,260697.59999999998
20081021,166186.83599999998
20081020,280407.6
20081017,240822.90399999998
20081016,542673.3480000001
20081015,308893.806
20081014,705045.68
20081013,739179.75
20081010,837650.107
20081009,775107.576
20081008,757417.2560000002
20081007,670668.812
20081006,423705.43200000003
20081003,427336.452
20081002,1.4965979952000001E7
20081001,3313357.0689999997
20080930,1443111.012
20080929,2298904.32
20080926,1423613.8800000001
20080925,1108039.625
20080924,1229278.025
20080923,2481900.939
20080922,864045.52
20080919,3062668.7909999997
20080918,1789559.0840000003
20080917,1647726.8730000001
20080916,2689495.2
20080915,918496.5120000001
20080912,608149.203
20080911,1065471.7920000001
20080910,745502.572
20080909,795448.105
20080908,355531.60799999995
20080905,793917.048
20080904,454404.56
20080903,906586.0160000001
20080902,1219328.928
20080901,418933.13
20080829,499509.216
20080828,490353.04500000004
20080827,510276.935
20080826,719993.8169999999
20080825,0.0
20080822,957734.742
20080821,1006728.205
20080820,1036990.41
20080819,430614.37100000004
20080818,251932.92799999999
20080815,522901.00399999996
20080814,933407.2000000001
20080813,1145738.139
20080812,555228.291
20080811,1077531.8299999998
20080808,1491979.84
20080807,987084.604
20080806,1467555.4079999998
20080805,1059543.9000000001
20080804,380342.00399999996
20080801,730200.834
20080731,737216.424
20080730,1226965.385
20080729,574707.32
20080728,1191895.2359999998
20080725,1257397.4789999998
20080724,925171.34
20080723,2292460.728
20080722,1131116.144
20080721,2039109.5060000003
20080718,4195171.848
20080717,1807887.9239999999
20080716,2759192.826
20080715,1313817.5
20080714,1128217.92
20080711,1601572.3359999997
20080710,1179606.354
20080709,576413.376
20080708,0.0
20080707,715069.77
20080704,582874.924
20080703,0.0
20080702,1139730.75
20080701,1241653.149
20080630,457238.42
20080627,1236751.5779999997
20080626,970315.164
20080625,1261853.9100000001
20080624,1124743.6309999998
20080623,638104.0229999999
20080620,1493049.582
20080619,757318.289
20080618,1316538.7040000001
20080617,869401.169
20080616,592398.5669999999
20080613,1144855.184
20080612,1774081.4
20080611,3392468.8479999998
20080610,1929241.08
20080609,902960.5599999999
20080606,1115245.8199999998
20080605,941406.102
20080604,1559273.868
20080603,629783.702
20080602,411734.016
20080530,873018.51
20080529,855444.8709999999
20080528,1274179.3760000002
20080527,732062.1170000001
20080526,0.0
20080523,3999710.88
20080522,1444974.264
20080521,1063225.144
20080520,1759719.5520000001
20080519,606990.454
20080516,665629.4759999999
20080515,725927.32
20080514,1097255.7
20080513,1345210.3469999998
20080512,1969536.9340000004
20080509,1005837.5659999999
20080508,3113713.9680000003
20080507,2541612.384
20080506,2196006.44
20080505,0.0
20080502,762488.8809999999
20080501,361669.594
20080430,1523627.9849999999
20080429,296058.977
20080428,322225.504
20080425,748879.272
20080424,570451.936
20080423,387671.508
20080422,788700.483
20080421,730584.5120000001
20080418,912882.231
20080417,464818.86
20080416,1003613.6359999998
20080415,837587.4
20080414,795927.9720000001
20080411,754932.4199999999
20080410,1038528.6599999999
20080409,591979.276
20080408,672813.3330000001
20080407,662466.24
20080404,907741.276
20080403,1325516.1570000001
20080402,1403111.0999999999
20080401,1197642.964
20080331,1074887.697
20080328,592071.764
20080327,2297721.7199999997
20080326,411332.07499999995
20080325,2149629.6859999998
20080324,0.0
20080321,0.0
20080320,743336.048
20080319,655718.836
20080318,870892.19
20080317,940729.0479999998
20080314,664227.33
20080313,629017.2000000001
20080312,398593.28599999996
20080311,487649.92799999996
20080310,524967.48
20080307,1314189.289
20080306,675395.4079999999
20080305,406360.632
20080304,764748.8759999999
20080303,820592.4159999999
20080229,957637.579
20080228,572913.198
20080227,389100.09599999996
20080226,1986286.2
20080225,433790.30899999995
20080222,831549.2220000001
20080221,482716.092
20080220,897265.104
20080219,471552.55199999997
20080218,598436.553
20080215,402300.956
20080214,684997.69
20080213,572657.625
20080212,1186242.0799999998
20080211,534312.404
20080208,916081.38
20080207,898423.1520000001
20080206,1147865.286
20080205,1076755.587
20080204,439376.12399999995
20080201,929580.624
20080131,1469905.206
20080130,923371.8899999999
20080129,1147371.66
20080128,839070.395
20080125,1049465.889
20080124,1429342.9200000002
20080123,2733999.9280000003
20080122,1643241.2000000002
20080121,1878461.1120000002
20080118,2289545.366
20080117,2345605.194
20080116,1475188.38
20080115,766402.91
20080114,1320611.464
20080111,2175212.39
20080110,1301682.514
20080109,1654957.304
20080108,1070368.31
20080107,1242913.257
20080104,776865.807
20080103,790055.64
20080102,661463.5229999999
20080101,0.0
20071231,201319.8
20071228,283953.429
20071227,681420.7629999999
20071226,0.0
20071225,0.0
20071224,26788.08
20071221,1584062.04
20071220,625595.4
20071219,978292.71
20071218,855702.144
20071217,479066.88
20071214,917128.802
20071213,1199536.584
20071212,1517556.0599999998
20071211,499779.02400000003
20071210,628668.846
20071207,1321267.8800000001
20071206,1285930.77
20071205,1091264.625
20071204,1241675.706
20071203,1524754.019
20071130,1537681.4900000002
20071129,1114472.6940000001
20071128,1279734.9679999999
20071127,706425.8180000001
20071126,824626.629
20071123,819356.784
20071122,554890.633
20071121,603963.164
20071120,1404098.644
20071119,1238359.7359999998
20071116,1356110.0799999998
20071115,1178763.1199999999
20071114,850229.727
20071113,971731.9889999998
20071112,1035482.7000000001
20071109,620023.94
20071108,1178999.6400000001
20071107,715728.0059999999
20071106,404114.13
20071105,1082057.591
20071102,1331296.0559999999
20071101,2340404.82
20071031,2176247.1169999996
20071030,1687462.01
20071029,637319.2
20071026,2117080.407
20071025,947842.962
20071024,1366511.5520000001
20071023,3534896.507
20071022,3243738.575
20071019,2132094.848
20071018,2687259.8479999998
20071017,2120949.307
20071016,1302912.1739999999
20071015,975053.97
20071012,1667471.036
20071011,1895262.2659999998
20071010,2251859.3240000005
20071009,853916.7059999999
20071008,631742.1919999999
20071005,781302.21
20071004,671148.108
20071003,2025040.1479999998
20071002,1420252.53
20071001,988022.223
20070928,2251125.09
20070927,1751925.9780000001
20070926,1248862.1439999999
20070925,1784918.079
20070924,1241918.6339999998
20070921,1653817.5549999997
20070920,1287717.794
20070919,3860706.63
20070918,2498800.7309999997
20070917,0.0
20070914,1851267.6630000002
20070913,879295.439
20070912,1017198.06
20070911,465260.104
20070910,534239.2
20070907,826162.8630000001
20070906,0.0
20070905,623410.656
20070904,535409.01
20070903,809202.024
20070831,1305091.372
20070830,1317718.724
20070829,919880.592
20070828,808630.125
20070827,0.0
20070824,608044.74
20070823,1976098.028
20070822,1004050.3949999999
20070821,1287090.521
20070820,1459244.304
20070817,3939813.0659999996
20070816,2496480.864
20070815,1006594.0800000001
20070814,1149699.552
20070813,1625383.9819999998
20070810,2572135.071
20070809,2862744.0560000003
20070808,2173865.54
20070807,1026094.0480000001
20070806,746527.7749999999
20070803,2096687.458
20070802,1289287.456
20070801,1926260.293
20070731,2280948.18
20070730,1051453.164
20070727,2187593.92
20070726,1477314.916
20070725,818321.9419999999
20070724,1583256.339
20070723,778909.4160000001
20070720,1146598.115
20070719,1224465.792
20070718,5629589.91
20070717,804357.8579999999
20070716,527067.839
20070713,1008247.968
20070712,794821.08
20070711,1297811.7389999998
20070710,1915736.6639999999
20070709,661555.4679999999
20070706,1229557.9800000002
20070705,2562465.125
20070704,3094321.3719999995
20070703,1933801.05
20070702,1157917.824
20070629,1928575.32
20070628,1237787.484
20070627,1670799.91
20070626,954898.9789999999
20070625,505211.10000000003
20070622,567082.323
20070621,1569224.829
20070620,5389344.282000001
20070619,9397821.731999999
20070618,1247830.464
20070615,962822.988
20070614,1558712.181
20070613,1170326.145
20070612,1733794.509
20070611,1661023.8959999997
20070608,2074657.299
20070607,1970384.1720000003
20070606,1379546.8720000002
20070605,1420841.3420000002
20070604,553349.048
20070601,710690.624
20070531,887874.764
20070530,949748.98
20070529,765040.5839999999
20070528,0.0
20070525,0.0
20070524,915005.552
20070523,729990.583
20070522,643135.5
20070521,1086355.4130000002
20070518,1441381.4099999997
20070517,2389678.2139999997
20070516,9516267.517
20070515,2522562.402
20070514,867034.87
20070511,1782465.966
20070510,1459051.86
20070509,1996313.175
20070508,1296455.472
20070507,0.0
20070504,3125812.293
20070503,1291095.666
20070502,4057387.1580000003
20070501,4159607.4519999996
20070430,1998859.72
20070427,833636.64
20070426,2238981.102
20070425,968205.862
20070424,1142360.25
20070423,824891.364
20070420,1326513.4409999999
20070419,1082605.622
20070418,2364430.8899999997
20070417,1301418.072
20070416,1914005.25
20070413,250777.176
20070412,1156739.385
20070411,2861827.76
20070410,2467040.84
20070409,0.0
20070406,0.0
20070405,1576931.4
20070404,1556987.63
20070403,2019941.9549999998
20070402,3109576.62
20070330,2289027.42
20070329,2276922.8219999997
20070328,3849117.72
20070327,1027152.744
20070326,347096.258
20070323,334341.914
20070322,1786701.8639999998
20070321,1522797.593
20070320,802782.1680000001
20070319,1105317.382
20070316,962550.2599999999
20070315,1773853.344
20070314,1576859.435
20070313,840182.1120000001
20070312,828805.2080000001
20070309,1155650.298
20070308,1249523.548
20070307,2007980.2670000002
20070306,1035406.064
20070305,3079879.18
20070302,3689106.6380000003
20070301,2462784.94
20070228,4756636.711
20070227,3175680.0179999997
20070226,987829.7220000001
20070223,1376078.142
20070222,2257861.3109999998
20070221,759881.76
20070220,3303601.8539999994
20070219,2937174.58
20070216,1995587.641
20070215,3610241.0119999996
20070214,1575210.936
20070213,256027.35200000004
20070212,312657.905
20070209,499758.0
20070208,1285201.24
20070207,4655560.051999999
20070206,2098933.522
20070205,362982.596
20070202,1313560.5120000003
20070201,2245277.733
20070131,1449162.7920000001
20070130,720324.5799999998
20070129,1497152.5229999998
20070126,1324972.6300000001
20070125,1027919.0590000001
20070124,1037184.0
20070123,1949636.079
20070122,3026732.2049999996
20070119,3639225.905
20070118,2771559.902
20070117,749324.212
20070116,768283.829
20070115,1901351.144
20070112,1912782.744
20070111,2456052.15
20070110,857335.789
20070109,667766.04
20070108,214861.36800000002
20070105,969435.9120000001
20070104,779944.41
20070103,271325.96199999994
20070102,1094604.16
20070101,0.0
20061229,827206.7999999999
20061228,344819.241
20061227,1131459.1199999999
20061226,0.0
20061225,0.0
20061222,159568.65600000002
20061221,690425.5639999999
20061220,460793.885
20061219,1087708.16
20061218,509604.422
20061215,561318.8999999999
20061214,506831.77300000004
20061213,3170497.5379999997
20061212,829068.5920000001
20061211,1076195.12
20061208,1736789.1360000002
20061207,2732898.3720000004
20061206,1344340.4789999998
20061205,958479.78
20061204,1157715.3280000002
20061201,1902370.7559999998
20061130,1405769.76
20061129,1637475.4829999998
20061128,2120234.338
20061127,895125.4269999999
20061124,684006.496
20061123,666156.634
20061122,1116992.602
20061121,1968011.5770000003
20061120,538456.176
20061117,2268839.124
20061116,735455.29
20061115,521862.327
20061114,860215.0340000001
20061113,544511.088
20061110,738834.4600000001
20061109,3799070.745
20061108,5060010.549
20061107,1026029.6520000001
20061106,429519.882
20061103,643752.2520000001
20061102,523560.74499999994
20061101,1979774.2719999999
20061031,1457906.9440000001
20061030,380809.24
20061027,1155006.9000000001
20061026,384163.95999999996
20061025,332761.74
20061024,720583.936
20061023,1134752.366
20061020,584821.1039999999
20061019,370654.07200000004
20061018,1548488.0999999999
20061017,804021.4709999999
20061016,1393982.45
20061013,5467026.9059999995
20061012,1082374.358
20061011,875649.6
20061010,1161954.4319999998
20061009,275393.668
20061006,1923205.659
20061005,2236121.984
20061004,2639780.5209999997
20061003,1450856.98
20061002,654437.4079999999
20060929,773901.9600000001
20060928,652797.7729999999
20060927,801731.406
20060926,2602765.8710000003
20060925,797436.693
20060922,1366484.8499999999
20060921,2459652.364
20060920,2161547.52
20060919,687591.0360000001
20060918,444594.236
20060915,1240831.872
20060914,1902478.2
20060913,996758.994
20060912,627388.7
20060911,295004.68
20060908,654150.0800000001
20060907,1010906.19
20060906,586454.762
20060905,1060344.929
20060904,1531933.324
20060901,1131447.561
20060831,738981.72
20060830,703477.056
20060829,482393.49
20060828,0.0
20060825,219495.66
20060824,292205.04600000003
20060823,348194.37799999997
20060822,1986683.0760000004
20060821,1360002.483
20060818,699119.903
20060817,1637522.568
20060816,1608776.6279999998
20060815,3314909.049
20060814,519690.723
20060811,1367582.0
20060810,565083.0719999999
20060809,896059.0130000002
20060808,452355.596
20060807,679103.67
20060804,1863650.288
20060803,1047405.2
20060802,621667.5619999999
20060801,1221318.67
20060731,483860.613
20060728,1532690.2560000003
20060727,1464228.0
20060726,1080368.6099999999
20060725,359682.753
20060724,429767.133
20060721,883461.768
20060720,539832.6640000001
20060719,890660.152
20060718,608933.88
20060717,990927.6960000001
20060714,468519.84
20060713,679174.8709999999
20060712,662875.1699999999
20060711,722659.584
20060710,426832.60599999997
20060707,785197.3439999999
20060706,239663.23400000003
20060705,1527095.76
20060704,1477692.788
20060703,505181.24299999996
20060630,0.0
20060629,730388.88
20060628,887544.658
20060627,1644602.4000000001
20060626,730900.944
20060623,719287.104
20060622,1054842.366
20060621,634605.3520000001
20060620,334556.664
20060619,1743349.5
20060616,1637958.816
20060615,3536267.684
20060614,1303264.692
20060613,3745384.7199999997
20060612,474684.54400000005
20060609,654247.0240000001
20060608,648268.616
20060607,1954681.0920000002
20060606,2034309.164
20060605,355084.384
20060602,943267.6749999999
20060601,0.0
20060531,1009443.27
20060530,230015.7
20060529,0.0
20060526,1610420.88
20060525,3965245.884
20060524,1372816.684
20060523,1153654.3
20060522,1164851.0720000002
20060519,1134482.416
20060518,2749541.2100000004
20060517,1420406.5699999998
20060516,0.0
20060515,2812929.54
20060512,1752887.8499999999
20060511,1473371.0450000002
20060510,582830.832
20060509,1301104.9880000001
20060508,2023564.088
20060505,1887352.3660000002
20060504,1425074.61
20060503,5167601.307
20060502,4540158.788
20060501,0.0
20060428,1944882.867
20060427,2715515.3200000003
20060426,1922472.228
20060425,4031283.818
20060424,1020665.5599999999
20060421,1695617.5209999997
20060420,2808490.5289999996
20060419,1080190.0999999999
20060418,837182.25
20060417,0.0
20060414,0.0
20060413,2602206.942
20060412,4484531.869999999
20060411,911830.444
20060410,612671.6259999999
20060407,674149.014
20060406,875523.456
20060405,1021092.4
20060404,986426.7
20060403,2435843.998
20060331,2181667.78
20060330,829448.997
20060329,1941479.384
20060328,2432502.7150000003
20060327,798956.3839999998
20060324,950327.1980000001
20060323,3434652.19
20060322,1849623.7760000003
20060321,2615908.864
20060320,2503670.5930000003
20060317,2238046.8479999998
20060316,2263695.239
20060315,3632630.964
20060314,300122.856
20060313,426543.05199999997
20060310,1080870.704
20060309,173645.465
20060308,3105198.08
20060307,1462712.68
20060306,703987.764
20060303,706223.9
20060302,347504.09
20060301,1639706.8739999998
20060228,1212195.66
20060227,715828.875
20060224,878102.4419999999
20060223,961714.41
20060222,1428046.786
20060221,1161874.368
20060220,1834790.76
20060217,1978206.1949999998
20060216,1074174.435
20060215,497270.016
20060214,2704928.276
20060213,659600.26
20060210,1769989.3900000001
20060209,2968641.214
20060208,1598854.176
20060207,673406.064
20060206,1078015.7040000001
20060203,474409.201
20060202,0.0
20060201,1264951.3
20060131,1266800.682
20060130,1532390.742
20060127,2306399.9600000004
20060126,922466.2720000001
20060125,3443183.7
20060124,1896199.083
20060123,2503514.143
20060120,8830993.23
20060119,4274967.600000001
20060118,1942780.5359999998
20060117,2521431.6799999997
20060116,744191.542
20060113,2772189.892
20060112,3877456.2
20060111,2388625.8460000004
20060110,1508546.16
20060109,1271701.464
20060106,840500.5380000002
20060105,1897698.51
20060104,1771484.722
20060103,661120.02
20060102,0.0
