20160408,1444.232
20160407,10.512
20160406,241.77599999999998
20160405,727.664
20160404,337.55199999999996
20160401,3425.982
20160331,301.0
20160330,48.16
20160329,204.67999999999998
20160328,0.0
20160324,1105.8739999999998
20160323,581.256
20160322,330.993
20160321,81.972
20160318,1481.706
20160317,15945.417
20160316,17.387999999999998
20160315,135.37800000000001
20160314,344.034
20160311,707.9399999999999
20160310,589.3290000000001
20160309,424.143
20160308,465.75
20160307,1093.581
20160304,630.3149999999999
20160303,1552.5
20160302,775.0079999999999
20160301,1465.56
20160229,70.08
20160226,2978.4
20160225,61.32
20160224,63.656
20160223,207.904
20160222,188.048
20160219,1855.368
20160218,0.0
20160217,0.0
20160216,1.8059999999999998
20160215,0.0
20160212,0.0
20160211,602.0
20160210,13093.499999999998
20160209,1780.6159999999998
20160208,0.0
20160205,9416.844000000001
20160204,90.045
20160203,0.0
20160202,102.492
20160201,0.0
20160129,0.0
20160128,283.824
20160127,84.375
20160126,52.65
20160125,222.075
20160122,14.850000000000001
20160121,472.5
20160120,2329.7580000000003
20160119,2372.5
20160118,146.0
20160115,1080.3999999999999
20160114,635.8299999999999
20160113,446.03
20160112,0.0
20160111,900.0899999999999
20160108,1561.032
20160107,3322.1609999999996
20160106,0.0
20160105,2113.173
20160104,38.339999999999996
20151231,0.0
20151230,306.08099999999996
20151229,311.193
20151228,0.0
20151225,0.0
20151224,0.0
20151223,0.0
20151222,2306.79
20151221,843.75
20151218,201.924
20151217,63.9
20151216,840.285
20151215,1666.988
20151214,73.0
20151211,0.0
20151210,167.9
20151209,0.0
20151208,224.4
20151207,41.14
20151204,240.10800000000003
20151203,219.912
20151202,254.76999999999998
20151201,0.0
20151130,2.92
20151127,80.3
20151126,200.01999999999998
20151125,0.0
20151124,127.01999999999998
20151123,29.929999999999996
20151120,372.3
20151119,0.0
20151118,432.89599999999996
20151117,791.0319999999999
20151116,0.0
20151113,6.75
20151112,106.65
20151111,0.0
20151110,0.0
20151109,250.425
20151106,20.25
20151105,54.675
20151104,337.5
20151103,186.975
20151102,289.575
20151030,2.7
20151029,0.0
20151028,405.0
20151027,0.0
20151026,443.466
20151023,698.164
20151022,416.40000000000003
20151021,25.678000000000004
20151020,0.0
20151019,140.882
20151016,207.506
20151015,2843.1
20151014,652.05
20151013,51.12
20151012,0.0
20151009,0.0
20151008,159.75
20151007,408.96
20151006,59.427
20151005,37.701
20151002,23.643
20151001,0.0
20150930,3.195
20150929,1.9169999999999998
20150928,0.0
20150925,639.0
20150924,1646.8919999999998
20150923,652.6709999999999
20150922,735.264
20150921,4014.765
20150918,460.76800000000003
20150917,0.0
20150916,305.14
20150915,0.0
20150914,0.0
20150911,0.0
20150910,4.926
20150909,8.21
20150908,98.52000000000001
20150907,27.914
20150904,0.0
20150903,319.369
20150902,146.959
20150901,413.78400000000005
20150831,0.0
20150828,550.07
20150827,9.852
20150826,16.42
20150825,48.43900000000001
20150824,371.913
20150821,31.080000000000002
20150820,0.0
20150819,0.0
20150818,656.88
20150817,248.82
20150814,1429.6319999999998
20150813,699.924
20150812,3269.232
20150811,1287.72
20150810,2038.5430000000003
20150807,406.62999999999994
20150806,219.16400000000002
20150805,6.732
20150804,22.44
20150803,633.556
20150731,44.88
20150730,89.01200000000001
20150729,9.724
20150728,156.332
20150727,412.148
20150724,31.416000000000004
20150723,374.0
20150722,0.0
20150721,0.0
20150720,1526.6680000000001
20150717,929.2660000000001
20150716,38.864
20150715,900.8120000000001
20150714,2260.358
20150713,166.56
20150710,555.2
20150709,521.1
20150708,99.936
20150707,1078.476
20150706,3850.312
20150703,3606.2
20150702,19.448
20150701,224.4
20150630,462.264
20150629,0.0
20150626,437.58000000000004
20150625,216.92000000000002
20150624,968.6600000000001
20150623,245.718
20150622,489.02699999999993
20150619,0.0
20150618,1662.2099999999998
20150617,3022.4919999999997
20150616,3945.7000000000003
20150615,235.279
20150612,140.52499999999998
20150611,401.49999999999994
20150610,0.8029999999999999
20150609,1650.165
20150608,1960.1229999999998
20150605,1389.993
20150604,2007.4999999999998
20150603,432.81699999999995
20150602,328.42699999999996
20150601,2315.049
20150529,216.00699999999998
20150528,578.16
20150527,3244.923
20150526,1297.648
20150525,0.0
20150522,28.104999999999997
20150521,456.9069999999999
20150520,6661.688
20150519,9860.839999999998
20150518,2807.288
20150515,4058.3619999999996
20150514,1589.9399999999998
20150513,868.0429999999999
20150512,1204.5
20150511,420.77199999999993
20150508,634.37
20150507,1006.962
20150506,697.85
20150505,3794.6620000000003
20150504,0.0
20150501,834.1360000000001
20150430,2384.7599999999998
20150429,2956.844
20150428,3507.491
20150427,1787.877
20150424,281.48900000000003
20150423,3468.374
20150422,0.8029999999999999
20150421,2465.2099999999996
20150420,577.7599999999999
20150417,2690.0499999999997
20150416,1131.185
20150415,391.8639999999999
20150414,1022.2189999999999
20150413,10.439
20150410,351.71399999999994
20150409,736.351
20150408,2898.13
20150407,14197.553000000002
20150406,0.0
20150403,0.0
20150402,6722.715999999999
20150401,130.152
20150331,1862.5200000000002
20150330,14.6
20150327,9006.01
20150326,119.71999999999998
20150325,1194.28
20150324,122.64
20150323,4.38
20150320,8.030000000000001
20150319,1276.77
20150318,138.8
20150317,0.0
20150316,597.534
20150313,0.0
20150312,16.656
20150311,388.64000000000004
20150310,1520.1
20150309,33.75
20150306,52.65
20150305,456.975
20150304,0.0
20150303,40.584
20150302,0.0
20150227,797.44
20150226,347.45599999999996
20150225,534.0
20150224,95.408
20150223,375.22400000000005
20150220,31.328000000000003
20150219,173.72799999999998
20150218,427.2
20150217,569.6
20150216,1402.64
20150213,1171.952
20150212,1447.496
20150211,0.0
20150210,415.88800000000003
20150209,1701.7
20150206,39.160000000000004
20150205,195.8
20150204,166.44
20150203,81.03
20150202,574.51
20150130,1457.81
20150129,94.248
20150128,5.236
20150127,388.96000000000004
20150126,112.2
20150123,707.608
20150122,38.896
20150121,546.0400000000001
20150120,1645.6000000000001
20150119,2957.1340000000005
20150116,960.417
20150115,155.709
20150114,3455.82
20150113,48.580000000000005
20150112,0.0
20150109,0.0
20150108,793.2420000000001
20150107,72.87
20150106,1096.52
20150105,587.25
20150102,943.6500000000001
20150101,0.0
20141231,67.5
20141230,0.0
20141229,1012.5
20141226,0.0
20141225,0.0
20141224,112.05000000000001
20141223,20.25
20141222,0.0
20141219,192.375
20141218,175.5
20141217,1980.4499999999998
20141216,421.137
20141215,350.325
20141212,202.5
20141211,13.5
20141210,204.525
20141209,216.675
20141208,2446.2
20141205,3449.925
20141204,168.75
20141203,808.832
20141202,2338.208
20141201,210.38
20141128,23.549999999999997
20141127,0.0
20141126,367.37999999999994
20141125,659.4
20141124,978.1099999999999
20141121,7.85
20141120,793.3639999999999
20141119,12.315000000000001
20141118,615.7500000000001
20141117,454.01300000000003
20141114,495.884
20141113,1365.3230000000003
20141112,2651.009
20141111,1172.3799999999999
20141110,1487.1559999999997
20141107,96.35999999999999
20141106,890.5269999999999
20141105,488.22399999999993
20141104,101.98099999999998
20141103,4400.44
20141031,383.088
20141030,76.34
20141029,259.556
20141028,0.0
20141027,427.504
20141024,0.0
20141023,539.932
20141022,56.908
20141021,187.38000000000002
20141020,475.39000000000004
20141017,1526.8000000000002
20141016,1012.546
20141015,72.176
20141014,648.632
20141013,562.9780000000001
20141010,0.0
20141009,376.597
20141008,11329.904999999999
20141007,242.36
20141006,720.51
20141003,519.048
20141002,68.352
20141001,35.6
20140930,8653.648000000001
20140929,286.22400000000005
20140926,0.0
20140925,21.36
20140924,318.976
20140923,930.584
20140922,1559.28
20140919,335.104
20140918,477.074
20140917,51.389
20140916,45.253
20140915,25.311
20140912,548.405
20140911,425.47
20140910,244.915
20140909,72.27
20140908,419.96899999999994
20140905,787.7429999999999
20140904,1149.75
20140903,1640.448
20140902,776.72
20140901,329.7
20140829,1146.684
20140828,0.0
20140827,41.050000000000004
20140826,819.0
20140825,0.0
20140822,1756.44
20140821,1995.0
20140820,1772.1480000000001
20140819,2280.5939999999996
20140818,7326.864
20140815,178.79999999999998
20140814,195.78599999999997
20140813,125.16
20140812,223.5
20140811,288.76199999999994
20140808,0.0
20140807,448.788
20140806,371.904
20140805,0.0
20140804,130.524
20140801,117.11399999999999
20140731,232.44
20140730,1084.422
20140729,657.36
20140728,1077.3400000000001
20140725,689.2739999999999
20140724,893.106
20140723,5307.269
20140722,129.64600000000002
20140721,139.68900000000002
20140718,1521.058
20140717,456.50000000000006
20140716,919.3910000000001
20140715,377.98600000000005
20140714,777.385
20140711,959.563
20140710,1689.9630000000002
20140709,542.322
20140708,233.72800000000004
20140707,1948.5830000000003
20140704,175.959
20140703,100.54800000000002
20140702,1619.0090000000002
20140701,1741.901
20140630,4923.128
20140627,934.2299999999999
20140626,2151.9410000000003
20140625,5763.186000000001
20140624,19325.04
20140623,2310.0
20140620,179.76
20140619,100.80000000000001
20140618,472.92
20140617,3115.56
20140616,6579.839999999999
20140613,21047.977
20140612,37.68
20140611,2161.105
20140610,1048.76
20140609,752.815
20140606,1292.8949999999998
20140605,1012.65
20140604,56.848
20140603,378.48800000000006
20140602,381.48
20140530,711.009
20140529,342.082
20140528,355.51
20140527,985.116
20140526,0.0
20140523,11.032
20140522,344.383
20140521,55.991
20140520,1299.298
20140519,1614.104
20140516,2835.896
20140515,3821.9610000000002
20140514,2713.646
20140513,11830.975
20140512,5182.29
20140509,16005.722000000002
20140508,883.884
20140507,264.55199999999996
20140506,143.664
20140505,0.0
20140502,343.2
20140501,1058.7720000000002
20140430,216.72000000000003
20140429,842.52
20140428,2710.68
20140425,248.53199999999998
20140424,389.784
20140423,2074.9739999999997
20140422,3950.6870000000004
20140421,0.0
20140418,0.0
20140417,3055.72
20140416,3530.28
20140415,4204.07
20140414,2633.724
20140411,7903.853999999999
20140410,59229.456
20140409,2005.894
20140408,189.185
20140407,3297.785
20140404,3837.08
20140403,753.2139999999999
20140402,1081.73
20140401,0.0
20140331,346.185
20140328,2582.65
20140327,224.51
20140326,2405.24
20140325,1151.5949999999998
20140324,3541.9199999999996
20140321,2528.485
20140320,3559.975
20140319,1609.212
20140318,2568.909
20140317,0.0
20140314,144.144
20140313,2541.3959999999997
20140312,1338.48
20140311,2714.712
20140310,840.0
20140307,2755.2000000000003
20140306,3713.424
20140305,826.9440000000001
20140304,2032.062
20140303,637.4219999999999
20140228,193.104
20140227,2799.114
20140226,175.2
20140225,115.83
20140224,2310.594
20140221,720.72
20140220,824.538
20140219,1169.352
20140218,4267.955999999999
20140217,911.88
20140214,1256.07
20140213,1386.489
20140212,1659.042
20140211,1215.6689999999999
20140210,9028.879
20140207,1107.2640000000001
20140206,734.964
20140205,1156.32
20140204,1296.3
20140203,1459.8870000000002
20140131,1326.7020000000002
20140130,409.968
20140129,236.91
20140128,1357.092
20140127,6103.338
20140124,1425.398
20140123,3042.494
20140122,1453.364
20140121,1703.808
20140120,1541.118
20140117,2180.046
20140116,1437.588
20140115,729.64
20140114,5070.012
20140113,4424.628
20140110,3069.0660000000003
20140109,1338.8200000000002
20140108,2083.1200000000003
20140107,1021.6349999999999
20140106,1580.085
20140103,901.185
20140102,1507.8149999999998
20140101,0.0
20131231,3145.935
20131230,13710.784000000001
20131227,6890.754
20131226,0.0
20131225,0.0
20131224,1618.74
20131223,3026.4
20131220,379.822
20131219,1171.2060000000001
20131218,1072.8120000000001
20131217,1896.9940000000001
20131216,1301.0159999999998
20131213,2221.851
20131212,5208.372
20131211,4311.231
20131210,5926.916
20131209,4307.118
20131206,3348.57
20131205,326.92199999999997
20131204,1658.9440000000002
20131203,4480.74
20131202,4748.74
20131129,102.315
20131128,1737.201
20131127,2575.107
20131126,705.435
20131125,471.945
20131122,5849.928000000001
20131121,663.424
20131120,1096.9080000000001
20131119,725.898
20131118,3178.785
20131115,6165.150000000001
20131114,7787.787
20131113,191.28399999999996
20131112,771.052
20131111,965.0659999999999
20131108,1186.158
20131107,1512.524
20131106,711.836
20131105,867.456
20131104,523.084
20131101,1384.5159999999998
20131031,1585.316
20131030,798.18
20131029,1450.78
20131028,1091.348
20131025,2197.756
20131024,1368.452
20131023,2147.556
20131022,1782.1
20131021,3245.932
20131018,2930.7200000000003
20131017,5620.16
20131016,3573.8430000000003
20131015,21625.728000000003
20131014,12973.688
20131011,57760.119999999995
20131010,2097.655
20131009,16.8
20131008,1387.386
20131007,2428.9979999999996
20131004,277.108
20131003,149.885
20131002,40.614000000000004
20131001,1443.731
20130930,1341.2289999999998
20130927,1877.344
20130926,961.8319999999999
20130925,2513.0119999999997
20130924,1021.4959999999999
20130923,627.096
20130920,4969.44
20130919,1730.976
20130918,1000.845
20130917,3063.3720000000003
20130916,4558.0470000000005
20130913,7958.621000000001
20130912,10421.895
20130911,15193.92
20130910,70591.75200000001
20130909,4591.224
20130906,3182.0699999999997
20130905,510.27000000000004
20130904,1251.95
20130903,3536.85
20130902,4193.12
20130830,9497.3
20130829,1336.07
20130828,4416.159000000001
20130827,1862.202
20130826,0.0
20130823,2450.454
20130822,1730.729
20130821,751.399
20130820,1476.321
20130819,3377.187
20130816,4513.872
20130815,4933.6320000000005
20130814,7936.038
20130813,8435.775000000001
20130812,9328.154999999999
20130809,6311.76
20130808,42816.342
20130807,2416.008
20130806,2140.0679999999998
20130805,65996.43
20130802,2022.1
20130801,530.656
20130731,676.298
20130730,576.8
20130729,89.385
20130726,0.0
20130725,889.3050000000001
20130724,1224.12
20130723,855.975
20130722,159.07500000000002
20130719,144.102
20130718,64.38600000000001
20130717,45.99
20130716,651.525
20130715,694.449
20130712,1333.71
20130711,803.292
20130710,12.264000000000001
20130709,375.585
20130708,746.571
20130705,35.259
20130704,0.0
20130703,33.726000000000006
20130702,91.98
20130701,1108.359
20130628,62.852999999999994
20130627,76.65
20130626,62.852999999999994
20130625,9.198
20130624,0.0
20130621,2036.16
20130620,2205.987
20130619,205.056
20130618,1781.424
20130617,1503.744
20130614,2830.94
20130613,474.54900000000004
20130612,489.51900000000006
20130611,179.64000000000001
20130610,1483.944
20130607,2019.4530000000002
20130606,1005.04
20130605,3983.21
20130604,839.31
20130603,2264.488
20130531,1006.792
20130530,635.2
20130529,1402.204
20130528,7978.112
20130527,0.0
20130524,596.496
20130523,3884.16
20130522,330.32500000000005
20130521,521.95
20130520,4350.8
20130517,3754.0249999999996
20130516,5918.475
20130515,5161.955999999999
20130514,6079.294000000001
20130513,2357.3160000000003
20130510,2444.6240000000003
20130509,3725.7740000000003
20130508,4431.83
20130507,3458.38
20130506,0.0
20130503,3684.8
20130502,2938.4400000000005
20130501,4841.0
20130430,2769.2400000000002
20130429,4944.400000000001
20130426,7734.195000000001
20130425,1342.89
20130424,3226.527
20130423,492.75
20130422,2302.128
20130419,3153.6000000000004
20130418,910.0980000000001
20130417,15459.948000000002
20130416,6753.474000000001
20130415,4405.552
20130412,1624.98
20130411,2375.128
20130410,1096.066
20130409,3252.9599999999996
20130408,2781.08
20130405,10732.095000000001
20130404,32933.439000000006
20130403,7455.68
20130402,323616.895
20130401,0.0
20130329,0.0
20130328,881.0370000000001
20130327,999.2970000000001
20130326,3808.0800000000004
20130325,72.80799999999999
20130322,53.647999999999996
20130321,4958.608
20130320,2928.906
20130319,950.742
20130318,4135.066
20130315,5839.7080000000005
20130314,6867.84
20130313,2283.148
20130312,3560.648
20130311,2091.4049999999997
20130308,2226.67
20130307,2241.237
20130306,1471.267
20130305,5576.032
20130304,3993.246
20130301,482.792
20130228,0.0
20130227,2559.6299999999997
20130226,4082.3900000000003
20130225,611.736
20130222,781.4100000000001
20130221,736.575
20130220,1779.2039999999997
20130219,3722.112
20130218,8651.895
20130215,2248.776
20130214,473.88
20130213,3631.5839999999994
20130212,3787.3130000000006
20130211,9050.887999999999
20130208,3339.5310000000004
20130207,1263.555
20130206,539.865
20130205,592.1100000000001
20130204,6536.43
20130201,12614.108
20130131,10004.358
20130130,6449.404
20130129,2003.1200000000001
20130128,7914.368
20130125,5425.992
20130124,9672.842
20130123,2508.305
20130122,1219.466
20130121,1136.586
20130118,2131.3520000000003
20130117,856.436
20130116,1557.5280000000002
20130115,6434.451999999999
20130114,4421.61
20130111,848.625
20130110,4935.603
20130109,12453.384
20130108,11969.663999999999
20130107,26192.399999999998
20130104,2099.0
20130103,2635.236
20130102,3360.3360000000002
20130101,0.0
20121231,331.128
20121228,10937.444000000001
20121227,6907.950000000001
20121226,0.0
20121225,0.0
20121224,2657.6059999999998
20121221,21863.5
20121220,4928.839999999999
20121219,1106.836
20121218,955.9760000000001
20121217,3917.0339999999997
20121214,354.926
20121213,34.104
20121212,2241.12
20121211,2906.9599999999996
20121210,735.027
20121207,351.84799999999996
20121206,1835.666
20121205,3187.945
20121204,2956.1200000000003
20121203,5521.974
20121130,468.348
20121129,451.981
20121128,742.81
20121127,473.384
20121126,338.671
20121123,599.284
20121122,644.1120000000001
20121121,637.6320000000001
20121120,886.4640000000002
20121119,1642.5
20121116,2645.0820000000003
20121115,4204.224
20121114,1942.65
20121113,499.5
20121112,71.55
20121109,0.0
20121108,4797.9
20121107,3786.75
20121106,291.708
20121105,733.212
20121102,1536.066
20121101,2278.3680000000004
20121031,2380.914
20121030,2695.4519999999998
20121029,15759.459
20121026,4695.152
20121025,1577.026
20121024,536.5139999999999
20121023,2128.392
20121022,7184.103
20121019,4303.130999999999
20121018,1938.615
20121017,9094.275
20121016,8633.985
20121015,2364.7999999999997
20121012,5272.2
20121011,30.3
20121010,137.865
20121009,1368.969
20121008,604.002
20121005,3392.529
20121004,3801.84
20121003,3584.49
20121002,5515.356000000001
20121001,5833.311000000001
20120928,584.7900000000001
20120927,884.76
20120926,2814.8700000000003
20120925,4181.400000000001
20120924,7064.805
20120921,257.95099999999996
20120920,299.026
20120919,670.3439999999999
20120918,1684.075
20120917,303.955
20120914,1112.311
20120913,842.8559999999999
20120912,209.49599999999998
20120911,876.9599999999999
20120910,3714.678
20120907,5257.065
20120906,1685.915
20120905,7589.1089999999995
20120904,2495.7239999999997
20120903,11951.288
20120831,2569.5669999999996
20120830,16640.569
20120829,23620.649999999998
20120828,856.436
20120827,0.0
20120824,192.47000000000003
20120823,1900.3880000000001
20120822,2945.1240000000003
20120821,2273.2920000000004
20120820,2035.824
20120817,389.718
20120816,104.94999999999999
20120815,293.85999999999996
20120814,2317.296
20120813,971.8369999999999
20120810,4.1979999999999995
20120809,3358.3999999999996
20120808,600.314
20120807,2506.206
20120806,1695.9919999999997
20120803,957.03
20120802,1867.518
20120801,1042.44
20120731,828.405
20120730,168.375
20120727,273.921
20120726,38.471
20120725,1714.79
20120724,2733.7039999999997
20120723,853.3000000000001
20120720,3852.5159999999996
20120719,343.97599999999994
20120718,756.565
20120717,1692.73
20120716,1227.077
20120713,2989.423
20120712,2916.7679999999996
20120711,549.7919999999999
20120710,1662.6239999999998
20120709,4760.447999999999
20120706,9320.052
20120705,5184.53
20120704,2444.816
20120703,1507.892
20120702,1129.31
20120629,7281.405000000001
20120628,5985.584
20120627,3723.0
20120626,6981.282
20120625,5017.5
20120622,3957.349
20120621,1239.175
20120620,1231.0720000000001
20120619,2602.127
20120618,2200.608
20120615,972.0000000000001
20120614,3011.45
20120613,357.11
20120612,754.11
20120611,1850.1120000000003
20120608,334.49
20120607,2693.931
20120606,722.953
20120605,0.0
20120604,0.0
20120601,1456.9340000000002
20120531,1231.5100000000002
20120530,8975.789999999999
20120529,1409.9220000000003
20120528,2763.605
20120525,1758.262
20120524,901.802
20120523,2544.19
20120522,3947.475
20120521,78.08900000000001
20120518,675.104
20120517,3159.586
20120516,1208.7340000000002
20120515,946.08
20120514,2670.048
20120511,5845.11
20120510,1130.112
20120509,1440.144
20120508,3947.256
20120507,0.0
20120504,7397.568
20120503,586.3
20120502,2958.1499999999996
20120501,869.868
20120430,1760.76
20120427,7046.259999999999
20120426,16235.711000000001
20120425,14471.958
20120424,5277.312
20120423,3957.984
20120420,228.09600000000003
20120419,292.896
20120418,251.424
20120417,2358.7200000000003
20120416,2886.1949999999997
20120413,1396.4170000000001
20120412,5696.409000000001
20120411,4687.200999999999
20120410,2332.715
20120409,0.0
20120406,0.0
20120405,6221.425
20120404,5701.1539999999995
20120403,3247.7760000000003
20120402,9841.824
20120330,13268.115
20120329,26228.448
20120328,46751.35
20120327,2549.89
20120326,5102.992
20120323,5089.5599999999995
20120322,2882.916
20120321,3400.6320000000005
20120320,707.735
20120319,1898.365
20120316,6829.009000000001
20120315,6642.944
20120314,2599.52
20120313,14613.12
20120312,18949.65
20120309,5181.69
20120308,488.915
20120307,0.0
20120306,744.9959999999999
20120305,657.9839999999999
20120302,662.4
20120301,4552.896
20120229,4142.208
20120228,362.11199999999997
20120227,638.112
20120224,209.76
20120223,4780.32
20120222,536.3309999999999
20120221,760.368
20120220,5428.0
20120217,3037.628
20120216,13381.124999999998
20120215,10736.975999999999
20120214,7829.249999999999
20120213,2080.208
20120210,2920.112
20120209,3073.572
20120208,1986.4679999999998
20120207,2595.1499999999996
20120206,296.98
20120203,6063.0
20120202,2510.8320000000003
20120201,2658.756
20120131,564.0
20120130,0.0
20120127,705.0
20120126,1518.632
20120125,3414.08
20120124,2021.355
20120123,3531.3750000000005
20120120,41.75600000000001
20120119,178.412
20120118,390.864
20120117,479.0
20120116,285.48400000000004
20120113,1689.912
20120112,19.35
20120111,4500.81
20120110,1728.178
20120109,618.6
20120106,579.422
20120105,728.3499999999999
20120104,736.749
20120103,3072.9359999999997
20120102,0.0
20111230,1332.865
20111229,302.73100000000005
20111228,9776.165
20111227,0.0
20111226,0.0
20111223,107.67500000000001
20111222,51.099999999999994
20111221,18.25
20111220,36.5
20111219,54.75
20111216,51.099999999999994
20111215,456.25
20111214,8395.0
20111213,620.5
20111212,196.224
20111209,49.056
20111208,1709.9519999999998
20111207,175.2
20111206,60.06
20111205,8.58
20111202,2004.288
20111201,105.77399999999999
20111130,728.28
20111129,39.03099999999999
20111128,0.0
20111125,273.217
20111124,0.0
20111123,0.0
20111122,475.15999999999997
20111121,0.0
20111118,1527.654
20111117,1098.5040000000001
20111116,220.75199999999998
20111115,92.856
20111114,357.40799999999996
20111111,773.916
20111110,657.228
20111109,68.191
20111108,276.45
20111107,74.48
20111104,0.0
20111103,755.7600000000001
20111102,1439.361
20111101,4548.584
20111031,0.0
20111028,51.967999999999996
20111027,1014.9999999999999
20111026,123.42399999999998
20111025,1461.6
20111024,0.0
20111021,15.51
20111020,6.204000000000001
20111019,117.87599999999999
20111018,15.51
20111017,155.1
20111014,151.5
20111013,406.245
20111012,160.6
20111011,0.0
20111010,905.7839999999999
20111007,435.226
20111006,405.99999999999994
20111005,187.902
20111004,1143.5279999999998
20111003,140.851
20110930,1323.6599999999999
20110929,0.0
20110928,35.04
20110927,590.4240000000001
20110926,206.73600000000002
20110923,598.98
20110922,915.456
20110921,3169.96
20110920,0.0
20110919,1515.12
20110916,784.75
20110915,0.0
20110914,858.325
20110913,27.645
20110912,97.679
20110909,0.0
20110908,739.043
20110907,7.372
20110906,0.0
20110905,1293.786
20110902,13.545
20110901,0.0
20110831,296.05500000000006
20110830,0.0
20110826,483.75000000000006
20110825,690.7950000000001
20110824,3758.04
20110823,0.0
20110822,433.5
20110819,477.9
20110818,880.726
20110817,0.0
20110816,343.72800000000007
20110815,3220.4970000000003
20110812,1394.6380000000001
20110811,0.0
20110810,975.864
20110809,4441.048999999999
20110808,640.56
20110805,1417.076
20110804,3281.58
20110803,3059.2679999999996
20110802,1360.92
20110801,0.0
20110729,180.276
20110728,2000.4119999999998
20110727,766.7159999999999
20110726,536.4839999999999
20110725,2082.948
20110722,2048.196
20110721,1488.0950000000003
20110720,2072.088
20110719,8430.088
20110718,1487.751
20110715,1820.25
20110714,1723.17
20110713,0.0
20110712,1698.8999999999999
20110711,0.0
20110708,457.402
20110707,3094.784
20110706,8836.707
20110705,8044.96
20110704,3820.542
20110701,1357.8
20110630,2378.016
20110629,2.081
20110628,1700.177
20110627,347.48
20110624,6213.866
20110623,1552.1839999999997
20110622,299.736
20110621,2356.62
20110620,2366.9759999999997
20110617,6094.08
20110616,0.0
20110615,2435.2799999999997
20110614,1223.904
20110613,1470.6399999999999
20110610,12488.58
20110609,17797.115999999998
20110608,6842.143999999999
20110607,3295.6600000000003
20110606,4815.8099999999995
20110603,7607.928
20110602,777.14
20110601,34482.335999999996
20110531,6802.896
20110527,3427.353
20110526,6061.893999999999
20110525,1990.938
20110524,4801.411999999999
20110523,4421.585
20110520,10597.68
20110519,2906.6410000000005
20110518,2154.0
20110517,2464.226
20110516,1152.9
20110513,1105.011
20110512,3450.1600000000003
20110511,8870.374
20110510,10166.856
20110509,10036.18
20110506,3242.9669999999996
20110505,2275.045
20110504,569.1809999999999
20110503,0.0
20110428,0.0
20110427,24654.732
20110426,963.732
20110421,2939.4719999999998
20110420,1612.776
20110419,2039.04
20110418,15994.008
20110415,1837.0659999999998
20110414,12665.125
20110413,0.0
20110412,431.503
20110411,13.432
20110408,443.256
20110407,2350.6
20110406,1188.732
20110405,2028.2319999999997
20110404,3077.339
20110401,1737.7649999999999
20110331,2231.3759999999997
20110330,427.18
20110329,865.861
20110328,2771.741
20110325,2112.182
20110324,1793.7289999999998
20110323,4890.754
20110322,1993.1999999999998
20110321,1321.936
20110318,1260.872
20110317,167.98999999999998
20110316,806.9799999999999
20110315,4759.599999999999
20110314,951.232
20110311,312.44
20110310,221.7
20110309,545.382
20110308,1571.8500000000001
20110307,2747.5
20110304,0.0
20110303,1295.085
20110302,1105.28
20110301,0.0
20110228,1335.243
20110225,1005.94
20110224,533.558
20110223,4878.3
20110222,4519.9439999999995
20110221,120.35999999999999
20110218,4709.97
20110217,984.9119999999999
20110216,2806.8379999999997
20110215,0.0
20110214,1109.838
20110211,1139.4240000000002
20110210,307.257
20110209,1234.0649999999998
20110208,822.7099999999999
20110207,16306.448
20110204,9323.706
20110203,1968.0800000000002
20110202,718.5600000000001
20110201,2383.2239999999997
20110131,22333.743000000002
20110128,0.0
20110127,294.32
20110126,189.04399999999998
20110125,3212.616
20110124,67.85000000000001
20110121,0.0
20110120,443.44
20110119,1277.3000000000002
20110118,892.6310000000001
20110117,295.218
20110114,38.339999999999996
20110113,1016.0640000000002
20110112,1709.514
20110111,3420.342
20110110,1534.95
20110107,811.395
20110106,1442.48
20110105,1160.9189999999999
20110104,1421.675
20101231,273.8
20101230,1721.3400000000001
20101229,2803.95
20101227,0.0
20101224,6291.0
20101223,2480.23
20101222,1186.0
20101221,5202.272
20101220,4307.31
20101217,1107.4350000000002
20101216,10302.782
20101215,616.4559999999999
20101214,290.1
20101213,0.0
20101210,580.2
20101209,189.8
20101208,113.88
20101207,39.858000000000004
20101206,37.96
20101203,11.388
20101202,45.552
20101201,9.49
20101130,4.745
20101129,13.286
20101126,349.23199999999997
20101125,10.439000000000002
20101124,0.0
20101123,881.6210000000001
20101122,260.0
20101119,139.656
20101118,0.0
20101117,254.978
20101116,610.659
20101115,161.54999999999998
20101112,1630.455
20101111,27.375
20101110,0.0
20101109,187.245
20101108,0.0
20101105,492.74999999999994
20101104,2000.6779999999999
20101103,688.8280000000001
20101102,1706.8
20101101,829.3039999999999
20101029,74.29599999999999
20101028,688.7439999999999
20101027,0.0
20101026,337.212
20101025,29.58
20101022,0.0
20101021,94.9
20101020,14.235
20101019,0.0
20101018,0.0
20101015,14.235
20101014,301.44
20101013,0.0
20101012,0.0
20101011,270.46500000000003
20101008,288.0
20101007,2.044
20101006,0.0
20101005,614.952
20101004,402.376
20101001,1382.535
20100930,18.62
20100929,9.31
20100928,0.0
20100927,0.0
20100924,335.306
20100923,0.0
20100922,465.01
20100921,0.0
20100920,429.897
20100917,6.108
20100916,511.00000000000006
20100915,5390.1939999999995
20100914,917.76
20100913,208.79999999999998
20100910,839.9150000000001
20100909,237.25
20100908,1283.75
20100907,0.0
20100906,408.8
20100903,0.0
20100902,40.104000000000006
20100901,207.20400000000004
20100831,0.0
20100830,0.0
20100827,44.934999999999995
20100826,0.0
20100825,101.36499999999998
20100824,5.225
20100823,1.045
20100820,16.72
20100819,1654.4
20100818,309.3
20100817,0.0
20100816,125.82400000000001
20100813,493.0
20100812,0.0
20100811,0.0
20100810,108.30399999999999
20100809,972.8019999999999
20100806,0.0
20100805,68.25
20100804,44.699999999999996
20100803,2260.926
20100802,0.0
20100730,0.0
20100729,11.172
20100728,93.10000000000001
20100727,0.0
20100726,53.06700000000001
20100723,0.0
20100722,34.447
20100721,0.0
20100720,1091.3500000000001
20100719,19.0
20100716,1758.2849999999999
20100715,2279.08
20100714,4555.0
20100713,465.5
20100712,2070.6
20100709,2465.0
20100708,59.22
20100707,0.0
20100706,59.22
20100705,0.0
20100702,27.635999999999996
20100701,17.766
20100630,0.0
20100629,375.05999999999995
20100628,159.89399999999998
20100625,803.418
20100624,0.0
20100623,98.69999999999999
20100622,40.425999999999995
20100621,1221.3899999999999
20100618,0.0
20100617,1533.0
20100616,503.5
20100615,408.07
20100614,871.624
20100611,0.0
20100610,213.20999999999998
20100609,293.09999999999997
20100608,0.0
20100607,111.033
20100604,0.0
20100603,0.0
20100602,0.0
20100601,0.0
20100531,0.0
20100528,0.0
20100527,0.0
20100526,45.650000000000006
20100525,279.3
20100524,887.4
20100521,0.0
20100520,82396.29299999999
20100519,82396.29299999999
20100518,1005.9390000000001
20100517,931.0
20100514,0.0
20100513,0.0
20100512,10.08
20100511,146.61599999999999
20100510,557.326
20100507,79.716
20100506,43.515
20100505,356.823
20100504,676.9
20100503,0.0
20100430,0.0
20100429,0.0
20100428,0.0
20100427,0.0
20100426,24.175
20100423,0.0
20100422,55.119
20100421,389.70099999999996
20100420,0.0
20100419,173.425
20100416,0.0
20100415,0.0
20100414,0.0
20100413,1040.104
20100412,34.965
20100409,28.352
20100408,8.86
20100407,454.518
20100406,29010.0
20100405,0.0
20100402,0.0
20100401,9752.195
20100331,29.009999999999998
20100330,0.0
20100329,1395.03
20100326,101.5
20100325,0.0
20100324,1531.6860000000001
20100323,0.0
20100322,0.0
20100319,3942.0
20100318,919.8
20100317,215.946
20100316,2351.25
20100315,144.375
20100312,21.990000000000002
20100311,112.42
20100310,460.2
20100309,0.0
20100308,164.20000000000002
20100305,459.76000000000005
20100304,260.17199999999997
20100303,166.4
20100302,267.73199999999997
20100301,945.0
20100226,0.0
20100225,118.44
20100224,0.0
20100223,323.55400000000003
20100222,0.0
20100219,175.2
20100218,5.88
20100217,0.0
20100216,8.25
20100215,185.39999999999998
20100212,0.0
20100211,0.0
20100210,0.0
20100209,0.0
20100208,70.60600000000001
20100205,0.0
20100204,87.03
20100203,0.0
20100202,8.99
20100201,26.97
20100129,5386.095
20100128,0.0
20100127,0.0
20100126,7.947
20100125,319.81300000000005
20100122,718.481
20100121,10.637
20100120,0.0
20100119,4.016
20100118,106.42399999999999
20100115,6447.0
20100114,185.79999999999998
20100113,0.0
20100112,83.34
20100111,593.3639999999999
20100108,1028.398
20100107,212.976
20100106,956.8240000000001
20100105,134.09599999999998
20100104,85.78199999999998
20091231,65.076
20091230,69.02
20091229,379.51199999999994
20091224,69.02
20091223,0.0
20091222,2009.468
20091221,1967.277
20091218,0.0
20091217,217.0
20091216,3834.6600000000003
20091215,6.391
20091214,0.0
20091211,55.503
20091210,211.44
20091209,35.24
20091208,11.112
20091207,7.929
20091204,175.2
20091203,256.502
20091202,110.00000000000001
20091201,48.389
20091130,44.675999999999995
20091127,0.0
20091126,293.46
20091125,445.0
20091124,0.0
20091123,230.265
20091120,208.78
20091119,0.0
20091118,115.77799999999999
20091117,52.69
20091116,194.54500000000002
20091112,0.9490000000000001
20091111,0.0
20091110,25.375
20091109,0.0
20091106,0.0
20091105,32.504
20091104,0.0
20091103,0.0
20091102,10.73
20091030,6161.0
20091029,5.2
20091028,0.0
20091027,214.62
20091026,0.0
20091023,236.9
20091022,159.885
20091021,155.70499999999998
20091020,159.9
20091019,793.8659999999999
20091016,140.585
20091015,297.567
20091014,10.356
20091013,0.0
20091012,662.454
20091009,559.644
20091008,0.0
20091007,0.0
20091006,140.358
20091005,0.0
20091002,0.0
20091001,69.375
20090930,64.82
20090929,76.69200000000001
20090928,24.678000000000004
20090925,0.0
20090924,192.8
20090923,19.95
20090922,37.05
20090921,138.853
20090918,856.436
20090917,289.964
20090916,195.334
20090915,340.20000000000005
20090914,889.1400000000001
20090911,558.4499999999999
20090910,695.3249999999999
20090909,7533.57
20090908,1038.366
20090907,2269.424
20090904,123.9
20090903,116.82000000000001
20090902,561.6800000000001
20090901,614.0
20090831,0.0
20090828,340.15599999999995
20090827,425.632
20090826,738.176
20090825,1243.964
20090824,418.84000000000003
20090821,1821.047
20090820,9499.015
20090819,17783.896
20090818,685.174
20090817,458.87800000000004
20090814,364.5
20090813,0.0
20090812,580.013
20090811,131.88
20090810,591.0849999999999
20090807,288.252
20090806,473.84499999999997
20090805,1716.6259999999997
20090804,387.979
20090803,992.7400000000001
20090731,3144.375
20090730,0.0
20090729,10.847999999999999
20090728,132.132
20090727,799.788
20090724,76.44
20090723,24.299999999999997
20090722,203.28
20090721,329.472
20090720,143.64000000000001
20090717,293.787
20090716,289.33299999999997
20090715,458.432
20090714,0.0
20090713,205.75100000000003
20090710,434.304
20090709,347.08500000000004
20090708,237.17499999999998
20090707,0.0
20090706,709.8779999999999
20090703,1570.635
20090702,11814.320000000002
20090701,20.304
20090630,24.208
20090629,18.700000000000003
20090626,172.17600000000002
20090625,0.0
20090624,27.301999999999996
20090623,219.0
20090622,841.0
20090619,0.0
20090618,42.74400000000001
20090617,0.0
20090616,12.330000000000002
20090615,260.17199999999997
20090612,72.708
20090611,83.742
20090610,432.82399999999996
20090609,42.126
20090608,0.0
20090605,0.0
20090604,120.125
20090603,231.0
20090602,263.172
20090601,551.88
20090529,86.0
20090528,543.696
20090527,2641.247
20090526,3815.929
20090525,0.0
20090522,0.0
20090521,27.76
20090520,362.032
20090519,391.17
20090518,0.0
20090515,239.36
20090514,71.7
20090513,10.989999999999998
20090512,307.87500000000006
20090511,35.303000000000004
20090508,96.057
20090507,94.415
20090506,406.464
20090505,1256.64
20090504,0.0
20090501,1467.6840000000002
20090430,322.46
20090429,0.0
20090428,173.848
20090427,619.643
20090424,51.246
20090423,65.7
20090422,75.9
20090421,49.932
20090420,913.8870000000001
20090417,167.4
20090416,837.0
20090415,1563.75
20090414,0.0
20090413,0.0
20090410,0.0
20090409,0.0
20090408,0.0
20090407,146.331
20090406,191.7
20090403,412.34400000000005
20090402,0.0
20090401,422.43600000000004
20090331,0.0
20090330,73.0
20090327,83.95
20090326,925.64
20090325,6355.38
20090324,0.0
20090323,313.243
20090320,10.22
20090319,18.907000000000004
20090318,65.55
20090317,4.208
20090316,127.29199999999999
20090313,92.05
20090312,0.0
20090311,0.0
20090310,0.0
20090309,0.0
20090306,0.0
20090305,0.0
20090304,263.0
20090303,0.0
20090302,95.46
20090227,832.5
20090226,19.645999999999997
20090225,29.2
20090224,0.0
20090223,0.0
20090220,0.0
20090219,51.7
20090218,0.0
20090217,132.068
20090216,0.0
20090213,164.4
20090212,103.02400000000002
20090211,0.0
20090210,139.0
20090209,140.25
20090206,1.683
20090205,0.0
20090204,0.0
20090203,0.0
20090202,7.854
20090130,0.0
20090129,14.586000000000002
20090128,0.0
20090127,0.0
20090126,0.0
20090123,0.0
20090122,0.0
20090121,39.550000000000004
20090120,0.0
20090119,0.0
20090116,19.21
20090115,139.802
20090114,0.0
20090113,1353.841
20090112,106.76
20090109,266.90000000000003
20090108,63.4
20090107,1370.0
20090106,108.0
20090105,0.0
20090102,0.0
20090101,0.0
20081231,0.0
20081230,94.67999999999999
20081229,15.870000000000001
20081226,0.0
20081225,0.0
20081224,0.0
20081223,142.01999999999998
20081222,0.0
20081219,78.89999999999999
20081218,52.599999999999994
20081217,0.0
20081216,161.482
20081215,9.64
20081212,246.16799999999998
20081211,9.72
20081210,18.316
20081209,0.0
20081208,2.41
20081205,0.0
20081204,290.44
20081203,0.0
20081202,26.299999999999997
20081201,0.0
20081128,0.0
20081127,3.1559999999999997
20081126,364.635
20081125,0.0
20081124,522.2420000000001
20081121,0.0
20081120,169.14100000000002
20081119,0.0
20081118,0.0
20081117,0.0
20081114,0.0
20081113,0.0
20081112,5.98
20081111,153.3
20081110,54.800000000000004
20081107,6.5760000000000005
20081106,109.60000000000001
20081105,65.212
20081104,0.0
20081103,18.15
20081031,0.55
20081030,21.92
20081029,173.716
20081028,274.0
20081027,0.0
20081024,16.5
20081023,636.9
20081022,85.068
20081021,1460.0
20081020,158.92000000000002
20081017,0.0
20081016,0.0
20081015,180.711
20081014,255.50000000000003
20081013,0.0
20081010,33.726
20081009,178.85000000000002
20081008,54.800000000000004
20081007,0.0
20081006,0.0
20081003,139.995
20081002,1.647
20081001,221.06699999999998
20080930,1726.056
20080929,1.242
20080926,66.3
20080925,7.9559999999999995
20080924,328.5
20080923,4.641
20080922,2.19
20080919,0.0
20080918,93.48299999999999
20080917,131.4
20080916,0.0
20080915,351.91999999999996
20080912,0.0
20080911,52.456
20080910,25.311
20080909,0.0
20080908,13.28
20080905,278.88
20080904,0.0
20080903,2438.0220000000004
20080902,745.2
20080901,45.072
20080829,36.308
20080828,11.268
20080827,0.0
20080826,485.8
20080825,0.0
20080822,0.0
20080821,0.0
20080820,3285.0
20080819,4270.5
20080818,1406.58
20080815,0.0
20080814,830.7180000000001
20080813,0.0
20080812,69.7
20080811,36.1
20080808,423.404
20080807,1087.7
20080806,44.676
20080805,35.6
20080804,0.0
20080801,1606.0
20080731,3643.5
20080730,9649.8
20080729,0.0
20080728,125.8
20080725,0.0
20080724,466.718
20080723,1077.48
20080722,642.735
20080721,1024.2630000000001
20080718,0.0
20080717,0.0
20080716,0.0
20080715,310.5
20080714,192.51
20080711,0.0
20080710,176.364
20080709,49.68
20080708,16.767
20080707,72.036
20080704,0.0
20080703,97.188
20080702,2174.996
20080701,56.07000000000001
20080630,138.8
20080627,347.634
20080626,0.0
20080625,17.16
20080624,11.934
20080623,65.7
20080620,99.20700000000001
20080619,651.744
20080618,696.3600000000001
20080617,203.76399999999998
20080616,4.215
20080613,0.0
20080612,10.959
20080611,213.74399999999997
20080610,211.14
20080609,0.0
20080606,1279.836
20080605,442.5
20080604,0.0
20080603,1117.8
20080602,54.746
20080530,0.0
20080529,1059.6
20080528,354.78
20080527,105.60000000000001
20080526,0.0
20080523,0.0
20080522,273.90000000000003
20080521,276.0
20080520,0.0
20080519,0.0
20080516,432.915
20080515,729.358
20080514,0.0
20080513,3380.338
20080512,78.76700000000001
20080509,535.275
20080508,2488.2
20080507,43.02
20080506,623.312
20080505,0.0
20080502,535.413
20080501,474.5
20080430,1128.361
20080429,1052.556
20080428,239.148
20080425,22.944
20080424,0.0
20080423,0.0
20080422,688.32
20080421,2450.21
20080418,933.57
20080417,119.5
20080416,1221.132
20080415,938.385
20080414,218.67999999999998
20080411,24.072
20080410,0.0
20080409,190.57
20080408,15.330000000000002
20080407,14.565000000000001
20080404,508.80400000000003
20080403,2120.65
20080402,275.94
20080401,3327.4120000000003
20080331,3115.6530000000002
20080328,3441.585
20080327,19269.36
20080326,7310.204
20080325,2711.345
20080324,0.0
20080321,0.0
20080320,1709.37
20080319,374.0
20080318,897.3259999999999
20080317,876.7299999999999
20080314,2009.69
20080313,689.777
20080312,386.51199999999994
20080311,656.8000000000001
20080310,87.13499999999999
20080307,31.4
20080306,876.6999999999999
20080305,3535.87
20080304,2388.56
20080303,229.20700000000002
20080229,0.0
20080228,35.424
20080227,1501.83
20080226,1153.4940000000001
20080225,48.91
20080222,365.0
20080221,467.2
20080220,0.0
20080219,0.0
20080218,205.26
20080215,719.927
20080214,143.883
20080213,155.155
20080212,959.8020000000001
20080211,2772.76
20080208,125.66799999999999
20080207,422.604
20080206,752.5959999999999
20080205,673.2
20080204,62.416000000000004
20080201,157.0
20080131,0.0
20080130,8.06
20080129,8.06
20080128,0.0
20080125,81.406
20080124,89.46600000000001
20080123,927.7300000000001
20080122,3024.5640000000003
20080121,2501.52
20080118,630.2379999999999
20080117,3.3040000000000003
20080116,211.328
20080115,135.616
20080114,4846.907999999999
20080111,16.58
20080110,74.60999999999999
20080109,0.0
20080108,1052.324
20080107,223.01999999999998
20080104,1341.0
20080103,17.178
20080102,1314.0
20080101,0.0
20071231,190.115
20071228,0.0
20071227,100.92
20071226,0.0
20071225,0.0
20071224,0.0
20071221,423.50000000000006
20071220,257.792
20071219,0.0
20071218,49.184
20071217,0.0
20071214,8402.592
20071213,332.40000000000003
20071212,461.72499999999997
20071211,0.0
20071210,335.38
20071207,17.066
20071206,7.42
20071205,355.012
20071204,371.0
20071203,1205.376
20071130,111.3
20071129,0.0
20071128,739.0319999999999
20071127,522.99
20071126,189.23
20071123,360.318
20071122,29.84
20071121,0.0
20071120,1423.8980000000001
20071119,4531.394
20071116,86.20500000000001
20071115,0.0
20071114,37.929
20071113,858.0
20071112,292.134
20071109,1776.5639999999999
20071108,17.798000000000002
20071107,83.12100000000001
20071106,657.6959999999999
20071105,68.208
20071102,851.788
20071101,0.0
20071031,0.0
20071030,56.94
20071029,612.88
20071026,193.596
20071025,110.682
20071024,39.467999999999996
20071023,82.616
20071022,1720.2540000000001
20071019,14557.2
20071018,420.0
20071017,59.99499999999999
20071016,67.84
20071015,315.84000000000003
20071012,874.4399999999999
20071011,0.0
20071010,19.987
20071009,915.0569999999999
20071008,224.79
20071005,992.9019999999999
20071004,1069.596
20071003,8.87
20071002,138.123
20071001,607.068
20070928,434.43600000000004
20070927,847.21
20070926,139.65
20070925,1974.456
20070924,3780.0
20070921,1658.42
20070920,623.9309999999999
20070919,2280.52
20070918,325.15999999999997
20070917,268.996
20070914,162.57999999999998
20070913,248.92999999999998
20070912,199.68
20070911,169.51
20070910,1219.83
20070907,23.22
20070906,398.16
20070905,206.658
20070904,174.15
20070903,1085.28
20070831,960.57
20070830,1234.2
20070829,142.396
20070828,132.12
20070827,0.0
20070824,246.45000000000002
20070823,1993.6399999999999
20070822,0.0
20070821,26.6
20070820,867.41
20070817,41.838
20070816,2260.72
20070815,11.084999999999999
20070814,280.12
20070813,0.0
20070810,1480.31
20070809,199.42
20070808,0.0
20070807,77.89099999999999
20070806,135.24
20070803,162.206
20070802,4.015
20070801,793.616
20070731,163.9
20070730,212.32500000000002
20070727,119.94500000000001
20070726,243.0
20070725,93.96
20070724,0.0
20070723,144.98999999999998
20070720,982.0999999999999
20070719,98.28
20070718,35.684
20070717,6.4879999999999995
20070716,1300.844
20070713,80.23700000000001
20070712,46.74
20070711,1839.6000000000001
20070710,369.41299999999995
20070709,227.032
20070706,422.521
20070705,278.036
20070704,60.91799999999999
20070703,78.881
20070702,3.124
20070629,1919.4
20070628,423.50000000000006
20070627,300.464
20070626,3.4320000000000004
20070625,245.60399999999998
20070622,400.056
20070621,346.08000000000004
20070620,0.0
20070619,457.8
20070618,63.948
20070615,275.06399999999996
20070614,290.016
20070613,3308.4480000000003
20070612,281.40000000000003
20070611,5171.027999999999
20070608,675.8639999999999
20070607,1356.1979999999999
20070606,256.2
20070605,1633.74
20070604,1172.379
20070601,0.0
20070531,22.203999999999997
20070530,5896.356
20070529,587.7959999999999
20070528,0.0
20070525,3580.038
20070524,2032.57
20070523,985.062
20070522,3164.991
20070521,1271.4530000000002
20070518,5009.081999999999
20070517,70.08
20070516,0.0
20070515,2049.84
20070514,48.18
20070511,187.06799999999998
20070510,140.868
20070509,160.524
20070508,193.284
20070507,0.0
20070504,75.34799999999998
20070503,663.8639999999999
20070502,252.288
20070501,3345.5400000000004
20070430,2320.92
20070427,58.125
20070426,1620.554
20070425,221.65
20070424,91.37799999999999
20070423,248.994
20070420,1563.175
20070419,3761.7079999999996
20070418,7259.143
20070417,14413.476
20070416,5400.3949999999995
20070413,187.38000000000002
20070412,1512.92
20070411,8927.316
20070410,1694.403
20070409,0.0
20070406,0.0
20070405,2481.2200000000003
20070404,10995.99
20070403,1196.151
20070402,646.5419999999999
20070330,3601.8199999999997
20070329,1120.38
20070328,1346.87
20070327,3991.468
20070326,1370.629
20070323,1823.441
20070322,8555.057999999999
20070321,6131.268
20070320,212.3
20070319,695.024
20070316,51.303999999999995
20070315,2696.848
20070314,409.46399999999994
20070313,418.176
20070312,3449.8650000000002
20070309,23.900000000000002
20070308,244.73600000000002
20070307,112.808
20070306,2501.124
20070305,1731.0
20070302,1151.588
20070301,3199.0
20070228,2349.567
20070227,180.80400000000003
20070226,826.0139999999999
20070223,1700.85
20070222,3713.8849999999998
20070221,291.27599999999995
20070220,828.0
20070219,379.5
20070216,1219.0
20070215,4483.804
20070214,1426.311
20070213,6295.666
20070212,460.638
20070209,573.948
20070208,2475.4400000000005
20070207,46.903999999999996
20070206,647.636
20070205,23.4
20070202,226.278
20070201,248.04
20070131,332.28
20070130,46.8
20070129,1130.6879999999999
20070126,1285.5040000000001
20070125,483.894
20070124,372.59000000000003
20070123,298.072
20070122,4163.841
20070119,641.172
20070118,293.722
20070117,1060.527
20070116,5.1
20070115,29.046999999999997
20070112,819.06
20070111,359.80799999999994
20070110,418.154
20070109,0.0
20070108,457.41300000000007
20070105,2545.4440000000004
20070104,576.912
20070103,680.1850000000001
20070102,39.42
20070101,0.0
20061229,132.427
20061228,554.264
20061227,1174.716
20061226,0.0
20061225,0.0
20061222,3187.47
20061221,202.99999999999997
20061220,43.8
20061219,478.2679999999999
20061218,390.696
20061215,112.868
20061214,1373.568
20061213,621.4970000000001
20061212,47.27
20061211,70.09
20061208,78.76399999999998
20061207,112.57400000000001
20061206,89.32
20061205,1314.0
20061204,49.04399999999999
20061201,165.48
20061130,441.84000000000003
20061129,51.029999999999994
20061128,277.02000000000004
20061127,1592.4599999999998
20061124,943.3290000000002
20061123,818.257
20061122,0.0
20061121,532.8290000000001
20061120,49.166
20061117,472.23
20061116,369.148
20061115,310.068
20061114,642.191
20061113,278.08
20061110,815.1
20061109,391.716
20061108,876.0
20061107,1464.8940000000002
20061106,211.992
20061103,210.08099999999996
20061102,109.5
20061101,227.5
20061031,411.71999999999997
20061030,438.0
20061027,1711.0470000000003
20061026,306.552
20061025,345.11199999999997
20061024,18.449
20061023,58.260000000000005
20061020,136.911
20061019,624.4860000000001
20061018,1436.932
20061017,12196.109999999999
20061016,473.54999999999995
20061013,1771.8669999999997
20061012,1176.468
20061011,171.6
20061010,313.5
20061009,1135.2
20061006,44101.68
20061005,278.404
20061004,316.99399999999997
20061003,2094.7949999999996
20061002,1476.387
20060929,61.065
20060928,238.95
20060927,407.34
20060926,176.118
20060925,690.168
20060922,4404.561000000001
20060921,6027.099
20060920,978.93
20060919,1626.075
20060918,3667.6320000000005
20060915,4328.302000000001
20060914,14024.76
20060913,4677.110000000001
20060912,626.94
20060911,105.105
20060908,1348.4420000000002
20060907,401.92
20060906,165.16400000000002
20060905,1804.1760000000002
20060904,1251.4260000000002
20060901,938.25
20060831,337.98999999999995
20060830,262.8
20060829,541.66
20060828,0.0
20060825,1353.336
20060824,141.12
20060823,1724.2599999999998
20060822,2082.936
20060821,6664.68
20060818,1136.2120000000002
20060817,468.358
20060816,2324.777
20060815,2355.199
20060814,97.34
20060811,897.6
20060810,728.54
20060809,505.582
20060808,1249.03
20060807,759.51
20060804,1881.2099999999998
20060803,3454.304
20060802,190.31099999999998
20060801,1639.68
20060731,1867.6979999999996
20060728,2103.8959999999997
20060727,4064.7859999999996
20060726,10274.856
20060725,3789.795
20060724,2480.1749999999997
20060721,480.61199999999997
20060720,4356.291
20060719,1522.05
20060718,843.15
20060717,283.214
20060714,217.094
20060713,1371.99
20060712,263.75600000000003
20060711,1512.779
20060710,444.876
20060707,68.488
20060706,287.522
20060705,360.824
20060704,687.516
20060703,1645.928
20060630,0.0
20060629,519.4799999999999
20060628,528.36
20060627,907.35
20060626,1117.77
20060623,116.8
20060622,3110.384
20060621,0.0
20060620,2372.208
20060619,3194.48
20060616,0.0
20060615,0.0
20060614,5163.858
20060613,464.12
20060612,450.48299999999995
20060609,1087.116
20060608,785.631
20060607,2419.992
20060606,2286.725
20060605,1401.415
20060602,5011.158
20060601,210.24
20060531,509.832
20060530,826.098
20060529,0.0
20060526,5760.211
20060525,1189.455
20060524,1854.846
20060523,12377.588
20060522,3044.184
20060519,3769.355
20060518,3060.5249999999996
20060517,6461.14
20060516,4748.65
20060515,6789.0
20060512,1931.5800000000002
20060511,5059.557
20060510,10671.525000000001
20060509,1068.788
20060508,1683.2480000000003
20060505,2997.82
20060504,1625.526
20060503,1335.054
20060502,2135.714
20060501,0.0
20060428,2612.3860000000004
20060427,9267.174
20060426,2226.952
20060425,3809.652
20060424,2839.55
20060421,2685.004
20060420,7989.842000000001
20060419,746.662
20060418,5634.412000000001
20060417,0.0
20060414,0.0
20060413,1608.7680000000003
20060412,6019.8460000000005
20060411,11835.125
20060410,8552.388
20060407,18934.448
20060406,4899.906
20060405,11408.760000000002
20060404,1169.1680000000001
20060403,7493.304
20060331,13029.77
20060330,6633.51
20060329,7857.72
20060328,10013.625
20060327,4385.01
20060324,3444.7000000000003
20060323,1085.546
20060322,10990.150000000001
20060321,4131.778
20060320,4479.972
20060317,85372.70000000001
20060316,9056.768
20060315,35567.924000000006
20060314,3711.708
20060313,4501.068
20060310,3540.108
20060309,4303.728
20060308,1290.432
20060307,371.059
20060306,1442.261
20060303,177.974
20060302,747.155
20060301,2070.207
20060228,2997.015
20060227,1541.134
20060224,461.72499999999997
20060223,1213.917
20060222,535.601
20060221,9563.584
20060220,1537.5359999999998
20060217,1666.2359999999999
20060216,1592.4479999999999
20060215,499.35600000000005
20060214,1463.748
20060213,11079.648
20060210,2639.3879999999995
20060209,1212.5339999999999
20060208,944.725
20060207,1483.629
20060206,2564.723
20060203,1639.714
20060202,5650.276999999999
20060201,2410.98
20060131,534.36
20060130,1406.856
20060127,781.392
20060126,3906.96
20060125,3190.392
20060124,7008.0
20060123,1150.7160000000001
20060120,10913.5
20060119,582.686
20060118,2642.0159999999996
20060117,1996.9200000000003
20060116,1075.8600000000001
20060113,1157.13
20060112,2418.75
20060111,14742.765000000001
20060110,5572.017
20060109,7042.383000000001
20060106,18152.91
20060105,11752.416000000001
20060104,990.5840000000001
20060103,8097.838
20060102,0.0
