20160408,924.837
20160407,2015.092
20160406,159.43200000000002
20160405,857.8960000000001
20160404,1389.336
20160401,812.49
20160331,101.543
20160330,3468.084
20160329,742.045
20160328,0.0
20160324,0.0
20160323,54.677
20160322,0.0
20160321,765.4780000000001
20160318,1562.2
20160317,2827.5820000000003
20160316,1609.066
20160315,0.0
20160314,0.0
20160311,417.85200000000003
20160310,157.68
20160309,31.536
20160308,409.968
20160307,197.10000000000002
20160304,252.288
20160303,0.0
20160302,701.676
20160301,827.966
20160229,257.763
20160226,117.16499999999999
20160225,0.0
20160224,398.361
20160223,0.0
20160222,13139.124
20160219,758.324
20160218,1802.954
20160217,882.132
20160216,1157.415
20160215,6050.8240000000005
20160212,1461.46
20160211,66.43
20160210,13.286000000000001
20160209,1895.08
20160208,66.43
20160205,325.50700000000006
20160204,2411.409
20160203,405.223
20160202,166.07500000000002
20160201,1654.107
20160129,66.43
20160128,259.077
20160127,876.8760000000001
20160126,0.0
20160125,1129.3100000000002
20160122,696.42
20160121,8917.648
20160120,20735.448000000004
20160119,1056.748
20160118,2130.432
20160115,2299.5
20160114,86.724
20160113,55.188
20160112,1836.9720000000002
20160111,2872.477
20160108,49.056000000000004
20160107,81.76
20160106,0.0
20160105,8.176
20160104,122.64000000000001
20151231,8.176
20151230,0.0
20151229,1158.729
20151228,0.0
20151225,0.0
20151224,0.0
20151223,16.352
20151222,40.88
20151221,0.0
20151218,220.75200000000004
20151217,220.75200000000004
20151216,809.4240000000001
20151215,2371.04
20151214,907.39
20151211,791.9039999999999
20151210,16.498
20151209,552.683
20151208,486.691
20151207,1748.7879999999998
20151204,2276.724
20151203,81.76
20151202,371.205
20151201,1418.8279999999997
20151130,1553.44
20151127,138.99200000000002
20151126,367.92
20151125,0.0
20151124,2518.5
20151123,503.846
20151120,0.0
20151119,0.0
20151118,1436.6399999999999
20151117,276.086
20151116,1353.712
20151113,936.3709999999999
20151112,370.84
20151111,1399.9209999999998
20151110,23557.610999999997
20151109,945.6419999999998
20151106,2063.8559999999998
20151105,0.0
20151104,249.368
20151103,1252.68
20151102,1524.2399999999998
20151030,3101.2590000000005
20151029,1110.33
20151028,1558.112
20151027,414.9320000000001
20151026,1778.2800000000002
20151023,2963.435
20151022,4970.278
20151021,8539.321
20151020,839.5
20151019,1553.075
20151016,8679.7
20151015,0.0
20151014,232.14
20151013,0.0
20151012,139.284
20151009,30.951999999999998
20151008,0.0
20151007,23.214
20151006,0.0
20151005,177.974
20151002,0.0
20151001,108.332
20150930,441.066
20150929,257.763
20150928,260.172
20150925,402.084
20150924,0.0
20150923,0.0
20150922,0.0
20150921,0.0
20150918,31.536
20150917,883.008
20150916,286.452
20150915,23.871
20150914,477.41999999999996
20150911,302.366
20150910,143.226
20150909,3684.0909999999994
20150908,6556.568
20150907,428.948
20150904,1583.8079999999998
20150903,16.644000000000002
20150902,332.88
20150901,0.0
20150831,0.0
20150828,249.66
20150827,1140.114
20150826,1193.6960000000001
20150825,2937.6659999999997
20150824,288.715
20150821,873.81
20150820,5733.858
20150819,0.0
20150818,241.338
20150817,0.0
20150814,832.2
20150813,823.878
20150812,0.0
20150811,582.54
20150810,19265.43
20150807,109.135
20150806,0.0
20150805,839.5
20150804,520.49
20150803,310.615
20150731,2056.775
20150730,8.395000000000001
20150729,0.0
20150728,1804.925
20150727,730.365
20150724,2065.17
20150723,973.82
20150722,0.0
20150721,226.66500000000002
20150720,92.34500000000001
20150717,167.9
20150716,8915.49
20150715,899.141
20150714,2136.4909999999995
20150713,34414.827999999994
20150710,4596.372
20150709,226.66500000000002
20150708,41.975
20150707,679.995
20150706,50.37
20150703,41.975
20150702,419.75
20150701,0.0
20150630,587.65
20150629,2602.4500000000003
20150626,61.31999999999999
20150625,350.4
20150624,438.0
20150623,52.559999999999995
20150622,52.559999999999995
20150619,1357.8
20150618,140.16
20150617,455.52
20150616,814.6800000000001
20150615,538.813
20150612,0.0
20150611,2119.92
20150610,249.368
20150609,323.244
20150608,574.6560000000001
20150605,6958.725
20150604,700.3620000000001
20150603,583.635
20150602,3142.65
20150601,1409.703
20150529,1077.48
20150528,10999.275000000001
20150527,5232.056
20150526,9893.836
20150525,0.0
20150522,170.601
20150521,0.0
20150520,10756.842
20150519,2828.385
20150518,3331.2090000000003
20150515,12624.474
20150514,1201.288
20150513,6757.245
20150512,2164.085
20150511,17542.338
20150508,597.87
20150507,427.04999999999995
20150506,5338.125
20150505,1767.9869999999999
20150504,0.0
20150501,401.5
20150430,803.0
20150429,104.39
20150428,144.54
20150427,1140.26
20150424,5658.813999999999
20150423,1691.0449999999998
20150422,17797.4
20150421,537.2800000000001
20150420,1166.905
20150417,0.0
20150416,291.27
20150415,457.71
20150414,73170.82
20150413,247.46999999999997
20150410,2392.5750000000003
20150409,2188.686
20150408,618.675
20150407,1179.607
20150406,0.0
20150403,0.0
20150402,20177.054
20150401,173.22899999999998
20150331,618.675
20150330,2895.399
20150327,2179.342
20150326,163.666
20150325,2171.75
20150324,1822.2620000000002
20150323,9043.824
20150320,122.63999999999999
20150319,648.24
20150318,4911.148
20150317,768.4709999999999
20150316,2057.286
20150313,1246.8400000000001
20150312,5753.276
20150311,12437.448
20150310,256.96
20150309,69435.41
20150306,8423.47
20150305,1578.552
20150304,546.77
20150303,2673.99
20150302,1376.78
20150227,461.214
20150226,170.82
20150225,49384.062000000005
20150224,623.4929999999999
20150223,1138.8
20150220,87.6
20150219,981.1199999999999
20150218,230.607
20150217,0.0
20150216,1793.61
20150213,3681.171
20150212,316.017
20150211,457.27200000000005
20150210,2282.71
20150209,4100.264
20150206,247.689
20150205,1300.714
20150204,54550.85600000001
20150203,146.438
20150202,0.0
20150130,189.508
20150129,25.842
20150128,3359.46
20150127,446.75999999999993
20150126,2382.72
20150123,197117.51999999996
20150122,211552.029
20150121,14963.831999999999
20150120,1267.28
20150119,979.368
20150116,18.834
20150115,0.0
20150114,433.18199999999996
20150113,301.344
20150112,506.83899999999994
20150109,2119.92
20150108,626.34
20150107,809.424
20150106,0.0
20150105,0.0
20150102,693.792
20150101,0.0
20141231,0.0
20141230,587.7959999999999
20141229,279.444
20141226,0.0
20141225,0.0
20141224,0.0
20141223,0.0
20141222,2042.8319999999999
20141219,1927.2
20141218,0.0
20141217,19.272000000000002
20141216,240.9
20141215,395.07599999999996
20141212,1185.228
20141211,452.892
20141210,291.27
20141209,2203.943
20141208,485.45000000000005
20141205,0.0
20141204,2980.663
20141203,1767.038
20141202,728.1750000000001
20141201,631.085
20141128,87.381
20141127,549.2520000000001
20141126,1589.94
20141125,388.36
20141124,135.926
20141121,375.804
20141120,1242.7520000000002
20141119,13480.764000000001
20141118,48.91
20141117,588.38
20141114,178.923
20141113,172199.262
20141112,5584.281
20141111,1319.1100000000001
20141110,189.8
20141107,2106.78
20141106,6092.580000000001
20141105,2030.86
20141104,3606.2000000000003
20141103,22367.93
20141031,10049.910000000002
20141030,4397.7390000000005
20141029,565.02
20141028,191.26
20141027,1434.4499999999998
20141024,0.0
20141023,67.963
20141022,0.0
20141021,1106.826
20141020,15793.404
20141017,3613.5
20141016,889.359
20141015,291.27
20141014,546.04
20141013,19369.528
20141010,0.0
20141009,103.66
20141008,13205.335000000001
20141007,0.0
20141006,949.949
20141003,3016.871
20141002,7098.52
20141001,0.0
20140930,2139.995
20140929,557.136
20140926,609.696
20140925,2007.7920000000001
20140924,36546.939000000006
20140923,217.686
20140922,134.758
20140919,1834.782
20140918,811.76
20140917,85244.947
20140916,1501.756
20140915,4271.887
20140912,10.001000000000001
20140911,1570.157
20140910,608.8199999999999
20140909,30.66
20140908,0.0
20140905,2374.3979999999997
20140904,0.0
20140903,1783.0979999999997
20140902,815.9939999999999
20140901,10.366
20140829,145.124
20140828,82.928
20140827,10.366
20140826,114.02600000000001
20140825,0.0
20140822,228.05200000000002
20140821,1461.606
20140820,1148.29
20140819,31.317
20140818,156.585
20140815,1140.26
20140814,82502.99399999999
20140813,0.0
20140812,0.0
20140811,122.64
20140808,347.48
20140807,1154.8600000000001
20140806,4079.094
20140805,5712.7609999999995
20140804,0.0
20140801,2890.8
20140731,332.15000000000003
20140730,94.9
20140729,0.0
20140728,559.9100000000001
20140725,0.0
20140724,678.9
20140723,9.417
20140722,0.0
20140721,800.445
20140718,0.0
20140717,122.421
20140716,141.255
20140715,131.838
20140714,640.356
20140711,0.0
20140710,404.931
20140709,141.255
20140708,94.17
20140707,329.595
20140704,1949.319
20140703,1103.76
20140702,2639.826
20140701,312.732
20140630,174.762
20140627,1020.9780000000001
20140626,110.376
20140625,16326.45
20140624,602.688
20140623,787.6700000000001
20140620,1072.3700000000001
20140619,1656.824
20140618,726.024
20140617,0.0
20140616,1247.272
20140613,2354.924
20140612,418.86
20140611,1089.0359999999998
20140610,6320.1320000000005
20140609,3031.617
20140606,1747.6200000000001
20140605,39.128
20140604,1093.905
20140603,2406.372
20140602,2700.27
20140530,10791.079000000002
20140529,67466.746
20140528,456.32300000000004
20140527,893.228
20140526,0.0
20140523,2825.228
20140522,1155.371
20140521,4762.374
20140520,1239.102
20140519,2311.618
20140516,397.047
20140515,1255.527
20140514,107.31
20140513,1234.065
20140512,1373.5680000000002
20140509,450.70200000000006
20140508,1223.334
20140507,300.46799999999996
20140506,1899.387
20140505,0.0
20140502,5193.804
20140501,729.708
20140430,3122.356
20140429,609.112
20140428,783.144
20140425,1435.764
20140424,23189.764
20140423,2240.6620000000003
20140422,913.668
20140421,0.0
20140418,0.0
20140417,1903.475
20140416,739.636
20140415,1794.705
20140414,250.17099999999996
20140411,15880.42
20140410,3926.597
20140409,4198.522
20140408,17424.953999999998
20140407,21492.951999999997
20140404,6558.830999999999
20140403,1792.077
20140402,1759.8839999999998
20140401,1448.685
20140331,272509.292
20140328,1946.9829999999997
20140327,1073.1000000000001
20140326,65.7
20140325,886.9499999999999
20140324,2989.35
20140321,635.1
20140320,722.6999999999999
20140319,394.2
20140318,240.9
20140317,1500.1499999999999
20140314,1642.5
20140313,3690.15
20140312,3416.4
20140311,547.5
20140310,2146.2000000000003
20140307,4796.099999999999
20140306,18388.408
20140305,2950.4320000000002
20140304,43513.488000000005
20140303,4678.57
20140228,12821.573999999999
20140227,6742.6449999999995
20140226,17969.388
20140225,3815.8559999999998
20140224,5550.336
20140221,8767.008000000002
20140220,12162.384
20140219,5942.200000000001
20140218,21398.052
20140217,43700.793
20140214,65046.65
20140213,11963.24
20140212,198958.215
20140211,23362.409
20140210,11063.296
20140207,7629.960000000001
20140206,4236.409
20140205,4198.156999999999
20140204,20723.020999999997
20140203,109713.89
20140131,0.0
20140130,267.18
20140129,400.77
20140128,445.3
20140127,1430.216
20140124,787.5239999999999
20140123,39983.487
20140122,132922.05000000002
20140121,1006.962
20140120,1360.282
20140117,2853.0589999999997
20140116,944.036
20140115,3909.734
20140114,724.3059999999999
20140113,1095.292
20140110,19997.912
20140109,5873.945
20140108,36338.962
20140107,0.0
20140106,105.996
20140103,4540.161999999999
20140102,16473.618
20140101,0.0
20131231,3708.3999999999996
20131230,741.68
20131227,278.13
20131226,0.0
20131225,0.0
20131224,648.9699999999999
20131223,31800.990000000005
