20160408,2.16,2.17,2.16,2.17,55942.00
20160407,2.15,2.17,2.15,2.16,788657.00
20160406,2.15,2.17,2.14,2.15,283400.00
20160405,2.15,2.17,2.14,2.14,225548.00
20160404,2.12,2.16,2.12,2.13,205626.00
20160401,2.16,2.16,2.12,2.13,93283.00
20160331,2.14,2.16,2.13,2.14,80841.00
20160330,2.14,2.16,2.13,2.15,184384.00
20160329,2.15,2.17,2.12,2.13,428307.00
20160328,2.11,2.15,2.10,2.14,646819.00
20160323,2.13,2.14,2.10,2.11,865570.00
20160322,2.12,2.14,2.12,2.13,610102.00
20160321,2.11,2.13,2.11,2.12,585595.00
20160318,2.13,2.14,2.10,2.10,228446.00
20160317,2.15,2.16,2.10,2.12,66138.00
20160316,2.13,2.15,2.12,2.13,35141.00
20160315,2.13,2.15,2.13,2.13,335032.00
20160314,2.13,2.14,2.12,2.13,51240.00
20160311,2.11,2.16,2.11,2.12,56138.00
20160310,2.15,2.17,2.12,2.15,1380805.00
20160309,2.12,2.16,2.10,2.15,111308.00
20160308,2.15,2.15,2.09,2.11,160215.00
20160304,2.12,2.14,2.08,2.13,258371.00
20160303,2.15,2.15,2.06,2.08,1216703.00
20160302,2.05,2.12,2.05,2.08,834155.00
20160301,2.00,2.07,2.00,2.05,105171.00
20160229,2.09,2.09,1.99,2.00,298881.00
20160226,2.04,2.09,2.03,2.05,203077.00
20160225,2.17,2.17,2.01,2.03,282750.00
20160224,2.11,2.17,2.11,2.15,127739.00
20160223,2.17,2.17,2.10,2.11,109760.00
20160222,2.17,2.17,2.13,2.15,41524.00
20160219,2.14,2.18,2.14,2.17,49814.00
20160218,2.17,2.18,2.14,2.15,193298.00
20160217,2.15,2.15,2.11,2.14,97803.00
20160216,2.14,2.16,2.12,2.14,130948.00
20160215,2.17,2.17,2.13,2.13,67869.00
20160212,2.12,2.17,2.11,2.13,1916858.00
20160211,2.19,2.20,2.07,2.10,162130.00
20160210,2.18,2.22,2.18,2.21,452577.00
20160209,2.17,2.24,2.17,2.18,819195.00
20160208,2.24,2.25,2.18,2.19,75052.00
20160205,2.26,2.27,2.22,2.24,79881.00
20160204,2.24,2.27,2.20,2.26,119691.00
20160203,2.23,2.25,2.18,2.20,94679.00
20160202,2.28,2.31,2.24,2.25,110363.00
20160201,2.28,2.29,2.24,2.26,119040.00
20160129,2.22,2.28,2.22,2.27,300688.00
20160128,2.18,2.22,2.16,2.21,586643.00
20160127,2.06,2.14,2.06,2.13,252212.00
20160125,2.05,2.07,2.03,2.05,226034.00
20160122,2.03,2.09,2.03,2.05,162739.00
20160121,2.08,2.11,2.03,2.03,189289.00
20160120,2.08,2.10,2.01,2.07,212502.00
20160119,2.13,2.15,2.08,2.10,113183.00
20160118,2.14,2.17,2.11,2.13,134405.00
20160115,2.19,2.20,2.13,2.14,114562.00
20160114,2.18,2.22,2.18,2.20,211362.00
20160113,2.18,2.21,2.15,2.17,1960465.00
20160112,2.22,2.25,2.19,2.19,94263.00
20160111,2.15,2.24,2.15,2.20,705232.00
20160108,2.14,2.18,2.14,2.18,142277.00
20160107,2.15,2.18,2.12,2.12,165139.00
20160106,2.15,2.15,2.12,2.15,85420.00
20160105,2.17,2.18,2.12,2.14,153602.00
20160104,2.17,2.22,2.15,2.17,153749.00
20160101,2.17,2.18,2.16,2.17,35700.00
20151231,2.18,2.18,2.15,2.17,79995.00
20151230,2.17,2.17,2.16,2.17,54832.00
20151229,2.19,2.19,2.16,2.17,67422.00
20151228,2.17,2.19,2.15,2.18,125908.00
20151224,2.15,2.17,2.15,2.16,53442.00
20151223,2.14,2.16,2.14,2.15,93022.00
20151222,2.15,2.16,2.12,2.13,120049.00
20151221,2.08,2.15,2.08,2.15,245806.00
20151218,2.06,2.09,2.05,2.08,199798.00
20151217,2.06,2.08,2.03,2.06,76873.00
20151216,2.00,2.06,2.00,2.04,86419.00
20151215,1.97,2.00,1.96,1.99,50850.00
20151214,1.95,1.99,1.95,1.97,95279.00
20151211,2.01,2.01,1.96,1.97,49829.00
20151210,2.00,2.01,1.99,2.01,54498.00
20151209,2.00,2.03,1.99,2.00,51485.00
20151208,2.02,2.02,1.99,2.00,44152.00
20151207,2.02,2.03,2.00,2.02,44258.00
20151204,2.05,2.06,2.01,2.01,71498.00
20151203,2.08,2.09,2.05,2.06,67873.00
20151202,2.09,2.10,2.07,2.08,72323.00
20151201,2.09,2.12,2.08,2.09,128752.00
20151130,2.05,2.10,2.05,2.09,87785.00
20151127,2.05,2.06,2.03,2.05,58695.00
20151126,2.03,2.06,2.02,2.06,90285.00
20151124,2.02,2.04,2.02,2.02,52680.00
20151123,2.02,2.03,2.01,2.02,76287.00
20151120,2.03,2.04,2.00,2.01,687950.00
20151119,2.03,2.04,2.01,2.02,152502.00
20151118,2.00,2.03,2.00,2.01,66680.00
20151117,1.99,2.03,1.98,2.01,157199.00
20151116,2.00,2.01,1.98,1.98,66482.00
20151113,1.99,2.02,1.96,2.00,72179.00
20151111,2.00,2.00,1.98,1.99,25765.00
20151110,1.98,1.99,1.97,1.98,79668.00
20151109,1.98,2.01,1.95,2.00,146028.00
20151106,2.04,2.04,1.99,2.02,100666.00
20151105,2.03,2.04,2.00,2.01,133276.00
20151104,2.05,2.06,2.01,2.02,269604.00
20151103,2.00,2.03,2.00,2.02,151686.00
20151102,1.98,2.00,1.96,1.98,163013.00
20151030,1.98,2.03,1.98,1.98,79584.00
20151029,2.00,2.00,1.94,1.97,129619.00
20151028,2.05,2.06,2.00,2.01,141412.00
20151027,2.08,2.10,2.05,2.06,87555.00
20151026,2.10,2.10,2.08,2.09,51483.00
20151023,2.10,2.12,2.08,2.10,64384.00
20151021,2.09,2.11,2.07,2.09,231549.00
20151020,2.06,2.11,2.05,2.09,155608.00
20151019,2.08,2.08,2.04,2.05,62043.00
20151016,2.08,2.09,2.06,2.08,37460.00
20151015,2.05,2.08,2.05,2.08,74408.00
20151014,2.05,2.05,2.03,2.04,34208.00
20151013,2.05,2.06,2.03,2.04,52823.00
20151012,2.04,2.05,2.03,2.04,69217.00
20151009,2.05,2.05,2.03,2.04,44967.00
20151008,2.03,2.05,2.03,2.04,53485.00
20151007,2.05,2.05,2.03,2.04,81992.00
20151006,2.05,2.07,2.02,2.03,71615.00
20151005,2.03,2.06,2.02,2.03,71278.00
20151001,2.05,2.06,2.00,2.01,85701.00
20150930,1.98,2.04,1.98,2.03,121557.00
20150929,1.94,2.00,1.93,1.98,98798.00
20150928,1.94,1.98,1.92,1.95,106608.00
20150924,1.97,2.00,1.92,1.94,110629.00
20150923,2.00,2.03,1.96,1.97,117838.00
20150922,2.10,2.10,1.99,2.01,126034.00
20150921,2.05,2.11,2.03,2.10,119087.00
20150918,2.03,2.07,2.03,2.05,129627.00
20150916,1.97,2.02,1.97,2.02,99057.00
20150915,1.96,2.00,1.94,1.97,103034.00
20150914,1.94,1.97,1.90,1.96,105732.00
20150911,1.92,1.93,1.90,1.91,73274.00
20150910,1.92,1.92,1.86,1.89,144697.00
20150909,1.98,2.00,1.92,1.94,148146.00
20150908,1.87,1.97,1.87,1.93,159189.00
20150907,1.90,1.92,1.86,1.88,168422.00
20150904,1.96,1.96,1.88,1.90,144487.00
20150903,1.93,1.98,1.93,1.96,184849.00
20150902,2.02,2.02,1.90,1.93,172031.00
20150901,2.00,2.01,1.97,1.98,103493.00
20150831,2.07,2.08,2.00,2.01,90162.00
20150828,2.09,2.11,2.05,2.07,137111.00
20150827,2.03,2.12,2.00,2.08,116961.00
20150826,1.98,2.04,1.98,2.01,119625.00
20150825,2.00,2.05,1.93,1.98,1767601.00
20150824,2.03,2.03,1.96,2.02,220766.00
20150821,2.08,2.08,2.04,2.05,112589.00
20150820,2.09,2.10,2.07,2.09,88772.00
20150819,2.11,2.13,2.10,2.10,66229.00
20150818,2.13,2.13,2.10,2.11,66859.00
20150817,2.13,2.14,2.10,2.12,71389.00
20150814,2.12,2.14,2.12,2.13,59615.00
20150813,2.09,2.13,2.09,2.12,76754.00
20150812,2.12,2.12,2.09,2.09,77536.00
20150811,2.16,2.17,2.09,2.12,328344.00
20150810,2.16,2.18,2.12,2.12,171091.00
20150807,2.17,2.19,2.14,2.15,72052.00
20150806,2.16,2.18,2.16,2.16,87302.00
20150805,2.18,2.18,2.15,2.16,73760.00
20150804,2.16,2.19,2.15,2.16,77749.00
20150803,2.17,2.20,2.16,2.16,96820.00
20150731,2.19,2.19,2.16,2.18,63904.00
20150730,2.15,2.20,2.15,2.19,223275.00
20150729,2.17,2.17,2.15,2.15,46194.00
20150728,2.16,2.18,2.15,2.17,51688.00
20150727,2.18,2.20,2.16,2.16,65555.00
20150724,2.19,2.20,2.17,2.18,66668.00
20150723,2.22,2.22,2.17,2.19,91824.00
20150722,2.15,2.20,2.14,2.19,103142.00
20150721,2.17,2.17,2.14,2.15,57937.00
20150720,2.17,2.17,2.15,2.16,65613.00
20150717,2.15,2.18,2.15,2.17,91406.00
20150716,2.15,2.16,2.14,2.15,69749.00
20150715,2.16,2.16,2.14,2.15,64772.00
20150714,2.15,2.17,2.14,2.16,79052.00
20150713,2.12,2.15,2.11,2.15,73901.00
20150710,2.11,2.14,2.11,2.12,82227.00
20150709,2.12,2.13,2.10,2.11,61626.00
20150708,2.12,2.14,2.10,2.12,100890.00
20150707,2.18,2.18,2.13,2.14,131486.00
20150706,2.17,2.18,2.15,2.15,62498.00
20150703,2.17,2.20,2.16,2.17,78666.00
20150702,2.20,2.20,2.17,2.18,108345.00
20150701,2.14,2.20,2.13,2.19,138113.00
20150630,2.15,2.15,2.12,2.14,69349.00
20150629,2.12,2.16,2.09,2.15,114142.00
20150626,2.15,2.17,2.14,2.14,99797.00
20150625,2.15,2.18,2.14,2.17,134144.00
20150624,2.14,2.16,2.14,2.15,64548.00
20150623,2.17,2.18,2.14,2.14,95220.00
20150622,2.17,2.19,2.16,2.17,78476.00
20150619,2.18,2.19,2.14,2.16,95130.00
20150618,2.18,2.19,2.17,2.18,76107.00
20150617,2.22,2.22,2.16,2.18,57784.00
20150616,2.16,2.23,2.16,2.21,88762.00
20150615,2.24,2.24,2.16,2.17,86114.00
20150612,2.25,2.25,2.19,2.24,120555.00
20150611,2.27,2.27,2.23,2.24,88115.00
20150610,2.27,2.28,2.25,2.26,71532.00
20150609,2.25,2.27,2.24,2.26,103158.00
20150608,2.25,2.26,2.22,2.25,54450.00
20150605,2.22,2.25,2.20,2.23,232148.00
20150604,2.20,2.23,2.20,2.22,150868.00
20150603,2.20,2.20,2.17,2.20,159264.00
20150602,2.19,2.19,2.17,2.19,110743.00
20150601,2.23,2.26,2.19,2.20,190138.00
20150529,2.20,2.22,2.18,2.21,96678.00
20150528,2.20,2.22,2.16,2.20,141091.00
20150527,2.20,2.21,2.18,2.20,58101.00
20150526,2.20,2.21,2.18,2.20,108425.00
20150525,2.17,2.20,2.17,2.19,109649.00
20150522,2.14,2.18,2.12,2.17,1579408.00
20150521,2.16,2.16,2.14,2.15,80553.00
20150520,2.14,2.17,2.14,2.16,119389.00
20150519,2.15,2.17,2.13,2.13,719665.00
20150518,2.15,2.17,2.14,2.15,15569248.00
20150515,2.15,2.18,2.14,2.15,90824.00
20150514,2.14,2.16,2.13,2.15,159625.00
20150513,2.14,2.18,2.13,2.17,419105.00
20150512,2.20,2.20,2.14,2.14,100360.00
20150511,2.16,2.20,2.15,2.20,130483.00
20150508,2.18,2.19,2.15,2.15,643914.00
20150507,2.18,2.18,2.13,2.15,107625.00
20150506,2.19,2.19,2.16,2.16,93496.00
20150505,2.20,2.25,2.18,2.20,86274.00
20150504,2.20,2.22,2.17,2.21,66899.00
20150430,2.20,2.23,2.16,2.19,86435.00
20150429,2.22,2.22,2.19,2.20,294704.00
20150428,2.22,2.25,2.21,2.22,176058.00
20150427,2.25,2.27,2.22,2.23,95139.00
20150424,2.24,2.28,2.22,2.24,82789.00
20150423,2.27,2.29,2.25,2.26,147561.00
20150422,2.29,2.30,2.26,2.26,58439.00
20150421,2.30,2.34,2.28,2.29,91953.00
20150420,2.32,2.35,2.29,2.30,110262.00
20150417,2.32,2.33,2.30,2.31,134832.00
20150416,2.33,2.34,2.27,2.32,69834.00
20150415,2.39,2.39,2.32,2.33,260764.00
20150413,2.35,2.40,2.32,2.37,195729.00
20150410,2.32,2.36,2.31,2.35,183128.00
20150409,2.28,2.33,2.27,2.32,112064.00
20150408,2.28,2.30,2.26,2.27,192029.00
20150407,2.28,2.28,2.24,2.27,264844.00
20150406,2.25,2.29,2.24,2.28,589939.00
20150401,2.24,2.26,2.23,2.25,49225.00
20150331,2.23,2.25,2.22,2.23,60129.00
20150330,2.23,2.24,2.21,2.23,53204.00
20150327,2.26,2.26,2.21,2.22,241977.00
20150326,2.26,2.30,2.22,2.23,503595.00
20150325,2.28,2.28,2.25,2.25,85827.00
20150324,2.29,2.32,2.27,2.27,190308.00
20150323,2.28,2.33,2.28,2.29,414106.00
20150320,2.24,2.30,2.22,2.26,943938.00
20150319,2.26,2.30,2.23,2.25,110278.00
20150318,2.27,2.28,2.25,2.25,233388.00
20150317,2.26,2.29,2.25,2.27,248163.00
20150316,2.25,2.27,2.24,2.26,96287.00
20150313,2.30,2.31,2.24,2.26,106911.00
20150312,2.28,2.34,2.28,2.30,311094.00
20150311,2.28,2.30,2.27,2.28,118074.00
20150310,2.31,2.31,2.26,2.28,566683.00
20150309,2.37,2.38,2.30,2.31,135878.00
20150305,2.37,2.40,2.33,2.38,151143.00
20150304,2.41,2.42,2.35,2.37,536837.00
20150303,2.40,2.41,2.37,2.39,117727.00
20150302,2.41,2.44,2.39,2.41,222399.00
20150228,2.43,2.45,2.39,2.41,340970.00
20150227,2.34,2.42,2.34,2.41,720327.00
20150226,2.37,2.41,2.32,2.35,403476.00
20150225,2.42,2.43,2.35,2.38,156473.00
20150224,2.40,2.42,2.39,2.41,199129.00
20150223,2.36,2.42,2.31,2.40,429891.00
20150220,2.37,2.38,2.34,2.36,374795.00
20150219,2.36,2.38,2.33,2.37,193054.00
20150218,2.35,2.38,2.33,2.38,385256.00
20150216,2.34,2.37,2.34,2.35,247074.00
20150213,2.33,2.35,2.30,2.33,592035.00
20150212,2.28,2.33,2.25,2.31,797490.00
20150211,2.25,2.29,2.23,2.24,238863.00
20150210,2.16,2.25,2.16,2.23,165597.00
20150209,2.20,2.21,2.15,2.18,117038.00
20150206,2.21,2.22,2.18,2.20,103068.00
20150205,2.25,2.26,2.20,2.21,114408.00
20150204,2.26,2.29,2.24,2.25,92743.00
20150203,2.30,2.30,2.25,2.26,95662.00
20150202,2.28,2.28,2.25,2.28,118687.00
20150130,2.29,2.31,2.25,2.28,372631.00
20150129,2.30,2.30,2.27,2.29,130465.00
20150128,2.31,2.33,2.29,2.30,516766.00
20150127,2.30,2.32,2.26,2.31,279760.00
20150123,2.29,2.31,2.27,2.30,339139.00
20150122,2.26,2.33,2.26,2.28,493175.00
20150121,2.27,2.28,2.25,2.26,113285.00
20150120,2.28,2.31,2.26,2.27,165277.00
20150119,2.27,2.28,2.22,2.28,304747.00
20150116,2.18,2.29,2.16,2.27,423895.00
20150115,2.12,2.20,2.10,2.19,424557.00
20150114,2.09,2.10,2.07,2.09,74775.00
20150113,2.11,2.12,2.08,2.09,153688.00
20150112,2.14,2.14,2.09,2.10,184046.00
20150109,2.12,2.15,2.11,2.13,135680.00
20150108,2.12,2.13,2.10,2.13,100927.00
20150107,2.08,2.13,2.06,2.12,643508.00
20150106,2.12,2.14,2.07,2.09,184161.00
20150105,2.13,2.15,2.10,2.14,210870.00
20150102,2.12,2.14,2.12,2.13,110596.00
20150101,2.12,2.13,2.11,2.11,71475.00
20141231,2.13,2.15,2.11,2.12,166282.00
20141230,2.12,2.13,2.11,2.12,90953.00
20141229,2.12,2.14,2.10,2.11,88873.00
20141226,2.13,2.15,2.10,2.11,172561.00
20141224,2.13,2.13,2.07,2.09,122613.00
20141223,2.11,2.15,2.10,2.14,246738.00
20141222,2.11,2.11,2.07,2.10,125485.00
20141219,2.03,2.09,2.01,2.09,142873.00
20141218,2.02,2.05,2.00,2.03,189977.00
20141217,2.03,2.06,2.00,2.02,169555.00
20141216,2.06,2.07,2.04,2.05,127414.00
20141215,2.05,2.08,2.05,2.07,105179.00
20141212,2.11,2.11,2.06,2.07,109818.00
20141211,2.11,2.12,2.07,2.09,110420.00
20141210,2.07,2.12,2.07,2.11,168610.00
20141209,2.09,2.10,2.07,2.08,111207.00
20141208,2.09,2.13,2.09,2.09,137383.00
20141205,2.10,2.13,2.09,2.10,126354.00
20141204,2.11,2.12,2.09,2.10,97862.00
20141203,2.12,2.14,2.10,2.11,125906.00
20141202,2.13,2.14,2.10,2.12,131485.00
20141201,2.17,2.20,2.12,2.13,77062.00
20141128,2.14,2.21,2.14,2.19,221711.00
20141127,2.15,2.19,2.15,2.16,127574.00
20141126,2.13,2.16,2.12,2.14,159944.00
20141125,2.18,2.18,2.09,2.14,376569.00
20141124,2.23,2.24,2.17,2.19,195897.00
20141121,2.24,2.26,2.23,2.25,457356.00
20141120,2.24,2.25,2.22,2.25,135104.00
20141119,2.29,2.31,2.23,2.25,132690.00
20141118,2.26,2.30,2.25,2.28,236739.00
20141117,2.23,2.26,2.21,2.26,199793.00
20141114,2.22,2.24,2.20,2.21,176229.00
20141113,2.20,2.23,2.20,2.22,162127.00
20141112,2.26,2.28,2.18,2.20,221173.00
20141111,2.30,2.32,2.26,2.27,442560.00
20141110,2.22,2.30,2.20,2.28,308098.00
20141107,2.18,2.23,2.18,2.23,235361.00
20141105,2.20,2.24,2.19,2.19,138881.00
20141103,2.25,2.31,2.22,2.23,265004.00
20141031,2.22,2.24,2.21,2.24,549059.00
20141030,2.19,2.23,2.18,2.22,319771.00
20141029,2.19,2.21,2.17,2.19,393970.00
20141028,2.18,2.19,2.15,2.19,266308.00
20141027,2.15,2.23,2.15,2.18,656120.00
20141023,2.15,2.16,2.15,2.15,47109.00
20141022,2.15,2.18,2.14,2.15,151748.00
20141021,2.06,2.16,2.06,2.15,273210.00
20141020,2.07,2.10,2.07,2.08,307824.00
20141017,2.06,2.08,2.06,2.06,169685.00
20141016,2.09,2.09,2.04,2.06,221648.00
20141014,2.08,2.10,2.07,2.09,309339.00
20141013,2.09,2.10,2.07,2.08,3125347.00
20141010,2.12,2.12,2.09,2.09,108692.00
20141009,2.12,2.13,2.11,2.12,133516.00
20141008,2.12,2.13,2.11,2.12,330833.00
20141007,2.08,2.12,2.08,2.12,547543.00
20141001,2.11,2.13,2.07,2.09,277176.00
20140930,2.14,2.14,2.07,2.08,208296.00
20140929,2.11,2.15,2.10,2.14,721381.00
20140926,2.09,2.11,2.08,2.11,262636.00
20140925,2.09,2.11,2.09,2.09,268374.00
20140924,2.11,2.11,2.08,2.09,194808.00
20140923,2.11,2.13,2.09,2.10,470806.00
20140922,2.11,2.11,2.09,2.11,341533.00
20140919,2.10,2.14,2.09,2.10,247703.00
20140918,2.09,2.12,2.08,2.10,314407.00
20140917,2.09,2.10,2.06,2.09,342492.00
20140916,2.10,2.12,2.07,2.09,179701.00
20140915,2.08,2.11,2.05,2.10,135341.00
20140912,2.12,2.12,2.07,2.08,223184.00
20140911,2.09,2.12,2.08,2.12,857993.00
20140910,2.06,2.10,2.06,2.09,341655.00
20140909,2.07,2.08,2.05,2.06,586785.00
20140908,2.07,2.09,2.03,2.05,182542.00
20140905,2.08,2.08,2.05,2.07,320602.00
20140904,2.03,2.07,2.01,2.06,993218.00
20140903,2.05,2.05,2.02,2.04,626656.00
20140902,2.05,2.05,2.02,2.03,317703.00
20140901,1.98,2.04,1.96,2.04,190062.00
20140828,2.00,2.00,1.96,1.99,274587.00
20140827,2.02,2.03,1.97,1.99,317731.00
20140826,2.03,2.04,2.01,2.02,118412.00
20140825,2.06,2.07,2.03,2.04,537888.00
20140822,2.10,2.10,2.06,2.06,193935.00
20140821,2.09,2.11,2.09,2.09,810704.00
20140820,2.11,2.12,2.10,2.11,1065286.00
20140819,2.06,2.12,2.05,2.10,894427.00
20140818,2.05,2.08,2.04,2.07,131137.00
20140814,2.04,2.06,2.04,2.05,159465.00
20140813,2.03,2.06,2.01,2.03,385660.00
20140812,2.03,2.04,2.01,2.03,596965.00
20140811,2.03,2.05,2.00,2.02,723465.00
20140808,2.06,2.06,2.01,2.03,202524.00
20140807,2.06,2.10,2.06,2.07,969329.00
20140806,2.03,2.07,1.97,2.06,675120.00
20140805,2.05,2.06,2.02,2.03,348909.00
20140804,2.00,2.07,1.98,2.03,718907.00
20140801,2.04,2.04,1.99,2.00,250238.00
20140731,2.08,2.08,2.03,2.04,670519.00
20140730,2.04,2.09,2.04,2.07,196390.00
20140728,2.08,2.08,2.04,2.05,291366.00
20140725,2.08,2.09,2.04,2.07,249833.00
20140724,2.08,2.10,2.06,2.07,371221.00
20140723,2.08,2.12,2.07,2.09,818979.00
20140722,2.11,2.12,2.07,2.09,377717.00
20140721,2.11,2.12,2.09,2.10,247349.00
20140718,2.12,2.12,2.09,2.11,237424.00
20140717,2.11,2.14,2.09,2.13,355690.00
20140716,2.08,2.11,2.05,2.10,262946.00
20140715,2.08,2.09,2.05,2.08,236868.00
20140714,2.04,2.10,2.03,2.06,444207.00
20140711,2.12,2.14,2.01,2.04,599875.00
20140710,2.10,2.15,2.00,2.12,1419559.00
20140709,2.12,2.14,2.06,2.10,510074.00
20140708,2.24,2.25,2.09,2.12,726494.00
20140707,2.24,2.25,2.21,2.24,795104.00
20140704,2.16,2.25,2.15,2.22,612476.00
20140703,2.18,2.18,2.15,2.16,325500.00
20140702,2.16,2.19,2.16,2.17,495315.00
20140701,2.15,2.18,2.13,2.15,835289.00
20140630,2.11,2.16,2.11,2.14,738249.00
20140627,2.05,2.11,2.02,2.10,629680.00
20140626,2.05,2.05,2.03,2.04,271214.00
20140625,2.02,2.05,2.02,2.04,828602.00
20140624,2.04,2.06,2.03,2.04,683293.00
20140623,2.03,2.05,2.01,2.03,272484.00
20140620,2.03,2.05,2.01,2.03,696827.00
20140619,2.06,2.07,2.01,2.02,744465.00
20140618,2.06,2.10,2.02,2.06,603897.00
20140617,2.03,2.07,2.02,2.05,598156.00
20140616,2.04,2.04,2.00,2.03,532684.00
20140613,2.11,2.13,2.00,2.05,662858.00
20140612,2.05,2.12,2.03,2.10,613338.00
20140611,2.09,2.11,2.02,2.05,717488.00
20140610,2.15,2.17,2.07,2.10,1542073.00
20140609,1.98,2.17,1.97,2.12,3193207.00
20140606,1.96,1.98,1.94,1.97,2402693.00
20140605,1.92,1.98,1.92,1.95,1210987.00
20140604,1.93,1.93,1.91,1.91,270891.00
20140603,1.94,1.95,1.91,1.93,270840.00
20140602,1.87,1.94,1.87,1.93,703697.00
20140530,1.92,1.95,1.86,1.87,502367.00
20140529,1.92,1.94,1.91,1.92,258630.00
20140528,1.94,1.96,1.91,1.92,404605.00
20140527,1.97,1.98,1.91,1.95,351548.00
20140526,2.03,2.08,1.89,1.97,929206.00
20140523,1.95,2.03,1.86,2.01,1146282.00
20140522,1.91,1.95,1.90,1.93,1197370.00
20140521,1.92,1.93,1.89,1.91,355522.00
20140520,1.90,1.96,1.89,1.92,754354.00
20140519,1.85,1.92,1.83,1.88,1960203.00
20140516,1.79,1.93,1.79,1.84,1861530.00
20140515,1.72,1.78,1.66,1.76,870607.00
20140514,1.74,1.75,1.72,1.72,300992.00
20140513,1.72,1.77,1.72,1.74,884852.00
20140512,1.63,1.74,1.63,1.71,934009.00
20140509,1.61,1.64,1.60,1.64,378680.00
20140508,1.58,1.61,1.58,1.59,127646.00
20140507,1.58,1.59,1.57,1.58,102732.00
20140506,1.61,1.62,1.57,1.58,160472.00
20140505,1.62,1.62,1.60,1.61,95390.00
20140502,1.63,1.64,1.60,1.61,542128.00
20140430,1.63,1.66,1.62,1.63,278515.00
20140429,1.64,1.65,1.62,1.62,121891.00
20140428,1.62,1.64,1.61,1.63,155317.00
20140425,1.62,1.63,1.61,1.62,179811.00
20140423,1.63,1.64,1.62,1.62,645809.00
20140422,1.64,1.64,1.61,1.63,165275.00
20140421,1.65,1.66,1.63,1.63,695927.00
20140417,1.65,1.65,1.64,1.65,259122.00
20140416,1.65,1.66,1.63,1.65,193448.00
20140415,1.66,1.67,1.64,1.66,300257.00
20140411,1.65,1.66,1.65,1.65,209770.00
20140410,1.65,1.66,1.63,1.66,835207.00
20140409,1.62,1.65,1.62,1.64,161165.00
20140407,1.65,1.66,1.63,1.64,90107.00
20140404,1.66,1.67,1.64,1.64,167840.00
20140403,1.66,1.69,1.65,1.67,456092.00
20140402,1.67,1.68,1.65,1.67,224595.00
20140401,1.62,1.68,1.62,1.66,1430618.00
20140331,1.65,1.66,1.61,1.62,219665.00
20140328,1.62,1.66,1.61,1.65,471042.00
20140327,1.60,1.63,1.60,1.62,383260.00
20140326,1.62,1.64,1.59,1.60,405711.00
20140325,1.56,1.63,1.56,1.62,656791.00
20140324,1.54,1.60,1.54,1.59,509747.00
20140322,1.56,1.56,1.55,1.56,13718.00
20140321,1.53,1.58,1.53,1.55,406999.00
20140320,1.56,1.57,1.52,1.53,234989.00
20140319,1.56,1.59,1.56,1.57,531998.00
20140318,1.52,1.56,1.52,1.56,651808.00
20140314,1.51,1.54,1.51,1.51,250286.00
20140313,1.51,1.53,1.51,1.52,201016.00
20140312,1.51,1.52,1.50,1.51,154148.00
20140311,1.51,1.52,1.51,1.52,220764.00
20140310,1.52,1.53,1.50,1.52,230884.00
20140307,1.49,1.53,1.49,1.52,456330.00
20140306,1.49,1.51,1.48,1.50,294345.00
20140305,1.48,1.48,1.47,1.48,152333.00
20140304,1.45,1.48,1.44,1.48,428746.00
20140303,1.45,1.46,1.44,1.45,170516.00
20140228,1.46,1.47,1.43,1.46,5505184.00
20140226,1.46,1.48,1.46,1.47,178281.00
20140225,1.45,1.47,1.45,1.47,130896.00
20140224,1.46,1.46,1.45,1.46,121976.00
20140221,1.46,1.47,1.46,1.46,125173.00
20140220,1.46,1.47,1.45,1.46,135311.00
20140219,1.47,1.47,1.46,1.46,74686.00
20140218,1.47,1.48,1.47,1.47,93855.00
20140217,1.46,1.48,1.46,1.47,68137.00
20140214,1.47,1.47,1.46,1.46,83277.00
20140213,1.48,1.48,1.46,1.46,113294.00
20140212,1.47,1.48,1.47,1.47,79394.00
20140211,1.49,1.50,1.47,1.47,379975.00
20140210,1.49,1.51,1.49,1.49,126817.00
20140207,1.48,1.50,1.47,1.50,337107.00
20140206,1.47,1.48,1.47,1.48,1244828.00
20140205,1.46,1.49,1.46,1.49,1082048.00
20140204,1.47,1.48,1.46,1.47,197584.00
20140203,1.46,1.48,1.46,1.46,173097.00
20140131,1.47,1.47,1.46,1.47,141974.00
20140130,1.46,1.48,1.46,1.47,433695.00
20140129,1.49,1.49,1.47,1.47,153084.00
20140128,1.48,1.49,1.48,1.49,181229.00
20140127,1.50,1.52,1.48,1.49,454400.00
20140124,1.50,1.52,1.50,1.51,235091.00
20140123,1.50,1.51,1.50,1.51,168230.00
20140122,1.51,1.52,1.50,1.51,194835.00
20140121,1.51,1.52,1.50,1.50,143198.00
20140120,1.49,1.52,1.49,1.51,1798594.00
20140117,1.51,1.51,1.49,1.49,209994.00
20140116,1.50,1.51,1.50,1.51,373938.00
20140115,1.50,1.53,1.49,1.50,299615.00
20140114,1.51,1.51,1.49,1.50,965034.00
20140113,1.49,1.51,1.49,1.51,1343693.00
20140110,1.52,1.53,1.49,1.50,2291213.00
20140109,1.52,1.53,1.52,1.52,387582.00
20140108,1.52,1.53,1.51,1.52,333923.00
20140107,1.54,1.54,1.51,1.52,271222.00
20140106,1.55,1.55,1.52,1.53,239425.00
20140103,1.57,1.58,1.54,1.54,1011909.00
20140102,1.54,1.57,1.54,1.57,2749123.00
20140101,1.53,1.53,1.52,1.53,295737.00
20131231,1.52,1.54,1.52,1.53,1001549.00
20131230,1.53,1.54,1.52,1.52,2557628.00
20131227,1.52,1.54,1.51,1.54,2226637.00
20131226,1.51,1.53,1.50,1.52,2763393.00
20131224,1.53,1.53,1.51,1.52,980297.00
20131223,1.52,1.54,1.52,1.53,2989862.00
20131220,1.53,1.54,1.51,1.53,8551558.00
20131219,1.49,1.55,1.48,1.53,98371545.00
20131218,1.46,1.57,1.45,1.54,9940043.00
20131217,1.51,1.53,1.49,1.52,799398.00
20131216,1.49,1.53,1.49,1.52,427069.00
20131213,1.49,1.51,1.49,1.50,326960.00
20131212,1.50,1.51,1.49,1.51,6712271.00
20131211,1.49,1.51,1.49,1.51,474018.00
20131210,1.55,1.56,1.50,1.51,1246485.00
20131209,1.52,1.57,1.52,1.56,1847564.00
20131206,1.48,1.54,1.48,1.52,1678701.00
20131205,1.49,1.49,1.46,1.48,933004.00
20131204,1.44,1.47,1.43,1.47,1076821.00
20131203,1.44,1.45,1.43,1.44,1073909.00
20131202,1.41,1.45,1.41,1.44,934010.00
20131129,1.45,1.47,1.44,1.46,536150.00
20131128,1.42,1.46,1.41,1.45,387614.00
20131127,1.44,1.45,1.41,1.42,183245.00
20131126,1.45,1.45,1.44,1.45,236871.00
20131125,1.43,1.45,1.43,1.45,106041.00
20131122,1.43,1.45,1.43,1.44,77875.00
20131121,1.44,1.45,1.43,1.44,107819.00
20131120,1.45,1.47,1.44,1.44,158828.00
20131119,1.47,1.48,1.45,1.46,197970.00
20131118,1.48,1.48,1.47,1.48,66320.00
20131114,1.48,1.49,1.47,1.47,134673.00
20131113,1.45,1.48,1.45,1.47,89741.00
20131112,1.47,1.48,1.46,1.46,80065.00
20131111,1.48,1.48,1.46,1.47,93524.00
20131108,1.45,1.48,1.44,1.48,207547.00
20131107,1.47,1.48,1.45,1.46,440746.00
20131106,1.47,1.49,1.47,1.48,131180.00
20131105,1.51,1.51,1.46,1.47,557055.00
20131103,1.51,1.52,1.51,1.51,44014.00
20131101,1.56,1.56,1.50,1.51,286674.00
20131031,1.55,1.57,1.52,1.56,129806.00
20131030,1.55,1.55,1.54,1.54,94079.00
20131029,1.52,1.55,1.50,1.55,151791.00
20131028,1.55,1.55,1.51,1.52,88550.00
20131025,1.53,1.55,1.51,1.54,124766.00
20131024,1.55,1.56,1.51,1.52,178518.00
20131023,1.58,1.59,1.54,1.55,120280.00
20131022,1.54,1.59,1.53,1.57,248548.00
20131021,1.52,1.54,1.52,1.53,93651.00
20131018,1.50,1.54,1.49,1.53,199377.00
20131017,1.52,1.54,1.49,1.50,67931.00
20131015,1.53,1.54,1.51,1.52,79828.00
20131014,1.52,1.53,1.51,1.53,58918.00
20131011,1.53,1.54,1.52,1.52,68996.00
20131010,1.51,1.53,1.51,1.53,100056.00
20131009,1.50,1.53,1.50,1.52,934062.00
20131008,1.51,1.52,1.50,1.51,89685.00
20131007,1.51,1.51,1.49,1.51,125385.00
20131004,1.52,1.53,1.50,1.51,124943.00
20131003,1.53,1.54,1.52,1.54,107225.00
20131001,1.51,1.53,1.51,1.52,79481.00
20130930,1.52,1.54,1.49,1.51,88691.00
20130927,1.53,1.54,1.52,1.52,139182.00
20130926,1.54,1.54,1.52,1.53,76909.00
20130925,1.52,1.55,1.51,1.55,190080.00
20130924,1.51,1.54,1.51,1.53,119043.00
20130923,1.54,1.55,1.52,1.53,93905.00
20130920,1.54,1.58,1.54,1.56,161877.00
20130919,1.57,1.60,1.53,1.55,294244.00
20130918,1.56,1.56,1.52,1.55,166359.00
20130917,1.58,1.58,1.52,1.56,152133.00
20130916,1.54,1.60,1.53,1.58,266449.00
20130913,1.52,1.54,1.51,1.54,75731.00
20130912,1.53,1.55,1.52,1.52,126014.00
20130911,1.57,1.58,1.51,1.52,161765.00
20130910,1.51,1.59,1.51,1.57,184500.00
20130906,1.48,1.54,1.48,1.52,209306.00
20130905,1.49,1.54,1.46,1.48,145329.00
20130904,1.46,1.50,1.45,1.48,81951.00
20130903,1.53,1.54,1.45,1.47,202145.00
20130902,1.50,1.53,1.50,1.52,55225.00
20130830,1.47,1.51,1.44,1.50,1103926.00
20130829,1.47,1.51,1.45,1.49,171948.00
20130828,1.46,1.49,1.42,1.45,249079.00
20130827,1.52,1.59,1.46,1.47,190764.00
20130826,1.49,1.52,1.49,1.51,3604630.00
20130823,1.51,1.51,1.49,1.50,86157.00
20130822,1.50,1.52,1.48,1.51,105010.00
20130821,1.49,1.52,1.49,1.50,844679.00
20130820,1.48,1.50,1.46,1.49,115428.00
20130819,1.51,1.51,1.46,1.49,143406.00
20130816,1.49,1.52,1.47,1.51,660993.00
20130814,1.48,1.51,1.47,1.49,146697.00
20130813,1.47,1.49,1.45,1.48,1100451.00
20130812,1.48,1.49,1.45,1.46,2111528.00
20130808,1.45,1.49,1.44,1.48,112119.00
20130807,1.44,1.46,1.43,1.44,851939.00
20130806,1.43,1.47,1.42,1.44,321018.00
20130805,1.40,1.45,1.35,1.43,381720.00
20130802,1.52,1.54,1.33,1.40,1729986.00
20130801,1.55,1.60,1.53,1.58,222365.00
20130731,1.62,1.62,1.52,1.55,1157150.00
20130730,1.65,1.66,1.61,1.62,65588.00
20130729,1.67,1.68,1.65,1.66,54267.00
20130726,1.69,1.70,1.65,1.67,85675.00
20130725,1.68,1.71,1.63,1.68,98000.00
20130724,1.68,1.70,1.67,1.69,120344.00
20130723,1.70,1.72,1.68,1.69,170601.00
20130722,1.71,1.72,1.70,1.71,178282.00
20130719,1.71,1.74,1.70,1.71,89097.00
20130718,1.68,1.72,1.68,1.71,89627.00
20130717,1.70,1.73,1.68,1.71,153004.00
20130716,1.69,1.71,1.68,1.69,78848.00
20130715,1.68,1.71,1.68,1.69,86070.00
20130712,1.69,1.70,1.66,1.69,355461.00
20130711,1.67,1.71,1.67,1.69,328666.00
20130710,1.69,1.71,1.66,1.66,118111.00
20130709,1.64,1.69,1.63,1.68,110081.00
20130708,1.65,1.65,1.61,1.62,55471.00
20130705,1.66,1.67,1.64,1.65,142103.00
20130704,1.66,1.68,1.63,1.66,71476.00
20130703,1.70,1.70,1.66,1.67,70607.00
20130702,1.72,1.73,1.70,1.71,67657.00
20130701,1.71,1.74,1.71,1.73,88169.00
20130628,1.65,1.72,1.65,1.71,165166.00
20130627,1.63,1.66,1.63,1.64,78071.00
20130626,1.57,1.63,1.57,1.63,211445.00
20130625,1.62,1.65,1.57,1.59,2405776.00
20130624,1.65,1.65,1.62,1.63,173976.00
20130621,1.62,1.65,1.62,1.65,74724.00
20130620,1.63,1.65,1.62,1.63,87742.00
20130619,1.66,1.66,1.65,1.65,88752.00
20130618,1.65,1.69,1.65,1.66,69685.00
20130617,1.68,1.68,1.65,1.66,50134.00
20130614,1.63,1.68,1.63,1.67,69284.00
20130613,1.65,1.67,1.62,1.63,49674.00
20130612,1.65,1.68,1.65,1.66,34221.00
20130611,1.68,1.77,1.65,1.66,76127.00
20130610,1.68,1.72,1.68,1.69,52261.00
20130607,1.71,1.73,1.70,1.70,60268.00
20130606,1.71,1.73,1.71,1.72,37881.00
20130605,1.74,1.74,1.72,1.73,45798.00
20130604,1.71,1.75,1.71,1.74,58171.00
20130603,1.74,1.74,1.70,1.71,46531.00
20130531,1.76,1.77,1.74,1.75,169309.00
20130530,1.75,1.77,1.73,1.76,102726.00
20130529,1.74,1.75,1.73,1.74,114348.00
20130528,1.73,1.75,1.72,1.73,144790.00
20130527,1.68,1.74,1.68,1.72,93077.00
20130524,1.70,1.70,1.66,1.68,93824.00
20130523,1.72,1.74,1.68,1.70,88878.00
20130522,1.72,1.74,1.71,1.73,90288.00
20130521,1.75,1.76,1.72,1.73,77828.00
20130520,1.77,1.78,1.75,1.76,102780.00
20130517,1.74,1.80,1.74,1.78,179417.00
20130516,1.74,1.77,1.74,1.75,225962.00
20130515,1.76,1.78,1.74,1.75,164585.00
20130514,1.74,1.77,1.73,1.76,153953.00
20130513,1.71,1.74,1.71,1.73,79462.00
20130511,1.71,1.74,1.71,1.73,10037.00
20130510,1.74,1.76,1.72,1.73,74275.00
20130509,1.76,1.77,1.74,1.74,119055.00
20130508,1.72,1.77,1.72,1.76,180328.00
20130507,1.72,1.75,1.70,1.73,135320.00
20130506,1.70,1.73,1.70,1.72,395432.00
20130503,1.76,1.77,1.72,1.72,1994629.00
20130502,1.72,1.78,1.72,1.77,237885.00
20130430,1.69,1.74,1.69,1.73,178120.00
20130429,1.68,1.71,1.68,1.70,206113.00
20130426,1.68,1.70,1.65,1.69,80571.00
20130425,1.69,1.73,1.66,1.69,141583.00
20130423,1.66,1.69,1.66,1.69,54274.00
20130422,1.64,1.70,1.64,1.68,119510.00
20130418,1.65,1.66,1.62,1.64,398880.00
20130417,1.64,1.66,1.64,1.65,200043.00
20130416,1.59,1.66,1.59,1.64,95224.00
20130415,1.60,1.61,1.60,1.60,69655.00
20130412,1.59,1.63,1.59,1.62,122873.00
20130411,1.61,1.61,1.59,1.59,48532.00
20130410,1.59,1.61,1.59,1.61,108875.00
20130409,1.61,1.63,1.58,1.59,173252.00
20130408,1.60,1.63,1.59,1.61,184614.00
20130405,1.61,1.62,1.60,1.61,159010.00
20130404,1.63,1.63,1.60,1.61,98373.00
20130403,1.64,1.64,1.62,1.63,145959.00
20130402,1.62,1.66,1.62,1.64,101123.00
20130401,1.62,1.64,1.62,1.62,2062774.00
20130328,1.62,1.64,1.61,1.63,119605.00
20130326,1.59,1.62,1.59,1.62,95306.00
20130325,1.58,1.61,1.58,1.60,113223.00
20130322,1.57,1.59,1.56,1.58,84761.00
20130321,1.63,1.63,1.56,1.57,121196.00
20130320,1.64,1.64,1.60,1.61,155890.00
20130319,1.68,1.68,1.62,1.64,110717.00
20130318,1.67,1.68,1.67,1.67,78503.00
20130315,1.69,1.69,1.67,1.67,69569.00
20130314,1.68,1.69,1.67,1.69,128305.00
20130313,1.68,1.70,1.67,1.69,134140.00
20130312,1.70,1.70,1.66,1.68,103146.00
20130311,1.68,1.70,1.68,1.70,329963.00
20130308,1.67,1.69,1.67,1.69,306652.00
20130307,1.65,1.68,1.65,1.67,82684.00
20130306,1.67,1.68,1.65,1.65,70977.00
20130305,1.66,1.68,1.64,1.67,167237.00
20130304,1.68,1.69,1.63,1.67,362729.00
20130301,1.62,1.68,1.61,1.66,170692.00
20130228,1.69,1.69,1.57,1.60,249034.00
20130227,1.72,1.72,1.67,1.68,189327.00
20130226,1.72,1.72,1.69,1.71,9225792.00
20130225,1.68,1.73,1.68,1.72,854185.00
20130222,1.66,1.68,1.65,1.68,2217715.00
20130221,1.66,1.68,1.64,1.65,143697.00
20130220,1.68,1.68,1.65,1.66,377205.00
20130219,1.66,1.67,1.65,1.67,138160.00
20130218,1.62,1.68,1.62,1.67,364434.00
20130215,1.62,1.63,1.60,1.62,663375.00
20130214,1.70,1.70,1.60,1.63,344160.00
20130213,1.75,1.78,1.69,1.69,252867.00
20130212,1.73,1.77,1.71,1.74,825916.00
20130211,1.70,1.73,1.70,1.73,108649.00
20130208,1.72,1.74,1.70,1.71,560071.00
20130207,1.68,1.72,1.68,1.71,105765.00
20130206,1.69,1.70,1.68,1.68,105185.00
20130205,1.70,1.71,1.68,1.69,74352.00
20130204,1.70,1.72,1.70,1.71,68254.00
20130201,1.70,1.71,1.69,1.70,95905.00
20130131,1.71,1.72,1.69,1.70,136822.00
20130130,1.72,1.73,1.70,1.71,115272.00
20130129,1.71,1.74,1.71,1.73,238595.00
20130128,1.71,1.73,1.69,1.72,127689.00
20130125,1.71,1.72,1.70,1.71,127918.00
20130124,1.72,1.73,1.70,1.71,152851.00
20130123,1.76,1.76,1.72,1.73,144433.00
20130122,1.75,1.77,1.74,1.74,186125.00
20130121,1.76,1.77,1.74,1.75,175937.00
20130118,1.73,1.77,1.72,1.76,377204.00
20130117,1.72,1.74,1.71,1.73,136070.00
20130116,1.72,1.73,1.70,1.72,202477.00
20130115,1.73,1.74,1.71,1.71,224846.00
20130114,1.74,1.75,1.72,1.73,150512.00
20130111,1.75,1.75,1.74,1.74,143634.00
20130110,1.78,1.79,1.75,1.75,145716.00
20130109,1.79,1.80,1.77,1.77,307832.00
20130108,1.76,1.79,1.75,1.79,192018.00
20130107,1.77,1.78,1.75,1.76,107199.00
20130104,1.76,1.77,1.75,1.77,138988.00
20130103,1.75,1.76,1.74,1.76,129813.00
20130102,1.76,1.76,1.74,1.74,842652.00
20130101,1.78,1.78,1.75,1.75,131650.00
20121231,1.75,1.77,1.75,1.76,74573.00
20121228,1.77,1.78,1.73,1.74,174294.00
20121227,1.78,1.78,1.74,1.75,97284.00
20121226,1.76,1.78,1.76,1.77,109558.00
20121224,1.77,1.78,1.75,1.76,60946.00
20121221,1.78,1.78,1.76,1.76,69684.00
20121220,1.79,1.79,1.78,1.78,82890.00
20121219,1.81,1.81,1.77,1.79,157439.00
20121218,1.79,1.81,1.79,1.80,151135.00
20121217,1.80,1.80,1.78,1.79,1107313.00
20121214,1.82,1.82,1.78,1.79,822196.00
20121213,1.81,1.83,1.81,1.82,93557.00
20121212,1.81,1.82,1.75,1.80,153263.00
20121211,1.83,1.83,1.81,1.81,67929.00
20121210,1.83,1.84,1.82,1.82,80324.00
20121207,1.85,1.85,1.82,1.83,182434.00
20121206,1.85,1.85,1.83,1.85,99108.00
20121205,1.85,1.86,1.83,1.85,96697.00
20121204,1.83,1.86,1.83,1.85,269946.00
20121203,1.82,1.83,1.81,1.83,227069.00
20121130,1.82,1.83,1.81,1.82,236443.00
20121129,1.82,1.83,1.80,1.81,549347.00
20121127,1.85,1.86,1.82,1.82,903803.00
20121126,1.84,1.85,1.83,1.85,80492.00
20121123,1.83,1.86,1.83,1.84,102066.00
20121122,1.85,1.85,1.83,1.83,82897.00
20121121,1.88,1.88,1.84,1.85,151787.00
20121120,1.85,1.88,1.85,1.88,250879.00
20121119,1.83,1.85,1.82,1.85,110480.00
20121116,1.84,1.85,1.82,1.83,147206.00
20121115,1.83,1.85,1.83,1.84,331453.00
20121113,1.84,1.86,1.83,1.83,52825.00
20121112,1.84,1.86,1.84,1.85,135530.00
20121109,1.83,1.86,1.82,1.84,105360.00
20121108,1.83,1.83,1.82,1.82,77845.00
20121107,1.84,1.85,1.83,1.84,289803.00
20121106,1.81,1.84,1.79,1.84,164649.00
20121105,1.82,1.82,1.80,1.80,62464.00
20121102,1.81,1.82,1.80,1.81,213309.00
20121101,1.78,1.81,1.78,1.80,249913.00
20121031,1.75,1.77,1.74,1.75,120758.00
20121030,1.77,1.77,1.74,1.74,71410.00
20121029,1.76,1.78,1.76,1.77,94864.00
20121026,1.79,1.80,1.75,1.75,122414.00
20121025,1.82,1.82,1.79,1.80,96809.00
20121023,1.82,1.83,1.80,1.81,429482.00
20121022,1.83,1.83,1.82,1.82,89348.00
20121019,1.85,1.85,1.83,1.83,280827.00
20121018,1.85,1.86,1.83,1.85,160469.00
20121017,1.83,1.84,1.82,1.84,106314.00
20121016,1.83,1.84,1.82,1.82,253480.00
20121015,1.84,1.86,1.82,1.83,131403.00
20121012,1.84,1.86,1.83,1.84,304541.00
20121011,1.85,1.85,1.83,1.84,339028.00
20121010,1.85,1.85,1.82,1.84,185508.00
20121009,1.83,1.85,1.81,1.85,208899.00
20121008,1.82,1.84,1.80,1.83,327419.00
20121005,1.82,1.83,1.80,1.82,398496.00
20121004,1.82,1.83,1.79,1.81,308106.00
20121003,1.84,1.86,1.80,1.81,570100.00
20121001,1.85,1.86,1.83,1.85,142024.00
20120928,1.81,1.86,1.81,1.85,321588.00
20120927,1.80,1.82,1.77,1.80,227713.00
20120926,1.81,1.81,1.79,1.80,125918.00
20120925,1.82,1.84,1.77,1.80,169613.00
20120924,1.86,1.87,1.81,1.82,161440.00
20120921,1.80,1.86,1.80,1.85,276990.00
20120920,1.80,1.82,1.79,1.80,91729.00
20120918,1.82,1.84,1.80,1.81,228574.00
20120917,1.85,1.86,1.80,1.81,213608.00
20120914,1.88,1.89,1.83,1.85,176741.00
20120913,1.86,1.88,1.85,1.86,126458.00
20120912,1.86,1.87,1.85,1.87,107998.00
20120911,1.85,1.87,1.85,1.86,1436853.00
20120910,1.87,1.89,1.86,1.87,84845.00
20120908,1.87,1.89,1.86,1.88,16740.00
20120907,1.88,1.89,1.87,1.88,108992.00
20120906,1.89,1.89,1.84,1.86,212233.00
20120905,1.90,1.91,1.88,1.89,195598.00
20120904,1.87,1.91,1.87,1.91,605829.00
20120903,1.85,1.88,1.85,1.87,124038.00
20120831,1.87,1.87,1.83,1.85,239722.00
20120830,1.83,1.89,1.82,1.87,686697.00
20120829,1.87,1.89,1.82,1.84,216223.00
20120828,1.82,1.88,1.82,1.87,248194.00
20120827,1.80,1.83,1.80,1.82,298531.00
20120824,1.81,1.82,1.79,1.80,296233.00
20120823,1.83,1.83,1.80,1.81,220275.00
20120822,1.83,1.84,1.82,1.83,81266.00
20120821,1.80,1.85,1.79,1.84,376962.00
20120817,1.86,1.86,1.79,1.81,146086.00
20120816,1.85,1.88,1.83,1.85,206877.00
20120814,1.85,1.86,1.82,1.85,165743.00
20120813,1.84,1.85,1.82,1.84,151741.00
20120810,1.83,1.87,1.82,1.84,331547.00
20120809,1.83,1.85,1.82,1.83,190974.00
20120808,1.82,1.84,1.82,1.83,239042.00
20120807,1.85,1.86,1.81,1.82,316867.00
20120806,1.83,1.86,1.82,1.85,267780.00
20120803,1.82,1.83,1.79,1.82,593848.00
20120802,1.82,1.83,1.81,1.82,380929.00
20120801,1.82,1.83,1.81,1.83,175377.00
20120731,1.82,1.85,1.82,1.82,471075.00
20120730,1.75,1.82,1.75,1.82,696901.00
20120727,1.73,1.77,1.73,1.76,260214.00
20120726,1.70,1.73,1.70,1.72,213122.00
20120725,1.72,1.72,1.67,1.70,278636.00
20120724,1.69,1.72,1.67,1.70,127090.00
20120723,1.71,1.71,1.68,1.68,53290.00
20120720,1.71,1.73,1.71,1.71,69786.00
20120719,1.72,1.73,1.72,1.72,433355.00
20120718,1.72,1.73,1.70,1.71,108272.00
20120717,1.73,1.74,1.72,1.73,211345.00
20120716,1.72,1.74,1.71,1.73,98430.00
20120713,1.74,1.74,1.72,1.72,60512.00
20120712,1.74,1.75,1.73,1.73,1619820.00
20120711,1.74,1.76,1.72,1.75,143090.00
20120710,1.74,1.75,1.72,1.74,71807.00
20120709,1.73,1.74,1.72,1.73,58358.00
20120706,1.75,1.76,1.73,1.74,87913.00
20120705,1.74,1.77,1.73,1.76,182428.00
20120704,1.72,1.74,1.71,1.74,108002.00
20120703,1.75,1.75,1.71,1.72,65103.00
20120702,1.75,1.76,1.72,1.73,100665.00
20120629,1.69,1.76,1.69,1.75,369986.00
20120628,1.68,1.70,1.67,1.69,86016.00
20120627,1.69,1.71,1.68,1.69,148241.00
20120626,1.65,1.69,1.65,1.69,127066.00
20120625,1.68,1.70,1.65,1.66,247937.00
20120622,1.67,1.70,1.67,1.69,527808.00
20120621,1.66,1.69,1.65,1.69,62969.00
20120620,1.68,1.69,1.66,1.67,69079.00
20120619,1.65,1.69,1.64,1.68,368136.00
20120618,1.64,1.65,1.63,1.65,339085.00
20120615,1.63,1.64,1.63,1.63,92384.00
20120614,1.65,1.66,1.62,1.62,104470.00
20120613,1.66,1.66,1.64,1.66,68950.00
20120612,1.64,1.66,1.63,1.66,81259.00
20120611,1.65,1.67,1.65,1.65,77587.00
20120608,1.66,1.66,1.63,1.65,110188.00
20120607,1.68,1.70,1.65,1.66,87790.00
20120606,1.62,1.71,1.62,1.68,417373.00
20120605,1.61,1.65,1.60,1.63,133985.00
20120604,1.60,1.61,1.57,1.60,114359.00
20120601,1.62,1.62,1.58,1.60,103253.00
20120531,1.64,1.64,1.62,1.64,64747.00
20120530,1.65,1.65,1.62,1.63,104115.00
20120529,1.65,1.67,1.63,1.66,397683.00
20120528,1.60,1.65,1.60,1.64,91830.00
20120525,1.61,1.62,1.60,1.60,55228.00
20120524,1.59,1.63,1.57,1.61,240590.00
20120523,1.61,1.61,1.57,1.59,62875.00
20120522,1.61,1.61,1.59,1.59,64996.00
20120521,1.63,1.63,1.59,1.60,57645.00
20120518,1.60,1.63,1.57,1.61,319356.00
20120517,1.63,1.64,1.59,1.61,174576.00
20120516,1.58,1.62,1.55,1.61,163409.00
20120515,1.54,1.59,1.54,1.58,118629.00
20120514,1.57,1.57,1.54,1.56,82077.00
20120511,1.58,1.58,1.55,1.56,96694.00
20120510,1.60,1.62,1.56,1.57,153163.00
20120509,1.62,1.64,1.59,1.60,92795.00
20120508,1.63,1.65,1.62,1.62,288056.00
20120507,1.63,1.64,1.59,1.62,1144615.00
20120504,1.66,1.67,1.64,1.65,433762.00
20120503,1.69,1.69,1.66,1.67,59973.00
20120502,1.72,1.72,1.67,1.68,301960.00
20120430,1.68,1.72,1.67,1.71,110320.00
20120428,1.66,1.68,1.66,1.67,6991.00
20120427,1.67,1.69,1.65,1.66,65785.00
20120426,1.68,1.69,1.65,1.66,148657.00
20120425,1.67,1.71,1.66,1.67,79615.00
20120424,1.72,1.72,1.68,1.69,809854.00
20120423,1.76,1.76,1.70,1.70,113425.00
20120420,1.76,1.77,1.74,1.75,122527.00
20120419,1.75,1.77,1.74,1.76,143924.00
20120418,1.75,1.77,1.74,1.75,354102.00
20120417,1.73,1.75,1.71,1.75,277011.00
20120416,1.73,1.73,1.71,1.72,135319.00
20120413,1.71,1.74,1.70,1.72,179255.00
20120412,1.74,1.75,1.70,1.71,557532.00
20120411,1.69,1.72,1.69,1.72,187066.00
20120410,1.70,1.70,1.68,1.70,102048.00
20120409,1.69,1.71,1.65,1.69,197282.00
20120404,1.70,1.71,1.68,1.70,125613.00
20120403,1.68,1.69,1.67,1.69,137560.00
20120402,1.67,1.68,1.65,1.67,88086.00
20120330,1.63,1.67,1.62,1.66,3217875.00
20120329,1.62,1.64,1.62,1.63,151654.00
20120328,1.63,1.64,1.62,1.63,207065.00
20120327,1.64,1.65,1.62,1.63,151149.00
20120326,1.65,1.65,1.62,1.63,184118.00
20120323,1.62,1.66,1.62,1.65,99268.00
20120322,1.66,1.67,1.62,1.63,170393.00
20120321,1.66,1.67,1.64,1.67,129014.00
20120320,1.65,1.67,1.64,1.66,587911.00
20120319,1.66,1.67,1.62,1.65,130688.00
20120316,1.71,1.72,1.65,1.66,183111.00
20120315,1.73,1.74,1.69,1.70,196448.00
20120314,1.72,1.74,1.72,1.73,271812.00
20120313,1.71,1.72,1.70,1.71,1225497.00
20120312,1.71,1.71,1.69,1.70,126647.00
20120309,1.70,1.71,1.68,1.69,200403.00
20120307,1.70,1.70,1.64,1.67,254287.00
20120306,1.69,1.72,1.69,1.70,155024.00
20120305,1.72,1.73,1.68,1.69,207391.00
20120303,1.73,1.73,1.71,1.72,19034.00
20120302,1.73,1.74,1.71,1.72,151592.00
20120301,1.72,1.75,1.72,1.73,184348.00
20120229,1.73,1.75,1.72,1.74,376543.00
20120228,1.73,1.74,1.70,1.72,402878.00
20120227,1.77,1.77,1.70,1.71,414900.00
20120224,1.74,1.77,1.73,1.75,598365.00
20120223,1.70,1.76,1.69,1.73,1101792.00
20120222,1.69,1.73,1.68,1.69,399461.00
20120221,1.71,1.72,1.69,1.70,530131.00
20120217,1.72,1.74,1.70,1.72,551378.00
20120216,1.71,1.73,1.68,1.70,319226.00
20120215,1.69,1.74,1.68,1.70,1238872.00
20120214,1.69,1.70,1.67,1.68,319946.00
20120213,1.64,1.70,1.64,1.69,537630.00
20120210,1.67,1.68,1.63,1.65,261539.00
20120209,1.68,1.70,1.66,1.67,507801.00
20120208,1.67,1.70,1.63,1.66,740448.00
20120207,1.68,1.69,1.64,1.66,480072.00
20120206,1.67,1.68,1.63,1.67,809363.00
20120203,1.63,1.67,1.62,1.64,771230.00
20120202,1.59,1.63,1.58,1.62,705658.00
20120201,1.59,1.60,1.58,1.58,176951.00
20120131,1.57,1.60,1.56,1.60,332439.00
20120130,1.59,1.59,1.55,1.56,163058.00
20120127,1.56,1.61,1.56,1.59,513662.00
20120125,1.56,1.57,1.53,1.55,279819.00
20120124,1.55,1.56,1.54,1.55,184851.00
20120123,1.57,1.59,1.55,1.56,194191.00
20120120,1.53,1.57,1.53,1.56,177893.00
20120119,1.54,1.56,1.53,1.54,961651.00
20120118,1.55,1.56,1.51,1.52,109266.00
20120117,1.54,1.56,1.54,1.54,154296.00
20120116,1.55,1.56,1.54,1.54,157837.00
20120113,1.55,1.57,1.55,1.57,575534.00
20120112,1.55,1.56,1.54,1.55,72162.00
20120111,1.58,1.58,1.54,1.54,92385.00
20120110,1.57,1.58,1.56,1.58,172117.00
20120109,1.54,1.56,1.52,1.56,65299.00
20120107,1.54,1.54,1.53,1.53,5981.00
20120106,1.54,1.55,1.52,1.53,73963.00
20120105,1.56,1.57,1.53,1.55,178366.00
20120104,1.56,1.57,1.53,1.56,170344.00
20120103,1.54,1.56,1.54,1.55,214706.00
20120102,1.53,1.54,1.52,1.54,239401.00
20111230,1.54,1.55,1.53,1.54,87334.00
20111229,1.54,1.55,1.52,1.54,176510.00
20111228,1.54,1.55,1.51,1.54,129712.00
20111227,1.55,1.55,1.50,1.52,112067.00
20111226,1.56,1.56,1.54,1.55,107684.00
20111223,1.55,1.56,1.53,1.56,140005.00
20111222,1.51,1.55,1.50,1.54,190103.00
20111221,1.51,1.52,1.49,1.51,128750.00
20111220,1.51,1.53,1.49,1.50,460072.00
20111219,1.51,1.53,1.48,1.52,166674.00
20111216,1.54,1.56,1.48,1.51,214626.00
20111215,1.49,1.53,1.47,1.52,506403.00
20111214,1.52,1.53,1.48,1.48,107020.00
20111213,1.48,1.53,1.47,1.52,96738.00
20111212,1.51,1.54,1.47,1.49,158647.00
20111209,1.52,1.52,1.50,1.52,91583.00
20111208,1.58,1.59,1.53,1.53,165483.00
20111207,1.57,1.61,1.57,1.58,193073.00
20111205,1.58,1.59,1.57,1.58,79140.00
20111202,1.54,1.60,1.54,1.59,236847.00
20111201,1.55,1.56,1.53,1.54,168180.00
20111130,1.48,1.53,1.47,1.52,242855.00
20111129,1.50,1.50,1.46,1.47,121967.00
20111128,1.48,1.50,1.48,1.50,177154.00
20111125,1.46,1.50,1.46,1.48,194457.00
20111124,1.46,1.48,1.45,1.47,345104.00
20111123,1.50,1.50,1.45,1.46,190545.00
20111122,1.52,1.53,1.49,1.50,243307.00
20111121,1.55,1.55,1.51,1.53,218487.00
20111118,1.59,1.59,1.51,1.55,246621.00
20111117,1.59,1.62,1.58,1.59,226743.00
20111116,1.60,1.62,1.58,1.60,177715.00
20111115,1.61,1.62,1.59,1.59,162395.00
20111114,1.62,1.64,1.60,1.61,391818.00
20111111,1.57,1.62,1.57,1.62,346354.00
20111109,1.60,1.61,1.59,1.59,173460.00
20111108,1.59,1.60,1.59,1.59,97232.00
20111104,1.61,1.61,1.59,1.60,125109.00
20111103,1.59,1.61,1.59,1.60,173143.00
20111102,1.58,1.60,1.58,1.58,264874.00
20111101,1.59,1.62,1.58,1.59,88069.00
20111031,1.61,1.62,1.59,1.61,221611.00
20111028,1.61,1.63,1.59,1.62,533888.00
20111026,1.60,1.62,1.58,1.60,117134.00
20111025,1.55,1.61,1.55,1.60,315137.00
20111024,1.54,1.56,1.54,1.55,239010.00
20111021,1.52,1.54,1.51,1.52,110108.00
20111020,1.52,1.54,1.52,1.52,76884.00
20111019,1.52,1.54,1.52,1.54,195962.00
20111018,1.49,1.52,1.49,1.51,137970.00
20111017,1.53,1.53,1.49,1.50,98913.00
20111014,1.53,1.54,1.52,1.52,235709.00
20111013,1.52,1.54,1.51,1.53,165764.00
20111012,1.53,1.53,1.51,1.52,276656.00
20111011,1.51,1.52,1.50,1.52,122678.00
20111010,1.50,1.51,1.49,1.51,356937.00
20111007,1.49,1.52,1.49,1.50,109400.00
20111005,1.48,1.49,1.47,1.47,500307.00
20111004,1.50,1.51,1.47,1.47,133463.00
20111003,1.49,1.51,1.48,1.50,185630.00
20110930,1.50,1.52,1.49,1.51,170336.00
20110929,1.50,1.52,1.48,1.50,146922.00
20110928,1.49,1.50,1.48,1.49,177008.00
20110927,1.48,1.50,1.47,1.48,84937.00
20110926,1.47,1.48,1.45,1.47,214786.00
20110923,1.48,1.49,1.46,1.48,173694.00
20110922,1.52,1.52,1.47,1.48,138241.00
20110921,1.51,1.53,1.51,1.53,85845.00
20110920,1.51,1.53,1.51,1.52,176645.00
20110919,1.53,1.54,1.50,1.51,319692.00
20110916,1.48,1.54,1.47,1.53,322000.00
20110915,1.46,1.48,1.45,1.48,171284.00
20110914,1.46,1.47,1.44,1.46,183815.00
20110913,1.47,1.47,1.45,1.46,544706.00
20110912,1.48,1.48,1.44,1.45,486788.00
20110909,1.49,1.49,1.47,1.48,971647.00
20110908,1.51,1.51,1.47,1.48,218479.00
20110907,1.48,1.50,1.48,1.49,926264.00
20110906,1.50,1.50,1.46,1.47,670455.00
20110905,1.52,1.53,1.49,1.50,440478.00
20110902,1.55,1.60,1.52,1.53,192381.00
20110830,1.54,1.55,1.53,1.54,190366.00
20110829,1.51,1.54,1.50,1.54,254546.00
20110826,1.53,1.54,1.49,1.50,337347.00
20110825,1.57,1.58,1.52,1.53,409987.00
20110824,1.57,1.58,1.55,1.57,197455.00
20110823,1.60,1.60,1.55,1.56,112952.00
20110822,1.56,1.59,1.54,1.59,157655.00
20110819,1.55,1.58,1.54,1.55,315258.00
20110818,1.58,1.59,1.56,1.58,166611.00
20110817,1.59,1.61,1.58,1.59,184130.00
20110816,1.61,1.61,1.58,1.59,140816.00
20110812,1.59,1.61,1.59,1.59,328294.00
20110811,1.58,1.60,1.57,1.59,278199.00
20110810,1.58,1.60,1.57,1.59,203590.00
20110809,1.51,1.60,1.51,1.57,1168215.00
20110808,1.53,1.59,1.52,1.57,401292.00
20110805,1.55,1.59,1.54,1.58,4394580.00
20110804,1.62,1.65,1.60,1.61,514280.00
20110803,1.65,1.66,1.59,1.61,817771.00
20110802,1.65,1.67,1.64,1.66,204278.00
20110801,1.63,1.67,1.63,1.65,371247.00
20110729,1.62,1.65,1.57,1.61,925723.00
20110728,1.65,1.65,1.59,1.62,511557.00
20110727,1.68,1.68,1.64,1.65,304868.00
20110726,1.65,1.69,1.65,1.68,289222.00
20110725,1.68,1.68,1.65,1.67,187282.00
20110722,1.66,1.69,1.65,1.68,233190.00
20110721,1.68,1.68,1.65,1.66,381832.00
20110720,1.69,1.70,1.67,1.68,258348.00
20110719,1.68,1.70,1.67,1.69,231861.00
20110718,1.70,1.71,1.68,1.68,185087.00
20110715,1.69,1.73,1.67,1.70,424579.00
20110714,1.68,1.69,1.67,1.68,225474.00
20110713,1.66,1.70,1.66,1.69,197877.00
20110712,1.66,1.68,1.64,1.66,217073.00
20110711,1.68,1.68,1.63,1.66,245925.00
20110708,1.67,1.70,1.67,1.68,313303.00
20110707,1.68,1.70,1.67,1.69,1493163.00
20110706,1.68,1.69,1.67,1.68,684032.00
20110705,1.69,1.71,1.66,1.68,1030882.00
20110704,1.70,1.71,1.69,1.70,2073267.00
20110701,1.68,1.70,1.68,1.70,1555196.00
20110630,1.68,1.71,1.66,1.68,974247.00
20110629,1.68,1.70,1.67,1.69,924980.00
20110628,1.68,1.69,1.67,1.68,1219044.00
20110627,1.58,1.68,1.58,1.67,1708484.00
20110624,1.58,1.60,1.57,1.59,417180.00
20110623,1.57,1.58,1.56,1.57,208652.00
20110622,1.56,1.57,1.55,1.57,303568.00
20110621,1.58,1.58,1.54,1.56,483037.00
20110620,1.56,1.59,1.53,1.57,308502.00
20110617,1.55,1.58,1.55,1.57,277096.00
20110616,1.55,1.57,1.55,1.57,115509.00
20110615,1.60,1.60,1.56,1.56,123828.00
20110614,1.58,1.60,1.58,1.59,220372.00
20110613,1.54,1.58,1.54,1.58,244420.00
20110610,1.56,1.57,1.54,1.55,285396.00
20110609,1.56,1.56,1.55,1.56,258831.00
20110608,1.55,1.56,1.54,1.56,582166.00
20110607,1.55,1.56,1.55,1.56,1568956.00
20110606,1.54,1.56,1.53,1.56,266685.00
20110603,1.53,1.57,1.49,1.55,394434.00
20110602,1.55,1.56,1.52,1.53,379391.00
20110601,1.55,1.55,1.53,1.55,151337.00
20110531,1.52,1.56,1.52,1.55,290975.00
20110530,1.51,1.52,1.49,1.52,1531656.00
20110527,1.50,1.51,1.48,1.50,139007.00
20110526,1.51,1.51,1.47,1.47,277330.00
20110525,1.53,1.53,1.48,1.49,457384.00
20110524,1.53,1.56,1.51,1.52,614864.00
20110523,1.54,1.55,1.52,1.53,76417.00
20110520,1.52,1.56,1.51,1.55,142479.00
20110519,1.56,1.57,1.52,1.52,122325.00
20110518,1.56,1.58,1.55,1.56,302746.00
20110517,1.56,1.58,1.56,1.56,154513.00
20110516,1.56,1.57,1.56,1.56,115657.00
20110513,1.56,1.58,1.56,1.56,120397.00
20110512,1.59,1.60,1.56,1.56,133763.00
20110511,1.58,1.60,1.58,1.60,174313.00
20110510,1.58,1.59,1.57,1.57,125213.00
20110509,1.58,1.60,1.57,1.58,139703.00
20110506,1.56,1.59,1.56,1.58,165383.00
20110505,1.61,1.61,1.55,1.56,154066.00
20110504,1.59,1.61,1.58,1.60,200976.00
20110503,1.63,1.63,1.59,1.60,164367.00
20110502,1.60,1.64,1.60,1.64,650455.00
20110429,1.60,1.62,1.59,1.60,330092.00
20110428,1.60,1.60,1.59,1.60,117922.00
20110427,1.60,1.61,1.60,1.61,159071.00
20110426,1.62,1.62,1.59,1.61,156208.00
20110425,1.59,1.62,1.59,1.61,196998.00
20110421,1.60,1.62,1.59,1.61,386524.00
20110420,1.60,1.61,1.58,1.60,177940.00
20110419,1.60,1.61,1.58,1.59,377882.00
20110418,1.61,1.63,1.60,1.61,330638.00
20110415,1.62,1.62,1.61,1.62,224933.00
20110413,1.58,1.63,1.58,1.62,458308.00
20110411,1.60,1.62,1.59,1.60,224312.00
20110408,1.62,1.62,1.59,1.61,284998.00
20110407,1.62,1.64,1.61,1.61,266897.00
20110406,1.62,1.64,1.61,1.62,391237.00
20110405,1.62,1.64,1.60,1.61,316730.00
20110404,1.61,1.65,1.60,1.63,694860.00
20110401,1.56,1.62,1.56,1.61,1461689.00
20110331,1.55,1.57,1.54,1.57,1706383.00
20110330,1.53,1.56,1.53,1.55,1386331.00
20110329,1.53,1.54,1.52,1.53,1909318.00
20110328,1.51,1.53,1.50,1.52,675177.00
20110325,1.51,1.52,1.50,1.51,482548.00
20110324,1.51,1.51,1.50,1.51,287434.00
20110323,1.50,1.51,1.50,1.50,465245.00
20110322,1.50,1.51,1.49,1.50,159946.00
20110321,1.50,1.51,1.50,1.50,215481.00
20110318,1.52,1.52,1.50,1.50,269907.00
20110317,1.51,1.52,1.51,1.51,175985.00
20110316,1.50,1.53,1.50,1.52,800178.00
20110315,1.50,1.51,1.49,1.50,1295650.00
20110314,1.50,1.52,1.50,1.52,322093.00
20110311,1.51,1.51,1.50,1.51,421876.00
20110310,1.51,1.52,1.50,1.51,358541.00
20110309,1.52,1.52,1.50,1.51,560087.00
20110308,1.51,1.52,1.48,1.51,424954.00
20110307,1.52,1.52,1.48,1.51,552718.00
20110304,1.53,1.53,1.52,1.52,597293.00
20110303,1.52,1.55,1.52,1.52,1907827.00
20110301,1.53,1.54,1.51,1.53,1623421.00
20110228,1.54,1.60,1.50,1.52,5427868.00
20110225,1.51,1.54,1.48,1.53,3324756.00
20110224,1.53,1.54,1.49,1.50,912454.00
20110223,1.51,1.54,1.51,1.53,1981154.00
20110222,1.51,1.52,1.50,1.51,358911.00
20110221,1.50,1.52,1.50,1.52,610156.00
20110218,1.52,1.52,1.50,1.50,318786.00
20110217,1.52,1.52,1.51,1.51,192457.00
20110216,1.52,1.52,1.51,1.52,181855.00
20110215,1.52,1.53,1.51,1.51,465997.00
20110214,1.49,1.53,1.48,1.51,706717.00
20110211,1.48,1.50,1.47,1.48,888729.00
20110210,1.47,1.49,1.46,1.47,2374363.00
20110209,1.48,1.50,1.46,1.47,1128087.00
20110208,1.52,1.52,1.47,1.47,445737.00
20110207,1.50,1.52,1.48,1.51,550542.00
20110204,1.51,1.54,1.49,1.50,1641743.00
20110203,1.46,1.52,1.46,1.51,739870.00
20110202,1.48,1.48,1.45,1.47,592496.00
20110201,1.50,1.50,1.47,1.47,625148.00
20110131,1.47,1.51,1.46,1.48,2880709.00
20110128,1.51,1.52,1.46,1.48,1317671.00
20110127,1.52,1.53,1.51,1.52,901162.00
20110125,1.52,1.53,1.51,1.51,511091.00
20110124,1.52,1.52,1.51,1.52,560649.00
20110121,1.52,1.52,1.50,1.52,432263.00
20110120,1.49,1.52,1.49,1.52,334812.00
20110119,1.51,1.52,1.50,1.50,345400.00
20110118,1.50,1.52,1.49,1.51,375917.00
20110117,1.49,1.51,1.47,1.50,578090.00
20110114,1.49,1.52,1.48,1.50,905752.00
20110113,1.50,1.50,1.48,1.49,234879.00
20110112,1.49,1.50,1.47,1.50,504209.00
20110111,1.48,1.50,1.47,1.48,694771.00
20110110,1.51,1.52,1.47,1.48,1009494.00
20110107,1.52,1.54,1.49,1.50,1938858.00
20110106,1.51,1.53,1.51,1.52,2205340.00
20110105,1.51,1.52,1.50,1.51,800502.00
20110104,1.51,1.52,1.50,1.51,922344.00
20110103,1.51,1.52,1.50,1.51,561221.00
20101231,1.49,1.52,1.49,1.51,1030107.00
20101230,1.47,1.50,1.45,1.49,1803890.00
20101229,1.48,1.49,1.47,1.47,404343.00
20101228,1.49,1.49,1.47,1.48,267254.00
20101227,1.50,1.50,1.49,1.49,548275.00
20101224,1.49,1.51,1.49,1.50,568746.00
20101223,1.50,1.51,1.49,1.50,492794.00
20101222,1.49,1.51,1.49,1.50,838737.00
20101221,1.48,1.51,1.48,1.49,1483662.00
20101220,1.47,1.49,1.46,1.47,2005578.00
20101216,1.49,1.49,1.47,1.48,603850.00
20101215,1.49,1.50,1.48,1.49,2764347.00
20101214,1.51,1.52,1.49,1.49,965694.00
20101213,1.48,1.51,1.48,1.51,1128515.00
20101210,1.47,1.48,1.45,1.48,1492895.00
20101209,1.51,1.51,1.46,1.47,1254015.00
20101208,1.52,1.52,1.50,1.50,944904.00
20101207,1.52,1.53,1.51,1.52,3958386.00
20101206,1.53,1.54,1.52,1.53,5066717.00
20101203,1.53,1.54,1.50,1.54,9884282.00
20101202,1.49,1.53,1.49,1.52,9875385.00
20101201,1.45,1.49,1.45,1.49,7304924.00
20101130,1.43,1.46,1.41,1.46,7240607.00
20101129,1.48,1.48,1.43,1.44,7083151.00
20101126,1.47,1.49,1.44,1.48,22199599.00
20101125,1.46,1.50,1.45,1.49,69385025.00
20101124,1.48,1.51,1.47,1.49,7104205.00
20101123,1.52,1.55,1.49,1.52,4211994.00
20101122,1.55,1.57,1.52,1.56,1912649.00
20101119,1.56,1.59,1.54,1.56,1510429.00
20101118,1.56,1.57,1.53,1.56,1244706.00
20101116,1.57,1.57,1.54,1.54,731253.00
20101115,1.54,1.58,1.54,1.55,982394.00
20101112,1.55,1.57,1.52,1.53,1585539.00
20101111,1.56,1.59,1.55,1.56,1629522.00
20101110,1.60,1.62,1.56,1.57,2620723.00
20101109,1.51,1.61,1.51,1.60,4601850.00
20101108,1.49,1.53,1.48,1.51,3432944.00
20101105,1.57,1.58,1.56,1.57,316783.00
20101104,1.55,1.60,1.54,1.56,719194.00
20101103,1.54,1.55,1.52,1.54,824095.00
20101102,1.54,1.55,1.51,1.54,942135.00
20101101,1.57,1.57,1.54,1.54,165795.00
20101029,1.55,1.57,1.54,1.54,332568.00
20101028,1.58,1.58,1.53,1.54,929299.00
20101027,1.58,1.59,1.56,1.57,336075.00
20101026,1.59,1.60,1.57,1.57,492076.00
20101025,1.65,1.66,1.59,1.60,632124.00
20101022,1.64,1.67,1.63,1.64,637051.00
20101021,1.64,1.65,1.62,1.63,652773.00
20101020,1.62,1.63,1.59,1.60,261940.00
20101019,1.66,1.66,1.61,1.62,271842.00
20101018,1.69,1.69,1.63,1.64,304313.00
20101015,1.66,1.67,1.63,1.64,371248.00
20101014,1.70,1.70,1.64,1.64,463667.00
20101013,1.68,1.71,1.68,1.69,268369.00
20101012,1.70,1.70,1.65,1.69,176662.00
20101011,1.72,1.72,1.68,1.69,288090.00
20101008,1.68,1.70,1.67,1.68,1164651.00
20101007,1.71,1.73,1.67,1.68,751955.00
20101006,1.74,1.75,1.71,1.72,549930.00
20101005,1.69,1.73,1.69,1.72,807177.00
20101004,1.68,1.70,1.66,1.69,560034.00
20101001,1.64,1.68,1.64,1.67,375039.00
20100930,1.68,1.69,1.63,1.64,351480.00
20100929,1.65,1.70,1.65,1.67,1297434.00
20100928,1.63,1.65,1.62,1.64,498329.00
20100927,1.64,1.64,1.62,1.63,379631.00
20100924,1.62,1.63,1.61,1.62,237565.00
20100923,1.63,1.63,1.61,1.62,199469.00
20100922,1.63,1.64,1.62,1.63,396045.00
20100921,1.63,1.65,1.62,1.63,507028.00
20100920,1.62,1.63,1.62,1.63,247513.00
20100917,1.63,1.64,1.61,1.62,272516.00
20100916,1.66,1.66,1.62,1.62,265075.00
20100915,1.62,1.65,1.62,1.64,470312.00
20100914,1.62,1.63,1.61,1.62,285428.00
20100913,1.63,1.63,1.61,1.62,370552.00
20100909,1.64,1.64,1.61,1.61,252080.00
20100908,1.64,1.65,1.63,1.64,205262.00
20100907,1.66,1.67,1.64,1.64,363755.00
20100906,1.68,1.69,1.66,1.66,311931.00
20100903,1.66,1.68,1.65,1.66,406758.00
20100902,1.67,1.68,1.65,1.65,233256.00
20100901,1.68,1.69,1.65,1.67,368392.00
20100831,1.67,1.70,1.65,1.67,782857.00
20100830,1.62,1.68,1.62,1.67,1462892.00
20100827,1.63,1.64,1.60,1.61,488709.00
20100826,1.59,1.63,1.57,1.62,752565.00
20100825,1.58,1.60,1.58,1.58,244077.00
20100824,1.62,1.62,1.58,1.59,179566.00
20100823,1.61,1.61,1.57,1.60,242644.00
20100820,1.60,1.62,1.58,1.59,198710.00
20100819,1.60,1.62,1.59,1.60,270773.00
20100818,1.63,1.63,1.58,1.60,351726.00
20100817,1.64,1.65,1.61,1.62,548149.00
20100816,1.58,1.65,1.58,1.62,1804333.00
20100813,1.52,1.57,1.52,1.57,358765.00
20100812,1.54,1.54,1.53,1.53,93114.00
20100811,1.55,1.57,1.54,1.54,313846.00
20100810,1.57,1.58,1.55,1.56,213122.00
20100809,1.55,1.57,1.54,1.57,507888.00
20100806,1.52,1.56,1.52,1.53,516097.00
20100805,1.54,1.54,1.52,1.52,156245.00
20100804,1.54,1.55,1.52,1.54,303545.00
20100803,1.55,1.55,1.53,1.54,198546.00
20100802,1.55,1.55,1.54,1.54,148697.00
20100730,1.54,1.56,1.51,1.55,186355.00
20100729,1.56,1.57,1.54,1.54,207087.00
20100728,1.56,1.58,1.54,1.55,292192.00
20100727,1.55,1.56,1.54,1.55,244173.00
20100726,1.55,1.55,1.54,1.55,209560.00
20100723,1.58,1.58,1.55,1.55,253555.00
20100722,1.54,1.58,1.54,1.56,1185367.00
20100721,1.54,1.54,1.53,1.54,230853.00
20100720,1.57,1.57,1.53,1.54,479832.00
20100719,1.54,1.56,1.53,1.54,287821.00
20100716,1.56,1.56,1.54,1.54,175640.00
20100715,1.55,1.56,1.55,1.55,414880.00
20100714,1.57,1.57,1.54,1.55,256310.00
20100713,1.55,1.56,1.54,1.55,183519.00
20100712,1.57,1.58,1.55,1.55,433556.00
20100709,1.58,1.58,1.56,1.57,261140.00
20100708,1.60,1.60,1.57,1.57,207585.00
20100707,1.60,1.63,1.57,1.58,671082.00
20100706,1.57,1.58,1.57,1.57,125077.00
20100705,1.62,1.62,1.56,1.57,250384.00
20100702,1.59,1.61,1.59,1.59,175921.00
20100701,1.58,1.61,1.57,1.59,198707.00
20100630,1.56,1.60,1.56,1.60,166992.00
20100629,1.60,1.61,1.57,1.58,279993.00
20100628,1.58,1.59,1.56,1.59,318158.00
20100625,1.55,1.57,1.55,1.56,121380.00
20100624,1.58,1.58,1.56,1.56,167029.00
20100623,1.57,1.58,1.57,1.57,77246.00
20100622,1.59,1.60,1.57,1.58,110213.00
20100621,1.58,1.60,1.58,1.59,210151.00
20100618,1.59,1.60,1.57,1.58,141648.00
20100617,1.58,1.59,1.57,1.58,106666.00
20100616,1.85,1.85,1.57,1.58,112162.00
20100615,1.58,1.59,1.57,1.59,183463.00
20100614,1.57,1.59,1.56,1.58,365939.00
20100611,1.57,1.58,1.56,1.56,160194.00
20100610,1.58,1.59,1.56,1.57,262591.00
20100609,1.58,1.59,1.57,1.57,84858.00
20100608,1.61,1.61,1.58,1.59,338209.00
20100607,1.59,1.61,1.57,1.60,145063.00
20100604,1.62,1.63,1.61,1.63,123082.00
20100603,1.57,1.63,1.57,1.63,159326.00
20100602,1.61,1.61,1.58,1.60,97928.00
20100601,1.59,1.60,1.58,1.60,286010.00
20100531,1.57,1.59,1.57,1.59,172013.00
20100528,1.57,1.60,1.57,1.59,147195.00
20100527,1.60,1.60,1.54,1.56,189150.00
20100526,1.46,1.60,1.46,1.59,216859.00
20100525,1.57,1.57,1.54,1.55,434132.00
20100524,1.59,1.60,1.57,1.58,489051.00
20100521,1.57,1.61,1.57,1.59,330829.00
20100520,1.59,1.61,1.56,1.60,240229.00
20100519,1.61,1.61,1.57,1.58,189821.00
20100518,1.60,1.61,1.59,1.60,129572.00
20100517,1.62,1.62,1.59,1.60,121393.00
20100514,1.67,1.67,1.62,1.63,145461.00
20100513,1.65,1.67,1.64,1.67,197186.00
20100512,1.64,1.65,1.63,1.64,135368.00
20100511,1.67,1.67,1.63,1.64,97245.00
20100510,1.63,1.67,1.63,1.66,139243.00
20100507,1.56,1.64,1.54,1.63,210826.00
20100506,1.64,1.66,1.62,1.64,183819.00
20100505,1.64,1.66,1.63,1.65,218240.00
20100504,1.69,1.69,1.65,1.65,128650.00
20100503,1.68,1.69,1.68,1.68,130753.00
20100430,1.71,1.71,1.68,1.69,244563.00
20100429,1.74,1.75,1.69,1.70,497745.00
20100428,1.75,1.75,1.67,1.71,631109.00
20100427,1.69,1.76,1.69,1.75,826559.00
20100426,1.70,1.71,1.69,1.70,240611.00
20100423,1.68,1.69,1.67,1.69,228208.00
20100422,1.70,1.71,1.66,1.68,405063.00
20100421,1.66,1.71,1.65,1.69,471415.00
20100420,1.66,1.67,1.64,1.66,208068.00
20100419,1.64,1.66,1.64,1.65,135041.00
20100416,1.66,1.66,1.65,1.66,177424.00
20100415,1.66,1.67,1.65,1.66,178677.00
20100413,1.67,1.68,1.65,1.66,131813.00
20100412,1.69,1.70,1.66,1.67,120365.00
20100409,1.71,1.72,1.68,1.69,252372.00
20100408,1.71,1.73,1.70,1.71,959903.00
20100407,1.69,1.71,1.65,1.70,1236468.00
20100406,1.66,1.66,1.64,1.65,894486.00
20100405,1.65,1.66,1.64,1.65,265624.00
20100401,1.66,1.66,1.63,1.64,150902.00
20100331,1.64,1.66,1.64,1.65,189683.00
20100330,1.64,1.65,1.63,1.64,101133.00
20100329,1.64,1.65,1.64,1.64,179799.00
20100326,1.66,1.66,1.63,1.65,315935.00
20100325,1.66,1.66,1.63,1.64,207139.00
20100323,1.66,1.67,1.64,1.66,176490.00
20100322,1.66,1.68,1.64,1.66,457942.00
20100319,1.64,1.68,1.62,1.67,1323296.00
20100318,1.64,1.64,1.62,1.63,137258.00
20100317,1.62,1.64,1.62,1.64,279155.00
20100316,1.62,1.62,1.61,1.62,156453.00
20100315,1.62,1.64,1.60,1.62,380462.00
20100312,1.65,1.65,1.63,1.63,179897.00
20100311,1.68,1.70,1.64,1.64,399428.00
20100310,1.68,1.69,1.66,1.68,251983.00
20100309,1.70,1.70,1.67,1.67,233844.00
20100308,1.67,1.70,1.67,1.69,379944.00
20100305,1.68,1.68,1.66,1.66,174657.00
20100304,1.68,1.68,1.67,1.67,146145.00
20100303,1.65,1.68,1.65,1.67,186187.00
20100302,1.65,1.66,1.64,1.65,115978.00
20100226,1.65,1.66,1.63,1.65,198969.00
20100225,1.65,1.65,1.62,1.64,164962.00
20100224,1.65,1.65,1.63,1.64,135625.00
20100223,1.64,1.65,1.63,1.63,104215.00
20100222,1.65,1.66,1.64,1.65,143942.00
20100219,1.66,1.66,1.64,1.65,135744.00
20100218,1.66,1.69,1.64,1.66,344018.00
20100217,1.65,1.66,1.64,1.65,161071.00
20100216,1.62,1.65,1.61,1.64,231886.00
20100215,1.66,1.66,1.61,1.61,315814.00
20100211,1.65,1.66,1.64,1.65,102932.00
20100210,1.67,1.67,1.64,1.65,158426.00
20100209,1.66,1.68,1.65,1.66,145912.00
20100208,1.66,1.68,1.64,1.67,316230.00
20100206,1.67,1.67,1.65,1.66,56097.00
20100205,1.69,1.71,1.65,1.66,420576.00
20100204,1.74,1.76,1.72,1.72,469093.00
20100203,1.76,1.77,1.73,1.74,273912.00
20100202,1.74,1.78,1.73,1.75,787645.00
20100201,1.74,1.75,1.72,1.74,244571.00
20100129,1.71,1.75,1.71,1.73,501301.00
20100128,1.75,1.79,1.67,1.71,1434643.00
20100127,1.76,1.80,1.73,1.74,901494.00
20100125,1.75,1.78,1.73,1.76,336430.00
20100122,1.72,1.77,1.68,1.76,564194.00
20100121,1.79,1.80,1.74,1.75,415660.00
20100120,1.80,1.81,1.78,1.79,411966.00
20100119,1.81,1.83,1.78,1.79,709899.00
20100118,1.82,1.85,1.80,1.80,612355.00
20100115,1.82,1.87,1.81,1.82,1512259.00
20100114,1.78,1.82,1.77,1.80,1048402.00
20100113,1.74,1.77,1.73,1.77,432916.00
20100112,1.77,1.78,1.73,1.74,362419.00
20100111,1.78,1.79,1.76,1.76,422189.00
20100108,1.76,1.78,1.76,1.77,585952.00
20100107,1.75,1.77,1.73,1.76,671743.00
20100106,1.74,1.76,1.74,1.74,1007791.00
20100105,1.74,1.76,1.72,1.73,774715.00
20100104,1.71,1.74,1.69,1.73,866894.00
20091231,1.69,1.72,1.68,1.69,851700.00
20091230,1.69,1.70,1.67,1.67,348948.00
20091229,1.70,1.71,1.68,1.69,607323.00
20091224,1.70,1.72,1.66,1.67,619070.00
20091223,1.65,1.70,1.64,1.68,1765334.00
20091222,1.60,1.65,1.60,1.63,438681.00
20091221,1.60,1.61,1.60,1.61,319066.00
20091218,1.60,1.62,1.60,1.61,318977.00
20091217,1.63,1.63,1.60,1.61,364858.00
20091216,1.61,1.62,1.59,1.61,210971.00
20091215,1.62,1.62,1.61,1.62,384531.00
20091214,1.62,1.63,1.61,1.62,312934.00
20091211,1.62,1.64,1.61,1.62,327414.00
20091210,1.61,1.63,1.60,1.62,460725.00
20091209,1.60,1.62,1.60,1.61,1284202.00
20091208,1.59,1.62,1.58,1.61,427297.00
20091207,1.60,1.60,1.59,1.59,371633.00
20091204,1.58,1.61,1.57,1.60,448220.00
20091203,1.57,1.60,1.57,1.59,335416.00
20091202,1.58,1.60,1.57,1.59,841143.00
20091201,1.56,1.59,1.54,1.58,845231.00
20091130,1.58,1.60,1.53,1.54,1642708.00
20091127,1.58,1.58,1.54,1.57,517621.00
20091126,1.61,1.61,1.58,1.59,306266.00
20091125,1.60,1.61,1.60,1.61,264797.00
20091124,1.64,1.64,1.60,1.60,920477.00
20091123,1.57,1.65,1.57,1.64,448563.00
20091120,1.62,1.67,1.62,1.64,724203.00
20091119,1.62,1.62,1.61,1.61,853098.00
20091118,1.62,1.63,1.60,1.61,573305.00
20091117,1.63,1.63,1.60,1.61,598936.00
20091116,1.62,1.67,1.61,1.62,868764.00
20091113,1.69,1.69,1.61,1.62,590183.00
20091112,1.69,1.71,1.62,1.64,1514867.00
20091111,1.62,1.67,1.62,1.67,548878.00
20091110,1.63,1.66,1.61,1.62,391569.00
20091109,1.65,1.66,1.62,1.65,182842.00
20091106,1.65,1.69,1.63,1.64,508122.00
20091105,1.59,1.65,1.58,1.64,378757.00
20091104,1.58,1.61,1.54,1.60,387230.00
20091103,1.59,1.62,1.56,1.57,517822.00
20091030,1.65,1.66,1.59,1.60,331078.00
20091029,1.65,1.67,1.62,1.64,523167.00
20091028,1.68,1.68,1.63,1.65,303223.00
20091027,1.68,1.69,1.67,1.68,609592.00
20091026,1.69,1.70,1.67,1.69,414378.00
20091023,1.70,1.70,1.68,1.69,299013.00
20091022,1.71,1.71,1.67,1.68,284020.00
20091021,1.72,1.73,1.71,1.71,369318.00
20091020,1.73,1.74,1.71,1.72,404384.00
20091017,1.72,1.75,1.72,1.72,213552.00
20091016,1.74,1.75,1.72,1.72,615073.00
20091015,1.72,1.75,1.72,1.73,1363761.00
20091014,1.68,1.72,1.66,1.71,1355311.00
20091012,1.67,1.67,1.65,1.67,267725.00
20091009,1.63,1.68,1.63,1.66,882264.00
20091008,1.66,1.68,1.66,1.67,893060.00
20091007,1.69,1.70,1.67,1.68,733098.00
20091006,1.68,1.70,1.65,1.68,556962.00
20091005,1.67,1.68,1.66,1.68,467444.00
20091001,1.70,1.71,1.68,1.69,636439.00
20090930,1.72,1.73,1.69,1.69,1102733.00
20090929,1.72,1.74,1.70,1.71,454650.00
20090925,1.72,1.73,1.70,1.71,853141.00
20090924,1.69,1.75,1.69,1.71,1595092.00
20090923,1.67,1.72,1.67,1.69,1794343.00
20090922,1.66,1.68,1.66,1.66,486172.00
20090918,1.66,1.66,1.65,1.66,532335.00
20090917,1.66,1.67,1.65,1.66,466406.00
20090916,1.66,1.67,1.64,1.66,549767.00
20090915,1.66,1.68,1.64,1.65,696845.00
20090914,1.66,1.67,1.65,1.66,381024.00
20090911,1.66,1.67,1.64,1.66,755448.00
20090910,1.62,1.67,1.62,1.65,938012.00
20090909,1.65,1.66,1.61,1.62,913600.00
20090908,1.66,1.68,1.66,1.66,663579.00
20090907,1.66,1.68,1.65,1.65,578204.00
20090904,1.63,1.65,1.61,1.65,480758.00
20090903,1.68,1.68,1.63,1.64,399214.00
20090902,1.65,1.67,1.62,1.66,815084.00
20090901,1.66,1.67,1.63,1.64,657477.00
20090831,1.62,1.66,1.62,1.66,733743.00
20090828,1.67,1.68,1.64,1.66,1282922.00
20090827,1.69,1.70,1.66,1.66,493130.00
20090826,1.70,1.71,1.68,1.69,837169.00
20090825,1.68,1.70,1.67,1.69,919932.00
20090824,1.67,1.68,1.66,1.67,396506.00
20090821,1.64,1.66,1.62,1.66,320801.00
20090820,1.63,1.67,1.63,1.65,229155.00
20090819,1.68,1.69,1.63,1.63,334433.00
20090818,1.63,1.67,1.63,1.67,534562.00
20090817,1.68,1.71,1.63,1.64,744255.00
20090814,1.72,1.75,1.71,1.72,905640.00
20090813,1.70,1.73,1.70,1.72,480180.00
20090812,1.68,1.71,1.67,1.69,814281.00
20090811,1.70,1.73,1.68,1.71,305678.00
20090810,1.75,1.77,1.68,1.70,473056.00
20090807,1.69,1.76,1.69,1.73,482835.00
20090806,1.77,1.78,1.72,1.73,581814.00
20090805,1.77,1.79,1.74,1.77,447162.00
20090804,1.81,1.83,1.77,1.78,701496.00
20090803,1.82,1.83,1.79,1.81,591061.00
20090731,1.86,1.87,1.80,1.81,1025274.00
20090730,1.82,1.86,1.81,1.83,1404190.00
20090729,1.79,1.82,1.74,1.80,1168804.00
20090728,1.69,1.80,1.69,1.79,810500.00
20090727,1.75,1.78,1.73,1.76,953176.00
20090724,1.77,1.77,1.72,1.74,788086.00
20090723,1.70,1.76,1.68,1.75,1374934.00
20090722,1.71,1.73,1.66,1.67,630762.00
20090721,1.72,1.73,1.67,1.69,518224.00
20090720,1.74,1.75,1.70,1.72,533639.00
20090717,1.74,1.74,1.70,1.72,886173.00
20090716,1.72,1.75,1.66,1.71,857253.00
20090715,1.67,1.72,1.67,1.71,1019361.00
20090714,1.62,1.66,1.59,1.65,1036789.00
20090713,1.57,1.62,1.53,1.59,1180897.00
20090710,1.58,1.60,1.57,1.58,1081163.00
20090709,1.57,1.60,1.55,1.57,600779.00
20090708,1.59,1.60,1.52,1.57,2026941.00
20090707,1.63,1.64,1.59,1.61,1027605.00
20090706,1.75,1.81,1.57,1.59,3315382.00
20090703,1.67,1.75,1.67,1.73,2068113.00
20090702,1.66,1.70,1.64,1.69,2039388.00
20090701,1.69,1.70,1.62,1.65,1496189.00
20090630,1.74,1.75,1.65,1.68,2460089.00
20090629,1.74,1.74,1.69,1.71,4188341.00
20090626,1.68,1.72,1.63,1.71,4668860.00
20090625,1.66,1.70,1.63,1.65,2146919.00
20090624,1.67,1.68,1.64,1.66,1559122.00
20090623,1.60,1.67,1.59,1.65,1080412.00
20090622,1.62,1.69,1.62,1.64,1937393.00
20090619,1.71,1.72,1.61,1.67,1543205.00
20090618,1.83,1.84,1.67,1.69,1486376.00
20090617,1.88,1.94,1.80,1.83,1673308.00
20090616,1.86,1.90,1.84,1.88,945114.00
20090615,1.87,1.90,1.85,1.88,1086957.00
20090612,1.89,1.92,1.85,1.87,1632888.00
20090611,1.88,1.93,1.86,1.88,1796186.00
20090610,1.88,1.92,1.86,1.88,1185735.00
20090609,1.85,1.88,1.79,1.86,1103970.00
20090608,1.96,1.96,1.82,1.85,1395534.00
20090605,1.94,1.97,1.89,1.92,2791121.00
20090604,1.92,1.95,1.87,1.93,2667276.00
20090603,1.85,1.95,1.82,1.93,4052746.00
20090602,1.88,1.88,1.79,1.84,1709741.00
20090601,1.80,1.86,1.78,1.85,2846895.00
20090529,1.77,1.78,1.73,1.76,1792311.00
20090528,1.72,1.75,1.65,1.72,1559686.00
20090527,1.78,1.78,1.65,1.69,1667468.00
20090526,1.81,1.81,1.63,1.66,1571751.00
20090525,1.77,1.84,1.77,1.79,1193165.00
20090522,1.84,1.89,1.80,1.83,1340422.00
20090521,1.80,1.91,1.80,1.81,2076949.00
20090520,1.82,1.88,1.78,1.82,1567956.00
20090519,1.86,1.92,1.62,1.82,3469880.00
20090518,1.72,1.92,1.65,1.86,50273.00
20090515,1.53,1.57,1.52,1.55,1129504.00
20090514,1.52,1.56,1.49,1.53,1682971.00
20090513,1.57,1.58,1.51,1.53,1618166.00
20090512,1.49,1.56,1.48,1.56,1678769.00
20090511,1.51,1.54,1.49,1.50,1624152.00
20090508,1.51,1.55,1.48,1.50,1962881.00
20090507,1.51,1.51,1.47,1.49,1131010.00
20090506,1.47,1.52,1.46,1.48,1519867.00
20090505,1.52,1.52,1.44,1.48,1570450.00
20090504,1.45,1.48,1.44,1.45,531568.00
20090429,1.42,1.45,1.41,1.42,1165680.00
20090428,1.50,1.50,1.41,1.42,1035367.00
20090427,1.55,1.55,1.48,1.49,766113.00
20090424,1.54,1.55,1.51,1.54,824598.00
20090423,1.50,1.55,1.47,1.54,1079855.00
20090422,1.55,1.57,1.47,1.49,1525374.00
20090421,1.54,1.57,1.52,1.53,1418789.00
20090420,1.52,1.60,1.52,1.57,3866506.00
20090417,1.48,1.57,1.46,1.50,4513707.00
20090416,1.51,1.52,1.44,1.46,2379602.00
20090415,1.48,1.50,1.45,1.49,1331576.00
20090413,1.49,1.51,1.43,1.45,955208.00
20090409,1.52,1.55,1.46,1.48,1549112.00
20090408,1.39,1.52,1.36,1.50,2366074.00
20090406,1.47,1.47,1.42,1.43,971741.00
20090402,1.43,1.46,1.42,1.44,1322557.00
20090401,1.47,1.48,1.41,1.41,953317.00
20090331,1.46,1.49,1.45,1.47,484267.00
20090330,1.43,1.48,1.42,1.45,607059.00
20090327,1.48,1.49,1.45,1.46,683990.00
20090326,1.51,1.51,1.45,1.48,929519.00
20090325,1.51,1.52,1.47,1.49,624081.00
20090324,1.54,1.55,1.50,1.51,1196592.00
20090323,1.49,1.52,1.48,1.51,1291622.00
20090320,1.47,1.50,1.45,1.48,651002.00
20090319,1.48,1.48,1.44,1.48,1047337.00
20090318,1.49,1.51,1.46,1.47,703684.00
20090317,1.46,1.50,1.46,1.48,1006820.00
20090316,1.47,1.49,1.43,1.48,994228.00
20090313,1.45,1.47,1.42,1.46,1055803.00
20090312,1.41,1.45,1.41,1.44,935316.00
20090309,1.42,1.42,1.39,1.40,498273.00
20090306,1.40,1.43,1.39,1.42,850784.00
20090305,1.42,1.43,1.39,1.41,929863.00
20090304,1.38,1.42,1.38,1.41,988992.00
20090303,1.40,1.44,1.36,1.37,1071583.00
20090302,1.45,1.45,1.39,1.41,1449316.00
20090227,1.43,1.53,1.40,1.48,3916345.00
20090226,1.41,1.43,1.38,1.42,1181676.00
20090225,1.42,1.43,1.39,1.40,1340478.00
20090224,1.31,1.43,1.29,1.41,1668251.00
20090220,1.34,1.35,1.31,1.33,480717.00
20090219,1.35,1.39,1.34,1.36,1112979.00
20090218,1.30,1.37,1.29,1.35,566418.00
20090217,1.36,1.36,1.31,1.31,393398.00
20090216,1.45,1.45,1.36,1.37,517847.00
20090213,1.42,1.46,1.42,1.44,1636737.00
20090212,1.33,1.41,1.32,1.40,1307129.00
20090211,1.30,1.34,1.30,1.33,266870.00
20090210,1.36,1.36,1.30,1.33,511650.00
20090209,1.34,1.35,1.30,1.33,471340.00
20090206,1.31,1.34,1.31,1.33,376561.00
20090205,1.32,1.32,1.30,1.31,992849.00
20090204,1.32,1.33,1.29,1.32,712831.00
20090203,1.30,1.33,1.27,1.31,1217538.00
20090202,1.33,1.36,1.28,1.29,1545344.00
20090130,1.35,1.37,1.32,1.36,924915.00
20090129,1.41,1.42,1.34,1.38,1239782.00
20090128,1.38,1.41,1.35,1.40,1353353.00
20090127,1.34,1.39,1.32,1.37,1902873.00
20090123,1.29,1.34,1.27,1.33,1256961.00
20090122,1.26,1.33,1.23,1.31,1961300.00
20090121,1.28,1.34,1.23,1.25,2909747.00
20090120,1.18,1.36,1.16,1.33,4075706.00
20090119,1.17,1.21,1.16,1.20,537399.00
20090116,1.14,1.18,1.11,1.16,484284.00
20090115,1.12,1.14,1.09,1.12,772874.00
20090114,1.14,1.15,1.13,1.14,445728.00
20090113,1.14,1.16,1.12,1.14,734495.00
20090112,1.18,1.20,1.12,1.16,1486239.00
20090109,1.16,1.22,1.15,1.19,1121058.00
20090107,1.27,1.28,1.16,1.19,2587301.00
20090106,1.28,1.30,1.24,1.26,811608.00
20090105,1.32,1.32,1.25,1.27,739140.00
20090102,1.29,1.31,1.27,1.30,871522.00
20090101,1.28,1.30,1.27,1.29,424993.00
20081231,1.27,1.29,1.25,1.28,955993.00
20081230,1.27,1.28,1.22,1.26,1192602.00
20081229,1.25,1.27,1.22,1.27,594157.00
20081226,1.24,1.26,1.21,1.24,1296343.00
20081224,1.25,1.27,1.21,1.24,2506064.00
20081223,1.28,1.30,1.25,1.26,982859.00
20081222,1.29,1.30,1.26,1.28,1671425.00
20081219,1.22,1.30,1.22,1.28,1684841.00
20081218,1.20,1.24,1.18,1.23,1642467.00
20081217,1.22,1.22,1.16,1.19,2292045.00
20081216,1.14,1.20,1.14,1.19,1568706.00
20081215,1.15,1.18,1.14,1.15,1187044.00
20081212,1.14,1.15,1.11,1.13,1227450.00
20081211,1.18,1.19,1.15,1.17,1343274.00
20081210,1.20,1.22,1.16,1.18,1444045.00
20081208,1.23,1.24,1.15,1.20,2016940.00
20081205,1.20,1.25,1.19,1.19,1274449.00
20081204,1.15,1.22,1.14,1.21,1049194.00
20081203,1.14,1.16,1.10,1.15,1115622.00
20081202,1.11,1.13,1.09,1.12,1279966.00
20081201,1.16,1.18,1.12,1.13,1455164.00
20081128,1.11,1.16,1.09,1.14,978016.00
20081126,1.14,1.18,1.12,1.16,1007063.00
20081125,1.18,1.18,1.12,1.13,1329085.00
20081124,1.15,1.18,1.10,1.16,1289960.00
20081121,1.08,1.17,1.03,1.13,2029509.00
20081120,1.02,1.08,1.02,1.07,923883.00
20081119,1.11,1.14,1.06,1.08,1088548.00
20081118,1.15,1.15,1.08,1.10,1758348.00
20081117,1.14,1.18,1.06,1.16,1374049.00
20081114,1.14,1.16,1.11,1.12,945870.00
20081112,1.12,1.18,1.11,1.13,1195958.00
20081111,1.20,1.22,1.15,1.18,2116615.00
20081110,1.18,1.20,1.16,1.19,917508.00
20081107,1.06,1.19,1.06,1.16,2089858.00
20081106,1.05,1.15,1.04,1.08,1098600.00
20081105,1.21,1.21,1.09,1.11,1244963.00
20081104,1.11,1.17,1.08,1.16,1111248.00
20081103,1.11,1.12,1.07,1.11,1006890.00
20081031,1.05,1.10,1.02,1.07,1145925.00
20081029,1.02,1.06,0.92,1.01,1107527.00
20081028,0.95,1.00,0.94,0.97,323529.00
20081027,0.92,0.95,0.80,0.89,1918949.00
20081024,1.06,1.11,0.95,0.97,1813296.00
20081023,1.12,1.15,1.09,1.11,1403120.00
20081022,1.22,1.24,1.16,1.17,923008.00
20081021,1.25,1.30,1.20,1.23,1762666.00
20081020,1.22,1.27,1.18,1.23,2284843.00
20081017,1.32,1.34,1.19,1.21,1191377.00
20081016,1.30,1.33,1.28,1.31,1283648.00
20081015,1.35,1.39,1.35,1.36,901506.00
20081014,1.45,1.45,1.36,1.37,1191354.00
20081013,1.39,1.42,1.37,1.41,1237103.00
20081010,1.29,1.40,1.28,1.38,2031525.00
20081008,1.35,1.40,1.29,1.39,1706602.00
20081007,1.35,1.43,1.34,1.40,1839133.00
20081006,1.34,1.36,1.32,1.35,1462025.00
20081003,1.38,1.40,1.35,1.38,1032856.00
20081001,1.31,1.37,1.31,1.36,819227.00
20080930,1.25,1.37,1.23,1.32,1560628.00
20080929,1.35,1.38,1.29,1.32,1410305.00
20080926,1.41,1.41,1.34,1.37,1368851.00
20080925,1.40,1.44,1.36,1.39,1558811.00
20080924,1.38,1.45,1.38,1.43,1059563.00
20080923,1.38,1.43,1.37,1.40,1463934.00
20080922,1.48,1.48,1.40,1.42,1025785.00
20080919,1.40,1.46,1.40,1.45,1473156.00
20080918,1.32,1.39,1.27,1.36,1072157.00
20080917,1.42,1.42,1.35,1.37,1065178.00
20080916,1.34,1.42,1.31,1.40,783149.00
20080915,1.43,1.44,1.34,1.38,1025646.00
20080912,1.47,1.51,1.45,1.47,1092205.00
20080911,1.49,1.50,1.45,1.46,474289.00
20080910,1.48,1.52,1.48,1.50,548613.00
20080909,1.50,1.52,1.48,1.51,803676.00
20080908,1.49,1.57,1.49,1.50,1416319.00
20080905,1.45,1.45,1.42,1.43,817865.00
20080904,1.49,1.49,1.45,1.46,760448.00
20080902,1.43,1.50,1.42,1.49,1096719.00
20080901,1.39,1.43,1.39,1.42,639576.00
20080829,1.40,1.44,1.40,1.43,578671.00
20080828,1.40,1.44,1.36,1.38,981412.00
20080827,1.43,1.44,1.39,1.40,724772.00
20080826,1.40,1.43,1.39,1.42,315959.00
20080825,1.43,1.44,1.41,1.42,367528.00
20080822,1.40,1.42,1.37,1.40,831390.00
20080821,1.43,1.44,1.41,1.42,983299.00
20080820,1.43,1.45,1.43,1.44,456051.00
20080819,1.45,1.45,1.39,1.42,513984.00
20080818,1.47,1.48,1.43,1.45,397764.00
20080814,1.49,1.50,1.46,1.47,549979.00
20080813,1.48,1.51,1.47,1.50,538408.00
20080812,1.52,1.54,1.48,1.49,842983.00
20080811,1.54,1.55,1.51,1.52,639088.00
20080808,1.54,1.58,1.50,1.51,797835.00
20080807,1.53,1.56,1.51,1.53,1060919.00
20080806,1.60,1.61,1.53,1.53,1918457.00
20080805,1.52,1.58,1.51,1.57,2016464.00
20080804,1.51,1.54,1.48,1.51,1009612.00
20080801,1.43,1.51,1.42,1.50,1120295.00
20080731,1.51,1.51,1.44,1.46,796016.00
20080730,1.48,1.52,1.47,1.51,1051112.00
20080729,1.49,1.50,1.44,1.45,912532.00
20080728,1.53,1.55,1.49,1.51,925292.00
20080725,1.49,1.57,1.47,1.53,2002861.00
20080724,1.60,1.61,1.51,1.52,1597686.00
20080723,1.57,1.59,1.52,1.57,2817737.00
20080722,1.42,1.48,1.41,1.47,2215136.00
20080721,1.36,1.42,1.31,1.41,2022140.00
20080718,1.28,1.35,1.25,1.34,1318399.00
20080717,1.26,1.28,1.23,1.26,889322.00
20080716,1.24,1.26,1.19,1.21,1082668.00
20080715,1.27,1.28,1.23,1.24,780416.00
20080714,1.28,1.34,1.27,1.30,956853.00
20080711,1.36,1.39,1.28,1.29,1147070.00
20080710,1.29,1.37,1.27,1.36,1293249.00
20080709,1.22,1.30,1.22,1.30,1163361.00
20080708,1.15,1.24,1.13,1.21,975814.00
20080707,1.17,1.23,1.17,1.19,995931.00
20080704,1.12,1.18,1.11,1.16,664597.00
20080703,1.16,1.17,1.11,1.14,806343.00
20080702,1.11,1.18,1.09,1.17,1064930.00
20080701,1.20,1.21,1.09,1.12,1288379.00
20080630,1.23,1.25,1.18,1.20,991255.00
20080627,1.27,1.28,1.23,1.23,1674526.00
20080626,1.23,1.32,1.23,1.29,1940443.00
20080625,1.23,1.24,1.20,1.22,812242.00
20080624,1.29,1.31,1.24,1.25,957197.00
20080623,1.30,1.33,1.23,1.30,806354.00
20080620,1.38,1.40,1.32,1.34,910911.00
20080619,1.40,1.40,1.35,1.37,624781.00
20080618,1.41,1.43,1.39,1.40,1200601.00
20080617,1.37,1.41,1.35,1.40,1020109.00
20080616,1.34,1.38,1.33,1.37,862318.00
20080613,1.35,1.35,1.30,1.31,660906.00
20080612,1.28,1.33,1.26,1.33,590019.00
20080611,1.32,1.34,1.31,1.31,546446.00
20080610,1.32,1.32,1.28,1.31,1123834.00
20080609,1.31,1.35,1.26,1.32,877150.00
20080606,1.40,1.40,1.32,1.34,1129120.00
20080605,1.35,1.37,1.31,1.36,1418709.00
20080604,1.40,1.41,1.35,1.36,1204414.00
20080603,1.44,1.44,1.39,1.40,1104306.00
20080602,1.52,1.53,1.43,1.45,814432.00
20080530,1.58,1.58,1.51,1.52,702414.00
20080529,1.56,1.59,1.52,1.57,2236972.00
20080528,1.49,1.55,1.47,1.54,902648.00
20080527,1.53,1.55,1.48,1.49,486681.00
20080526,1.53,1.54,1.51,1.53,544453.00
20080523,1.57,1.58,1.53,1.54,638682.00
20080522,1.58,1.58,1.56,1.57,650049.00
20080521,1.57,1.61,1.56,1.59,752960.00
20080520,1.58,1.59,1.57,1.58,608166.00
20080516,1.58,1.59,1.56,1.59,725421.00
20080515,1.58,1.58,1.56,1.57,457797.00
20080514,1.57,1.58,1.56,1.57,613344.00
20080513,1.57,1.58,1.55,1.57,1071381.00
20080512,1.54,1.58,1.51,1.57,1401326.00
20080509,1.56,1.61,1.54,1.57,2101181.00
20080508,1.58,1.59,1.56,1.57,726476.00
20080507,1.62,1.63,1.57,1.59,846155.00
20080506,1.64,1.64,1.61,1.62,915113.00
20080505,1.65,1.67,1.62,1.63,1573013.00
20080502,1.65,1.66,1.63,1.64,1523070.00
20080430,1.61,1.64,1.61,1.62,1540034.00
20080429,1.60,1.62,1.59,1.61,1478336.00
20080428,1.60,1.62,1.59,1.59,1113004.00
20080425,1.61,1.61,1.56,1.58,982303.00
20080424,1.65,1.65,1.56,1.58,1914839.00
20080423,1.65,1.65,1.61,1.63,1368899.00
20080422,1.59,1.64,1.58,1.63,2215111.00
20080421,1.60,1.63,1.58,1.60,2052979.00
20080417,1.53,1.61,1.52,1.57,3899009.00
20080416,1.55,1.57,1.51,1.52,1025521.00
20080415,1.51,1.55,1.48,1.54,1494856.00
20080411,1.54,1.54,1.50,1.52,933075.00
20080410,1.48,1.52,1.47,1.51,1168114.00
20080409,1.48,1.49,1.46,1.48,833188.00
20080408,1.51,1.52,1.46,1.48,1129425.00
20080407,1.51,1.53,1.49,1.51,812934.00
20080404,1.55,1.55,1.49,1.52,1059029.00
20080403,1.55,1.55,1.52,1.53,917470.00
20080402,1.55,1.58,1.53,1.54,1624466.00
20080401,1.52,1.54,1.50,1.51,1065482.00
20080331,1.52,1.53,1.50,1.51,1737595.00
20080328,1.52,1.54,1.49,1.53,2489494.00
20080327,1.48,1.53,1.48,1.52,2915573.00
20080326,1.51,1.53,1.48,1.50,2599720.00
20080325,1.48,1.51,1.46,1.50,3774041.00
20080324,1.46,1.47,1.41,1.45,2623191.00
20080319,1.46,1.53,1.42,1.43,3957237.00
20080318,1.40,1.45,1.40,1.43,3216542.00
20080317,1.42,1.43,1.37,1.41,4509697.00
20080314,1.41,1.47,1.40,1.47,8548795.00
20080313,1.54,1.57,1.34,1.37,8744603.00
20080312,1.67,1.72,1.57,1.59,3858265.00
20080311,1.50,1.65,1.48,1.63,4492538.00
20080310,1.50,1.53,1.43,1.52,2417091.00
20080307,1.57,1.58,1.46,1.52,3018022.00
20080305,1.57,1.61,1.56,1.61,2619791.00
20080304,1.62,1.64,1.54,1.58,2997977.00
20080303,1.65,1.68,1.60,1.62,2195332.00
20080229,1.71,1.74,1.66,1.69,4084011.00
20080228,1.65,1.72,1.65,1.71,5129677.00
20080227,1.62,1.75,1.62,1.67,8529793.00
20080226,1.60,1.61,1.57,1.58,763535.00
20080225,1.58,1.58,1.54,1.57,1080283.00
20080222,1.56,1.57,1.53,1.56,794202.00
20080221,1.58,1.60,1.56,1.58,999502.00
20080220,1.60,1.60,1.55,1.57,1176421.00
20080219,1.65,1.66,1.60,1.61,1326793.00
20080218,1.66,1.69,1.62,1.63,1729585.00
20080215,1.52,1.64,1.52,1.63,3551320.00
20080214,1.48,1.61,1.48,1.58,3024915.00
20080213,1.52,1.54,1.43,1.46,2350950.00
20080212,1.55,1.58,1.46,1.48,2271869.00
20080211,1.63,1.65,1.49,1.51,3731497.00
20080208,1.69,1.69,1.60,1.62,3516489.00
20080207,1.75,1.78,1.65,1.67,2699615.00
20080206,1.69,1.77,1.65,1.75,2868029.00
20080205,1.70,1.79,1.63,1.76,3198748.00
20080204,1.66,1.73,1.66,1.71,2462019.00
20080201,1.62,1.64,1.59,1.63,2153536.00
20080131,1.71,1.71,1.56,1.59,5585680.00
20080130,1.80,1.80,1.68,1.69,2019691.00
20080129,1.83,1.84,1.76,1.78,1671181.00
20080128,1.72,1.82,1.65,1.80,2353722.00
20080125,1.80,1.80,1.71,1.79,2717455.00
20080124,1.79,1.83,1.63,1.70,5707975.00
20080123,1.60,1.77,1.58,1.70,6520796.00
20080122,1.62,1.62,1.23,1.53,11343289.00
20080121,2.05,2.05,1.52,1.71,7076166.00
20080118,2.12,2.14,2.03,2.05,2534907.00
20080117,2.09,2.20,2.05,2.15,3120346.00
20080116,2.12,2.14,2.04,2.09,3629631.00
20080115,2.23,2.25,2.12,2.14,2514163.00
20080114,2.15,2.23,2.14,2.20,2238260.00
20080111,2.17,2.19,2.08,2.17,3065389.00
20080110,2.22,2.26,2.12,2.14,4626713.00
20080109,2.19,2.25,2.18,2.19,3493785.00
20080108,2.33,2.35,2.20,2.22,2740153.00
20080107,2.32,2.36,2.28,2.30,3079851.00
20080104,2.37,2.40,2.31,2.32,6336527.00
20080103,2.25,2.34,2.22,2.33,6830921.00
20080102,2.28,2.28,2.21,2.24,2244839.00
20080101,2.23,2.28,2.21,2.25,3116632.00
20071231,2.23,2.23,2.19,2.21,2074666.00
20071228,2.19,2.21,2.15,2.20,2455388.00
20071227,2.22,2.24,2.17,2.19,4613613.00
20071226,2.14,2.19,2.12,2.17,3937026.00
20071224,2.06,2.14,2.05,2.10,3141456.00
20071220,2.08,2.11,2.04,2.04,3612994.00
20071219,2.15,2.18,2.05,2.06,3973197.00
20071218,2.15,2.17,2.03,2.11,4608088.00
20071217,2.25,2.26,2.08,2.12,5218857.00
20071214,2.28,2.29,2.23,2.24,2780600.00
20071213,2.32,2.34,2.25,2.27,2752818.00
20071212,2.29,2.33,2.23,2.30,1923316.00
20071211,2.34,2.35,2.29,2.30,2231651.00
20071210,2.38,2.38,2.29,2.32,1861350.00
20071207,2.35,2.37,2.27,2.31,2829082.00
20071206,2.42,2.44,2.30,2.33,5596620.00
20071205,2.29,2.37,2.26,2.36,5223946.00
20071204,2.33,2.35,2.26,2.28,3275273.00
20071203,2.30,2.34,2.28,2.31,3654437.00
20071130,2.20,2.29,2.20,2.28,3766151.00
20071129,2.31,2.32,2.17,2.20,4504789.00
20071128,2.32,2.35,2.24,2.25,3482681.00
20071127,2.31,2.34,2.26,2.28,2626369.00
20071126,2.38,2.41,2.33,2.34,4546729.00
20071123,2.26,2.34,2.20,2.33,6799589.00
20071122,2.26,2.34,2.09,2.18,8160318.00
20071121,2.47,2.47,2.20,2.26,6393437.00
20071120,2.49,2.55,2.42,2.45,6475253.00
20071119,2.46,2.58,2.44,2.49,8956975.00
20071116,2.39,2.45,2.37,2.40,4091744.00
20071115,2.40,2.46,2.37,2.41,5961037.00
20071114,2.46,2.48,2.34,2.38,8814369.00
20071113,2.38,2.46,2.37,2.41,9341133.00
20071112,2.24,2.40,2.17,2.35,8841783.00
20071109,2.29,2.35,2.26,2.29,2282900.00
20071108,2.29,2.36,2.25,2.30,6189476.00
20071107,2.42,2.45,2.28,2.33,7788616.00
20071106,2.37,2.52,2.34,2.37,18164350.00
20071105,2.20,2.39,2.20,2.34,9277043.00
20071102,2.19,2.30,2.17,2.29,7680807.00
20071101,2.35,2.38,2.23,2.25,14104306.00
20071031,2.28,2.36,2.27,2.30,11794251.00
20071030,2.23,2.32,2.17,2.26,19423653.00
20071029,2.21,2.26,2.19,2.21,11459136.00
20071026,2.11,2.20,2.08,2.16,14689778.00
20071025,2.08,2.15,2.07,2.10,8154242.00
20071024,2.18,2.22,2.09,2.11,16128307.00
20071023,2.06,2.16,2.03,2.14,16320261.00
20071022,1.97,2.06,1.95,2.00,16169010.00
20071019,2.06,2.11,1.93,2.02,27241449.00
20071018,2.14,2.30,1.97,2.06,35926553.00
20071017,1.82,2.15,1.65,2.10,47689097.00
20071016,1.78,1.98,1.76,1.95,35572034.00
20071015,1.78,1.80,1.76,1.77,9172187.00
20071012,1.73,1.81,1.71,1.75,26508405.00
20071011,1.58,1.78,1.57,1.76,52507422.00
20071010,1.62,1.62,1.57,1.58,12292093.00
20071009,1.46,1.58,1.39,1.57,26365702.00
20071008,1.58,1.60,1.46,1.47,28040857.00
20071005,1.31,1.68,1.31,1.55,99734204.00
