20160408,36.54,37.00,36.16,36.78,10148.00
20160407,36.71,36.77,36.25,36.54,7631.00
20160406,36.88,37.31,36.79,36.87,4223.00
20160405,37.69,37.85,36.72,36.87,24759.00
20160404,37.23,38.11,37.23,37.69,21574.00
20160401,37.03,37.31,36.62,37.19,13111.00
20160331,37.25,37.77,36.81,37.02,12511.00
20160330,36.31,37.45,36.31,37.19,23553.00
20160329,36.33,36.53,35.91,36.11,11197.00
20160328,36.42,36.46,35.91,36.24,7008.00
20160323,35.66,36.35,35.46,36.22,12963.00
20160322,35.62,35.76,35.38,35.53,14923.00
20160321,35.41,35.65,35.22,35.57,8030.00
20160318,35.00,35.52,34.95,35.41,10710.00
20160317,34.89,35.11,34.64,34.92,15098.00
20160316,34.52,34.75,34.05,34.61,19796.00
20160315,35.60,35.78,34.90,35.05,14453.00
20160314,35.88,35.88,35.43,35.59,15632.00
20160311,35.61,36.10,35.57,35.78,9914.00
20160310,35.77,35.96,35.47,35.69,18423.00
20160309,35.74,35.90,35.35,35.60,19712.00
20160308,35.48,36.00,35.16,35.64,18938.00
20160304,35.12,35.71,34.82,35.46,18286.00
20160303,34.83,35.16,34.45,35.07,29594.00
20160302,34.80,35.62,34.11,34.36,77262.00
20160301,33.95,34.87,33.95,34.77,16071.00
20160229,34.46,34.83,33.44,33.85,61256.00
20160226,36.00,36.14,34.28,34.41,49285.00
20160225,36.15,36.18,35.28,35.66,61988.00
20160224,36.86,37.06,35.91,36.07,11740.00
20160223,38.10,38.10,36.72,36.87,14953.00
20160222,37.92,38.28,37.69,38.08,13457.00
20160219,37.08,37.95,37.02,37.80,16076.00
20160218,36.46,37.18,36.36,37.01,13685.00
20160217,35.94,36.54,34.87,36.26,23624.00
20160216,36.20,36.42,35.72,35.92,18965.00
20160215,35.83,36.36,35.48,36.05,22407.00
20160212,35.62,35.86,34.64,35.43,16116.00
20160211,36.63,36.72,35.22,35.86,12974.00
20160210,36.63,36.68,36.03,36.48,10593.00
20160209,36.13,36.71,36.00,36.58,15316.00
20160208,36.26,36.75,36.05,36.13,8860.00
20160205,35.55,36.58,35.54,36.32,26553.00
20160204,36.37,36.81,35.27,35.54,155459.00
20160203,36.43,36.87,35.88,36.12,18900.00
20160202,35.73,36.66,35.38,36.35,30941.00
20160201,36.62,36.62,35.58,35.82,14234.00
20160129,34.92,36.31,34.84,36.03,14005.00
20160128,35.43,35.53,34.62,34.92,15103.00
20160127,36.11,36.11,35.18,35.41,14642.00
20160125,35.69,36.11,35.56,35.74,8197.00
20160122,35.23,35.91,35.02,35.66,16473.00
20160121,35.05,35.33,34.74,34.98,18314.00
20160120,34.68,35.15,34.31,35.02,10413.00
20160119,34.55,35.23,34.38,34.87,9362.00
20160118,35.92,35.92,34.48,34.61,22277.00
20160115,36.25,36.62,35.62,35.93,29591.00
20160114,36.15,36.55,35.71,36.34,11131.00
20160113,36.37,36.67,35.86,36.37,14344.00
20160112,36.30,36.58,35.95,36.04,13023.00
20160111,36.32,36.46,35.86,36.30,15545.00
20160108,37.38,37.60,36.32,36.57,24876.00
20160107,38.00,38.18,37.03,37.22,15962.00
20160106,38.38,38.67,38.08,38.24,11975.00
20160105,38.74,38.77,38.15,38.42,11967.00
20160104,38.58,39.17,38.16,38.28,23077.00
20160101,38.92,38.92,38.65,38.77,9055.00
20151231,38.71,39.23,38.54,38.98,11285.00
20151230,39.08,39.24,38.65,38.70,15978.00
20151229,38.46,39.08,38.41,38.94,11072.00
20151228,38.28,38.41,38.22,38.27,2854.00
20151224,38.42,38.42,37.98,38.23,8169.00
20151223,38.15,38.47,38.03,38.09,9501.00
20151222,38.23,38.49,37.95,38.09,13788.00
20151221,38.21,38.55,38.08,38.30,8525.00
20151218,38.20,38.51,37.94,38.18,26113.00
20151217,37.73,38.98,37.73,38.83,22132.00
20151216,37.50,37.94,37.39,37.72,11230.00
20151215,37.08,37.68,36.79,37.47,12388.00
20151214,37.11,37.34,36.54,37.07,11995.00
20151211,37.59,37.69,36.92,37.11,10726.00
20151210,36.99,37.68,36.93,37.56,8119.00
20151209,37.83,38.02,36.66,36.78,24789.00
20151208,37.68,38.18,37.54,37.88,10800.00
20151207,38.15,38.21,37.58,37.68,20700.00
20151204,38.15,38.25,37.77,37.99,14258.00
20151203,37.95,38.55,37.95,38.17,15888.00
20151202,38.43,38.66,37.35,38.45,139796.00
20151201,38.18,38.45,37.78,37.86,15063.00
20151130,37.85,38.62,37.85,38.18,21215.00
20151127,37.58,37.89,37.34,37.67,13425.00
20151126,38.28,38.77,37.71,37.88,20951.00
20151124,38.77,39.14,38.03,38.14,19464.00
20151123,38.11,38.92,38.11,38.82,26764.00
20151120,37.36,38.52,37.34,37.98,36127.00
20151119,36.49,37.38,36.36,37.29,21960.00
20151118,36.43,36.68,36.02,36.09,13868.00
20151117,36.85,37.19,36.23,36.37,28890.00
20151116,36.57,37.08,36.09,36.67,23842.00
20151113,37.71,37.99,36.34,36.57,32815.00
20151111,38.23,38.23,37.47,37.71,7594.00
20151110,37.06,38.00,36.71,37.74,22442.00
20151109,37.00,37.35,36.68,37.06,17630.00
20151106,37.15,37.65,37.15,37.28,11713.00
20151105,37.68,37.98,37.01,37.14,23352.00
20151104,37.69,38.05,37.46,37.67,20432.00
20151103,37.42,37.69,37.11,37.25,14004.00
20151102,38.93,39.31,36.83,37.42,45674.00
20151030,39.96,39.96,39.05,39.22,8266.00
20151029,39.61,39.98,39.46,39.62,13042.00
20151028,39.54,39.75,39.38,39.52,24199.00
20151027,39.23,39.91,39.23,39.73,16477.00
20151026,38.77,39.62,38.77,39.50,33522.00
20151023,39.00,39.45,38.54,38.67,31344.00
20151021,37.84,39.00,37.46,38.74,118573.00
20151020,37.89,37.93,36.98,37.51,30894.00
20151019,37.82,38.01,37.44,37.84,11944.00
20151016,37.69,38.28,37.51,37.82,25191.00
20151015,37.82,37.85,37.57,37.72,13997.00
20151014,37.86,38.14,37.42,37.53,13075.00
20151013,37.48,38.09,37.41,37.86,14870.00
20151012,37.60,37.77,37.05,37.31,9827.00
20151009,37.46,38.43,37.43,37.60,22670.00
20151008,37.92,38.04,37.04,37.46,12806.00
20151007,36.57,37.95,36.34,37.73,26515.00
20151006,36.77,36.77,36.09,36.58,19548.00
20151005,35.62,36.91,35.57,36.68,26369.00
20151001,35.84,35.84,35.17,35.60,16821.00
20150930,34.77,35.69,34.65,35.53,15042.00
20150929,34.98,35.28,33.95,34.64,19301.00
20150928,35.23,35.45,34.84,35.01,29111.00
20150924,34.54,35.27,34.40,35.12,22834.00
20150923,34.74,34.74,34.05,34.47,19961.00
20150922,35.56,35.64,34.48,34.74,24201.00
20150921,35.27,35.55,34.89,35.43,11548.00
20150918,36.16,36.52,34.88,35.29,52332.00
20150916,35.42,36.45,35.37,36.09,35318.00
20150915,35.63,35.63,35.11,35.31,18406.00
20150914,35.99,35.99,35.37,35.55,12167.00
20150911,35.60,35.87,35.03,35.67,31764.00
20150910,34.62,35.63,34.15,35.42,19564.00
20150909,34.15,35.03,34.15,34.91,21057.00
20150908,34.18,34.18,33.46,34.00,14892.00
20150907,34.08,34.18,33.50,33.73,38009.00
20150904,34.35,34.37,33.63,33.97,20395.00
20150903,34.62,34.86,34.06,34.57,29643.00
20150902,34.64,35.11,33.85,33.96,46576.00
20150901,34.23,34.77,34.11,34.64,27597.00
20150831,35.08,36.88,34.20,34.69,23795.00
20150828,34.08,35.23,33.88,34.91,39830.00
20150827,34.64,35.46,33.50,33.68,60414.00
20150826,33.92,34.92,32.82,34.53,33838.00
20150825,34.46,34.57,32.96,33.92,64715.00
20150824,36.26,36.26,33.38,33.67,68103.00
20150821,38.34,38.66,36.60,37.04,97784.00
20150820,38.66,39.04,38.16,38.34,17464.00
20150819,38.80,39.30,38.46,39.10,11724.00
20150818,39.24,39.35,38.66,38.80,21798.00
20150817,39.37,39.46,38.85,38.92,13449.00
20150814,38.48,39.54,38.13,39.37,25085.00
20150813,38.04,38.69,37.50,38.29,28852.00
20150812,39.23,39.23,37.76,37.88,18757.00
20150811,39.38,39.46,38.91,39.10,9515.00
20150810,39.23,39.58,39.14,39.33,34136.00
20150807,39.66,39.71,38.91,39.04,20044.00
20150806,39.54,40.09,39.45,39.62,15446.00
20150805,38.80,39.75,38.80,39.53,39437.00
20150804,38.46,38.83,38.11,38.62,27635.00
20150803,39.09,39.42,38.27,38.53,30109.00
20150731,38.88,39.29,38.69,38.76,28722.00
20150730,38.58,38.92,38.58,38.83,25815.00
20150729,38.23,38.65,38.12,38.39,19419.00
20150728,38.60,38.78,37.81,38.09,21041.00
20150727,38.46,38.88,37.92,38.58,53042.00
20150724,38.41,38.73,38.12,38.42,43249.00
20150723,40.46,40.85,38.14,38.27,258336.00
20150722,39.15,40.46,39.00,40.29,56659.00
20150721,38.75,39.55,38.62,39.15,15452.00
20150720,38.94,39.20,38.68,38.76,20192.00
20150717,39.23,39.48,38.43,38.88,47103.00
20150716,38.95,39.42,38.95,39.14,17623.00
20150715,38.46,39.06,38.46,38.96,24609.00
20150714,38.43,38.76,38.27,38.45,18608.00
20150713,38.17,38.58,37.54,38.42,24568.00
20150710,38.77,38.82,37.79,38.01,24897.00
20150709,39.23,39.36,38.50,38.68,13564.00
20150708,39.85,40.12,39.42,39.60,22725.00
20150707,39.94,40.28,39.80,40.10,21355.00
20150706,39.84,40.05,39.54,39.93,28341.00
20150703,39.62,40.09,39.62,39.79,29134.00
20150702,39.37,39.77,38.91,39.47,62640.00
20150701,39.02,39.30,38.77,38.82,25541.00
20150630,39.31,39.71,38.88,39.01,41304.00
20150629,38.46,39.46,38.20,39.24,51195.00
20150626,38.31,39.29,38.04,39.08,50883.00
20150625,36.85,38.84,36.85,38.56,66821.00
20150624,37.15,37.15,36.74,36.85,10651.00
20150623,37.29,37.50,36.94,37.11,14913.00
20150622,37.08,37.48,36.92,37.31,16648.00
20150619,36.96,37.31,36.79,37.01,26161.00
20150618,36.62,37.14,36.54,36.88,23946.00
20150617,36.78,37.04,36.31,36.43,23838.00
20150616,35.91,36.95,35.63,36.79,51990.00
20150615,34.94,35.98,34.85,35.91,41552.00
20150612,34.02,35.35,34.00,35.16,26610.00
20150611,34.78,35.04,33.88,33.96,23224.00
20150610,33.58,34.88,33.57,34.66,109352.00
20150609,34.15,34.31,33.47,33.63,19552.00
20150608,33.85,34.46,33.85,34.17,12886.00
20150605,34.08,34.38,33.71,33.84,36385.00
20150604,35.08,35.08,33.70,34.10,24202.00
20150603,34.87,35.24,34.31,34.47,25194.00
20150602,35.97,36.08,34.78,34.91,39194.00
20150601,35.46,36.19,35.46,35.94,71809.00
20150529,35.40,35.85,35.20,35.62,27229.00
20150528,35.54,35.89,35.03,35.43,47231.00
20150527,35.68,35.92,35.47,35.48,193613.00
20150526,35.38,35.78,35.19,35.62,50466.00
20150525,35.46,35.75,35.08,35.41,64341.00
20150522,35.05,36.04,34.71,35.55,88725.00
20150521,33.08,35.59,32.68,35.38,308200.00
20150520,33.82,34.18,32.88,33.08,26128.00
20150519,34.15,34.49,33.75,33.83,16366.00
20150518,33.65,34.34,33.52,34.18,33062.00
20150515,33.54,33.65,33.16,33.57,14817.00
20150514,32.77,33.51,32.43,33.31,21822.00
20150513,33.03,33.40,32.21,32.70,28193.00
20150512,33.32,33.57,32.72,32.75,35809.00
20150511,32.88,33.70,32.88,33.57,25717.00
20150508,31.74,33.08,31.61,32.76,49478.00
20150507,30.98,32.14,30.92,31.80,28909.00
20150506,31.69,31.69,31.03,31.08,42802.00
20150505,32.31,32.31,31.25,31.74,20989.00
20150504,30.08,32.34,29.82,32.21,88191.00
20150430,30.46,30.46,29.44,29.99,36839.00
20150429,30.75,30.75,30.32,30.43,5857.00
20150428,30.53,30.78,29.97,30.62,10528.00
20150427,30.74,31.00,30.34,30.62,14049.00
20150424,30.65,30.87,30.23,30.72,20490.00
20150423,30.72,31.02,30.37,30.64,16990.00
20150422,30.65,31.06,29.98,30.59,31749.00
20150421,31.08,31.62,30.54,30.66,21424.00
20150420,31.85,32.04,30.81,31.05,29037.00
20150417,31.80,31.98,31.39,31.78,13382.00
20150416,31.85,32.21,31.56,32.10,15608.00
20150415,32.31,32.35,31.71,31.97,22955.00
20150413,32.34,32.94,32.05,32.31,16053.00
20150410,32.31,32.38,32.00,32.32,13010.00
20150409,32.69,32.69,32.00,32.27,9968.00
20150408,32.17,32.74,32.07,32.38,20724.00
20150407,31.30,32.31,31.19,32.20,29580.00
20150406,31.09,31.37,30.68,31.25,32560.00
20150401,31.02,31.23,30.85,31.06,11556.00
20150331,31.27,31.28,30.88,31.04,48407.00
20150330,31.12,31.43,30.75,31.13,13618.00
20150327,30.92,31.11,30.43,31.03,46454.00
20150326,31.05,31.25,30.40,30.80,71361.00
20150325,31.29,31.29,30.94,31.04,18846.00
20150324,31.33,31.42,31.08,31.20,12235.00
20150323,31.02,31.41,30.99,31.27,36595.00
20150320,31.14,31.29,30.90,31.10,19244.00
20150319,31.32,31.50,31.10,31.14,51737.00
20150318,31.42,31.55,31.16,31.30,55776.00
20150317,31.31,31.63,31.23,31.47,16351.00
20150316,31.31,31.69,30.94,31.23,25363.00
20150313,32.02,32.06,30.95,31.12,63147.00
20150312,32.40,32.51,31.89,31.97,20119.00
20150311,33.00,33.05,32.15,32.29,26023.00
20150310,32.62,33.15,32.47,32.75,27095.00
20150309,32.66,33.08,32.21,32.51,40235.00
20150305,32.77,32.89,32.43,32.62,24080.00
20150304,32.72,32.92,32.49,32.65,59541.00
20150303,31.84,32.65,31.58,32.56,22018.00
20150302,33.25,33.91,31.55,31.92,139087.00
20150228,33.43,33.69,32.72,33.26,64959.00
20150227,33.01,33.22,32.38,33.08,2011920.00
20150226,33.47,33.50,32.73,32.85,53519.00
20150225,34.12,34.12,33.45,33.55,21003.00
20150224,33.62,33.89,33.41,33.72,26320.00
20150223,34.16,34.22,33.40,33.61,20580.00
20150220,34.33,34.46,33.88,33.99,28977.00
20150219,34.55,34.57,33.85,34.21,30275.00
20150218,34.85,34.85,34.31,34.47,23596.00
20150216,34.71,34.98,34.71,34.80,20826.00
20150213,35.07,35.08,34.60,34.80,30824.00
20150212,35.26,35.58,34.66,34.78,56023.00
20150211,34.87,35.43,34.69,35.26,25411.00
20150210,34.75,35.02,34.45,34.87,16302.00
20150209,34.12,34.97,33.81,34.89,23812.00
20150206,34.54,34.69,34.10,34.28,18523.00
20150205,34.70,34.92,34.43,34.51,16731.00
20150204,34.95,34.95,34.33,34.58,18486.00
20150203,36.25,36.25,34.72,34.77,45570.00
20150202,36.77,37.23,35.77,36.12,24077.00
20150130,37.02,37.14,36.54,36.76,14271.00
20150129,36.86,37.15,36.57,36.96,15441.00
20150128,37.48,37.48,36.63,36.88,17374.00
20150127,37.56,37.56,36.71,37.19,34638.00
20150123,37.69,38.06,37.25,37.57,25648.00
20150122,38.11,38.29,37.45,37.52,25092.00
20150121,36.94,37.83,36.94,37.57,254300.00
20150120,37.14,37.23,36.58,37.09,16656.00
20150119,37.20,37.37,36.92,37.10,12385.00
20150116,37.02,37.54,36.85,37.23,1183093.00
20150115,36.46,37.46,36.30,37.20,105052.00
20150114,35.78,36.46,35.78,36.36,12566.00
20150113,36.01,36.26,35.68,35.79,21668.00
20150112,36.66,36.66,35.74,35.90,23519.00
20150109,37.89,37.94,36.16,36.64,30539.00
20150108,37.49,37.92,37.49,37.69,21710.00
20150107,37.44,38.07,37.44,37.65,13160.00
20150106,37.85,37.94,37.37,37.54,13769.00
20150105,37.71,38.15,37.70,37.85,19938.00
20150102,37.74,38.08,37.45,37.75,12644.00
20150101,37.38,37.88,37.38,37.76,11065.00
20141231,37.30,37.69,37.19,37.51,16544.00
20141230,38.16,38.38,37.71,37.76,13994.00
20141229,38.08,38.55,38.08,38.29,4484.00
20141226,38.12,38.45,37.87,38.06,32826.00
20141224,38.88,38.99,38.11,38.23,14899.00
20141223,38.08,38.90,38.03,38.81,15804.00
20141222,38.66,38.72,37.70,38.05,29661.00
20141219,38.71,38.73,37.74,37.94,10611.00
20141218,37.95,38.66,37.95,38.55,13535.00
20141217,38.82,38.84,37.41,37.82,12214.00
20141216,38.61,39.00,38.13,38.36,14115.00
20141215,38.60,39.14,38.55,38.66,47406.00
20141212,39.41,39.54,38.69,38.82,12090.00
20141211,39.47,39.86,39.12,39.44,333626.00
20141210,39.86,40.21,39.38,39.47,12963.00
20141209,39.83,40.64,39.83,40.05,14716.00
20141208,39.93,40.54,39.93,40.24,9439.00
20141205,40.40,40.56,40.18,40.33,11528.00
20141204,39.97,40.37,39.85,40.28,10024.00
20141203,40.32,40.37,39.79,40.08,11891.00
20141202,40.46,40.46,39.46,40.04,18648.00
20141201,40.77,40.91,40.24,40.54,7587.00
20141128,40.48,41.12,40.48,40.61,18744.00
20141127,40.22,40.83,39.82,40.75,15453.00
20141126,40.31,40.38,39.52,40.19,22625.00
20141125,41.18,41.21,40.25,40.63,12922.00
20141124,41.15,41.38,40.78,41.15,13567.00
20141121,40.85,41.32,40.83,41.15,7023.00
20141120,41.15,41.31,40.69,40.90,7778.00
20141119,40.68,41.32,40.67,41.08,18117.00
20141118,41.08,41.08,40.54,40.67,7899.00
20141117,40.74,41.18,40.69,40.85,20007.00
20141114,40.20,40.92,40.16,40.70,16266.00
20141113,40.13,40.33,39.92,40.08,26873.00
20141112,39.38,40.34,39.38,39.98,16269.00
20141111,39.08,39.38,39.02,39.16,9388.00
20141110,39.03,39.61,38.79,39.14,6757.00
20141107,39.60,39.69,38.97,39.03,17327.00
20141105,39.69,40.35,39.33,39.52,21694.00
20141103,40.00,40.01,39.28,39.60,24345.00
20141031,39.77,40.34,39.46,40.14,24756.00
20141030,39.31,39.79,39.00,39.64,18347.00
20141029,38.63,39.37,38.42,39.23,15330.00
20141028,38.64,38.64,38.08,38.50,18764.00
20141027,38.95,39.08,38.50,38.71,8804.00
20141023,38.46,39.05,38.26,38.89,10057.00
20141022,37.43,38.61,37.43,38.40,32177.00
20141021,37.23,37.45,36.86,37.13,16503.00
20141020,36.52,37.34,36.52,37.09,16132.00
20141017,36.46,36.92,36.20,36.52,18949.00
20141016,36.42,37.54,36.14,36.35,328035.00
20141014,36.73,37.37,36.48,37.08,53185.00
20141013,36.21,36.32,35.85,36.17,6401.00
20141010,36.43,36.43,35.60,36.13,11208.00
20141009,36.15,36.58,35.91,36.50,11075.00
20141008,36.00,36.23,35.69,36.10,9879.00
20141007,35.84,36.23,35.66,35.85,13632.00
20141001,36.16,36.46,35.82,35.99,18591.00
20140930,35.51,36.27,35.33,36.14,297495.00
20140929,36.08,36.08,35.38,35.44,12670.00
20140926,36.00,36.73,35.34,35.95,31359.00
20140925,36.38,36.74,36.00,36.14,11741.00
20140924,36.85,37.08,36.07,36.35,354517.00
20140923,37.23,37.76,36.62,36.82,19425.00
20140922,37.29,37.52,36.92,37.12,20697.00
20140919,36.86,37.34,36.43,37.08,21755.00
20140918,35.62,37.00,35.49,36.85,46539.00
20140917,35.62,35.85,35.41,35.62,8488.00
20140916,35.86,36.25,35.31,35.40,18675.00
20140915,36.08,36.15,35.64,35.86,14196.00
20140912,36.04,36.35,35.71,36.09,9780.00
20140911,36.31,36.49,35.72,36.03,10433.00
20140910,36.00,36.38,35.66,36.17,13771.00
20140909,36.34,36.51,35.65,35.77,15373.00
20140908,36.17,36.62,35.92,36.33,26184.00
20140905,35.48,36.11,35.09,35.93,46611.00
20140904,34.28,35.57,33.95,35.41,47206.00
20140903,34.93,35.07,34.19,34.29,26735.00
20140902,34.69,35.46,34.62,34.74,29768.00
20140901,34.77,35.35,34.64,34.81,15839.00
20140828,35.17,35.45,34.69,34.77,10551.00
20140827,34.90,35.44,34.90,35.07,24238.00
20140826,34.61,35.20,34.22,34.73,52850.00
20140825,34.83,34.86,34.51,34.68,7440.00
20140822,34.92,35.07,34.45,34.82,15736.00
20140821,33.88,35.01,33.83,34.88,55879.00
20140820,33.97,34.06,33.62,33.82,18928.00
20140819,32.92,34.00,32.86,33.77,22964.00
20140818,32.84,33.26,32.84,32.96,21651.00
20140814,33.08,33.27,32.50,32.85,20947.00
20140813,32.77,33.08,32.64,32.96,10666.00
20140812,32.85,32.95,32.64,32.91,4990.00
20140811,32.92,32.98,32.37,32.76,10583.00
20140808,32.69,32.75,32.46,32.64,11220.00
20140807,33.07,33.11,32.56,32.92,16737.00
20140806,33.24,33.49,32.85,32.95,18312.00
20140805,32.34,33.21,32.28,33.16,34274.00
20140804,31.82,32.43,31.45,32.20,35010.00
20140801,31.69,31.91,31.51,31.66,34601.00
20140731,32.02,32.11,31.88,31.97,30898.00
20140730,32.04,32.28,31.88,32.02,15148.00
20140728,32.46,32.46,31.88,32.05,65626.00
20140725,32.38,32.47,32.08,32.36,170141.00
20140724,32.64,32.66,32.12,32.41,22028.00
20140723,31.99,32.49,31.87,32.37,19755.00
20140722,31.94,32.09,31.77,31.90,13686.00
20140721,32.15,32.37,31.75,31.87,25289.00
20140718,32.15,32.15,31.58,32.02,37809.00
20140717,33.00,33.16,31.88,32.18,87581.00
20140716,33.24,33.24,32.65,32.93,18731.00
20140715,33.02,33.35,32.85,33.21,15144.00
20140714,32.82,33.11,32.57,32.73,9737.00
20140711,32.98,33.47,32.33,32.86,36917.00
20140710,34.02,34.02,32.83,33.10,98783.00
20140709,34.46,34.46,33.31,33.37,36751.00
20140708,35.38,35.74,34.06,34.44,34251.00
20140707,35.54,35.69,35.11,35.39,31775.00
20140704,35.34,35.57,35.13,35.36,27510.00
20140703,36.14,36.14,35.17,35.31,11311.00
20140702,36.15,36.37,36.03,36.18,54904.00
20140701,35.62,36.15,35.62,35.84,35264.00
20140630,35.54,35.83,35.11,35.59,31636.00
20140627,35.19,35.63,35.14,35.52,32310.00
20140626,35.25,35.68,34.77,35.15,35514.00
20140625,34.22,35.31,34.14,35.06,37923.00
20140624,33.98,34.38,33.87,34.16,20833.00
20140623,33.54,34.00,33.23,33.75,34242.00
20140620,33.38,33.85,33.12,33.46,26333.00
20140619,32.92,33.40,32.92,33.24,16552.00
20140618,33.53,33.55,32.90,33.07,15852.00
20140617,33.38,33.46,32.88,33.27,23155.00
20140616,33.54,33.98,33.29,33.42,32947.00
20140613,33.62,34.29,33.25,33.34,32759.00
20140612,33.38,33.74,33.09,33.58,13972.00
20140611,33.09,33.64,32.65,33.47,28820.00
20140610,33.77,33.96,32.75,33.09,26278.00
20140609,31.78,33.46,31.49,33.18,62409.00
20140606,30.92,31.54,30.58,31.48,29132.00
20140605,30.89,30.99,30.46,30.76,51379.00
20140604,30.46,31.13,30.45,30.77,24919.00
20140603,30.40,30.63,30.18,30.29,18149.00
20140602,30.06,30.63,29.68,30.40,14737.00
20140530,30.27,30.27,29.69,30.05,12909.00
20140529,29.88,30.17,29.74,29.89,44187.00
20140528,30.58,30.58,29.71,30.00,25983.00
20140527,30.31,30.59,29.85,30.35,10996.00
20140526,30.76,30.98,30.00,30.15,37924.00
20140523,30.96,30.98,30.23,30.52,14521.00
20140522,30.75,31.21,30.39,30.55,39975.00
20140521,28.78,30.26,28.78,30.14,45715.00
20140520,29.23,29.23,28.37,28.79,41276.00
20140519,30.52,30.52,28.86,28.99,35393.00
20140516,30.77,32.21,29.41,29.76,83843.00
20140515,31.46,31.67,29.96,30.05,53718.00
20140514,30.77,31.51,30.57,31.39,20264.00
20140513,29.93,30.69,29.84,30.45,30332.00
20140512,29.52,30.11,29.52,29.97,15867.00
20140509,28.92,29.64,28.84,29.55,14618.00
20140508,29.05,29.08,28.83,28.90,7143.00
20140507,29.25,29.32,28.70,28.80,8156.00
20140506,29.54,29.57,29.12,29.27,8465.00
20140505,29.20,29.58,29.20,29.52,40507.00
20140502,29.46,29.66,29.17,29.30,16458.00
20140430,30.14,30.15,29.26,29.44,30577.00
20140429,30.51,30.51,29.83,29.87,25659.00
20140428,30.74,30.78,30.45,30.54,54044.00
20140425,30.77,30.80,30.50,30.72,10776.00
20140423,30.83,31.00,30.68,30.84,8683.00
20140422,30.97,31.24,30.80,30.85,10021.00
20140421,31.08,31.32,30.85,30.97,16115.00
20140417,30.52,31.11,30.52,30.98,52923.00
20140416,30.91,31.17,30.62,30.78,14335.00
20140415,30.85,30.98,30.10,30.86,15906.00
20140411,31.10,31.10,30.67,30.84,10055.00
20140410,31.12,31.34,31.00,31.08,11887.00
20140409,31.25,31.62,30.75,31.27,10846.00
20140407,31.09,31.48,31.08,31.13,6527.00
20140404,31.42,31.51,31.10,31.28,9480.00
20140403,31.68,31.85,31.15,31.59,13871.00
20140402,31.77,31.98,31.16,31.53,13160.00
20140401,31.94,32.02,31.48,31.76,73771.00
20140331,31.64,32.26,31.64,31.97,10107.00
20140328,31.87,32.23,31.39,31.63,15187.00
20140327,31.39,32.00,31.20,31.87,15968.00
20140326,31.05,31.69,31.05,31.36,26718.00
20140325,31.08,31.31,30.83,30.98,18863.00
20140324,30.69,31.15,30.48,31.10,12912.00
20140322,30.52,30.52,30.40,30.46,373.00
20140321,30.42,30.59,30.37,30.43,6993.00
20140320,30.92,30.98,30.29,30.36,16662.00
20140319,30.85,30.95,30.72,30.88,14413.00
20140318,30.60,30.77,30.39,30.64,23183.00
20140314,30.26,30.62,30.22,30.36,12826.00
20140313,30.37,30.72,30.15,30.28,23920.00
20140312,30.52,30.69,30.10,30.22,11334.00
20140311,30.95,31.31,30.39,30.54,22323.00
20140310,30.09,30.99,30.02,30.85,20029.00
20140307,30.23,30.87,29.95,30.09,35787.00
20140306,29.95,30.18,29.55,30.11,15444.00
20140305,29.57,29.73,29.36,29.52,11085.00
20140304,29.46,29.68,29.01,29.59,13933.00
20140303,29.56,30.02,29.38,29.51,15807.00
20140228,29.55,30.08,29.41,29.89,17619.00
20140226,29.26,29.74,28.89,29.59,18629.00
20140225,28.63,29.35,28.54,29.23,24836.00
20140224,28.63,28.88,28.60,28.65,11730.00
20140221,28.37,28.77,28.31,28.58,13716.00
20140220,28.06,28.66,27.98,28.31,26067.00
20140219,28.58,28.77,28.00,28.05,30816.00
20140218,28.42,28.57,28.20,28.40,18623.00
20140217,28.44,28.75,27.83,28.41,38711.00
20140214,29.31,29.66,28.00,28.31,50535.00
20140213,29.69,29.81,29.09,29.31,14233.00
20140212,29.85,30.12,29.19,29.64,16550.00
20140211,29.82,29.91,29.55,29.80,27567.00
20140210,29.52,29.85,29.43,29.74,7199.00
20140207,29.08,29.84,29.08,29.77,32458.00
20140206,29.17,29.24,28.63,29.18,12965.00
20140205,28.78,29.18,28.45,29.13,35644.00
20140204,28.12,28.92,27.63,28.80,16828.00
20140203,29.32,29.74,28.09,28.24,16403.00
20140131,29.54,29.58,29.09,29.27,19100.00
20140130,29.38,29.66,28.97,29.55,12079.00
20140129,29.98,30.27,29.35,29.44,19164.00
20140128,29.39,30.00,29.39,29.92,24333.00
20140127,29.69,29.69,29.12,29.42,59533.00
20140124,29.78,29.85,29.43,29.75,9923.00
20140123,30.00,30.00,29.50,29.79,70785.00
20140122,29.92,30.04,29.65,30.01,9709.00
20140121,29.74,29.94,29.65,29.88,8762.00
20140120,29.69,30.03,29.62,29.74,16271.00
20140117,29.40,29.83,29.35,29.75,28398.00
20140116,29.15,29.51,29.14,29.35,35690.00
20140115,28.86,29.30,28.80,29.16,16483.00
20140114,29.20,29.20,28.77,28.82,10565.00
20140113,29.29,29.48,29.04,29.22,28700.00
20140110,29.37,29.42,28.74,29.25,25331.00
20140109,29.51,29.52,29.17,29.37,29894.00
20140108,29.28,29.60,29.17,29.51,251860.00
20140107,29.05,29.18,28.95,29.08,48465.00
20140106,29.22,29.23,28.89,29.07,37955.00
20140103,29.18,29.34,28.83,29.22,20359.00
20140102,29.49,29.66,29.13,29.21,21496.00
20140101,29.40,29.62,29.14,29.50,11261.00
20131231,29.31,29.57,29.25,29.39,17340.00
20131230,29.89,29.92,29.16,29.24,25531.00
20131227,30.08,30.22,29.70,29.77,27938.00
20131226,30.91,30.96,29.85,30.00,31135.00
20131224,30.02,30.68,29.94,30.62,333119.00
20131223,29.71,30.21,29.71,29.91,16374.00
20131220,29.23,29.83,28.92,29.71,20363.00
20131219,29.69,29.92,29.03,29.16,23702.00
20131218,28.72,29.83,28.69,29.71,26265.00
20131217,29.46,29.60,28.63,28.72,25480.00
20131216,29.85,29.85,29.16,29.29,17638.00
20131213,29.96,29.96,29.20,29.35,24044.00
20131212,30.53,30.53,30.00,30.02,22021.00
20131211,30.69,30.97,30.48,30.68,14082.00
20131210,30.38,30.90,30.38,30.57,27473.00
20131209,30.46,30.55,30.11,30.44,12741.00
20131206,29.98,30.31,29.88,30.01,11615.00
20131205,30.08,30.35,29.77,29.84,18653.00
20131204,30.07,30.08,29.66,29.75,13562.00
20131203,30.22,30.26,29.91,30.09,21621.00
20131202,30.37,30.70,30.12,30.23,10370.00
20131129,30.00,30.46,30.00,30.38,8720.00
20131128,30.02,30.42,30.00,30.02,17079.00
20131127,29.85,30.18,29.73,29.96,17602.00
20131126,29.82,29.99,29.56,29.84,12267.00
20131125,29.53,29.92,29.15,29.82,20761.00
20131122,29.92,29.96,28.98,29.13,35094.00
20131121,30.35,30.52,29.55,29.77,21783.00
20131120,31.02,31.13,30.27,30.39,34282.00
20131119,31.27,31.41,30.77,31.00,18676.00
20131118,31.27,31.71,31.09,31.22,17503.00
20131114,31.34,31.68,30.88,31.27,12268.00
20131113,31.06,31.71,30.86,31.12,14257.00
20131112,31.34,31.57,31.06,31.14,15337.00
20131111,31.80,31.80,31.22,31.35,13340.00
20131108,32.37,32.46,31.62,31.81,14033.00
20131107,32.15,32.43,31.67,32.34,15388.00
20131106,32.31,32.31,31.42,31.97,67448.00
20131105,32.62,32.68,32.00,32.25,8926.00
20131103,32.98,33.08,32.68,32.71,2593.00
20131101,32.74,32.97,32.53,32.68,10505.00
20131031,32.85,33.13,32.48,32.75,13844.00
20131030,32.43,32.99,32.42,32.86,24070.00
20131029,32.09,32.45,31.67,32.24,14761.00
20131028,31.93,32.46,31.62,31.89,13915.00
20131025,32.29,32.42,31.46,32.00,18302.00
20131024,32.30,32.65,31.68,32.04,20980.00
20131023,32.92,33.01,31.80,32.26,19530.00
20131022,33.23,33.23,32.82,32.88,20565.00
20131021,33.38,33.38,32.94,33.08,25497.00
20131018,33.14,33.35,32.99,33.12,19920.00
20131017,33.29,33.75,32.91,33.31,1248598.00
20131015,33.14,33.18,32.48,32.68,16003.00
20131014,32.83,32.94,32.54,32.90,10308.00
20131011,33.00,33.30,32.48,32.92,16726.00
20131010,33.23,33.46,32.62,32.90,17629.00
20131009,32.54,33.60,32.30,33.11,44452.00
20131008,32.86,33.14,32.29,32.55,21661.00
20131007,32.54,32.83,32.24,32.72,15391.00
20131004,32.62,33.12,32.46,32.60,39018.00
20131003,31.52,32.69,31.17,32.61,88188.00
20131001,30.85,31.31,30.52,31.03,23923.00
20130930,30.68,30.94,30.50,30.59,11747.00
20130927,30.98,31.13,30.57,30.65,22533.00
20130926,30.92,31.16,30.49,30.67,18067.00
20130925,31.26,31.51,30.55,30.85,20820.00
20130924,30.51,31.38,30.49,31.27,16476.00
20130923,30.65,30.95,30.22,30.44,10257.00
20130920,31.56,31.74,30.50,30.70,20578.00
20130919,31.38,31.69,31.17,31.57,25591.00
20130918,30.97,31.41,30.78,31.03,12742.00
20130917,30.91,31.14,30.62,30.98,10427.00
20130916,30.83,31.45,30.53,30.72,31170.00
20130913,30.42,30.96,30.38,30.83,16417.00
20130912,30.73,30.94,30.33,30.43,26354.00
20130911,30.43,30.92,30.09,30.75,23183.00
20130910,29.54,30.55,29.54,30.46,31481.00
20130906,29.51,29.61,28.92,29.41,14764.00
20130905,29.12,29.77,29.08,29.20,14625.00
20130904,28.66,29.14,28.34,29.00,25198.00
20130903,28.46,28.98,27.97,28.23,24019.00
20130902,28.29,28.75,28.26,28.53,36973.00
20130830,26.83,28.54,26.26,28.30,51464.00
20130829,26.83,27.02,26.28,26.79,22211.00
20130828,26.46,26.84,25.90,26.62,34617.00
20130827,27.38,27.40,26.21,26.56,20516.00
20130826,27.57,27.95,26.93,27.38,36869.00
20130823,27.29,27.63,26.98,27.39,20312.00
20130822,26.60,27.58,26.17,27.36,29363.00
20130821,27.32,27.77,26.41,26.67,37565.00
20130820,26.92,27.43,26.51,27.01,25170.00
20130819,28.35,28.35,26.64,27.11,33498.00
20130816,29.42,29.61,27.73,28.40,22597.00
20130814,28.69,29.43,28.69,29.36,19568.00
20130813,27.69,28.77,27.62,28.61,24594.00
20130812,27.61,27.94,27.37,27.80,16281.00
20130808,27.23,27.61,27.00,27.44,16448.00
20130807,27.84,27.96,26.92,27.25,23377.00
20130806,28.75,28.75,27.57,27.84,30907.00
20130805,29.40,29.50,28.68,28.84,16670.00
20130802,29.82,29.97,29.14,29.36,23764.00
20130801,29.79,30.22,29.37,29.74,15327.00
20130731,29.65,30.08,29.15,29.78,103128.00
20130730,30.70,30.76,29.55,29.66,21129.00
20130729,31.15,31.49,30.58,30.70,16808.00
20130726,30.92,31.60,30.90,31.19,34335.00
20130725,30.77,31.22,30.53,30.82,47027.00
20130724,30.23,30.92,30.17,30.81,24641.00
20130723,30.68,30.88,30.29,30.43,19383.00
20130722,30.00,30.89,29.94,30.55,49863.00
20130719,29.23,30.55,28.62,30.26,165256.00
20130718,29.37,29.52,29.03,29.19,11755.00
20130717,29.45,29.52,28.94,29.39,14300.00
20130716,29.20,29.45,28.78,29.30,15137.00
20130715,28.39,29.34,28.37,29.25,17376.00
20130712,28.85,29.03,28.42,28.73,15166.00
20130711,28.77,29.04,28.77,28.85,11395.00
20130710,29.15,29.48,28.37,28.53,48225.00
20130709,28.70,29.44,28.70,29.15,17420.00
20130708,28.70,28.80,28.30,28.56,15351.00
20130705,29.08,29.11,28.66,28.81,13454.00
20130704,28.69,29.13,28.68,28.87,17774.00
20130703,29.27,29.38,28.71,29.16,21175.00
20130702,29.54,30.29,29.29,29.51,33401.00
20130701,29.54,29.75,29.05,29.59,27831.00
20130628,28.43,29.66,28.43,29.50,47660.00
20130627,27.54,28.73,27.54,28.26,44104.00
20130626,27.34,27.61,27.14,27.51,38625.00
20130625,27.54,27.80,27.07,27.69,74478.00
20130624,28.18,28.18,27.34,27.62,25107.00
20130621,28.08,28.26,27.55,28.15,19058.00
20130620,28.11,28.54,27.71,27.96,25487.00
20130619,28.06,28.30,27.87,28.24,17475.00
20130618,27.78,28.31,27.39,28.11,22509.00
20130617,27.11,27.92,26.82,27.80,19832.00
20130614,26.43,27.23,26.38,27.13,17831.00
20130613,26.76,26.76,26.08,26.28,42533.00
20130612,27.20,27.45,26.54,26.83,22815.00
20130611,27.23,27.51,27.02,27.43,138236.00
20130610,27.14,27.29,27.02,27.21,14318.00
20130607,26.89,26.94,26.66,26.86,27407.00
20130606,26.85,27.01,26.68,26.90,45137.00
20130605,27.08,27.15,26.87,27.08,18612.00
20130604,26.94,27.29,26.77,27.21,29963.00
20130603,28.38,28.38,26.86,27.11,69613.00
20130531,28.23,28.24,27.60,28.04,36032.00
20130530,28.00,28.36,27.85,28.28,16807.00
20130529,28.34,28.52,27.97,28.08,28139.00
20130528,27.97,28.42,27.52,28.31,46976.00
20130527,27.78,28.01,26.98,27.95,48753.00
20130524,28.28,28.31,27.49,27.75,25091.00
20130523,28.62,28.85,27.81,27.90,41701.00
20130522,28.52,28.75,28.22,28.47,26388.00
20130521,28.69,29.05,28.43,28.55,43934.00
20130520,28.20,28.92,28.12,28.69,38336.00
20130517,27.80,28.27,27.45,28.21,48708.00
20130516,28.30,28.98,27.71,27.81,196038.00
20130515,27.39,28.28,27.39,28.03,28821.00
20130514,27.92,27.98,27.31,27.44,22710.00
20130513,28.66,28.72,27.88,27.97,13022.00
20130511,28.55,28.75,28.45,28.67,2380.00
20130510,28.23,28.64,28.18,28.60,23258.00
20130509,28.31,28.58,28.05,28.15,12590.00
20130508,28.46,28.46,28.08,28.28,14752.00
20130507,28.30,28.58,27.97,28.45,23829.00
20130506,28.00,28.34,27.79,28.11,16937.00
20130503,28.62,28.63,27.77,27.88,34654.00
20130502,28.92,29.38,28.57,28.61,25773.00
20130430,29.67,29.67,28.66,28.95,25684.00
20130429,29.07,29.75,28.99,29.18,31905.00
20130426,28.25,29.26,28.25,29.13,31574.00
20130425,27.97,28.48,27.96,28.25,24287.00
20130423,27.11,27.85,26.94,27.76,18931.00
20130422,27.83,27.91,26.88,27.11,28202.00
20130418,27.73,27.89,27.27,27.57,20134.00
20130417,27.15,27.75,27.14,27.50,19498.00
20130416,26.54,27.31,26.38,27.20,25328.00
20130415,26.50,26.95,26.38,26.55,26023.00
20130412,26.11,26.55,25.97,26.47,29826.00
20130411,26.53,26.64,26.00,26.11,23401.00
20130410,26.38,26.53,26.10,26.49,36441.00
20130409,26.51,26.51,25.93,26.20,47595.00
20130408,26.17,26.57,25.88,26.22,43740.00
20130405,25.62,26.45,25.62,26.11,48499.00
20130404,26.00,26.23,25.50,25.75,44531.00
20130403,27.00,27.03,25.92,26.03,62053.00
20130402,27.45,27.45,26.80,27.02,31324.00
20130401,27.81,27.98,27.32,27.44,21944.00
20130328,27.69,28.00,27.09,27.61,40051.00
20130326,27.80,27.83,27.34,27.62,26074.00
20130325,28.23,28.23,27.64,27.73,36614.00
20130322,27.08,28.31,27.08,28.04,50214.00
20130321,28.45,28.46,26.80,27.00,57100.00
20130320,28.25,28.46,27.93,28.31,33545.00
20130319,27.91,28.54,27.77,28.24,47248.00
20130318,28.38,28.66,27.80,27.91,26649.00
20130315,28.59,28.97,28.41,28.50,34715.00
20130314,29.08,29.23,28.39,28.53,60250.00
20130313,30.06,30.11,28.94,29.13,34762.00
20130312,30.55,30.55,29.83,30.08,36582.00
20130311,31.00,31.08,30.38,30.55,23270.00
20130308,30.49,31.06,30.38,30.96,32808.00
20130307,30.20,30.80,30.02,30.69,26840.00
20130306,30.39,30.57,30.25,30.38,16941.00
20130305,30.62,30.73,29.91,30.32,36485.00
20130304,31.23,31.31,30.26,30.52,32892.00
20130301,30.29,31.37,29.97,31.13,28313.00
20130228,30.24,30.66,30.12,30.33,21546.00
20130227,29.48,30.45,29.37,30.23,36516.00
20130226,30.31,30.69,29.37,29.57,29365.00
20130225,30.66,31.01,30.39,30.86,15423.00
20130222,30.60,31.06,30.24,30.66,23504.00
20130221,30.43,30.78,30.28,30.45,14495.00
20130220,30.69,30.81,30.30,30.53,14774.00
20130219,29.94,30.77,29.85,30.65,21293.00
20130218,30.34,30.46,29.86,30.01,14338.00
20130215,30.96,30.96,30.15,30.37,31461.00
20130214,31.04,31.29,30.66,30.80,18691.00
20130213,31.95,32.01,30.97,31.05,21128.00
20130212,31.46,32.06,31.44,31.93,20742.00
20130211,31.29,31.71,31.23,31.45,13935.00
20130208,31.65,32.19,31.29,31.44,21392.00
20130207,31.71,32.02,31.61,31.73,12817.00
20130206,32.31,32.58,31.92,32.03,24021.00
20130205,31.46,32.41,31.46,32.18,24958.00
20130204,31.72,32.03,31.38,31.71,16443.00
20130201,31.37,31.91,31.37,31.59,27080.00
20130131,31.32,31.91,31.09,31.20,35788.00
20130130,31.41,31.58,31.05,31.19,18904.00
20130129,32.10,32.37,31.17,31.26,21179.00
20130128,32.00,32.34,31.77,32.10,15173.00
20130125,30.77,32.12,30.75,31.99,25707.00
20130124,31.31,31.46,30.86,30.95,12590.00
20130123,31.92,31.94,31.03,31.33,18272.00
20130122,31.54,32.05,31.54,31.72,24592.00
20130121,31.51,31.79,31.28,31.60,14516.00
20130118,31.62,32.07,31.49,31.63,24538.00
20130117,32.30,32.61,31.48,31.57,57915.00
20130116,32.77,33.12,31.66,31.93,126750.00
20130115,32.20,32.71,32.02,32.54,24118.00
20130114,32.89,32.97,32.08,32.20,20550.00
20130111,32.91,33.06,32.40,32.57,28439.00
20130110,33.23,33.45,32.82,32.91,19198.00
20130109,33.89,34.00,33.08,33.19,18940.00
20130108,33.92,34.10,33.42,33.82,17615.00
20130107,33.94,34.08,33.54,33.75,11529.00
20130104,34.18,34.18,33.70,33.92,13562.00
20130103,34.09,34.29,33.92,34.06,34123.00
20130102,32.92,34.06,32.89,33.89,44457.00
20130101,33.08,33.08,32.63,32.88,14115.00
20121231,32.77,33.08,32.73,32.78,11797.00
20121228,32.77,33.31,32.69,32.87,15325.00
20121227,33.00,33.23,32.72,32.84,18525.00
20121226,32.53,33.30,32.36,32.99,33792.00
20121224,32.15,32.63,32.00,32.41,23633.00
20121221,32.46,32.80,32.00,32.11,21868.00
20121220,32.98,33.01,32.31,32.52,23161.00
20121219,32.23,33.16,32.23,32.97,37707.00
20121218,32.31,32.54,32.18,32.25,65512.00
20121217,31.98,32.63,31.85,32.39,76942.00
20121214,32.00,32.40,31.90,32.00,130020.00
20121213,31.58,32.32,31.49,32.05,82790.00
20121212,30.86,31.71,30.86,31.62,203527.00
20121211,29.83,30.98,29.62,30.83,83447.00
20121210,29.74,30.30,29.63,30.14,146551.00
20121207,29.97,30.21,29.74,29.84,8535.00
20121206,29.85,30.15,29.62,30.02,18136.00
20121205,30.20,30.37,29.57,29.64,23041.00
20121204,29.47,30.35,29.46,30.10,23592.00
20121203,29.62,30.04,29.56,29.64,12172.00
20121130,29.97,30.04,29.46,29.70,14384.00
20121129,28.69,30.42,28.69,30.04,89005.00
20121127,28.08,28.69,28.08,28.61,71322.00
20121126,28.03,28.20,27.97,28.04,6200.00
20121123,28.15,28.15,27.86,27.95,10086.00
20121122,28.10,28.38,27.69,27.93,13558.00
20121121,28.15,28.33,27.95,28.00,13065.00
20121120,28.62,28.67,27.97,28.13,13190.00
20121119,27.85,28.90,27.80,28.52,19327.00
20121116,28.33,28.48,27.82,27.90,16866.00
20121115,28.18,28.45,28.03,28.24,8626.00
20121113,28.62,28.62,28.20,28.38,12953.00
20121112,28.49,28.63,28.15,28.54,68280.00
20121109,28.34,28.78,28.29,28.49,13075.00
20121108,28.46,28.62,28.32,28.39,23266.00
20121107,28.43,28.79,28.43,28.58,14660.00
20121106,28.51,28.87,28.25,28.45,21252.00
20121105,29.15,29.20,28.36,28.62,29142.00
20121102,28.54,29.31,28.49,29.21,55037.00
20121101,27.86,28.49,27.85,28.39,42163.00
20121031,27.69,27.97,27.58,27.91,13706.00
20121030,27.83,27.97,27.57,27.65,17375.00
20121029,27.54,27.84,27.54,27.79,30197.00
20121026,27.38,27.61,26.89,27.50,18085.00
20121025,27.26,27.52,27.03,27.15,43825.00
20121023,27.38,27.45,27.18,27.24,33874.00
20121022,27.25,27.71,26.97,27.42,34163.00
20121019,27.29,27.61,27.10,27.23,19664.00
20121018,27.05,27.38,27.01,27.29,14230.00
20121017,27.03,27.30,26.78,27.00,12019.00
20121016,27.05,27.08,26.85,26.94,10845.00
20121015,26.85,27.12,26.69,26.93,14615.00
20121012,26.92,27.15,26.74,26.82,21572.00
20121011,26.82,27.17,26.46,27.05,23036.00
20121010,26.74,27.02,26.66,26.79,20162.00
20121009,26.45,27.07,26.23,26.85,37978.00
20121008,26.94,27.19,26.86,26.93,16795.00
20121005,27.45,27.66,26.77,26.94,44899.00
20121004,27.54,27.88,27.05,27.16,26811.00
20121003,27.77,27.95,27.38,27.44,16143.00
20121001,28.26,28.26,27.81,27.88,8679.00
20120928,27.92,28.46,27.86,28.19,18627.00
20120927,27.70,28.06,27.60,27.94,15437.00
20120926,27.43,27.78,27.17,27.65,12888.00
20120925,27.84,28.11,27.38,27.53,14883.00
20120924,27.58,28.03,27.55,27.81,19923.00
20120921,27.51,27.83,27.51,27.70,28480.00
20120920,26.89,27.72,26.39,27.52,37678.00
20120918,26.69,27.00,26.69,26.90,19360.00
20120917,26.63,27.17,26.44,26.73,23763.00
20120914,26.45,27.06,26.45,26.83,51936.00
20120913,26.29,26.58,26.29,26.35,17281.00
20120912,26.37,26.48,25.90,26.03,12992.00
20120911,26.11,26.40,25.92,26.32,21605.00
20120910,25.77,26.31,25.77,26.21,21405.00
20120908,25.86,26.04,25.85,25.91,948.00
20120907,25.46,26.07,25.38,25.96,25167.00
20120906,25.31,25.48,25.06,25.27,11020.00
20120905,25.02,25.41,24.91,25.32,28418.00
20120904,25.39,25.69,25.21,25.36,14986.00
20120903,24.92,25.72,24.91,25.61,37617.00
20120831,25.11,25.11,24.69,24.85,31828.00
20120830,24.77,25.35,24.77,25.08,33651.00
20120829,25.82,25.83,25.00,25.03,32628.00
20120828,26.57,26.60,25.88,26.07,24614.00
20120827,26.20,26.61,26.20,26.51,15547.00
20120824,26.15,26.42,25.98,26.34,21044.00
20120823,26.54,26.70,26.17,26.28,12964.00
20120822,26.31,26.69,26.24,26.55,32418.00
20120821,26.09,26.40,26.09,26.34,19034.00
20120817,26.01,26.20,25.85,26.10,22148.00
20120816,26.08,26.25,25.85,26.00,16932.00
20120814,26.28,26.34,25.85,26.02,23691.00
20120813,25.78,26.38,25.75,26.28,17196.00
20120810,26.00,26.02,25.65,25.84,13575.00
20120809,25.77,26.27,25.77,26.02,27517.00
20120808,25.39,25.89,25.39,25.77,30894.00
20120807,25.16,26.09,25.08,25.66,66612.00
20120806,24.89,25.27,24.89,25.12,16310.00
20120803,24.78,24.89,24.55,24.82,25189.00
20120802,24.78,25.08,24.46,25.00,43097.00
20120801,24.58,25.06,24.52,24.84,69843.00
20120731,24.65,24.88,24.40,24.64,28033.00
20120730,24.31,24.77,24.31,24.69,32215.00
20120727,24.38,24.69,24.17,24.34,27183.00
20120726,24.01,24.57,24.01,24.36,42822.00
20120725,23.99,24.12,23.62,24.03,32610.00
20120724,24.00,24.29,23.38,23.99,29476.00
20120723,24.24,24.43,23.93,24.02,36187.00
20120720,23.69,24.54,23.52,24.47,133310.00
20120719,23.54,24.09,23.15,23.83,167364.00
20120718,22.25,23.54,21.89,23.42,378353.00
20120717,23.02,23.02,22.03,22.26,69765.00
20120716,23.31,23.31,22.72,22.82,29644.00
20120713,23.00,23.12,22.86,23.03,21381.00
20120712,23.15,23.35,22.86,22.95,29761.00
20120711,23.38,23.38,23.11,23.28,20405.00
20120710,23.15,23.59,23.15,23.43,30835.00
20120709,23.69,23.69,22.98,23.14,34835.00
20120706,23.89,24.00,23.58,23.69,40233.00
20120705,23.87,24.03,23.73,23.93,39386.00
20120704,24.08,24.48,24.08,24.36,36317.00
20120703,23.94,24.20,23.89,24.03,21838.00
20120702,24.19,24.29,23.84,24.02,23484.00
20120629,24.09,24.46,23.97,24.18,36887.00
20120628,24.05,24.10,23.77,23.85,15777.00
20120627,24.08,24.14,23.88,24.00,33588.00
20120626,23.77,24.11,23.71,23.99,20141.00
20120625,24.07,24.07,23.69,23.85,67880.00
20120622,23.58,23.97,23.50,23.77,34365.00
20120621,23.54,23.77,23.35,23.65,74405.00
20120620,23.69,23.92,23.50,23.62,48983.00
20120619,23.79,23.79,23.48,23.65,19266.00
20120618,23.82,23.92,23.40,23.72,52583.00
20120615,24.12,24.12,23.33,23.50,84008.00
20120614,24.00,24.26,23.71,23.84,79750.00
20120613,24.17,24.26,23.78,24.02,19624.00
20120612,24.00,24.32,23.71,24.18,27705.00
20120611,23.55,24.22,23.55,24.01,33634.00
20120608,23.38,23.66,23.32,23.52,67493.00
20120607,23.84,24.06,23.62,23.77,56783.00
20120606,23.15,23.85,23.08,23.74,42220.00
20120605,22.89,23.07,22.78,22.99,36793.00
20120604,22.70,23.11,22.37,22.95,32012.00
20120601,23.15,23.26,22.86,23.07,27270.00
20120531,23.08,23.52,23.03,23.28,25189.00
20120530,23.23,23.48,23.17,23.37,15448.00
20120529,23.38,23.62,23.00,23.48,29864.00
20120528,23.28,23.37,22.92,23.27,28820.00
20120525,23.25,23.46,22.81,23.02,35505.00
20120524,22.46,23.26,22.41,23.13,45149.00
20120523,23.00,23.06,22.70,22.88,56960.00
20120522,23.60,23.66,22.97,23.20,54632.00
20120521,23.80,23.80,23.09,23.42,38164.00
20120518,23.69,23.92,23.45,23.58,44089.00
20120517,25.00,25.17,23.87,24.22,302317.00
20120516,24.43,25.00,24.22,24.87,28755.00
20120515,24.35,24.91,24.14,24.75,39017.00
20120514,24.22,24.59,23.92,24.36,44611.00
20120511,23.06,24.03,22.85,23.93,28744.00
20120510,23.77,23.83,22.98,23.12,39414.00
20120509,22.65,23.67,22.41,23.26,60389.00
20120508,23.11,23.54,22.83,22.98,63658.00
20120507,22.92,23.54,22.62,23.31,38148.00
20120504,23.70,23.80,22.95,23.10,69985.00
20120503,24.40,24.40,23.45,24.01,65939.00
20120502,24.95,25.21,24.33,24.51,38128.00
20120430,24.57,25.06,24.31,24.97,87973.00
20120428,24.51,24.61,24.38,24.53,493.00
20120427,24.95,25.11,24.28,24.35,32795.00
20120426,25.38,25.66,24.62,24.70,37112.00
20120425,25.35,25.94,25.26,25.45,73454.00
20120424,25.68,25.85,25.15,25.35,15269.00
20120423,26.20,26.46,25.60,25.74,11982.00
20120420,26.58,27.03,25.82,26.29,22135.00
20120419,26.54,26.75,26.48,26.65,15717.00
20120418,25.89,26.70,25.89,26.44,29112.00
20120417,25.17,25.83,25.17,25.74,17597.00
20120416,25.32,25.54,25.12,25.43,12517.00
20120413,25.26,25.93,25.15,25.24,29324.00
20120412,25.17,25.37,25.14,25.25,13184.00
20120411,25.20,25.46,25.00,25.13,15398.00
20120410,25.52,25.62,25.20,25.34,19491.00
20120409,25.12,25.46,24.92,25.36,22749.00
20120404,25.08,25.34,25.04,25.12,31451.00
20120403,25.45,25.68,25.20,25.35,27413.00
20120402,25.92,26.08,25.19,25.44,40256.00
20120330,25.45,25.92,25.40,25.81,15435.00
20120329,25.12,25.58,24.77,25.46,20048.00
20120328,25.40,25.65,24.93,25.18,19784.00
20120327,25.98,25.98,25.39,25.54,19305.00
20120326,26.32,26.32,25.42,25.54,16993.00
20120323,25.78,26.80,25.32,26.33,27933.00
20120322,26.65,26.83,25.77,26.02,11729.00
20120321,25.77,26.72,25.69,26.65,25083.00
20120320,26.32,26.35,25.65,26.00,19081.00
20120319,26.32,26.83,26.12,26.33,14790.00
20120316,26.62,27.03,26.38,26.49,28518.00
20120315,27.23,27.23,26.60,26.72,15092.00
20120314,27.68,27.82,26.97,27.15,194399.00
20120313,27.52,27.77,27.24,27.41,21220.00
20120312,27.20,27.82,27.02,27.52,23027.00
20120309,27.00,27.29,26.82,26.92,34352.00
20120307,26.60,26.97,26.05,26.62,49421.00
20120306,26.69,26.98,25.46,26.33,49049.00
20120305,26.69,26.69,26.09,26.18,44864.00
20120303,26.92,27.04,26.65,26.72,1555.00
20120302,27.45,27.62,26.68,26.91,37997.00
20120301,28.00,28.00,26.88,27.34,42278.00
20120229,27.52,28.29,27.23,27.68,62126.00
20120228,26.46,27.46,26.38,27.24,25105.00
20120227,27.08,27.26,25.91,26.32,31513.00
20120224,27.54,27.83,26.96,27.19,24103.00
20120223,27.56,27.95,27.31,27.43,24156.00
20120222,27.88,28.29,27.46,27.71,30610.00
20120221,27.82,28.15,27.54,27.86,38252.00
20120217,27.85,28.00,27.33,27.70,38955.00
20120216,26.49,28.12,26.49,27.89,63187.00
20120215,26.83,27.15,26.70,26.86,26966.00
20120214,26.46,26.90,26.45,26.64,24524.00
20120213,26.62,27.14,26.62,26.83,30253.00
20120210,25.85,26.90,25.85,26.72,80091.00
20120209,25.25,26.28,25.25,26.17,52524.00
20120208,25.23,25.54,25.11,25.33,36240.00
20120207,25.31,25.52,25.04,25.17,38911.00
20120206,24.92,25.31,24.86,25.23,53338.00
20120203,24.47,25.17,24.47,24.78,37207.00
20120202,25.05,25.05,24.46,24.68,52375.00
20120201,24.92,25.21,24.40,24.76,76099.00
20120131,24.00,24.75,23.62,24.63,63889.00
20120130,23.65,24.02,23.48,23.78,46723.00
20120127,23.97,24.62,23.43,23.66,70023.00
20120125,24.23,24.72,24.18,24.41,35671.00
20120124,24.15,24.57,23.94,24.29,54425.00
20120123,23.92,24.46,23.85,24.22,58410.00
20120120,22.62,24.20,22.46,23.97,194749.00
20120119,22.48,22.77,21.91,22.57,283332.00
20120118,22.55,22.66,22.17,22.38,58562.00
20120117,22.05,22.48,22.05,22.34,67470.00
20120116,21.97,22.19,21.69,21.90,57033.00
20120113,22.66,22.88,21.88,21.99,51828.00
20120112,22.51,22.86,22.40,22.66,52468.00
20120111,22.30,22.50,21.99,22.35,53911.00
20120110,21.94,22.51,21.92,21.99,129245.00
20120109,22.28,22.28,21.72,21.95,48478.00
20120107,22.58,22.58,22.22,22.28,8446.00
20120106,22.44,22.65,22.16,22.45,72776.00
20120105,21.92,22.61,21.85,22.54,100888.00
20120104,23.02,23.15,21.78,21.94,179477.00
20120103,22.74,23.15,22.32,23.03,264423.00
20120102,24.54,24.68,22.17,22.69,285450.00
20111230,24.65,24.84,24.33,24.50,31812.00
20111229,24.65,24.80,24.54,24.65,41116.00
20111228,25.15,25.29,24.64,24.80,28932.00
20111227,24.59,25.17,24.59,25.04,23787.00
20111226,24.85,24.90,24.54,24.78,14627.00
20111223,24.85,24.92,24.46,24.62,23569.00
20111222,24.55,24.95,24.46,24.86,37109.00
20111221,25.06,25.06,24.12,24.86,42861.00
20111220,25.46,25.54,24.57,24.68,34915.00
20111219,25.22,25.47,25.06,25.29,27312.00
20111216,25.46,26.28,25.19,25.44,60610.00
20111215,25.23,25.62,25.00,25.48,28214.00
20111214,25.46,25.88,25.26,25.35,43304.00
20111213,25.00,25.69,24.92,25.55,55053.00
20111212,25.85,26.00,24.89,25.11,75219.00
20111209,26.42,26.42,25.50,25.74,67242.00
20111208,26.46,26.75,26.37,26.60,68060.00
20111207,26.15,26.65,26.00,26.52,36985.00
20111205,26.46,26.54,25.93,26.15,42963.00
20111202,26.18,26.44,25.82,26.35,59847.00
20111201,26.09,26.59,26.09,26.21,33531.00
20111130,25.32,26.00,25.08,25.74,66407.00
20111129,24.86,25.49,24.63,25.38,47758.00
20111128,25.27,25.62,24.56,24.86,69378.00
20111125,25.37,25.72,25.07,25.27,45925.00
20111124,24.57,25.82,24.12,25.52,60918.00
20111123,24.54,24.98,24.10,24.61,33406.00
20111122,24.97,25.26,24.31,24.61,43807.00
20111121,25.92,26.06,24.86,24.97,60582.00
20111118,26.37,26.57,25.91,26.06,28526.00
20111117,26.55,26.75,26.37,26.46,20945.00
20111116,26.24,26.75,26.00,26.58,35715.00
20111115,26.71,27.03,26.25,26.37,25610.00
20111114,27.00,27.29,26.62,26.71,24218.00
20111111,26.36,26.89,26.13,26.77,36018.00
20111109,26.62,26.85,26.20,26.34,26648.00
20111108,26.92,26.92,26.39,26.54,21517.00
20111104,27.00,27.15,26.34,26.82,53096.00
20111103,26.46,26.67,26.23,26.54,32934.00
20111102,26.28,26.90,26.17,26.45,69495.00
20111101,26.56,26.91,26.08,26.38,29166.00
20111031,27.02,27.20,26.54,26.66,20413.00
20111028,27.46,28.03,26.93,26.99,40829.00
20111026,26.93,27.20,26.93,27.02,15336.00
20111025,26.03,27.11,25.85,26.93,65569.00
20111024,25.54,26.20,25.46,26.03,78568.00
20111021,25.05,25.44,24.91,25.24,69479.00
20111020,25.23,25.46,23.94,24.86,174099.00
20111019,24.98,25.34,24.98,25.18,27919.00
20111018,25.08,25.36,24.31,24.75,19463.00
20111017,25.32,25.46,25.02,25.40,34109.00
20111014,24.31,25.17,24.31,25.08,37687.00
20111013,24.46,24.68,24.28,24.38,16565.00
20111012,24.51,24.85,23.95,24.41,31323.00
20111011,24.08,24.46,24.08,24.32,56560.00
20111010,23.08,24.15,23.00,23.91,31734.00
20111007,23.40,23.77,22.92,23.13,20797.00
20111005,23.37,23.37,22.79,23.04,22937.00
20111004,23.37,23.58,22.74,22.97,46676.00
20111003,23.57,23.80,23.14,23.32,30695.00
20110930,23.12,24.08,23.12,23.61,34146.00
20110929,23.29,23.83,23.00,23.67,29461.00
20110928,23.75,23.75,23.09,23.25,22009.00
20110927,23.32,23.83,23.20,23.74,26370.00
20110926,23.78,23.83,22.86,23.25,74445.00
20110923,23.67,24.06,23.42,23.78,40302.00
20110922,24.54,24.54,23.66,23.72,34570.00
20110921,25.09,25.13,24.54,24.66,32671.00
20110920,24.86,25.08,24.71,25.04,24612.00
20110919,24.91,25.09,24.49,24.64,22248.00
20110916,25.08,25.19,24.74,25.01,20600.00
20110915,25.22,25.26,24.72,25.06,23294.00
20110914,24.62,25.24,24.31,25.03,44914.00
20110913,24.23,25.00,24.23,24.63,30193.00
20110912,24.92,24.92,24.15,24.26,28257.00
20110909,25.26,25.38,24.99,25.01,25160.00
20110908,25.25,25.36,24.67,25.01,39467.00
20110907,25.29,25.72,25.12,25.23,57287.00
20110906,25.83,26.08,25.03,25.28,65737.00
20110905,24.94,25.91,24.86,25.66,70131.00
20110902,24.45,25.08,24.39,24.98,50424.00
20110830,24.43,24.46,23.85,24.20,50215.00
20110829,23.24,24.85,23.23,24.17,63261.00
20110826,23.24,23.72,22.96,23.14,19088.00
20110825,23.54,23.99,23.12,23.41,51371.00
20110824,23.86,24.11,22.97,23.33,49569.00
20110823,22.92,24.14,22.62,23.77,83194.00
20110822,21.88,22.92,21.58,22.80,31950.00
20110819,21.55,22.35,21.55,22.02,38103.00
20110818,22.37,22.44,21.62,22.12,25999.00
20110817,22.60,22.65,22.02,22.35,22936.00
20110816,22.54,22.63,22.24,22.38,15873.00
20110812,22.62,22.62,22.19,22.42,14547.00
20110811,22.57,22.82,22.37,22.47,22097.00
20110810,22.11,22.98,22.00,22.89,60676.00
20110809,21.38,22.58,20.94,21.96,52865.00
20110808,20.79,22.23,20.79,21.73,33627.00
20110805,21.62,21.77,20.89,21.54,23690.00
20110804,22.43,22.47,21.72,21.84,27623.00
20110803,22.58,22.69,22.25,22.39,42540.00
20110802,22.92,23.14,22.54,22.86,46706.00
20110801,22.62,22.98,22.62,22.90,30869.00
20110729,22.20,22.72,21.97,22.54,32742.00
20110728,21.77,22.28,21.77,22.20,11367.00
20110727,21.97,22.22,21.82,22.08,13883.00
20110726,22.29,22.38,21.82,21.90,13390.00
20110725,22.31,22.38,22.00,22.29,26467.00
20110722,22.00,22.31,21.96,22.27,17445.00
20110721,22.00,22.00,21.71,21.84,12813.00
20110720,22.17,22.29,21.85,21.92,15902.00
20110719,21.82,22.16,21.76,22.05,18800.00
20110718,21.96,22.07,21.69,21.79,19131.00
20110715,22.01,22.06,21.65,21.83,42444.00
20110714,22.32,22.49,21.63,22.01,223292.00
20110713,22.00,22.43,22.00,22.29,52357.00
20110712,22.30,22.33,21.77,21.93,13239.00
20110711,22.42,22.43,22.22,22.33,36088.00
20110708,22.38,22.67,22.32,22.41,18664.00
20110707,21.94,22.51,21.94,22.38,42038.00
20110706,21.97,22.09,21.82,22.04,14651.00
20110705,21.85,22.22,21.85,21.94,32930.00
20110704,22.06,22.19,21.77,21.86,31258.00
20110701,21.85,22.08,21.62,21.86,28374.00
20110630,21.69,21.85,21.45,21.63,42366.00
20110629,21.45,21.83,21.35,21.57,30932.00
20110628,21.46,21.97,21.25,21.86,32086.00
20110627,21.23,22.15,20.77,21.25,80142.00
20110624,20.74,21.40,20.59,21.27,39439.00
20110623,20.65,20.69,20.46,20.61,9356.00
20110622,20.45,20.77,20.32,20.63,12777.00
20110621,20.09,20.42,20.09,20.29,9386.00
20110620,20.76,20.76,19.90,20.18,30355.00
20110617,20.76,20.95,20.33,20.59,9497.00
20110616,20.83,20.95,20.62,20.74,12062.00
20110615,21.18,21.18,20.95,21.05,191979.00
20110614,20.75,21.23,20.75,21.11,22825.00
20110613,20.52,20.73,20.43,20.65,42071.00
20110610,20.57,20.57,20.31,20.39,14264.00
20110609,20.71,20.71,20.34,20.50,117586.00
20110608,20.83,20.83,20.45,20.55,210884.00
20110607,20.92,21.05,20.67,20.86,13492.00
20110606,20.95,21.03,20.58,20.93,16112.00
20110603,21.11,21.35,20.89,21.11,25522.00
20110602,20.15,21.15,20.08,21.05,61681.00
20110601,20.68,21.01,20.45,20.59,28446.00
20110531,20.49,20.78,20.46,20.68,30540.00
20110530,20.31,20.55,20.09,20.43,13899.00
20110527,20.03,20.29,19.81,20.22,35298.00
20110526,20.04,20.11,19.77,19.94,30222.00
20110525,20.23,20.23,19.73,19.82,46232.00
20110524,20.38,20.38,20.04,20.12,25646.00
20110523,20.38,20.38,19.95,20.04,34105.00
20110520,20.03,20.54,19.97,20.47,60794.00
20110519,20.07,20.14,19.79,19.86,88336.00
20110518,20.34,20.45,19.39,19.79,503229.00
20110517,20.09,20.28,19.77,20.13,24819.00
20110516,20.08,20.45,19.89,20.01,29059.00
20110513,20.17,20.95,20.09,20.57,27096.00
20110512,20.23,20.69,19.89,20.14,42305.00
20110511,20.29,20.45,19.98,20.26,27979.00
20110510,20.00,20.38,19.74,20.13,29638.00
20110509,20.77,20.91,19.46,19.92,44329.00
20110506,19.94,20.40,19.54,20.29,66833.00
20110505,20.11,20.29,19.62,19.77,112284.00
20110504,20.88,20.92,19.80,20.02,202300.00
20110503,22.00,22.34,20.92,21.03,44452.00
20110502,22.81,22.91,21.92,22.14,52909.00
20110429,22.72,22.98,22.27,22.50,44739.00
20110428,22.74,23.00,22.65,22.72,36337.00
20110427,22.83,23.02,22.55,22.66,19910.00
20110426,22.74,23.00,22.38,22.81,22341.00
20110425,22.46,22.83,22.46,22.68,67755.00
20110421,22.72,22.75,22.45,22.51,21424.00
20110420,22.42,22.74,22.19,22.68,32012.00
20110419,22.08,22.42,21.84,22.28,27268.00
20110418,21.97,22.35,21.85,22.05,40930.00
20110415,21.61,21.92,21.32,21.81,18679.00
20110413,21.05,21.60,20.98,21.50,25059.00
20110411,21.77,21.77,21.04,21.20,27771.00
20110408,22.31,22.31,21.63,21.75,26465.00
20110407,22.50,22.50,22.06,22.13,14087.00
20110406,22.18,22.51,22.11,22.32,25507.00
20110405,22.31,22.45,22.08,22.20,30401.00
20110404,22.61,22.68,22.31,22.43,29715.00
20110401,22.62,22.79,22.29,22.45,52798.00
20110331,21.97,22.66,21.88,22.46,80520.00
20110330,21.71,22.00,21.65,21.82,35033.00
20110329,21.66,21.88,21.58,21.66,20685.00
20110328,21.25,21.69,21.25,21.53,25772.00
20110325,20.95,21.31,20.82,21.24,30096.00
20110324,21.08,21.15,20.75,20.82,23250.00
20110323,20.86,21.18,20.77,20.91,21342.00
20110322,20.89,21.09,20.88,20.95,10538.00
20110321,20.92,21.03,20.62,20.88,44905.00
20110318,21.10,21.27,20.85,20.93,30092.00
20110317,21.08,21.29,20.80,20.95,16216.00
20110316,21.08,21.33,21.06,21.11,16297.00
20110315,20.85,21.15,20.67,20.97,18903.00
20110314,21.14,21.43,20.83,21.28,24641.00
20110311,21.49,21.54,20.82,21.14,29031.00
20110310,21.82,21.82,21.46,21.54,18771.00
20110309,21.42,21.91,21.42,21.82,54055.00
20110308,21.02,21.46,21.02,21.33,33263.00
20110307,21.00,21.15,20.70,20.95,25031.00
20110304,20.92,21.35,20.92,21.19,60387.00
20110303,20.62,21.05,20.46,20.78,65250.00
20110301,19.62,20.61,19.62,20.54,111584.00
20110228,19.92,20.31,19.38,19.51,36768.00
20110225,20.00,20.00,19.16,19.76,58352.00
20110224,20.09,20.09,19.45,19.68,124262.00
20110223,20.38,20.46,20.03,20.10,35675.00
20110222,20.37,20.81,20.37,20.47,25994.00
20110221,20.62,20.69,20.34,20.59,24243.00
20110218,20.87,20.98,20.40,20.54,24845.00
20110217,20.69,20.88,20.50,20.82,47850.00
20110216,20.43,20.76,20.27,20.48,39296.00
20110215,20.15,20.64,19.89,20.35,63210.00
20110214,19.54,20.05,19.50,19.92,36467.00
20110211,18.69,19.52,18.54,19.32,37007.00
20110210,18.80,18.92,18.34,18.66,21257.00
20110209,19.00,19.00,18.30,18.56,52311.00
20110208,18.92,19.27,18.71,19.05,110279.00
20110207,19.15,19.15,18.55,18.73,28093.00
20110204,18.62,19.23,18.62,18.87,68823.00
20110203,18.62,18.88,18.48,18.64,126330.00
20110202,19.31,19.41,18.54,18.73,87029.00
20110201,19.54,19.54,19.05,19.17,42369.00
20110131,19.23,19.43,18.68,19.21,46721.00
20110128,19.77,19.82,19.18,19.30,193049.00
20110127,19.88,20.27,19.54,19.80,83475.00
20110125,20.26,20.29,19.82,19.92,42205.00
20110124,20.34,20.39,20.03,20.10,35932.00
20110121,20.06,20.45,19.97,20.18,57169.00
20110120,20.28,20.62,19.79,19.95,134978.00
20110119,20.06,20.38,19.61,20.31,485663.00
20110118,19.54,19.98,19.50,19.92,52057.00
20110117,19.18,19.62,18.83,19.49,64383.00
20110114,19.88,19.92,19.05,19.18,102906.00
20110113,20.05,20.15,19.71,19.80,73810.00
20110112,20.33,20.38,19.48,19.80,158376.00
20110111,19.62,20.34,19.54,20.10,153755.00
20110110,20.38,20.52,19.35,19.44,241847.00
20110107,20.46,20.80,20.03,20.26,239096.00
20110106,21.42,21.43,20.32,20.43,276347.00
20110105,22.07,22.07,21.09,21.20,202263.00
20110104,22.72,22.83,21.86,22.01,217199.00
20110103,24.00,24.08,22.62,22.72,114420.00
20101231,22.86,23.83,22.79,23.72,56711.00
20101230,22.82,22.95,22.55,22.72,25441.00
20101229,22.66,22.86,22.46,22.78,21054.00
20101228,22.50,22.69,22.40,22.55,21914.00
20101227,22.25,22.51,22.23,22.38,19097.00
20101224,22.25,22.31,22.00,22.24,21347.00
20101223,22.37,22.45,22.12,22.25,42255.00
20101222,22.42,22.53,22.15,22.27,57432.00
20101221,22.40,22.89,22.23,22.37,49938.00
20101220,22.28,22.77,22.16,22.38,52367.00
20101216,22.80,22.80,22.02,22.40,47883.00
20101215,23.08,23.08,22.50,22.61,180878.00
20101214,23.20,23.21,22.75,22.99,40286.00
20101213,22.97,23.11,22.59,23.04,39677.00
20101210,22.46,23.38,22.46,22.96,109434.00
20101209,23.92,24.06,23.46,23.59,151892.00
20101208,24.72,24.73,23.95,24.14,50054.00
20101207,24.54,24.78,24.34,24.69,54931.00
20101206,24.85,25.00,24.32,24.42,44623.00
20101203,24.23,24.77,23.92,24.56,69141.00
20101202,24.38,24.94,23.79,24.10,110617.00
20101201,24.46,24.52,24.05,24.15,45412.00
20101130,24.02,24.48,23.85,24.24,193910.00
20101129,24.85,24.88,24.09,24.48,57111.00
20101126,25.08,25.18,24.37,24.85,35786.00
20101125,24.77,25.61,24.77,25.05,38314.00
20101124,25.18,25.58,24.65,24.82,56895.00
20101123,24.19,25.34,24.19,25.18,171277.00
20101122,24.17,24.62,23.97,24.55,18313.00
20101119,24.37,24.46,23.82,24.05,31719.00
20101118,23.72,24.38,23.72,24.11,23734.00
20101116,24.51,24.69,23.28,24.00,20301.00
20101115,24.42,24.83,24.31,24.49,20459.00
20101112,23.88,24.94,23.88,24.32,31103.00
20101111,24.62,24.62,23.90,24.13,25026.00
20101110,24.80,24.81,24.10,24.27,33731.00
20101109,24.68,24.86,24.46,24.80,14579.00
20101108,24.80,25.03,24.54,24.63,29102.00
20101105,24.85,24.92,24.48,24.77,11548.00
20101104,24.49,24.77,24.49,24.67,43834.00
20101103,23.94,24.49,23.94,24.33,34831.00
20101102,23.55,23.91,23.43,23.78,45632.00
20101101,23.54,23.75,23.32,23.53,28515.00
20101029,23.00,23.46,22.77,23.29,46359.00
20101028,22.98,23.02,22.66,22.89,21469.00
20101027,23.08,23.15,22.71,22.80,36144.00
20101026,23.12,23.23,22.87,23.06,29090.00
20101025,23.05,23.15,22.83,22.95,25430.00
20101022,23.22,23.22,22.78,22.86,88682.00
20101021,23.14,23.20,22.82,22.91,42895.00
20101020,23.57,23.69,22.71,22.85,96264.00
20101019,23.83,23.95,23.08,23.27,160816.00
20101018,23.22,23.54,22.71,23.41,45330.00
20101015,23.55,23.58,23.09,23.18,24453.00
20101014,23.96,23.96,23.38,23.47,42819.00
20101013,23.54,23.89,23.35,23.73,168885.00
20101012,23.86,23.95,23.31,23.42,33245.00
20101011,23.88,24.28,23.73,23.86,33535.00
20101008,24.34,24.37,23.66,23.83,30733.00
20101007,24.46,24.75,24.02,24.13,56239.00
20101006,24.61,24.79,24.25,24.52,76854.00
20101005,23.66,24.45,23.60,24.34,213447.00
20101004,23.85,24.46,23.40,23.61,89928.00
20101001,22.92,23.85,22.85,23.75,236978.00
20100930,23.11,23.24,22.45,22.64,86602.00
20100929,22.54,23.00,22.40,22.91,63503.00
20100928,22.39,22.60,22.22,22.29,21111.00
20100927,22.38,22.89,22.29,22.44,85627.00
20100924,22.23,22.31,22.12,22.24,19633.00
20100923,22.26,22.38,22.03,22.14,30704.00
20100922,22.46,22.49,21.99,22.17,32910.00
20100921,22.54,22.58,22.25,22.40,35876.00
20100920,22.17,22.57,22.04,22.45,43631.00
20100917,22.37,22.55,22.19,22.24,29484.00
20100916,22.74,22.75,22.28,22.33,29135.00
20100915,22.77,23.03,22.51,22.55,59001.00
20100914,22.69,23.26,22.54,22.62,63026.00
20100913,22.54,22.77,22.43,22.61,102441.00
20100909,22.92,23.05,22.34,22.45,63213.00
20100908,23.46,23.46,22.40,22.78,62526.00
20100907,46.15,46.85,45.98,46.09,81898.00
20100906,44.42,46.51,44.42,46.22,169212.00
20100903,42.92,44.43,42.92,44.18,51646.00
20100902,42.58,43.15,42.40,42.84,52432.00
20100901,42.62,42.80,42.12,42.30,769608.00
20100831,42.94,42.94,41.38,41.99,369165.00
20100830,43.31,43.46,42.69,42.94,13452.00
20100827,43.08,43.48,42.62,42.76,441318.00
20100826,43.15,43.37,42.55,42.75,31683.00
20100825,43.71,44.03,42.92,43.08,23711.00
20100824,42.91,44.04,42.55,43.86,39884.00
20100823,43.08,43.23,42.62,42.70,18005.00
20100820,42.15,43.34,42.00,43.00,51753.00
20100819,41.52,43.02,41.52,42.29,70449.00
20100818,41.22,41.35,40.80,41.21,17832.00
20100817,41.37,41.45,40.62,40.82,14700.00
20100816,41.12,41.45,40.46,40.97,26334.00
20100813,40.69,41.20,40.55,40.90,28341.00
20100812,39.23,40.75,39.00,40.50,46810.00
20100811,40.77,40.81,39.23,39.37,66360.00
20100810,41.55,41.83,40.63,40.82,50388.00
20100809,41.54,42.23,41.42,41.63,18631.00
20100806,41.77,42.25,41.56,41.71,21224.00
20100805,42.00,42.57,41.62,41.87,32197.00
20100804,41.71,42.11,41.55,41.90,19297.00
20100803,42.08,42.23,41.47,41.71,31633.00
20100802,41.78,42.24,41.63,41.97,33551.00
20100730,41.95,41.95,41.08,41.35,34548.00
20100729,41.71,42.08,40.48,41.45,90956.00
20100728,40.92,41.84,40.77,41.56,118012.00
20100727,38.86,41.21,38.86,40.77,123912.00
20100726,38.26,39.15,37.95,38.87,50917.00
20100723,38.63,38.83,37.72,37.99,103013.00
20100722,37.15,38.52,37.15,38.31,505627.00
20100721,37.00,37.31,36.92,37.14,28193.00
20100720,37.00,37.26,36.79,36.87,27423.00
20100719,36.92,37.08,36.89,36.94,19464.00
20100716,37.31,37.47,37.00,37.06,22807.00
20100715,37.72,38.23,37.08,37.20,66442.00
20100714,37.16,38.85,36.94,37.60,102525.00
20100713,37.14,37.23,36.89,37.07,10330.00
20100712,37.44,37.44,36.92,37.07,9616.00
20100709,37.16,37.35,36.94,37.19,19150.00
20100708,36.85,37.38,36.77,36.95,31758.00
20100707,37.63,37.72,36.98,37.06,18494.00
20100706,37.71,37.95,37.18,37.53,52118.00
20100705,37.78,38.15,37.46,37.65,10236.00
20100702,38.46,38.46,37.63,37.75,22222.00
20100701,38.08,38.52,37.68,38.41,28001.00
20100630,37.92,38.31,37.79,38.20,18800.00
20100629,37.69,38.57,37.63,38.23,57565.00
20100628,37.00,38.12,36.77,37.75,26082.00
20100625,36.80,37.69,36.63,37.20,19615.00
20100624,36.29,37.45,36.05,37.00,18588.00
20100623,35.63,36.42,35.63,36.21,19245.00
20100622,35.40,35.89,35.31,35.76,23990.00
20100621,35.31,35.68,35.29,35.51,28431.00
20100618,35.23,35.31,34.94,35.07,18092.00
20100617,35.09,35.29,34.69,35.24,7690.00
20100616,35.15,35.34,34.92,35.10,7977.00
20100615,35.00,35.34,34.70,35.15,12626.00
20100614,35.35,35.52,34.97,35.12,18085.00
20100611,35.00,35.46,34.63,35.30,23846.00
20100610,33.87,35.06,33.85,34.52,16860.00
20100609,33.77,34.03,33.55,33.75,30786.00
20100608,33.46,34.08,33.15,33.77,13944.00
20100607,33.38,33.76,33.08,33.60,14399.00
20100604,33.66,34.02,33.54,33.62,27587.00
20100603,34.31,34.48,33.70,33.77,19440.00
20100602,33.46,34.00,33.34,33.85,13386.00
20100601,33.09,34.03,33.09,33.39,16156.00
20100531,33.48,34.32,33.23,34.07,26566.00
20100528,32.85,33.72,32.66,33.41,20305.00
20100527,32.00,32.74,31.69,32.51,13851.00
20100526,31.31,32.31,30.97,31.98,11688.00
20100525,31.23,31.35,30.77,31.08,11159.00
20100524,32.77,33.00,31.36,31.58,29602.00
20100521,31.32,32.78,31.32,32.30,30043.00
20100520,33.08,33.49,32.77,32.94,36489.00
20100519,33.38,33.49,32.69,32.84,18391.00
20100518,33.69,33.85,33.02,33.56,11955.00
20100517,33.31,33.42,32.58,33.27,26801.00
20100514,33.85,34.15,33.36,33.62,43389.00
20100513,33.23,34.00,33.08,33.82,78105.00
20100512,32.92,33.15,32.08,33.01,119497.00
20100511,32.75,33.23,32.47,32.68,39304.00
20100510,32.10,32.72,31.87,32.64,36012.00
20100507,31.54,32.71,31.22,31.70,27034.00
20100506,32.15,32.29,31.16,31.77,40023.00
20100505,31.38,32.08,31.26,31.92,16207.00
20100504,32.32,32.54,31.71,31.85,35256.00
20100503,32.46,33.34,32.09,32.23,27574.00
20100430,32.29,32.46,31.55,32.22,40839.00
20100429,31.92,32.12,31.46,31.93,19974.00
20100428,30.80,31.92,30.58,31.79,56541.00
20100427,31.96,32.44,31.08,31.18,33747.00
20100426,32.69,32.69,32.03,32.12,11511.00
20100423,32.61,32.78,32.31,32.42,21174.00
20100422,32.10,32.69,31.93,32.48,30115.00
20100421,32.05,32.58,32.02,32.19,34320.00
20100420,30.95,32.31,30.95,31.96,33959.00
20100419,31.40,31.60,30.86,30.96,12647.00
20100416,31.95,32.03,31.35,31.56,16098.00
20100415,32.28,32.62,31.92,32.03,17982.00
20100413,31.79,32.49,31.79,32.20,37355.00
20100412,31.95,32.09,31.62,31.91,12035.00
20100409,31.62,32.25,31.62,31.80,16032.00
20100408,32.00,32.21,31.75,31.91,24539.00
20100407,31.55,32.23,31.52,31.95,34074.00
20100406,32.46,32.48,31.29,31.49,36549.00
20100405,30.83,32.54,30.77,32.26,133631.00
20100401,30.94,31.23,30.63,30.76,23746.00
20100331,30.48,31.38,30.48,30.94,28228.00
20100330,30.75,31.08,30.37,30.48,27066.00
20100329,30.43,31.62,30.23,30.53,87328.00
20100326,29.05,30.67,29.05,30.41,150088.00
20100325,28.58,29.03,28.36,28.92,18681.00
20100323,27.77,28.77,27.77,28.46,8927.00
20100322,28.38,28.57,28.31,28.48,26516.00
20100319,28.45,28.90,28.40,28.70,27364.00
20100318,28.12,28.45,27.90,28.30,203351.00
20100317,28.43,28.43,27.74,27.81,19976.00
20100316,28.08,28.29,27.92,28.03,15378.00
20100315,28.82,28.82,28.04,28.13,9668.00
20100312,28.21,28.52,27.93,28.35,21019.00
20100311,28.74,28.74,27.69,28.12,19857.00
20100310,28.85,29.15,28.23,28.44,40224.00
20100309,29.31,29.46,28.70,28.83,15228.00
20100308,29.38,29.71,29.18,29.43,21734.00
20100305,29.14,29.38,28.92,29.26,17707.00
20100304,28.94,29.27,28.78,29.14,29224.00
20100303,28.43,29.05,28.43,28.91,37650.00
20100302,28.00,28.61,28.00,28.44,61109.00
20100226,26.46,28.05,26.46,27.96,42926.00
20100225,27.09,27.09,26.26,26.38,10621.00
20100224,26.03,27.05,25.85,26.90,1081277.00
20100223,27.38,27.84,26.17,26.54,93402.00
20100222,28.02,28.12,27.46,27.65,9900.00
20100219,27.55,27.98,27.38,27.84,15030.00
20100218,28.12,28.28,27.72,27.94,9810.00
20100217,27.69,28.77,27.66,28.29,45447.00
20100216,27.57,27.75,27.31,27.56,945800.00
20100215,27.51,27.92,27.38,27.48,15852.00
20100211,27.46,27.66,27.24,27.51,17675.00
20100210,26.75,27.54,26.75,27.14,40477.00
20100209,25.92,26.69,25.92,26.55,15533.00
20100208,26.54,26.66,25.94,26.07,20676.00
20100206,26.12,26.62,26.00,26.29,2586.00
20100205,25.69,26.13,24.92,25.90,23726.00
20100204,26.32,26.32,25.69,25.86,9749.00
20100203,26.00,26.38,26.00,26.27,11364.00
20100202,26.89,26.92,25.77,25.87,26761.00
20100201,25.67,26.91,25.67,26.38,8230.00
20100129,25.54,28.19,25.54,27.28,29497.00
20100128,26.14,26.42,25.68,25.83,13936.00
20100127,26.54,27.69,25.54,25.73,16986.00
20100125,27.31,27.66,26.46,26.64,13315.00
20100122,26.92,27.68,26.90,27.58,12536.00
20100121,27.69,28.12,27.46,27.68,32042.00
20100120,27.38,28.25,27.38,28.00,71297.00
20100119,26.62,27.48,26.62,27.36,54144.00
20100118,26.15,26.91,26.15,26.72,25353.00
20100115,26.37,26.63,26.28,26.55,10722.00
20100114,26.34,26.60,26.04,26.21,67414.00
20100113,26.23,26.86,25.92,26.34,131621.00
20100112,25.69,26.38,25.69,26.12,59900.00
20100111,25.62,25.77,25.26,25.67,43665.00
20100108,26.11,26.15,25.25,25.46,27631.00
20100107,26.46,26.62,25.80,25.90,26005.00
20100106,26.70,26.84,26.23,26.35,40257.00
20100105,26.98,27.06,26.32,26.72,41061.00
20100104,27.23,27.26,26.62,26.65,35575.00
20091231,26.38,27.38,26.23,27.10,86972.00
20091230,25.86,26.31,25.49,26.13,60044.00
20091229,26.38,26.59,25.80,25.89,13882.00
20091224,26.29,26.69,25.94,26.15,51312.00
20091223,26.15,26.46,26.15,26.24,25592.00
20091222,25.82,26.26,25.82,26.08,26551.00
20091221,26.31,26.31,25.20,25.72,117379.00
20091218,26.54,26.90,26.15,26.22,11911.00
20091217,26.63,26.83,26.42,26.59,22822.00
20091216,26.83,26.92,26.18,26.61,38729.00
20091215,27.62,27.69,26.62,26.81,85917.00
20091214,26.52,27.69,26.52,27.45,129493.00
20091211,25.42,26.65,25.42,26.53,152019.00
20091210,25.83,26.00,25.05,25.28,36837.00
20091209,25.29,25.92,25.00,25.70,35876.00
20091208,25.00,25.38,24.94,25.24,11373.00
20091207,25.40,25.75,24.94,25.07,25385.00
20091204,25.94,25.94,25.20,25.41,16759.00
20091203,26.23,26.34,25.63,25.91,34188.00
20091202,25.38,26.14,25.35,26.01,113531.00
20091201,23.12,25.34,22.77,25.19,172520.00
20091130,24.42,24.86,23.94,24.15,25279.00
20091127,23.40,24.60,23.18,24.28,37551.00
20091126,23.87,24.65,23.71,23.94,72204.00
20091125,22.85,23.88,22.85,23.67,55715.00
20091124,22.94,23.33,22.72,23.16,26830.00
20091123,23.46,23.54,22.89,22.93,13452.00
20091120,22.80,23.38,21.54,23.10,20730.00
20091119,23.03,23.44,22.85,23.13,40937.00
20091118,23.46,23.62,22.93,23.09,42741.00
20091117,23.38,23.68,23.15,23.35,42658.00
20091116,22.62,23.63,22.62,23.22,61298.00
20091113,22.16,22.65,22.16,22.49,28703.00
20091112,22.69,22.83,22.26,22.42,29528.00
20091111,22.31,22.74,22.15,22.62,23444.00
20091110,23.00,23.31,22.25,22.36,49359.00
20091109,22.62,22.82,22.34,22.62,28441.00
20091106,22.69,23.12,22.16,22.35,18859.00
20091105,22.43,22.58,22.00,22.49,18048.00
20091104,22.00,22.31,21.88,22.18,44209.00
20091103,21.92,22.20,21.40,21.68,27476.00
20091030,21.85,22.58,21.10,21.49,26778.00
20091029,21.63,21.70,21.05,21.54,28652.00
20091028,22.09,22.44,21.85,22.03,31620.00
20091027,22.15,22.51,21.85,22.17,20284.00
20091026,22.69,22.77,22.09,22.45,15191.00
20091023,22.62,22.89,22.47,22.59,17790.00
20091022,22.77,22.77,22.16,22.39,25603.00
20091021,23.22,23.22,22.52,22.65,57648.00
20091020,23.23,23.45,22.92,23.09,53617.00
20091017,23.08,23.52,22.75,22.97,26194.00
20091016,24.23,24.46,22.59,22.75,150371.00
20091015,25.20,25.46,23.77,23.91,174063.00
20091014,25.29,25.62,24.07,24.74,36976.00
20091012,24.85,25.58,24.69,25.16,76817.00
20091009,24.02,25.08,24.02,24.46,79881.00
20091008,23.08,23.97,23.08,23.79,23176.00
20091007,23.22,23.62,22.94,23.56,21025.00
20091006,23.03,23.26,22.46,23.08,30356.00
20091005,23.46,23.77,22.58,22.71,43873.00
20091001,22.92,23.78,22.69,23.25,49106.00
20090930,22.08,23.08,22.08,22.99,43858.00
20090929,22.58,22.68,21.86,22.04,27223.00
20090925,22.27,22.69,22.15,22.25,8140.00
20090924,22.46,22.77,22.04,22.27,25327.00
20090923,23.06,23.06,22.46,22.57,19395.00
20090922,22.38,23.62,22.38,22.88,75714.00
20090918,21.86,22.62,21.77,22.38,35371.00
20090917,21.11,21.86,20.88,21.70,41107.00
20090916,21.15,21.82,21.00,21.24,56635.00
20090915,19.97,21.35,19.85,20.99,185134.00
20090914,19.68,20.08,19.35,19.75,40923.00
20090911,19.17,19.75,18.92,19.57,58629.00
20090910,18.77,19.28,18.77,18.96,18821.00
20090909,19.48,19.48,18.85,19.00,24673.00
20090908,19.63,19.84,19.31,19.45,13845.00
20090907,19.20,19.61,19.02,19.55,62639.00
20090904,18.77,19.06,18.57,18.94,63575.00
20090903,18.31,18.85,18.31,18.62,34543.00
20090902,18.00,19.31,17.87,18.07,76492.00
20090901,18.92,19.26,18.70,18.84,73030.00
20090831,18.53,18.77,18.25,18.70,45487.00
20090828,17.92,18.77,17.82,18.53,56085.00
20090827,17.85,17.94,17.32,17.77,124344.00
20090826,17.46,17.98,17.35,17.60,18421.00
20090825,17.11,17.92,16.94,17.44,92803.00
20090824,17.46,17.85,17.17,17.35,22624.00
20090821,17.09,17.63,17.02,17.32,17047.00
20090820,16.94,17.34,16.40,17.03,61999.00
20090819,17.54,17.54,16.62,16.89,15845.00
20090818,16.51,17.61,16.31,17.51,9846.00
20090817,16.92,17.68,16.51,17.12,20815.00
20090814,17.46,17.86,16.92,17.24,20851.00
20090813,17.00,17.68,16.92,17.42,47968.00
20090812,16.73,17.23,16.11,16.76,66708.00
20090811,16.44,17.55,16.17,16.90,80964.00
20090810,18.31,18.69,16.08,16.46,46819.00
20090807,19.09,19.14,17.78,18.08,74781.00
20090806,19.72,20.07,18.92,19.46,55974.00
20090805,20.38,20.72,19.65,19.73,17059.00
20090804,20.08,20.62,19.69,20.24,36997.00
20090803,18.77,20.86,18.77,20.07,57234.00
20090731,18.92,19.42,18.62,18.84,37243.00
20090730,18.37,18.84,18.28,18.75,126904.00
20090729,18.79,18.79,18.09,18.56,6458.00
20090728,18.85,18.86,18.39,18.79,13337.00
20090727,18.21,18.86,18.17,18.46,20714.00
20090724,18.05,18.58,17.88,18.21,24745.00
20090723,18.15,18.26,17.54,18.05,86582.00
20090722,18.25,18.92,17.78,17.94,18554.00
20090721,18.31,18.46,18.09,18.29,9989.00
20090720,18.09,18.43,17.85,18.23,62275.00
20090717,17.77,18.52,17.42,17.80,43610.00
20090716,17.11,18.65,17.09,17.69,120011.00
20090715,16.38,17.27,16.34,16.83,63134.00
20090714,15.84,16.72,15.84,16.37,29266.00
20090713,15.46,15.91,15.15,15.67,6652.00
20090710,15.54,15.92,15.46,15.57,132390.00
20090709,15.15,15.54,15.00,15.39,82021.00
20090708,15.08,15.60,14.65,14.97,8747.00
20090707,15.31,15.56,14.62,15.23,467803.00
20090706,15.23,15.44,14.39,14.70,6878.00
20090703,15.37,15.46,15.03,15.15,8235.00
20090702,15.43,15.46,14.82,15.03,129681.00
20090701,15.37,15.72,15.05,15.51,11026.00
20090630,16.29,16.29,15.05,15.29,13350.00
20090629,15.75,16.23,15.72,16.04,13902.00
20090626,15.03,15.77,15.03,15.39,10665.00
20090625,15.15,15.18,14.77,14.95,15250.00
20090624,14.62,15.15,14.25,14.77,19625.00
20090623,14.61,14.75,14.35,14.45,7592.00
20090622,14.92,14.97,14.62,14.70,10367.00
20090619,14.88,15.34,14.62,14.90,6190.00
20090618,15.40,15.83,14.54,15.10,5197.00
20090617,15.31,15.85,14.88,15.51,19081.00
20090616,14.68,15.46,14.19,15.35,7126.00
20090615,15.92,15.92,15.20,15.35,2254.00
20090612,15.85,16.13,15.31,15.45,7960.00
20090611,16.78,16.85,15.69,16.02,158383.00
20090610,16.54,17.08,15.89,16.28,25784.00
20090609,16.45,16.46,15.77,16.09,53659.00
20090608,17.46,17.68,16.18,16.57,6734.00
20090605,17.20,17.77,16.95,17.34,12668.00
20090604,17.42,17.45,16.62,16.91,9857.00
20090603,16.77,17.43,16.40,17.14,28893.00
20090602,15.08,17.00,15.08,16.60,21396.00
20090601,16.11,16.92,15.08,16.21,44005.00
20090529,14.89,16.26,14.78,15.82,82868.00
20090528,14.22,14.92,13.88,14.62,29510.00
20090527,14.28,14.62,13.86,14.05,19409.00
20090526,13.23,14.74,13.23,14.11,13683.00
20090525,14.60,14.77,14.38,14.53,13941.00
20090522,14.35,15.22,13.92,14.52,130785.00
20090521,13.54,14.77,13.49,14.37,305614.00
20090520,13.82,13.82,13.23,13.61,93097.00
20090519,14.62,14.75,13.08,13.92,64190.00
20090518,13.42,13.85,13.42,13.64,240.00
20090515,12.15,12.41,12.14,12.20,64644.00
20090514,11.18,12.38,11.18,12.20,145786.00
20090513,10.63,11.37,10.54,11.35,331103.00
20090512,10.38,10.65,10.17,10.57,291420.00
20090511,10.51,10.63,10.14,10.44,27024.00
20090508,10.34,10.74,10.34,10.47,10259.00
20090507,10.54,10.85,10.31,10.47,19933.00
20090506,10.45,10.69,10.42,10.51,8351.00
20090505,10.23,10.68,10.20,10.49,30283.00
20090504,9.85,10.38,9.83,10.21,19813.00
20090429,9.69,9.95,9.56,9.84,9707.00
20090428,9.28,9.69,9.23,9.60,8383.00
20090427,9.62,9.85,9.46,9.49,4239.00
20090424,9.51,9.92,9.43,9.67,35101.00
20090423,9.38,9.92,9.38,9.81,8290.00
20090422,9.98,10.20,9.70,9.75,23263.00
20090421,9.78,10.54,9.54,9.92,10938.00
20090420,10.17,10.58,9.86,9.96,12673.00
20090417,10.12,10.38,10.08,10.17,12321.00
20090416,9.78,10.23,9.78,10.10,18838.00
20090415,9.23,9.85,9.19,9.74,19084.00
20090413,9.45,9.68,9.25,9.41,21932.00
20090409,9.83,10.14,9.35,9.43,10633.00
20090408,9.85,10.03,9.69,9.83,11947.00
20090406,9.77,10.42,9.74,10.07,24290.00
20090402,9.09,9.98,9.09,9.88,105641.00
20090401,9.61,9.78,9.61,9.73,7311.00
20090331,9.31,9.75,8.97,9.51,20027.00
20090330,9.46,9.77,9.14,9.41,13071.00
20090327,9.72,9.75,9.32,9.47,34940.00
20090326,9.68,9.76,9.31,9.49,36074.00
20090325,8.65,9.62,8.65,9.46,50479.00
20090324,9.00,9.32,8.95,9.06,56717.00
20090323,8.77,9.00,8.66,8.92,34442.00
20090320,8.52,8.69,8.18,8.59,16052.00
20090319,8.89,9.00,8.55,8.66,100441.00
20090318,8.40,8.95,8.38,8.88,37982.00
20090317,8.23,8.38,7.85,8.34,11276.00
20090316,8.01,8.29,7.92,8.25,50710.00
20090313,8.14,8.14,7.92,8.00,9672.00
20090312,7.48,7.94,7.48,7.88,15928.00
20090309,7.54,7.69,7.39,7.59,11921.00
20090306,7.46,7.58,7.39,7.50,3531.00
20090305,7.69,7.83,7.46,7.49,12555.00
20090304,7.52,7.62,7.43,7.56,7655.00
20090303,7.69,7.69,7.42,7.45,20089.00
20090302,7.77,8.23,7.57,7.80,23438.00
20090227,7.85,8.25,7.85,8.21,13862.00
20090226,8.00,8.15,7.23,8.10,135535.00
20090225,7.62,7.88,7.62,7.85,60543.00
20090224,7.46,7.65,7.43,7.59,3544.00
20090220,7.39,7.71,7.39,7.68,8350.00
20090219,7.64,7.75,7.57,7.63,23351.00
20090218,7.23,7.75,7.13,7.64,35409.00
20090217,7.00,7.32,7.00,7.29,11830.00
20090216,7.38,7.60,7.14,7.17,32493.00
20090213,7.25,7.54,7.25,7.33,8451.00
20090212,7.08,7.44,7.05,7.36,19547.00
20090211,7.02,7.17,7.00,7.02,7865.00
20090210,7.17,7.31,7.12,7.17,7520.00
20090209,7.14,7.14,6.88,7.07,14301.00
20090206,6.85,7.15,6.85,7.00,2771.00
20090205,7.06,7.08,6.86,7.00,5016.00
20090204,6.92,7.31,6.92,7.00,1954.00
20090203,7.23,7.27,6.85,7.11,6679.00
20090202,7.37,7.59,7.13,7.20,12620.00
20090130,7.21,7.42,7.15,7.29,6586.00
20090129,7.19,7.48,7.12,7.31,19629.00
20090128,6.85,7.18,6.85,7.11,6634.00
20090127,7.31,7.31,6.88,6.98,7823.00
20090123,7.00,7.31,6.88,7.08,106748.00
20090122,7.08,7.35,7.03,7.27,25972.00
20090121,6.92,7.05,6.85,6.98,28757.00
20090120,7.50,7.51,6.97,7.08,57158.00
20090119,6.92,7.72,6.92,7.67,79736.00
20090116,6.69,7.45,6.57,7.20,129835.00
20090115,6.54,6.92,6.54,6.74,8995.00
20090114,6.78,6.83,6.63,6.70,2742.00
20090113,6.94,6.94,6.58,6.64,14846.00
20090112,6.45,6.69,6.16,6.55,8693.00
20090109,6.46,6.63,5.97,6.55,5847.00
20090107,6.86,6.86,6.21,6.26,31823.00
20090106,6.63,6.77,6.53,6.70,13057.00
20090105,6.54,6.83,6.46,6.77,31716.00
20090102,6.34,6.48,6.05,6.42,26324.00
20090101,6.03,6.32,5.82,6.30,44195.00
20081231,5.97,6.13,5.93,6.02,18795.00
20081230,5.74,6.08,5.74,5.95,29450.00
20081229,5.42,5.83,5.42,5.68,14882.00
20081226,6.00,6.12,5.64,5.77,17219.00
20081224,6.31,6.31,6.02,6.07,33574.00
20081223,6.44,6.44,6.17,6.24,485866.00
20081222,6.30,6.52,6.20,6.34,14496.00
20081219,6.03,6.51,6.03,6.21,9512.00
20081218,5.94,6.42,5.94,6.32,21881.00
20081217,6.39,6.60,5.92,6.08,23677.00
20081216,6.15,6.83,6.00,6.39,31525.00
20081215,6.04,6.44,6.04,6.29,17620.00
20081212,4.92,6.38,4.92,6.05,105650.00
20081211,5.35,5.49,5.23,5.48,6322.00
20081210,5.20,5.40,5.00,5.21,198778.00
20081208,5.03,5.38,4.96,5.08,38955.00
20081205,4.82,4.91,4.76,4.84,518528.00
20081204,4.81,4.86,4.68,4.78,4912.00
20081203,4.65,4.74,4.62,4.68,12458.00
20081202,4.53,4.72,4.53,4.63,36322.00
20081201,4.99,4.99,4.58,4.72,18054.00
20081128,4.95,5.05,4.88,4.94,4910.00
20081126,4.85,5.11,4.73,5.03,17719.00
20081125,5.14,5.40,4.85,4.89,8686.00
20081124,5.17,5.28,4.98,5.11,11834.00
20081121,5.42,5.42,5.14,5.23,7663.00
20081120,5.48,5.55,5.15,5.32,22485.00
20081119,5.39,5.66,5.30,5.63,68137.00
20081118,5.54,5.62,5.32,5.45,13695.00
20081117,5.69,5.69,5.48,5.56,8973.00
20081114,5.85,6.14,5.66,5.69,83182.00
20081112,6.06,6.20,5.66,5.84,13955.00
20081111,6.54,6.54,6.09,6.21,95824.00
20081110,6.52,6.69,6.41,6.56,20735.00
20081107,6.31,6.45,6.26,6.33,10139.00
20081106,6.77,6.77,6.31,6.39,17730.00
20081105,7.32,7.46,6.78,6.84,59696.00
20081104,7.66,7.80,7.00,7.16,137757.00
20081103,8.22,8.46,7.62,7.67,41608.00
20081031,8.38,8.62,8.34,8.38,445627.00
20081029,8.28,8.62,7.69,8.19,7204.00
20081028,7.67,7.85,7.40,7.75,1329.00
20081027,6.93,7.35,6.92,7.23,1020271.00
20081024,7.86,8.17,7.00,7.11,55503.00
20081023,7.86,8.28,7.85,8.11,4056.00
20081022,8.46,8.62,8.08,8.32,6817.00
20081021,8.52,8.70,8.26,8.62,8870.00
20081020,8.40,8.53,7.97,8.20,14815.00
20081017,8.23,8.46,7.80,8.03,13444.00
20081016,7.69,8.45,7.69,8.26,15205.00
20081015,7.90,8.35,7.51,8.13,379724.00
20081014,8.00,9.05,7.98,8.32,12485.00
20081013,7.05,8.05,6.95,7.97,36964.00
20081010,7.54,8.08,6.69,7.08,450975.00
20081008,8.69,8.69,7.58,8.35,49898.00
20081007,8.94,9.07,8.62,8.93,5545.00
20081006,8.85,9.46,8.65,8.85,17477.00
20081003,9.17,9.20,8.82,8.91,3109.00
20081001,9.05,9.46,8.82,9.18,11381.00
20080930,8.51,9.38,8.16,9.21,230252.00
20080929,8.95,9.04,8.63,8.74,3639.00
20080926,9.23,9.23,9.02,9.08,3047.00
20080925,8.90,9.28,8.65,9.14,10851.00
20080924,9.23,9.40,8.62,9.01,8353.00
20080923,9.25,9.54,9.08,9.30,4043.00
20080922,8.97,9.69,8.97,9.31,5021.00
20080919,9.78,9.78,9.28,9.35,152241.00
20080918,8.97,9.62,8.58,9.51,81621.00
20080917,9.46,9.62,9.00,9.30,7886.00
20080916,8.92,9.60,8.92,9.57,19833.00
20080915,9.40,9.54,9.31,9.42,7058.00
20080912,9.36,9.86,9.36,9.75,14538.00
20080911,9.46,9.57,9.38,9.50,11741.00
20080910,9.08,9.58,9.03,9.54,116126.00
20080909,9.12,9.31,8.69,9.14,11102.00
20080908,9.38,9.46,9.15,9.22,10168.00
20080905,9.32,9.43,9.18,9.33,54324.00
20080904,9.23,9.45,9.08,9.35,100949.00
20080902,9.05,9.33,8.99,9.30,186923.00
20080901,8.85,9.08,8.83,9.00,39925.00
20080829,9.06,9.08,8.92,9.04,16923.00
20080828,8.95,9.08,8.72,8.93,50019.00
20080827,8.52,8.98,8.52,8.92,293868.00
20080826,8.31,8.54,8.05,8.43,8052.00
20080825,8.26,8.44,8.25,8.32,9949.00
20080822,7.90,8.38,7.90,8.21,11504.00
20080821,8.48,9.43,7.88,8.07,4158.00
20080820,8.55,8.55,8.32,8.38,9769.00
20080819,8.32,8.51,8.32,8.45,5117.00
20080818,8.62,8.62,8.16,8.50,11950.00
20080814,8.68,8.72,8.54,8.64,3942.00
20080813,8.34,8.80,8.32,8.75,5338.00
20080812,8.69,8.80,8.46,8.52,3484.00
20080811,8.62,8.88,8.54,8.76,9012.00
20080808,7.95,8.65,7.95,8.49,10488.00
20080807,8.65,8.74,7.54,8.61,14121.00
20080806,8.08,8.80,8.08,8.61,29697.00
20080805,7.98,8.15,7.72,8.14,213917.00
20080804,7.85,8.23,7.85,7.98,3973.00
20080801,8.04,8.18,7.77,7.99,10636.00
20080731,7.93,8.28,7.88,8.17,21820.00
20080730,7.89,8.03,7.77,7.99,4303.00
20080729,7.85,7.91,7.69,7.76,3745.00
20080728,7.68,8.05,7.68,7.97,2628.00
20080725,7.69,8.08,7.69,7.80,9409.00
20080724,7.54,8.26,7.54,8.05,7568.00
20080723,7.72,8.38,7.63,7.99,48501.00
20080722,7.66,7.74,7.46,7.61,8435.00
20080721,7.36,7.77,7.25,7.64,54941.00
20080718,6.92,7.32,6.92,7.15,4387.00
20080717,7.20,7.35,7.08,7.17,7750.00
20080716,7.40,7.65,6.84,6.96,283659.00
20080715,7.51,7.69,7.31,7.38,20560.00
20080714,7.40,7.77,7.38,7.71,128968.00
20080711,7.77,7.82,7.42,7.70,29973.00
20080710,6.80,7.97,6.69,7.60,94591.00
20080709,6.77,7.00,6.75,6.94,16700.00
20080708,6.43,6.74,6.43,6.65,9475.00
20080707,6.62,6.77,6.54,6.64,42462.00
20080704,6.21,6.69,6.21,6.46,31149.00
20080703,6.77,6.92,6.08,6.27,38077.00
20080702,6.79,7.04,6.72,6.97,191295.00
20080701,6.92,7.00,6.71,6.87,64996.00
20080630,6.98,7.04,6.89,6.93,53958.00
20080627,7.23,7.29,6.71,6.98,83467.00
20080626,7.64,7.65,7.23,7.53,20113.00
20080625,7.23,7.69,7.02,7.62,17377.00
20080624,7.66,7.81,7.23,7.37,20134.00
20080623,7.91,8.15,7.66,7.74,22533.00
20080620,7.92,7.98,7.55,7.87,38022.00
20080619,7.74,8.08,7.74,7.90,60567.00
20080618,7.82,8.08,7.69,7.96,40762.00
20080617,7.57,7.84,7.47,7.79,31890.00
20080616,7.97,7.97,7.52,7.62,21120.00
20080613,7.98,8.09,7.69,7.78,68185.00
20080612,7.92,8.08,7.85,7.97,23807.00
20080611,8.39,8.77,8.09,8.15,36686.00
20080610,8.37,8.62,8.37,8.47,25418.00
20080609,8.31,8.57,8.05,8.47,60938.00
20080606,8.69,8.85,8.34,8.75,37667.00
20080605,8.46,8.89,8.15,8.68,78767.00
20080604,9.05,9.22,8.43,8.50,111038.00
20080603,8.54,9.05,8.46,8.92,86649.00
20080602,9.02,9.51,8.77,8.97,147730.00
20080530,9.37,9.37,8.35,8.84,273996.00
20080529,9.38,9.53,9.09,9.22,297934.00
20080528,9.23,9.52,9.08,9.33,715399.00
20080527,9.38,9.88,8.90,9.11,1224049.00
20080526,14.54,14.54,8.55,9.30,2303843.00
