20160408,78.08,78.03,77.81,78.62,5327418.0000
20160407,77.71,77.58,77.19,77.98,7540836.0000
20160406,77.08,78.21,77.0,78.28,6209780.0000
20160405,77.14,76.97,76.58,77.47,6011003.0000
20160404,77.97,77.83,77.53,78.31,6901909.0000
20160401,76.25,77.59,75.8,78.25,10183140.0000
20160331,76.62,76.48,75.95,76.92,7488915.0000
20160330,75.9,76.78,75.84,77.0,9691267.0000
20160329,74.02,75.38,73.92,75.59,10357430.0000
20160328,74.14,74.08,73.72,74.27,7282888.0000
20160324,73.65,74.14,73.41,74.16,6073665.0000
20160323,72.95,73.91,72.77,74.17,7286474.0000
20160322,73.24,72.96,72.93,73.65,6794404.0000
20160321,73.58,73.77,73.15,73.94,7396217.0000
20160318,73.5,73.78,73.13,74.1,15021310.0000
20160317,72.28,73.14,72.17,73.67,7404341.0000
20160316,71.68,72.37,71.51,72.83,7561454.0000
20160315,71.18,71.91,70.66,71.91,6441920.0000
20160314,71.6,71.49,70.95,71.72,7907894.0000
20160311,71.15,71.63,70.68,72.01,9455351.0000
20160310,71.14,70.22,69.58,71.4,10134850.0000
20160309,71.0,70.68,69.9,71.08,9291423.0000
20160308,71.5,70.62,70.51,71.52,12393190.0000
20160307,73.39,71.94,71.35,73.45,16666840.0000
20160304,74.22,73.9,73.61,74.25,9475258.0000
20160303,74.48,73.91,73.36,74.5,6587766.0000
20160302,74.5,74.3,73.66,74.6,5739044.0000
20160301,72.99,74.64,72.9,74.64,8705197.0000
20160229,72.86,72.39,72.39,73.9,7785959.0000
20160226,73.74,72.73,72.69,73.91,6713373.0000
20160225,71.96,73.27,71.94,73.34,6840348.0000
20160224,71.25,71.85,70.38,72.19,7728329.0000
20160223,72.95,72.15,71.99,73.12,6177029.0000
20160222,72.3,73.06,72.1,73.19,7481381.0000
20160219,71.03,71.53,70.3,71.72,7750428.0000
20160218,71.89,71.24,71.02,72.25,6937894.0000
20160217,71.73,72.03,71.3,72.12,8465710.0000
20160216,71.41,71.1,70.4,71.75,8777454.0000
20160212,69.44,70.42,69.12,70.47,8708848.0000
20160211,67.79,68.47,67.43,69.07,13961340.0000
20160210,69.14,70.15,69.07,71.03,11368110.0000
20160209,66.39,68.33,66.12,69.48,14881970.0000
20160208,69.95,67.77,66.3,70.04,30524030.0000
20160205,73.56,71.54,70.55,73.61,12920260.0000
20160204,74.1,73.68,72.76,74.63,14735600.0000
20160203,73.76,74.38,72.43,74.63,9941328.0000
20160202,73.5,73.4,73.13,74.21,9572079.0000
20160201,74.08,74.38,73.25,74.78,12502700.0000
20160129,70.43,74.49,68.76,74.5,40423210.0000
20160128,71.42,69.33,69.33,71.85,15233750.0000
20160127,71.98,70.91,70.58,72.48,9013863.0000
20160126,72.18,71.88,71.55,72.27,7499155.0000
20160125,72.76,71.74,71.58,72.91,9126106.0000
20160122,72.67,72.7,72.13,73.18,8647723.0000
20160121,70.72,71.56,70.1,72.33,11929850.0000
20160120,69.96,70.68,69.04,71.41,16584530.0000
20160119,72.94,71.39,70.66,73.02,16008640.0000
20160115,71.94,71.83,70.66,72.95,18221180.0000
20160114,73.15,73.8,72.66,74.52,10410780.0000
20160113,75.27,73.1,72.99,75.39,12634780.0000
20160112,74.52,74.76,74.02,75.0,10236580.0000
20160111,73.11,73.92,72.66,74.08,13036020.0000
20160108,74.06,72.88,72.75,74.51,9953693.0000
20160107,73.76,73.79,73.35,75.09,12458230.0000
20160106,75.0,75.27,74.85,75.85,16091620.0000
20160105,76.25,76.27,75.54,76.51,8972650.0000
20160104,76.06,75.7,75.01,76.38,13474260.0000
20151231,78.24,77.55,77.55,78.8,6537074.0000
20151230,79.07,78.35,78.26,79.19,4230441.0000
20151229,79.0,79.21,78.9,79.39,4627012.0000
20151228,78.04,78.53,77.82,78.65,3675481.0000
20151224,78.35,78.26,78.18,78.71,2188783.0000
20151223,78.08,78.56,77.56,78.66,6335243.0000
20151222,77.43,77.38,76.66,77.49,5698855.0000
20151221,76.9,77.17,76.4,77.36,8426448.0000
20151218,78.04,76.32,76.28,78.19,16223330.0000
20151217,79.98,78.69,78.63,80.28,7543167.0000
20151216,79.45,79.86,78.15,79.98,10486900.0000
20151215,78.37,78.62,78.21,79.45,11351800.0000
20151214,76.2,76.87,75.58,77.33,10355780.0000
20151211,77.14,76.11,75.52,77.14,14901750.0000
20151210,77.91,78.12,77.63,79.11,8711384.0000
20151209,78.83,77.88,77.4,79.75,15355220.0000
20151208,78.98,79.07,78.36,79.67,11343970.0000
20151207,80.13,79.55,79.07,80.49,15262350.0000
20151204,78.58,80.4,78.45,80.4,9943311.0000
20151203,79.36,78.29,78.08,79.77,8689100.0000
20151202,79.83,79.04,78.97,80.15,7274928.0000
20151201,79.53,79.91,78.77,79.93,6701870.0000
20151130,80.06,79.01,78.96,80.13,8835422.0000
20151127,79.64,79.84,79.61,80.15,3139602.0000
20151125,79.78,79.56,79.56,80.09,4268099.0000
20151124,79.23,79.79,79.21,80.2,6038482.0000
20151123,80.59,80.11,79.56,80.78,5904465.0000
20151120,80.59,80.19,79.98,81.0,6759899.0000
20151119,80.6,80.15,79.85,81.01,6082066.0000
20151118,78.96,80.46,78.74,80.5,7195057.0000
20151117,78.94,78.83,78.47,79.28,6941798.0000
20151116,77.79,78.9,77.58,78.91,7762874.0000
20151113,78.02,78.11,77.77,78.97,9902677.0000
20151112,78.86,78.31,78.14,79.15,8926234.0000
20151111,79.85,79.18,79.17,80.25,8013917.0000
20151110,77.65,79.48,77.61,79.53,8438473.0000
20151109,78.4,78.04,77.29,78.4,10153550.0000
20151106,79.57,78.75,78.32,79.57,8221146.0000
20151105,78.42,79.26,78.42,79.71,9381622.0000
20151104,78.37,78.35,77.9,78.83,8639327.0000
20151103,75.13,77.9,74.81,78.58,18893150.0000
20151102,75.19,75.22,74.53,76.21,29959430.0000
20151030,78.72,77.58,77.56,78.81,11173630.0000
20151029,78.59,78.51,77.93,78.71,7628488.0000
20151028,77.82,78.87,77.44,78.89,10787960.0000
20151027,78.03,77.52,77.06,78.18,9525117.0000
20151026,78.08,78.18,77.09,78.31,8018407.0000
20151023,77.46,77.07,74.95,77.63,11970840.0000
20151022,75.89,76.42,75.64,76.85,9002953.0000
20151021,76.94,75.46,75.31,76.94,7317018.0000
20151020,76.64,76.28,75.93,76.89,8119322.0000
20151019,75.93,76.99,75.93,77.33,9923738.0000
20151016,75.33,76.0,74.79,76.54,9088717.0000
20151015,74.96,75.34,74.58,75.41,6807109.0000
20151014,74.84,74.2,73.72,75.26,7531097.0000
20151013,74.46,75.0,74.15,75.25,7439135.0000
20151012,73.74,74.99,73.67,75.43,5574962.0000
20151009,74.04,73.98,73.4,74.09,5945845.0000
20151008,73.0,73.9,72.83,73.93,5712437.0000
20151007,72.68,73.22,72.45,73.23,6261583.0000
20151006,72.22,72.08,71.83,72.54,5782395.0000
20151005,71.06,72.23,70.92,72.34,7277580.0000
20151002,68.8,70.67,68.36,70.73,7384062.0000
20151001,70.09,69.99,68.98,70.77,8678888.0000
20150930,69.32,69.66,68.26,69.66,9307053.0000
20150929,67.52,68.53,67.2,68.7,11276820.0000
20150928,70.19,67.2,67.03,70.28,15249580.0000
20150925,71.19,70.69,70.21,71.46,7749210.0000
20150924,70.35,70.24,69.64,70.63,8400251.0000
20150923,70.16,70.95,69.9,71.15,10649310.0000
20150922,70.0,70.25,69.31,70.39,11394030.0000
20150921,70.62,70.78,70.22,71.32,7137114.0000
20150918,69.82,69.79,69.71,70.81,14466230.0000
20150917,71.3,70.96,70.5,72.32,7569079.0000
20150916,70.45,70.99,70.05,71.11,8202289.0000
20150915,70.48,70.51,69.51,70.75,6962160.0000
20150914,70.72,70.01,69.61,70.8,7052677.0000
20150911,69.86,70.76,69.46,70.81,6451846.0000
20150910,69.5,70.23,69.46,70.65,7233959.0000
20150909,70.75,69.6,69.43,71.38,9008212.0000
20150908,70.75,70.53,69.55,71.01,7977709.0000
20150904,69.29,69.16,68.64,69.91,9450778.0000
20150903,70.45,70.4,69.99,71.08,9012708.0000
20150902,69.94,69.62,68.7,69.95,9198356.0000
20150901,69.41,68.96,68.5,70.39,11291330.0000
20150831,71.91,71.3,70.82,72.08,8298948.0000
20150828,72.1,72.46,71.6,72.67,6405030.0000
20150827,71.94,72.4,70.8,72.49,9086567.0000
20150826,69.37,70.69,67.9,70.99,12186520.0000
20150825,71.69,66.97,66.6,71.8,14408080.0000
20150824,64.16,68.36,60.0,71.06,20949580.0000
20150821,72.5,71.19,70.96,73.62,15440870.0000
20150820,73.56,73.95,72.81,74.53,12071000.0000
20150819,74.2,74.4,73.67,74.96,5884355.0000
20150818,74.26,74.47,74.01,74.73,6324591.0000
20150817,74.0,74.41,73.5,74.44,3418264.0000
20150814,73.85,74.22,73.45,74.4,3861178.0000
20150813,73.43,73.93,73.38,74.43,5979289.0000
20150812,72.87,73.54,72.39,73.83,7651620.0000
20150811,73.81,73.36,73.22,74.27,6467005.0000
20150810,74.89,74.38,73.85,75.18,6181796.0000
20150807,73.68,74.21,73.32,74.31,6484199.0000
20150806,75.3,73.58,73.55,75.42,7757948.0000
20150805,76.05,74.98,74.92,76.17,6975211.0000
20150804,75.53,75.27,75.03,76.08,6933642.0000
20150803,75.59,75.77,75.01,76.04,5790812.0000
20150731,76.45,75.34,75.32,76.51,8482518.0000
20150730,75.89,76.38,75.24,76.76,6497567.0000
20150729,74.95,76.01,74.67,76.43,13695340.0000
20150728,74.3,74.74,73.85,75.18,10053620.0000
20150727,74.28,73.86,73.58,74.71,10252850.0000
20150724,76.78,74.8,74.4,76.92,21085020.0000
20150723,72.2,71.75,71.2,72.25,10505060.0000
20150722,71.94,71.97,71.62,72.15,6276169.0000
20150721,72.84,72.02,71.76,72.88,10880210.0000
20150720,71.29,72.7,71.23,73.0,10194700.0000
20150717,70.4,70.88,70.28,70.96,6262311.0000
20150716,70.43,70.57,69.97,70.59,6493822.0000
20150715,70.13,70.02,69.69,70.28,4504873.0000
20150714,69.97,70.1,69.47,70.3,5603665.0000
20150713,69.05,69.52,68.83,69.6,6823015.0000
20150710,67.98,68.42,67.91,68.54,5109861.0000
20150709,67.65,67.05,67.02,67.94,4837047.0000
20150708,67.01,66.73,66.65,67.32,5971957.0000
20150707,68.11,67.77,66.53,68.2,6486577.0000
20150706,67.55,68.12,67.36,68.12,5241445.0000
20150702,68.15,68.24,67.62,68.32,5047820.0000
20150701,67.94,67.85,67.53,68.3,6260575.0000
20150630,67.34,67.15,66.76,67.48,6808594.0000
20150629,67.99,66.72,66.69,68.49,9684177.0000
20150626,68.7,68.75,68.41,69.21,7017983.0000
20150625,69.38,68.62,68.51,69.38,4682393.0000
20150624,69.11,68.86,68.76,69.4,4670345.0000
20150623,69.1,69.42,69.09,69.59,3880210.0000
20150622,69.32,69.09,68.9,69.44,5499283.0000
20150619,69.27,68.69,68.48,69.33,8604856.0000
20150618,68.9,69.5,68.88,69.84,7580063.0000
20150617,69.11,68.75,68.51,69.41,7818268.0000
20150616,68.45,69.01,68.29,69.17,5935780.0000
20150615,68.72,68.57,68.17,68.99,5989656.0000
20150612,69.43,69.33,69.02,69.74,4900541.0000
20150611,69.7,69.64,69.42,70.02,5232206.0000
20150610,68.22,69.63,68.11,69.67,6800900.0000
20150609,67.67,67.95,67.53,68.09,4439048.0000
20150608,68.19,67.68,67.62,68.29,4863019.0000
20150605,68.29,68.37,68.0,68.7,4412851.0000
20150604,68.63,68.21,68.03,69.15,6459498.0000
20150603,69.26,68.95,68.89,69.5,4906337.0000
20150602,68.73,69.04,68.01,69.46,4457718.0000
20150601,69.13,69.11,68.43,69.45,6306879.0000
20150529,69.33,68.68,68.52,69.6,6666046.0000
20150528,69.48,69.56,68.8,69.78,3893955.0000
20150527,68.85,69.49,68.5,69.74,7063624.0000
20150526,69.31,68.54,68.31,69.5,6221584.0000
20150522,69.3,69.62,69.3,69.85,4511099.0000
20150521,69.55,69.37,69.28,69.87,6480103.0000
20150520,70.25,69.78,69.48,70.32,4869226.0000
20150519,70.14,70.16,70.0,70.56,4350905.0000
20150518,69.74,70.0,69.13,70.24,5554233.0000
20150515,70.1,69.57,69.31,70.69,7113672.0000
20150514,68.96,70.0,68.85,70.03,6485435.0000
20150513,68.75,68.65,68.19,68.88,5130089.0000
20150512,68.55,68.69,67.97,69.0,7438038.0000
20150511,69.3,69.02,68.79,69.7,10996460.0000
20150508,67.14,69.47,67.01,70.16,18355700.0000
20150507,65.58,66.58,65.54,66.78,6658960.0000
20150506,66.15,65.67,65.23,66.65,7080760.0000
20150505,65.77,65.96,65.6,66.39,8098288.0000
20150504,66.05,65.58,65.47,66.14,7426037.0000
20150501,65.22,65.77,65.15,66.66,10140200.0000
20150430,67.18,66.05,65.42,67.5,11735780.0000
20150429,66.86,67.34,66.78,68.46,9793475.0000
20150428,67.31,66.77,66.41,67.5,6293606.0000
20150427,68.39,67.1,66.93,68.61,7119795.0000
20150424,68.13,67.48,67.31,68.18,6219805.0000
20150423,68.2,67.72,67.52,68.22,7190525.0000
20150422,65.82,68.01,65.79,69.98,20904400.0000
20150421,65.03,65.35,64.99,65.83,9619719.0000
20150420,65.0,64.72,64.58,65.21,5947165.0000
20150417,65.1,64.52,64.35,65.5,11207280.0000
20150416,65.53,65.65,65.35,66.01,4120607.0000
20150415,65.6,65.68,65.3,65.91,5335147.0000
20150414,65.52,65.53,64.88,65.94,5612853.0000
20150413,66.22,65.61,65.51,66.8,5057470.0000
20150410,66.69,66.34,65.93,66.69,4628505.0000
20150409,66.57,66.44,65.76,66.82,5407327.0000
20150408,65.89,66.5,65.8,66.84,6602761.0000
20150407,65.38,65.8,65.31,66.19,6658119.0000
20150406,64.73,65.2,64.41,65.64,8348874.0000
20150402,64.99,65.29,64.81,65.62,5082635.0000
20150401,65.45,65.18,64.45,65.52,7628297.0000
20150331,65.47,65.41,65.39,66.21,7397082.0000
20150330,66.02,65.66,65.5,66.32,11235700.0000
20150327,65.52,65.54,65.15,65.81,6519381.0000
20150326,65.25,65.59,65.02,66.3,9484495.0000
20150325,67.1,65.73,65.73,67.43,13046780.0000
20150324,67.1,67.1,66.84,67.69,6515936.0000
20150323,68.03,67.08,67.07,68.21,8121926.0000
20150320,67.25,67.41,66.78,67.7,15362830.0000
20150319,66.83,66.81,65.75,67.19,15313060.0000
20150318,66.02,66.92,64.75,67.0,49105480.0000
20150317,67.02,66.13,66.04,67.09,14282524.0000
20150316,66.72,67.26,66.66,67.51,9846700.0000
20150313,67.21,66.26,66.13,67.21,12581752.0000
20150312,66.6,67.4,66.58,67.5,9518092.0000
20150311,66.41,66.19,65.76,66.85,12098864.0000
20150310,67.41,66.3,66.3,67.47,11111184.0000
20150309,67.63,67.86,67.27,68.05,8902332.0000
20150306,68.35,67.33,67.31,68.62,11587724.0000
20150305,68.75,68.53,68.44,68.79,6743324.0000
20150304,68.79,68.44,68.06,68.79,7995208.0000
20150303,69.66,68.83,68.38,69.66,8801256.0000
20150302,69.18,69.57,68.61,69.57,11642816.0000
20150227,68.37,67.83,67.83,68.55,7956320.0000
20150226,68.3,68.44,68.01,68.63,13457108.0000
20150225,67.82,68.25,67.82,68.56,6842576.0000
20150224,68.45,68.12,67.79,68.45,9046972.0000
20150223,68.24,68.25,67.56,68.33,6653068.0000
20150220,67.26,68.25,66.77,68.25,9010164.0000
20150219,67.52,67.28,67.0,67.52,5654404.0000
20150218,67.72,67.28,67.04,67.75,6418824.0000
20150217,67.87,67.72,67.47,68.0,6811388.0000
20150213,68.19,67.41,67.19,68.19,8476876.0000
20150212,66.91,67.73,66.77,67.73,11634212.0000
20150211,66.25,66.5,66.06,66.58,8793896.0000
20150210,66.69,66.14,65.91,66.97,9388808.0000
20150209,66.85,66.36,66.32,67.08,7370672.0000
20150206,67.94,66.86,66.51,68.11,11239312.0000
20150205,66.81,67.95,66.47,67.95,16560936.0000
20150204,64.9,66.22,64.78,66.68,22164872.0000
20150203,64.18,64.95,63.69,65.11,15064796.0000
20150202,64.08,63.84,62.43,64.08,13666564.0000
20150130,65.1,63.73,63.73,65.9,22136108.0000
20150129,61.88,62.0,61.29,62.2,15572964.0000
20150128,63.13,61.59,61.58,63.25,11423664.0000
20150127,63.45,62.75,62.15,63.45,11025676.0000
20150126,64.24,64.13,63.45,64.32,8552380.0000
20150123,64.63,64.57,64.55,65.16,6158124.0000
20150122,63.86,64.4,63.34,64.75,11551252.0000
20150121,64.04,64.32,63.63,64.91,9783844.0000
20150120,64.06,64.21,63.57,64.92,14933464.0000
20150116,62.98,63.74,62.88,63.78,11134780.0000
20150115,64.18,63.28,63.09,64.37,10579592.0000
20150114,64.16,63.89,63.53,64.65,12222424.0000
20150113,65.51,65.19,64.78,66.45,10281472.0000
20150112,65.26,65.01,64.79,65.5,6423856.0000
20150109,65.9,65.13,64.94,66.12,10509132.0000
20150108,65.8,66.11,65.66,66.28,10443356.0000
20150107,64.61,65.24,64.36,65.29,9334236.0000
20150106,64.95,64.38,63.71,65.19,11070092.0000
20150105,65.87,64.79,64.72,65.88,12750712.0000
20150102,65.85,66.26,65.62,66.69,8392380.0000
20141231,66.37,65.55,65.55,66.81,6014936.0000
20141230,66.28,66.14,65.77,66.35,4781380.0000
20141229,66.62,66.36,66.26,66.93,5262004.0000
20141226,66.91,66.66,66.66,67.33,4767156.0000
20141224,66.37,66.91,66.35,67.21,5237588.0000
20141223,66.25,66.32,66.02,66.61,5537892.0000
20141222,65.61,66.05,65.51,66.08,5700456.0000
20141219,65.84,65.42,65.35,66.15,15561236.0000
20141218,65.46,66.04,65.29,66.11,10294884.0000
20141217,63.53,64.77,63.43,64.89,9715680.0000
20141216,63.23,63.35,63.09,64.61,12041904.0000
20141215,64.54,64.18,63.27,64.71,12830244.0000
20141212,65.13,64.19,64.19,66.11,15327668.0000
20141211,65.74,65.78,65.63,66.4,13383756.0000
20141210,65.94,65.43,65.25,66.21,8550452.0000
20141209,64.88,66.04,64.88,66.18,10426788.0000
20141208,65.88,65.78,65.63,66.41,12342100.0000
20141205,65.41,65.84,65.25,65.87,7837856.0000
20141204,65.52,65.29,65.01,65.56,7362344.0000
20141203,64.91,65.4,64.67,65.47,9382216.0000
20141202,64.79,65.0,64.56,65.06,8535216.0000
20141201,64.07,64.54,64.07,65.16,10925548.0000
20141128,64.65,64.55,64.47,64.88,5186708.0000
20141126,64.37,64.32,63.9,64.74,7977088.0000
20141125,63.84,64.32,63.71,64.5,12957704.0000
20141124,63.75,63.66,63.4,63.81,9106948.0000
20141121,63.79,63.56,63.21,64.14,11877716.0000
20141120,61.88,62.92,61.88,62.97,6699500.0000
20141119,62.56,62.47,61.8,62.71,6641308.0000
20141118,62.45,62.43,62.27,62.93,7647308.0000
20141117,62.15,62.45,62.04,62.86,9870832.0000
20141114,62.79,62.21,62.18,62.79,8522368.0000
20141113,63.1,62.73,62.4,63.1,12473228.0000
20141112,62.21,62.99,62.09,63.04,10889908.0000
20141111,62.3,62.43,62.04,62.47,8467776.0000
20141110,63.0,62.55,62.13,63.1,13138132.0000
20141107,62.53,63.11,62.26,63.11,9499232.0000
20141106,62.38,62.52,61.89,62.73,13211948.0000
20141105,61.04,62.38,61.0,63.09,21922664.0000
20141104,59.91,60.74,59.78,60.75,16644452.0000
20141103,60.25,60.39,59.75,60.8,12715940.0000
20141031,59.32,60.36,59.32,60.63,24955852.0000
20141030,57.13,59.16,57.01,59.82,50845960.0000
20141029,54.08,53.67,53.44,54.6,15931068.0000
20141028,53.65,54.18,53.52,54.22,10497400.0000
20141027,53.27,53.35,53.05,53.68,6658908.0000
20141024,53.41,53.37,52.97,53.54,10895820.0000
20141023,53.47,53.57,53.17,53.98,9729692.0000
20141022,53.32,52.73,52.69,53.49,11042112.0000
20141021,52.45,53.33,51.98,53.35,12825680.0000
20141020,51.38,51.96,51.29,52.05,7628164.0000
20141017,51.21,51.5,50.89,51.64,12731284.0000
20141016,49.27,50.75,48.8,50.8,15607992.0000
20141015,50.22,50.06,49.24,50.49,19667976.0000
20141014,51.1,50.68,50.61,51.48,14003548.0000
20141013,51.13,51.07,50.93,51.94,12186820.0000
20141010,51.97,51.25,51.25,52.39,11744356.0000
20141009,53.05,51.93,51.9,53.05,10996620.0000
20141008,52.01,53.09,51.93,53.14,14038920.0000
20141007,52.7,52.01,51.96,52.77,8948768.0000
20141006,53.15,52.95,52.92,53.29,8937096.0000
20141003,52.76,53.0,52.55,53.08,9960824.0000
20141002,52.25,52.43,51.95,52.5,11411536.0000
20141001,53.21,52.5,52.44,53.45,11686120.0000
20140930,52.79,53.34,52.76,53.51,11455944.0000
20140929,52.55,52.73,52.28,52.87,8788964.0000
20140926,52.86,52.99,52.64,53.05,7178900.0000
20140925,53.51,52.68,52.61,53.57,11729776.0000
20140924,53.2,53.6,53.06,53.75,8335932.0000
20140923,53.48,53.12,53.12,53.48,7958464.0000
20140922,54.25,53.47,53.44,54.25,9073892.0000
20140919,54.42,54.06,53.87,54.54,20474972.0000
20140918,53.98,54.11,53.79,54.17,9208208.0000
20140917,54.25,53.88,53.43,54.37,12321116.0000
20140916,53.73,54.33,53.41,54.45,9211728.0000
20140915,53.46,53.66,53.46,53.9,7036932.0000
20140912,53.72,53.51,53.19,53.94,8710772.0000
20140911,54.18,53.74,53.61,54.19,8861308.0000
20140910,53.52,54.22,53.51,54.66,12646876.0000
20140909,53.82,53.57,53.5,53.87,7328620.0000
20140908,53.5,53.94,53.38,54.06,10266368.0000
20140905,53.59,53.55,53.28,53.59,8202964.0000
20140904,53.86,53.57,53.5,54.03,9492552.0000
20140903,53.77,53.73,53.58,54.04,7788488.0000
20140902,53.35,53.68,53.18,53.74,8066452.0000
20140829,53.64,53.13,53.03,53.75,14645828.0000
20140828,53.75,53.65,53.44,53.94,10988140.0000
20140827,54.28,54.28,53.82,54.38,7960744.0000
20140826,54.12,54.18,54.05,54.5,6898112.0000
20140825,54.3,54.01,53.96,54.33,4962556.0000
20140822,54.05,54.02,53.83,54.24,7145640.0000
20140821,54.13,53.94,53.93,54.24,5543936.0000
20140820,53.65,54.05,53.61,54.11,7296988.0000
20140819,53.69,53.75,53.53,53.92,8212380.0000
20140818,52.87,53.58,52.82,53.61,8352168.0000
20140815,53.22,52.55,52.48,53.33,8999448.0000
20140814,53.02,53.13,52.83,53.15,7128924.0000
20140813,52.74,52.86,52.62,53.03,6451148.0000
20140812,52.52,52.58,52.36,52.8,6436080.0000
20140811,52.76,52.65,52.51,52.8,9018304.0000
20140808,52.22,52.62,52.05,52.64,9256792.0000
20140807,52.8,52.26,52.15,52.86,9566004.0000
20140806,52.5,52.67,52.45,52.85,7528368.0000
20140805,52.88,52.64,52.29,53.1,11129764.0000
20140804,53.21,53.04,52.88,53.29,8064460.0000
20140801,52.47,52.95,52.45,53.27,14085228.0000
20140731,53.32,52.75,52.75,53.34,13858224.0000
20140730,53.37,53.52,53.36,53.7,10422652.0000
20140729,53.6,53.38,53.33,53.93,10577324.0000
20140728,53.61,53.56,53.28,53.74,10390608.0000
20140725,53.53,53.69,52.84,54.18,27482160.0000
20140724,55.85,55.69,55.46,55.96,10999288.0000
20140723,55.37,55.3,55.17,55.64,8185316.0000
20140722,55.23,55.32,55.15,55.65,7682552.0000
20140721,54.88,54.81,54.63,55.03,6168360.0000
20140718,54.8,55.05,54.73,55.47,11068196.0000
20140717,55.49,54.47,54.46,55.5,9803040.0000
20140716,55.74,55.67,55.27,55.79,8853048.0000
20140715,55.42,55.45,55.23,56.19,10900616.0000
20140714,54.69,55.26,54.41,55.59,13716280.0000
20140711,53.99,54.25,53.59,54.26,5696976.0000
20140710,53.45,53.89,53.17,54.22,8535704.0000
20140709,53.88,54.04,53.63,54.07,5177372.0000
20140708,54.19,53.82,53.29,54.22,12149376.0000
20140707,54.11,54.19,53.91,54.39,6612524.0000
20140703,53.83,54.13,53.78,54.25,5571640.0000
20140702,53.72,53.71,53.56,53.87,5768976.0000
20140701,52.99,53.56,52.96,53.84,10993672.0000
20140630,52.17,52.68,52.13,52.94,9961676.0000
20140627,52.03,52.32,51.96,52.48,12948260.0000
20140626,52.46,52.24,51.89,52.47,8580592.0000
20140625,51.83,52.27,51.83,52.62,8244800.0000
20140624,52.32,51.95,51.85,52.65,13089628.0000
20140623,52.25,52.37,52.05,52.45,14765060.0000
20140620,52.88,52.37,52.28,53.03,18358912.0000
20140619,52.87,52.58,52.01,53.04,15331316.0000
20140618,52.61,52.81,52.26,52.81,10325992.0000
20140617,52.54,52.7,52.48,52.98,5722240.0000
20140616,52.72,52.56,52.49,52.75,7899040.0000
20140613,52.97,52.82,52.71,53.02,7085204.0000
20140612,53.1,52.94,52.81,53.29,6217824.0000
20140611,53.25,53.17,53.03,53.48,6757840.0000
20140610,53.25,53.56,53.19,53.7,6823660.0000
20140609,53.37,53.15,52.91,53.5,5516320.0000
20140606,53.13,53.25,52.9,53.35,10002516.0000
20140605,53.03,53.06,52.66,53.13,6597612.0000
20140604,52.79,52.86,52.36,52.86,12589700.0000
20140603,53.26,52.83,52.7,53.31,8993492.0000
20140602,53.84,53.38,53.21,53.92,6363916.0000
20140530,53.97,53.71,53.33,53.99,6136388.0000
20140529,53.5,53.67,53.38,53.67,5260332.0000
20140528,53.63,53.45,53.25,53.63,7222880.0000
20140527,53.25,53.63,53.21,53.63,9676732.0000
20140523,52.5,53.02,52.43,53.07,11117448.0000
20140522,52.53,52.34,52.17,52.57,16862676.0000
20140521,52.21,52.53,52.15,52.67,9070052.0000
20140520,52.58,51.98,51.85,52.58,8740072.0000
20140519,52.35,52.59,52.21,52.75,7039488.0000
20140516,51.9,52.45,51.9,52.52,12279408.0000
20140515,52.25,51.86,51.61,52.42,12685392.0000
20140514,52.8,52.47,52.47,52.97,6837860.0000
20140513,53.0,53.02,52.85,53.17,7127852.0000
20140512,52.77,52.93,52.76,53.12,8732716.0000
20140509,52.55,52.7,52.04,52.72,11792760.0000
20140508,52.23,52.73,52.15,53.03,14598344.0000
20140507,51.75,52.18,51.11,52.25,14707604.0000
20140506,51.68,51.34,51.3,51.76,10873108.0000
20140505,50.94,51.78,50.75,51.97,13785872.0000
20140502,51.44,51.11,51.0,51.78,10908888.0000
20140501,51.03,51.52,50.84,51.83,14230196.0000
20140430,50.57,50.65,50.48,50.91,12142352.0000
20140429,50.47,50.67,50.45,51.01,12759900.0000
20140428,49.88,50.36,49.75,50.48,24243208.0000
20140425,50.0,49.73,49.64,50.95,38239216.0000
20140424,52.45,52.35,51.9,52.63,13459912.0000
20140423,52.58,52.21,52.0,52.58,8816472.0000
20140422,52.34,52.49,52.13,52.65,9840068.0000
20140421,52.25,52.28,52.1,52.38,10012300.0000
20140417,52.59,51.99,51.99,52.89,13364104.0000
20140416,51.75,52.34,51.37,52.39,15821308.0000
20140415,50.96,51.01,49.79,51.24,19188756.0000
20140414,49.95,50.25,49.5,50.49,20921644.0000
20140411,49.81,49.16,48.71,50.0,29939732.0000
20140410,52.07,50.39,50.04,52.27,20403728.0000
20140409,51.15,51.89,50.66,51.95,19142908.0000
20140408,50.71,50.65,50.5,51.48,21745528.0000
20140407,51.7,50.85,50.26,51.86,40123880.0000
20140404,53.89,51.93,51.44,53.93,24449280.0000
20140403,53.95,53.75,53.35,54.07,14210452.0000
20140402,53.7,53.67,53.34,54.13,9341976.0000
20140401,54.27,53.68,53.64,54.54,9090380.0000
20140331,53.2,53.97,52.92,53.97,11616964.0000
20140328,53.62,53.02,52.63,54.09,14934716.0000
20140327,53.72,53.94,53.26,54.04,10489408.0000
20140326,54.99,53.92,53.92,55.05,10657048.0000
20140325,55.55,54.6,54.6,55.76,11675368.0000
20140324,56.35,55.19,54.78,56.56,18228492.0000
20140321,55.74,55.84,54.93,58.17,38092564.0000
20140320,56.03,55.46,55.23,56.03,11889888.0000
20140319,56.65,55.96,55.5,56.77,7873216.0000
20140318,56.15,56.6,55.81,56.69,8296316.0000
20140317,55.5,55.95,55.35,55.97,8800060.0000
20140314,55.16,55.19,54.64,55.48,13692104.0000
20140313,56.67,55.2,55.11,56.87,11982404.0000
20140312,56.53,56.53,56.32,56.92,9394684.0000
20140311,56.49,56.8,56.16,57.1,11062724.0000
20140310,56.38,56.38,56.18,56.59,7350328.0000
20140307,56.24,56.39,55.89,56.43,8971080.0000
20140306,55.94,55.97,55.83,56.52,9119860.0000
20140305,56.41,55.7,55.58,56.45,11328504.0000
20140304,56.29,56.38,55.65,56.49,14884900.0000
20140303,55.81,55.36,54.9,56.01,16422960.0000
20140228,56.62,56.49,55.18,57.0,14004088.0000
20140227,56.55,56.57,56.4,56.95,8097456.0000
20140226,56.81,56.53,56.32,56.98,10413564.0000
20140225,56.55,56.78,56.37,57.11,11339588.0000
20140224,55.93,56.55,55.87,56.86,10872544.0000
20140221,55.93,55.84,55.75,56.17,9136108.0000
20140220,56.04,55.87,55.65,56.24,8810184.0000
20140219,56.47,55.97,55.92,56.95,9321980.0000
20140218,56.62,56.52,56.41,57.12,13427040.0000
20140214,56.07,56.5,55.88,56.56,12738484.0000
20140213,55.71,56.01,55.62,56.19,13158960.0000
20140212,55.86,56.04,55.72,56.23,14650720.0000
20140211,55.28,55.58,55.01,55.72,9809460.0000
20140210,55.47,55.14,55.0,55.53,10316720.0000
20140207,55.05,55.45,54.62,55.5,12578896.0000
20140206,54.02,54.75,53.95,54.75,12721504.0000
20140205,53.31,53.9,53.28,54.19,13520708.0000
20140204,53.54,53.64,52.85,53.97,14913684.0000
20140203,54.13,53.37,53.02,54.46,21662248.0000
20140131,54.03,53.86,53.78,54.73,24457224.0000
20140130,56.44,55.22,54.08,56.5,20040344.0000
20140129,54.78,54.28,54.13,55.19,16800184.0000
20140128,54.41,55.24,54.35,55.59,17852424.0000
20140127,55.52,54.06,53.78,55.52,19470656.0000
20140124,56.6,55.31,55.31,56.74,16073092.0000
20140123,57.92,57.06,56.92,58.08,13662556.0000
20140122,58.1,58.25,57.92,58.46,7254180.0000
20140121,58.6,57.98,57.71,58.88,19749556.0000
20140117,55.51,58.05,55.51,58.07,38344432.0000
20140116,55.8,55.44,55.32,55.94,13514176.0000
20140115,55.71,55.94,55.46,56.23,11288148.0000
20140114,54.69,55.66,54.58,55.66,10851472.0000
20140113,55.51,54.73,54.65,56.05,13554352.0000
20140110,55.46,55.28,55.0,55.69,6429560.0000
20140109,55.89,55.48,55.42,56.13,8386220.0000
20140108,55.36,55.56,55.16,55.75,8487180.0000
20140107,55.19,55.38,55.12,55.53,8178024.0000
20140106,55.3,54.96,54.9,55.58,8577740.0000
20140103,55.44,55.29,55.06,55.62,7809776.0000
20140102,55.39,55.25,54.88,55.51,10654028.0000
20131231,55.38,55.67,55.26,55.68,6448340.0000
20131230,55.15,55.23,54.93,55.4,5940188.0000
20131227,55.25,54.92,54.79,55.35,5242052.0000
20131226,54.75,55.05,54.75,55.06,4898700.0000
20131224,54.62,54.68,54.26,54.9,5207644.0000
20131223,54.25,54.51,54.14,54.71,7994892.0000
20131220,54.18,53.99,53.98,54.55,23263680.0000
20131219,53.73,54.02,53.64,54.47,13394488.0000
20131218,53.28,53.84,52.5,53.87,16141624.0000
20131217,52.16,53.31,51.96,53.45,20647064.0000
20131216,52.01,51.94,51.82,52.64,14779636.0000
20131213,51.13,51.84,50.98,52.0,17674392.0000
20131212,51.24,50.86,50.63,51.41,11460988.0000
20131211,50.25,51.42,50.25,51.98,40302880.0000
20131210,50.23,49.86,49.86,50.42,15645116.0000
20131209,50.44,50.4,50.34,50.68,12666512.0000
20131206,50.93,50.47,50.25,50.96,9106916.0000
20131205,50.55,50.43,50.38,50.74,13259816.0000
20131204,50.45,50.69,50.27,50.83,11739240.0000
20131203,49.98,50.44,49.98,50.65,17032628.0000
20131202,51.03,51.28,51.03,51.62,8564240.0000
20131129,51.13,50.87,50.87,51.27,4139016.0000
20131127,50.88,51.0,50.76,51.21,5939516.0000
20131126,50.67,50.88,50.41,50.9,11245932.0000
20131125,50.63,50.48,50.33,50.66,6742100.0000
20131122,50.43,50.53,49.96,50.59,8150980.0000
20131121,49.82,50.4,49.36,50.5,12776352.0000
20131120,49.45,49.53,49.42,50.05,10197220.0000
20131119,50.09,49.35,49.21,50.1,14453676.0000
20131118,50.5,49.98,49.82,50.68,16380268.0000
20131115,49.94,50.5,49.94,50.64,12391592.0000
20131114,49.98,50.04,49.69,50.06,10909500.0000
20131113,49.16,49.95,49.13,49.95,8181404.0000
20131112,49.7,49.57,49.21,49.8,9016572.0000
20131111,49.66,49.82,49.55,49.92,8385020.0000
20131108,48.94,49.57,48.94,49.62,11304848.0000
20131107,49.99,49.03,49.03,50.09,10832304.0000
20131106,49.69,49.76,49.35,50.05,8878816.0000
20131105,48.85,49.34,48.75,49.49,11058036.0000
20131104,49.92,49.11,49.05,50.0,11090132.0000
20131101,49.74,49.79,49.63,50.24,13233532.0000
20131031,49.26,49.17,48.57,49.73,23982964.0000
20131030,51.22,50.96,50.41,51.23,11883928.0000
20131029,50.87,51.06,50.87,51.31,8599468.0000
20131028,50.89,50.77,50.61,51.13,6854584.0000
20131025,50.94,50.77,50.38,50.98,11014444.0000
20131024,49.97,50.73,49.9,50.85,8885696.0000
20131023,49.67,49.72,49.3,49.78,7476456.0000
20131022,50.01,50.0,49.88,50.67,12202764.0000
20131021,50.26,50.01,49.82,50.42,11526052.0000
20131018,49.68,50.11,49.24,50.25,14387264.0000
20131017,48.92,49.57,48.87,49.69,12605368.0000
20131016,48.11,48.91,47.96,48.95,10382900.0000
20131015,48.26,47.84,47.84,48.6,10567760.0000
20131014,47.59,48.36,47.51,48.45,8922368.0000
20131011,47.2,48.05,46.88,48.05,11901052.0000
20131010,46.49,47.26,46.39,47.28,10865588.0000
20131009,45.85,45.96,45.03,46.18,13448172.0000
20131008,46.56,45.63,45.63,47.1,16039540.0000
20131007,46.99,46.58,46.58,46.99,11785204.0000
20131004,47.16,47.62,47.0,47.79,9365604.0000
20131003,48.0,47.16,46.94,48.03,19645904.0000
20131002,47.98,47.96,47.75,48.25,8712536.0000
20131001,47.82,48.31,47.52,48.4,9384812.0000
20130930,47.7,47.78,47.56,47.99,9561700.0000
20130927,48.0,48.26,47.95,48.43,7258448.0000
20130926,48.11,48.39,47.92,48.63,9326500.0000
20130925,48.32,47.89,47.67,48.5,10586472.0000
20130924,49.06,48.34,48.16,49.2,14984676.0000
20130923,49.49,49.06,49.0,50.22,19551704.0000
20130920,48.83,49.71,48.47,49.71,57622760.0000
20130919,48.63,48.68,48.5,49.5,14966568.0000
20130918,47.61,48.41,47.54,48.5,10474992.0000
20130917,47.33,47.9,47.14,47.98,10400684.0000
20130916,47.74,47.35,47.22,47.77,12592880.0000
20130913,46.37,47.25,46.3,47.33,16403404.0000
20130912,46.61,46.27,46.27,46.95,14028992.0000
20130911,46.25,46.58,45.73,46.63,11006132.0000
20130910,45.6,46.15,45.33,46.16,19507356.0000
20130909,44.32,44.64,44.32,44.66,10801516.0000
20130906,44.08,44.17,43.76,44.47,6697064.0000
20130905,44.03,44.05,43.81,44.18,7406820.0000
20130904,44.23,44.05,43.81,44.47,9753136.0000
20130903,44.01,44.26,43.81,44.6,12550428.0000
20130830,43.85,43.61,43.45,43.88,9886588.0000
20130829,43.78,43.84,43.7,44.32,9404832.0000
20130828,43.34,43.8,43.34,43.95,15672060.0000
20130827,43.25,43.54,43.14,43.77,12756844.0000
20130826,44.87,43.75,43.74,44.87,13779620.0000
20130823,45.1,44.78,44.41,45.15,9808584.0000
20130822,44.91,44.73,44.26,45.36,10586288.0000
20130821,43.32,44.6,43.13,45.38,30930940.0000
20130820,43.65,43.31,43.23,43.82,14135724.0000
20130819,43.08,43.75,43.05,44.22,11982012.0000
20130816,43.43,43.28,43.09,43.68,12612420.0000
20130815,44.36,43.48,43.36,44.37,17287820.0000
20130814,44.88,44.59,44.59,45.37,15338628.0000
20130813,45.13,44.81,44.67,45.16,11407020.0000
20130812,44.85,44.94,44.6,45.0,13622468.0000
20130809,45.2,44.95,44.89,45.34,10028272.0000
20130808,45.6,45.2,44.98,45.64,9626704.0000
20130807,45.35,45.35,44.98,45.5,15556244.0000
20130806,46.05,45.72,45.21,46.08,19986932.0000
20130805,46.0,46.14,45.7,46.29,11459296.0000
20130802,45.41,46.0,45.21,46.02,21607084.0000
20130801,45.44,44.79,43.32,45.44,74267600.0000
20130731,48.44,44.25,42.75,48.73,90024200.0000
20130730,48.18,47.86,47.79,48.3,13911236.0000
20130729,48.22,47.99,47.81,48.37,5776580.0000
20130726,48.5,48.3,47.96,48.65,8709024.0000
20130725,47.75,48.65,47.75,49.0,21922972.0000
20130724,47.45,46.69,46.42,47.46,13989340.0000
20130723,47.68,47.15,47.14,47.87,11706188.0000
20130722,47.55,47.81,47.31,47.83,7930144.0000
20130719,47.77,47.48,47.35,48.0,9051228.0000
20130718,47.55,47.75,47.49,47.85,5936680.0000
20130717,47.11,47.41,47.04,47.49,11118004.0000
20130716,47.55,47.35,47.18,47.68,7505192.0000
20130715,47.88,47.56,47.45,47.96,14528948.0000
20130712,47.48,47.68,47.29,47.68,7790640.0000
20130711,47.34,47.49,46.88,47.52,14254724.0000
20130710,46.84,46.68,46.45,46.95,15690728.0000
20130709,47.24,46.8,46.65,47.38,23328836.0000
20130708,47.9,47.03,47.02,48.19,16994740.0000
20130705,47.22,47.7,46.88,47.72,8504916.0000
20130703,46.05,46.76,45.98,46.86,4532928.0000
20130702,46.27,46.31,46.07,46.76,8754560.0000
20130701,45.98,46.31,45.91,46.87,11615672.0000
20130628,46.07,45.69,45.56,46.18,12658668.0000
20130627,45.86,46.07,45.63,46.25,11102128.0000
20130626,45.47,45.66,45.12,45.79,10392264.0000
20130625,44.95,45.12,44.63,45.35,12721904.0000
20130624,44.53,44.57,43.92,44.87,15527364.0000
20130621,45.0,44.88,44.7,45.38,17922092.0000
20130620,45.38,44.62,44.62,45.62,15536572.0000
20130619,46.06,45.66,45.63,46.28,12220712.0000
20130618,45.43,46.0,45.43,46.31,7578924.0000
20130617,45.58,45.59,45.38,45.93,14778992.0000
20130614,45.51,45.23,45.03,45.62,7426984.0000
20130613,44.79,45.56,44.68,45.69,9757420.0000
20130612,45.16,44.79,44.68,45.16,9993128.0000
20130611,45.14,44.92,44.89,45.49,7856292.0000
20130610,45.14,45.58,44.91,45.79,13784812.0000
20130607,45.16,44.99,44.89,45.25,13898416.0000
20130606,44.17,44.84,44.1,44.86,14663924.0000
20130605,44.97,44.31,44.22,45.05,12176748.0000
20130604,44.85,45.05,44.68,45.44,13528012.0000
20130603,44.69,45.05,44.38,45.17,15235436.0000
20130531,45.14,44.54,44.53,45.35,12513632.0000
20130530,44.59,45.26,44.59,45.5,9627708.0000
20130529,44.81,44.54,44.52,45.05,7490024.0000
20130528,45.61,45.01,44.92,45.64,9932096.0000
20130524,44.47,45.11,44.23,45.28,12306180.0000
20130523,44.6,44.53,44.28,44.88,16836868.0000
20130522,45.52,45.04,45.03,46.11,19565244.0000
20130521,45.39,45.39,45.1,45.67,13429516.0000
20130520,45.98,45.4,45.2,46.23,21191332.0000
20130517,45.22,46.14,45.13,46.15,13248352.0000
20130516,45.44,44.95,44.95,45.44,9912028.0000
20130515,45.0,45.44,44.92,45.45,13622964.0000
20130514,44.75,45.08,44.66,45.37,16076624.0000
20130513,44.65,44.73,44.53,45.11,12479684.0000
20130510,44.67,44.69,44.39,44.76,13840184.0000
20130509,44.81,44.65,44.56,44.97,11500984.0000
20130508,44.87,44.82,44.43,44.88,14448868.0000
20130507,44.87,44.95,44.31,44.97,11876096.0000
20130506,44.84,44.72,44.53,45.19,13067040.0000
20130503,44.24,44.89,44.11,45.21,15025268.0000
20130502,42.5,43.85,42.5,44.92,30674000.0000
20130501,41.75,41.51,40.9,42.07,12237660.0000
20130430,42.15,42.12,42.01,42.48,12166080.0000
20130429,41.93,41.98,41.79,42.13,10692968.0000
20130426,42.19,41.81,41.79,42.4,6127132.0000
20130425,41.98,42.19,41.86,42.62,9334580.0000
20130424,41.42,41.77,41.4,41.89,7447196.0000
20130423,41.07,41.42,40.88,41.42,6324076.0000
20130422,40.89,40.88,40.62,41.09,5403332.0000
20130419,40.52,40.99,40.44,41.03,7621504.0000
20130418,40.65,40.35,40.32,40.85,21010624.0000
20130417,40.94,40.56,40.49,41.01,9543540.0000
20130416,40.66,41.18,40.63,41.2,10096152.0000
20130415,41.16,40.32,40.32,41.22,10773268.0000
20130412,41.48,41.44,41.28,41.71,7076436.0000
20130411,41.75,41.91,41.56,41.98,6493196.0000
20130410,41.24,41.75,41.24,41.83,8996936.0000
20130409,41.71,41.19,41.0,41.72,6005468.0000
20130408,41.41,41.57,41.12,41.59,6125312.0000
20130405,41.05,41.29,40.9,41.36,7962988.0000
20130404,41.36,41.62,41.25,41.63,8903828.0000
20130403,42.11,41.19,41.07,42.13,16622684.0000
20130402,42.11,41.99,41.83,42.23,9577752.0000
20130401,42.44,41.84,41.73,42.75,13236436.0000
20130328,42.19,42.46,42.03,42.74,12458428.0000
20130327,41.65,42.17,41.38,42.31,13371644.0000
20130326,41.23,41.87,41.14,41.95,17266356.0000
20130325,40.19,41.0,40.13,41.07,19331340.0000
20130322,39.55,40.02,39.43,40.04,18748248.0000
20130321,39.61,39.45,39.45,39.93,14883172.0000
20130320,39.25,39.83,39.18,39.99,16070016.0000
20130319,39.5,39.0,38.92,39.84,17598660.0000
20130318,39.32,39.52,39.1,39.8,15163892.0000
20130315,40.01,39.64,39.63,40.16,17615660.0000
20130314,39.85,40.17,39.83,40.27,14859112.0000
20130313,39.88,39.84,39.71,40.1,11021016.0000
20130312,40.17,39.95,39.76,40.24,8340716.0000
20130311,40.34,40.3,40.1,40.4,6741784.0000
20130308,40.34,40.17,39.97,40.35,9574364.0000
20130307,40.22,40.13,39.91,40.45,8686744.0000
20130306,40.22,40.27,40.05,40.42,7515924.0000
20130305,40.02,40.07,39.97,40.45,10267472.0000
20130304,39.44,39.88,39.39,39.89,6565320.0000
20130301,39.48,39.52,39.16,39.72,13212516.0000
20130228,40.09,39.66,39.58,40.09,11231148.0000
20130227,39.36,39.97,39.33,40.03,8317656.0000
20130226,39.0,39.46,39.0,39.65,11354404.0000
20130225,39.8,38.97,38.97,40.09,11177204.0000
20130222,39.58,39.86,39.17,39.9,11736604.0000
20130221,38.78,39.36,38.7,39.57,14220580.0000
20130220,39.28,38.85,38.8,39.4,15687768.0000
20130219,39.5,39.4,39.17,39.7,13209680.0000
20130215,39.09,39.5,38.94,39.52,17891168.0000
20130214,38.65,38.99,38.58,39.16,12760368.0000
20130213,39.11,38.69,38.53,39.35,13915520.0000
20130212,39.21,39.2,39.1,39.42,9805312.0000
20130211,39.4,39.08,38.99,39.54,11032112.0000
20130208,39.35,39.45,39.28,39.74,12913800.0000
20130207,39.74,39.27,39.24,39.95,20182988.0000
20130206,39.81,40.21,39.66,40.22,15020720.0000
20130205,39.41,39.88,39.2,39.9,11087136.0000
20130204,39.44,39.16,39.14,39.6,10531836.0000
20130201,39.75,39.64,39.34,39.87,12744888.0000
20130131,39.75,39.48,39.09,39.88,16684848.0000
20130130,39.25,38.75,38.69,39.77,18703988.0000
20130129,38.94,39.17,38.78,39.27,11659840.0000
20130128,40.07,39.09,39.08,40.15,13529456.0000
20130125,39.98,39.96,39.76,40.03,6698192.0000
20130124,39.83,39.89,39.73,40.04,6793412.0000
20130123,39.57,39.76,39.52,39.99,7108092.0000
20130122,39.67,39.76,39.45,39.92,6916128.0000
20130118,39.63,39.57,39.13,39.63,13812308.0000
20130117,40.25,39.97,39.9,40.27,7836240.0000
20130116,40.03,40.05,39.83,40.2,5464176.0000
20130115,39.96,40.11,39.77,40.16,6695676.0000
20130114,40.32,40.16,39.89,40.45,8877296.0000
20130111,39.95,40.29,39.88,40.31,9577896.0000
20130110,40.51,40.13,39.82,40.69,16310664.0000
20130109,40.35,40.45,39.93,40.64,17551976.0000
20130108,39.41,39.84,39.25,39.84,11801124.0000
20130107,39.24,39.47,39.2,39.69,10242044.0000
20130104,38.9,39.19,38.7,39.3,10355496.0000
20130103,39.28,38.88,38.71,39.52,14936840.0000
20130102,38.54,38.85,38.48,38.99,15824204.0000
20121231,37.09,37.9,37.09,37.9,12867784.0000
20121228,37.12,37.16,37.06,37.48,6972812.0000
20121227,37.42,37.35,36.98,37.66,11976512.0000
20121226,37.82,37.44,37.3,37.82,7614196.0000
20121224,37.56,37.8,37.56,37.91,3273284.0000
20121221,37.74,37.69,37.49,37.99,13930684.0000
20121220,37.47,38.12,37.33,38.13,10863924.0000
20121219,37.7,37.29,37.29,37.71,8633660.0000
20121218,37.25,37.68,37.17,37.89,11869680.0000
20121217,36.74,37.28,36.73,37.28,13896816.0000
20121214,36.72,36.71,36.56,36.92,9579168.0000
20121213,37.03,36.8,36.72,37.28,13042464.0000
20121212,37.42,36.97,36.96,37.45,18319560.0000
20121211,37.1,37.23,37.1,37.58,14491248.0000
20121210,37.19,37.17,37.07,37.32,9288752.0000
20121207,37.28,37.14,36.95,37.32,7556836.0000
20121206,37.11,37.12,36.77,37.23,9123632.0000
20121205,37.13,37.02,36.53,37.13,11970844.0000
20121204,37.24,36.9,36.8,37.31,9097488.0000
20121203,37.5,37.16,37.11,37.68,11736780.0000
20121130,37.08,37.43,37.0,37.48,14046708.0000
20121129,36.98,37.05,36.81,37.08,12572744.0000
20121128,36.51,36.82,36.47,36.84,10358124.0000
20121127,36.78,36.7,36.58,36.96,9972996.0000
20121126,36.9,36.81,36.6,36.9,8621864.0000
20121123,36.83,37.03,36.6,37.03,4454092.0000
20121121,36.56,36.67,36.44,36.73,6565160.0000
20121120,36.39,36.59,36.29,36.85,9565564.0000
20121119,36.0,36.41,35.92,36.42,15118496.0000
20121116,35.01,35.68,35.01,35.89,16632280.0000
20121115,35.0,35.0,34.63,35.12,13718476.0000
20121114,35.65,34.99,34.91,35.81,13606796.0000
20121113,35.65,35.61,35.61,36.2,10149084.0000
20121112,35.51,35.81,35.51,35.95,8941016.0000
20121109,35.23,35.73,35.07,35.95,11799296.0000
20121108,35.54,35.52,35.47,35.81,10131636.0000
20121107,35.64,35.64,35.38,35.9,10430220.0000
20121106,35.62,35.97,35.48,36.21,9088812.0000
20121105,35.69,35.38,35.31,35.97,13863972.0000
20121102,36.02,35.85,35.85,36.6,18497884.0000
20121101,35.21,35.97,35.08,36.09,21292064.0000
20121031,34.4,34.69,34.35,34.99,14218996.0000
20121026,34.46,34.58,34.22,34.72,12148872.0000
20121025,34.46,34.39,34.13,34.67,15875432.0000
20121024,34.38,34.12,34.11,34.59,11477644.0000
20121023,34.49,34.16,33.98,34.49,11923188.0000
20121022,34.95,34.75,34.51,35.01,9782660.0000
20121019,35.58,34.99,34.94,35.59,10134788.0000
20121018,35.59,35.47,35.28,35.78,11241392.0000
20121017,35.29,35.64,35.2,35.69,10125696.0000
20121016,35.05,35.29,35.01,35.44,8323636.0000
20121015,34.84,34.97,34.65,35.06,9690232.0000
20121012,34.84,34.78,34.61,35.0,8114516.0000
20121011,34.55,34.76,34.55,34.96,14057264.0000
20121010,34.16,34.35,34.08,34.49,8050348.0000
20121009,34.79,34.19,34.18,34.85,9977612.0000
20121008,34.75,34.68,34.64,34.88,6803212.0000
20121005,35.19,35.07,34.88,35.4,11280536.0000
20121004,34.7,34.92,34.55,34.96,8474936.0000
20121003,34.16,34.63,34.0,34.65,11717264.0000
20121002,34.15,34.0,33.87,34.28,9882012.0000
20121001,33.72,34.18,33.72,34.48,14699060.0000
20120928,33.49,33.57,33.31,33.66,9431660.0000
20120927,33.18,33.48,33.13,33.56,8422260.0000
20120926,33.53,33.13,33.1,33.64,10637188.0000
20120925,33.46,33.64,33.41,33.85,15398332.0000
20120924,33.53,33.44,33.38,33.74,10530300.0000
20120921,33.83,33.75,33.73,33.99,29237072.0000
20120920,33.57,33.65,33.37,33.71,12779332.0000
20120919,33.47,33.7,33.43,33.88,11976796.0000
20120918,33.27,33.42,33.13,33.46,13189048.0000
20120917,33.62,33.47,33.41,33.71,10648912.0000
20120914,33.81,33.56,33.44,33.83,13290324.0000
20120913,33.24,33.74,33.15,34.16,15745020.0000
20120912,32.91,33.37,32.9,33.37,14655864.0000
20120911,32.22,32.87,32.2,33.11,15886616.0000
20120910,32.1,32.17,32.1,32.47,11633248.0000
20120907,32.38,32.43,32.17,32.49,10789020.0000
20120906,32.05,32.38,31.95,32.38,15698920.0000
20120905,32.22,31.9,31.74,32.25,12698592.0000
20120904,32.09,32.13,31.91,32.29,10199508.0000
20120831,31.88,32.06,31.57,32.09,13788300.0000
20120830,31.78,31.68,31.55,31.78,8573264.0000
20120829,31.89,32.01,31.68,32.01,8583568.0000
20120828,31.97,31.85,31.81,32.06,7862600.0000
20120827,31.82,31.92,31.76,32.03,8820352.0000
20120824,31.65,31.67,31.45,31.76,10650724.0000
20120823,31.98,31.79,31.69,32.13,6999896.0000
20120822,31.72,32.03,31.63,32.13,8865900.0000
20120821,32.18,31.88,31.75,32.31,7605040.0000
20120820,32.15,32.04,32.0,32.18,8674228.0000
20120817,32.5,32.17,32.07,32.51,9581972.0000
20120816,32.17,32.42,32.17,32.49,9119400.0000
20120815,32.3,32.27,32.15,32.58,7735456.0000
20120814,32.28,32.47,32.14,32.55,8732232.0000
20120813,32.16,32.08,31.85,32.25,6453792.0000
20120810,32.05,32.27,32.0,32.32,5984760.0000
20120809,32.72,32.13,31.94,32.74,14105344.0000
20120808,32.7,32.79,32.6,32.88,7962288.0000
20120807,32.71,32.6,32.34,32.86,13176512.0000
20120806,32.75,32.76,32.66,33.15,9227404.0000
20120803,32.59,32.74,32.22,32.89,12934248.0000
20120802,31.7,32.32,31.55,32.32,11112168.0000
20120801,32.13,31.87,31.75,32.35,11611976.0000
20120731,32.61,32.27,32.13,32.67,8961576.0000
20120730,32.21,32.71,32.18,33.09,12652276.0000
20120727,31.73,32.28,31.43,32.38,13935220.0000
20120726,31.24,31.69,31.05,32.05,21035812.0000
20120725,30.85,30.55,30.39,31.02,15295892.0000
20120724,31.13,30.66,30.32,31.19,13504004.0000
20120723,31.01,31.12,30.81,31.27,11381384.0000
20120720,31.15,31.44,30.91,31.55,11816924.0000
20120719,32.08,31.35,31.33,32.16,13832360.0000
20120718,31.88,31.96,31.85,32.2,11901224.0000
20120717,32.03,32.06,31.51,32.06,10766548.0000
20120716,32.05,31.79,31.47,32.75,30603120.0000
20120713,30.63,31.02,30.54,31.16,11992028.0000
20120712,29.78,30.66,29.78,30.86,15061320.0000
20120711,30.48,30.19,29.9,30.56,11643748.0000
20120710,31.08,30.57,30.45,31.19,18203664.0000
20120709,30.79,30.91,30.26,31.01,17678988.0000
20120706,31.52,31.32,31.2,31.68,9630948.0000
20120705,31.44,31.75,31.42,31.87,11297792.0000
20120703,31.62,31.59,31.42,31.75,6369160.0000
20120702,31.07,31.66,31.0,31.7,17042972.0000
20120629,30.82,30.91,30.38,31.01,15930920.0000
20120628,30.75,30.38,29.89,30.85,11512368.0000
20120627,30.84,30.86,30.63,31.03,13768292.0000
20120626,30.44,30.79,30.42,30.98,13128740.0000
20120625,30.72,30.32,30.29,30.82,16160948.0000
20120622,30.06,31.24,29.83,31.24,37218484.0000
20120621,30.65,29.87,29.83,30.72,13060728.0000
20120620,30.28,30.65,30.26,30.65,12703444.0000
20120619,30.22,30.34,30.13,30.4,10270092.0000
20120618,29.5,30.03,29.37,30.12,10931784.0000
20120615,29.34,29.6,29.23,29.63,12559572.0000
20120614,28.82,29.12,28.57,29.25,13152180.0000
20120613,28.95,28.73,28.66,29.24,14887636.0000
20120612,29.1,29.29,28.93,29.29,10398444.0000
20120611,29.32,29.09,29.06,29.48,10942760.0000
20120608,29.1,29.15,28.86,29.15,10376688.0000
20120607,29.46,29.2,29.14,29.5,9157868.0000
20120606,28.74,29.09,28.71,29.13,12383736.0000
20120605,28.44,28.45,28.29,28.63,11374240.0000
20120604,28.01,28.54,28.01,28.61,16646928.0000
20120601,28.41,28.06,27.99,28.72,18648564.0000
20120531,29.44,28.8,28.68,29.59,20818668.0000
20120530,29.68,29.37,29.37,29.94,18342564.0000
20120529,30.04,30.07,29.75,30.24,18005128.0000
20120525,29.85,29.84,29.74,30.1,11779944.0000
20120524,29.93,29.94,29.69,30.25,12749408.0000
20120523,29.41,29.79,29.35,29.87,16553196.0000
20120522,29.1,29.6,29.1,29.81,18591052.0000
20120521,28.32,29.06,28.17,29.08,13271716.0000
20120518,28.71,28.16,28.13,28.81,25934412.0000
20120517,29.25,28.75,28.75,29.57,17807928.0000
20120516,29.25,29.38,29.08,29.55,17334816.0000
20120515,29.11,29.15,29.11,29.48,12587468.0000
20120514,29.21,29.18,28.96,29.59,16246016.0000
20120511,29.34,29.48,29.31,29.74,8139232.0000
20120510,29.58,29.54,29.41,29.87,13466880.0000
20120509,29.33,29.36,29.14,29.75,17665676.0000
20120508,29.53,29.54,29.04,29.77,14597248.0000
20120507,29.24,29.63,29.24,29.77,13474932.0000
20120504,29.06,29.45,28.83,29.72,23399516.0000
20120503,30.5,29.1,28.85,30.63,47816400.0000
20120502,30.4,30.55,30.17,30.8,24228352.0000
20120501,30.87,30.77,30.76,31.34,17169336.0000
20120430,31.03,30.75,30.58,31.04,9374916.0000
20120427,30.94,30.88,30.72,31.05,8659144.0000
20120426,30.47,30.8,30.38,30.88,11107908.0000
20120425,29.94,30.45,29.89,30.6,12149228.0000
20120424,29.59,29.73,29.37,29.81,9427304.0000
20120423,30.06,29.53,29.12,30.2,17317956.0000
20120420,30.46,30.25,30.15,30.54,7840860.0000
20120419,30.32,30.3,30.13,30.57,8522292.0000
20120418,30.4,30.45,30.33,30.62,8479360.0000
20120417,30.41,30.52,30.31,30.63,10257688.0000
20120416,30.76,30.21,30.01,30.76,18308148.0000
20120413,30.1,30.79,30.08,30.92,21496844.0000
20120412,29.37,30.26,29.3,30.29,17163720.0000
20120411,29.51,29.35,29.24,29.74,14171120.0000
20120410,29.87,29.19,29.15,29.94,10677648.0000
20120409,29.92,29.88,29.68,30.09,13295532.0000
20120405,29.58,30.25,29.52,30.29,13394464.0000
20120404,29.87,29.75,29.55,29.92,10308048.0000
20120403,29.71,30.09,29.59,30.15,15690384.0000
20120402,29.5,29.75,29.28,29.98,11776696.0000
20120330,29.77,29.5,29.4,29.8,12001932.0000
20120329,29.64,29.75,29.39,29.8,8687216.0000
20120328,29.92,29.84,29.63,30.08,8987692.0000
20120327,30.0,29.95,29.89,30.07,10661864.0000
20120326,29.84,30.02,29.31,30.17,16363372.0000
20120323,29.38,29.7,29.23,29.75,10150976.0000
20120322,29.04,29.32,29.0,29.38,9366092.0000
20120321,29.27,29.19,29.15,29.41,8426932.0000
20120320,29.54,29.13,29.0,29.65,10585532.0000
20120319,29.11,29.71,29.04,29.93,15918344.0000
20120316,29.36,29.17,29.07,29.38,16008608.0000
20120315,29.16,29.25,29.08,29.37,13292500.0000
20120314,29.33,29.19,29.12,29.47,14995964.0000
20120313,29.23,29.32,28.92,29.35,12773444.0000
20120312,29.26,29.13,29.02,29.39,7709204.0000
20120309,29.52,29.29,29.25,29.6,8456936.0000
20120308,29.17,29.49,29.01,29.55,9506128.0000
20120307,28.93,28.91,28.74,29.03,10692308.0000
20120306,28.81,28.71,28.39,28.88,13299664.0000
20120305,29.04,29.06,28.98,29.21,10153348.0000
20120302,29.13,29.04,28.9,29.24,12213328.0000
20120301,29.36,29.3,29.14,29.5,11173912.0000
20120229,29.76,29.09,29.0,29.84,15216332.0000
20120228,29.29,29.74,29.26,29.74,11935000.0000
20120227,29.27,29.22,29.08,29.33,15787776.0000
20120224,29.12,29.39,28.98,29.44,11093840.0000
20120223,29.09,29.12,28.92,29.2,10888368.0000
20120222,28.45,29.09,28.33,29.19,14381032.0000
20120221,28.82,28.55,28.46,29.0,10816804.0000
20120217,28.6,28.75,28.45,28.81,15512048.0000
20120216,28.87,28.45,28.4,28.93,15971312.0000
20120215,28.94,28.78,28.66,29.3,21683192.0000
20120214,28.03,28.81,28.02,28.81,17958396.0000
20120213,28.56,28.18,28.09,28.79,22078284.0000
20120210,27.95,28.48,27.85,28.5,21888724.0000
20120209,28.27,28.11,28.01,28.73,39594780.0000
20120208,26.94,27.09,26.76,27.16,22582284.0000
20120207,26.87,26.75,26.52,26.89,13040204.0000
20120206,26.74,26.84,26.7,27.07,13341872.0000
20120203,26.7,26.76,26.65,26.96,16531960.0000
20120202,25.95,26.52,25.9,26.78,33736996.0000
20120201,25.3,25.63,25.15,25.68,15375860.0000
20120131,25.12,25.16,24.96,25.2,13240416.0000
20120130,25.04,24.97,24.88,25.13,12475704.0000
20120127,25.1,25.26,24.98,25.38,11362540.0000
20120126,25.18,25.22,25.0,25.54,13939108.0000
20120125,25.15,25.14,24.95,25.24,15088312.0000
20120124,24.76,25.25,24.75,25.32,12139672.0000
20120123,25.19,24.9,24.7,25.22,16161604.0000
20120120,25.6,25.15,24.95,25.63,20032732.0000
20120119,26.04,25.59,25.56,26.05,14565856.0000
20120118,25.54,25.95,25.53,25.97,11752184.0000
20120117,25.33,25.63,25.3,25.74,17020648.0000
20120113,25.18,25.19,25.07,25.45,16626596.0000
20120112,24.85,25.34,24.85,25.42,16706272.0000
20120111,24.75,24.78,24.58,24.88,19012868.0000
20120110,25.22,24.95,24.86,25.24,18711552.0000
20120109,25.25,24.98,24.7,25.3,18002196.0000
20120106,25.49,25.18,25.06,25.56,13088980.0000
20120105,25.18,25.48,24.92,25.55,12066888.0000
20120104,25.42,25.29,25.0,25.62,16521772.0000
20120103,25.85,25.75,25.46,25.85,16828056.0000
20111230,25.79,25.38,25.37,25.8,8586432.0000
20111229,25.25,25.79,25.21,25.81,8637448.0000
20111228,25.42,25.18,25.15,25.5,9969500.0000
20111227,25.62,25.48,25.48,25.86,8718880.0000
20111223,25.23,25.62,25.13,25.63,7803108.0000
20111222,25.15,25.14,25.03,25.49,13437152.0000
20111221,25.28,25.18,24.88,25.32,15243924.0000
20111220,24.88,25.34,24.84,25.38,27453420.0000
20111219,24.38,24.65,24.38,24.84,23538824.0000
20111216,24.17,24.36,24.1,24.44,17556688.0000
20111215,24.33,23.96,23.89,24.33,21019656.0000
20111214,23.93,24.09,23.76,24.19,19150540.0000
20111213,24.36,23.98,23.88,24.39,13561444.0000
20111212,24.16,24.23,23.96,24.35,13644028.0000
20111209,24.16,24.3,23.88,24.37,11973676.0000
20111208,24.24,23.95,23.9,24.47,14237908.0000
20111207,23.82,24.27,23.76,24.36,16055016.0000
20111206,24.01,23.84,23.77,24.07,14135092.0000
20111205,24.57,24.02,23.8,24.57,16731284.0000
20111202,24.6,24.3,24.2,24.65,12927144.0000
20111201,23.98,24.44,23.94,24.57,19042104.0000
20111130,23.71,24.24,23.66,24.26,21501272.0000
20111129,23.37,23.23,23.14,23.38,14513388.0000
20111128,22.92,23.37,22.78,23.44,14792312.0000
20111125,22.26,22.26,22.2,22.6,6933564.0000
20111123,22.59,22.32,22.3,22.94,21064092.0000
20111122,22.74,22.71,22.66,23.05,13469376.0000
20111121,22.42,22.8,22.28,22.97,15844172.0000
20111118,22.88,22.7,22.61,22.91,12905956.0000
20111117,23.42,22.85,22.72,23.5,17226668.0000
20111116,23.64,23.35,23.29,23.75,12998164.0000
20111115,23.51,23.91,23.46,23.96,14151348.0000
20111114,23.65,23.46,23.39,23.93,10431828.0000
20111111,23.45,23.79,23.43,23.91,13648132.0000
20111110,23.59,23.26,23.15,23.59,11248528.0000
20111109,23.07,23.28,23.07,23.53,19592428.0000
20111108,23.36,23.64,23.35,23.67,19601908.0000
20111107,23.2,23.24,22.88,23.33,9647064.0000
20111104,23.08,23.16,22.91,23.41,13608344.0000
20111103,23.02,23.3,22.57,23.45,18410680.0000
20111102,23.26,22.88,22.78,23.5,24564832.0000
20111101,22.79,22.51,22.5,23.12,30540504.0000
20111031,23.57,23.32,23.31,23.97,17825716.0000
20111028,23.31,23.78,23.31,23.94,23298468.0000
20111027,22.75,23.6,22.65,23.62,41566520.0000
20111026,23.04,23.01,22.4,23.18,26652368.0000
20111025,23.38,22.67,22.64,23.41,16811812.0000
20111024,23.32,23.55,23.3,23.6,12138260.0000
20111021,23.12,23.36,22.98,23.36,14128584.0000
20111020,22.7,22.84,22.57,22.99,17646036.0000
20111019,23.55,22.52,22.47,23.62,21662104.0000
20111018,22.78,23.48,22.65,23.63,14399028.0000
20111017,23.28,22.8,22.76,23.48,13842720.0000
20111014,23.36,23.48,23.29,23.66,14114124.0000
20111013,22.63,23.15,22.62,23.23,13192904.0000
20111012,22.75,22.79,22.68,23.08,19065056.0000
20111011,22.18,22.63,22.11,22.72,17626752.0000
20111010,21.95,22.31,21.85,22.32,13321976.0000
20111007,21.86,21.56,21.44,22.0,17551804.0000
20111006,21.22,21.78,21.11,21.82,19484948.0000
20111005,21.15,21.25,20.81,21.36,25110148.0000
20111004,20.76,21.2,20.43,21.27,31415080.0000
20111003,21.24,21.07,21.06,21.66,26223264.0000
20110930,21.56,21.43,21.31,21.91,17948356.0000
20110929,22.24,21.92,21.5,22.24,15551576.0000
20110928,22.45,21.91,21.87,22.46,17090008.0000
20110927,22.78,22.37,22.28,22.93,20066388.0000
20110926,22.75,22.57,22.04,22.88,19093496.0000
20110923,21.99,22.52,21.99,22.73,21525788.0000
20110922,22.19,22.08,21.55,22.5,35688424.0000
20110921,23.16,22.86,22.85,23.53,28067620.0000
20110920,22.6,23.21,22.57,23.69,35737004.0000
20110919,22.37,22.51,22.17,22.67,22082304.0000
20110916,22.66,22.71,22.41,22.88,50279440.0000
20110915,22.5,22.63,22.09,22.65,21476408.0000
20110914,22.06,22.4,21.89,22.55,26146980.0000
20110913,21.92,21.94,21.67,21.98,17469268.0000
20110912,21.43,21.86,21.37,21.87,19608352.0000
20110909,21.72,21.59,21.49,22.1,26492392.0000
20110908,21.94,21.87,21.86,22.28,18386112.0000
20110907,21.71,22.12,21.68,22.13,16550124.0000
20110906,20.81,21.47,20.81,21.56,15808524.0000
20110902,21.43,21.39,21.28,21.78,15807096.0000
20110901,21.93,21.93,21.76,22.24,20800920.0000
20110831,22.13,21.97,21.69,22.21,24087416.0000
20110830,21.66,21.98,21.58,22.08,16622740.0000
20110829,21.75,21.65,21.52,21.98,18568680.0000
20110826,20.88,21.46,20.67,21.49,21498636.0000
20110825,21.62,21.03,20.99,21.73,24273148.0000
20110824,20.9,21.6,20.78,21.65,29150564.0000
20110823,20.06,20.94,19.95,20.95,20075788.0000
20110822,20.31,19.95,19.81,20.38,19341180.0000
20110819,19.83,19.9,19.83,20.42,31169988.0000
20110818,20.38,20.07,19.99,20.69,32999312.0000
20110817,21.49,21.0,20.83,21.55,19087916.0000
20110816,21.25,21.46,21.15,21.59,20359924.0000
20110815,21.28,21.47,21.13,21.56,18318024.0000
20110812,21.28,20.96,20.86,21.45,16598436.0000
20110811,20.04,21.13,19.93,21.42,37358836.0000
20110810,20.32,19.82,19.76,20.41,38428976.0000
20110809,20.09,20.69,19.03,20.72,58700920.0000
20110808,20.05,19.81,19.52,20.45,58521720.0000
20110805,21.34,20.85,20.22,21.42,33626448.0000
20110804,21.69,21.25,21.22,21.7,38824460.0000
20110803,21.13,21.87,20.95,21.94,35307860.0000
20110802,21.25,20.89,20.89,21.6,17327128.0000
20110801,21.75,21.42,21.27,21.83,13511796.0000
20110729,21.46,21.39,20.9,21.56,16709004.0000
20110728,22.03,21.73,21.67,22.24,19223972.0000
20110727,22.08,21.94,21.81,22.25,24061232.0000
20110726,22.26,22.3,22.18,22.5,10698964.0000
20110725,22.16,22.27,22.09,22.56,13356640.0000
20110722,22.03,22.38,22.03,22.45,9032276.0000
20110721,22.26,22.01,22.01,22.6,21061200.0000
20110720,22.37,22.16,22.06,22.37,9474332.0000
20110719,22.12,22.3,22.05,22.32,21594104.0000
20110718,22.08,22.02,21.93,22.23,13513624.0000
20110715,22.17,22.19,21.93,22.22,16001100.0000
20110714,22.06,21.99,21.95,22.35,17210112.0000
20110713,22.04,22.19,22.01,22.49,18855292.0000
20110712,22.01,21.93,21.9,22.2,18410828.0000
20110711,22.15,21.98,21.92,22.31,25733436.0000
20110708,22.24,22.43,22.1,22.54,20818788.0000
20110707,22.05,22.54,22.0,22.71,48520400.0000
20110706,21.96,22.05,21.71,22.31,33604124.0000
20110705,21.74,22.08,21.59,22.2,33089520.0000
20110701,21.03,21.99,20.94,22.23,61723120.0000
20110630,21.53,21.07,20.98,21.84,119873560.0000
20110629,18.98,21.64,18.7,21.83,131924000.0000
20110628,18.57,18.82,18.55,18.86,23297580.0000
20110627,18.45,18.47,18.28,18.51,20880520.0000
20110624,18.83,18.34,18.33,18.84,39700032.0000
20110623,18.55,18.83,18.5,18.85,20004784.0000
20110622,18.74,18.67,18.64,18.99,17727780.0000
20110621,18.64,18.75,18.54,18.8,25291340.0000
20110620,18.57,18.51,18.41,18.59,22546744.0000
20110617,18.85,18.61,18.55,18.87,25859200.0000
20110616,18.7,18.72,18.6,18.85,21041352.0000
20110615,18.89,18.71,18.7,19.01,22775076.0000
20110614,18.78,18.98,18.71,19.07,30030728.0000
20110613,18.71,18.72,18.58,18.79,20819976.0000
20110610,19.05,18.67,18.64,19.08,29455836.0000
20110609,19.07,19.11,18.97,19.18,32073088.0000
20110608,19.67,19.18,18.59,19.67,80755800.0000
20110607,19.7,19.95,19.63,20.03,27858600.0000
20110606,19.75,19.55,19.54,19.89,17627212.0000
20110603,19.95,19.78,19.74,20.09,18954168.0000
20110602,19.8,20.18,19.79,20.2,19465332.0000
20110601,20.19,19.8,19.8,20.19,17731696.0000
20110531,20.01,20.27,20.0,20.28,15274352.0000
20110527,19.67,19.95,19.59,19.96,15343004.0000
20110526,19.64,19.82,19.41,19.84,21125444.0000
20110525,19.24,19.69,19.15,19.77,18003196.0000
20110524,19.25,19.4,19.17,19.44,14827852.0000
20110523,19.27,19.23,19.15,19.43,18266536.0000
20110520,19.84,19.56,19.56,19.96,17219808.0000
20110519,20.03,19.91,19.85,20.04,14954532.0000
20110518,20.11,20.0,19.87,20.11,20134148.0000
20110517,19.95,20.15,19.94,20.2,22115204.0000
20110516,19.79,19.99,19.78,20.33,18765464.0000
20110513,20.0,19.98,19.93,20.05,21491084.0000
20110512,19.77,19.98,19.77,20.01,24989692.0000
20110511,20.06,19.84,19.74,20.06,17670300.0000
20110510,19.99,20.09,19.93,20.18,19714544.0000
20110509,19.78,19.97,19.76,20.0,19098788.0000
20110506,19.63,19.85,19.57,19.97,29762800.0000
20110505,19.77,19.68,19.55,19.84,20910384.0000
20110504,19.96,19.94,19.76,20.04,17336332.0000
20110503,19.91,20.0,19.83,20.04,18947040.0000
20110502,19.61,19.79,19.61,19.92,13506348.0000
20110429,19.43,19.53,18.56,19.61,10877496.0000
20110428,19.71,19.42,19.39,19.71,11423036.0000
20110427,19.7,19.72,19.47,19.74,8988076.0000
20110426,19.45,19.69,19.35,19.75,15128932.0000
20110425,19.44,19.44,19.33,19.47,7125616.0000
20110421,19.34,19.44,19.26,19.5,10996624.0000
20110420,19.15,19.34,19.1,19.48,14851740.0000
20110419,18.87,18.98,18.79,19.0,14265048.0000
20110418,18.9,18.92,18.86,19.08,15338932.0000
20110415,19.12,19.12,19.02,19.25,20261788.0000
20110414,19.29,19.08,19.04,19.32,18609496.0000
20110413,19.34,19.38,19.3,19.5,18267260.0000
20110412,19.23,19.26,19.19,19.4,20513136.0000
20110411,19.2,19.43,19.18,19.44,19005740.0000
20110408,19.2,19.18,19.08,19.43,23980212.0000
20110407,19.03,19.1,18.93,19.14,22095528.0000
20110406,18.93,19.0,18.88,19.0,18135184.0000
20110405,18.8,18.91,18.7,18.98,18093956.0000
20110404,18.55,18.81,18.51,18.81,15528876.0000
20110401,18.5,18.56,18.32,18.62,17280184.0000
20110331,18.63,18.41,18.4,18.73,18543144.0000
20110330,18.49,18.56,18.42,18.84,59181360.0000
20110329,18.09,18.05,17.94,18.12,23557348.0000
20110328,18.1,18.19,17.99,18.27,23199616.0000
20110325,18.12,18.02,18.01,18.23,29476076.0000
20110324,18.06,18.17,17.89,18.21,20565896.0000
20110323,17.84,18.0,17.84,18.09,17581884.0000
20110322,17.95,17.9,17.8,17.99,15360700.0000
20110321,17.96,17.99,17.91,18.08,14811260.0000
20110318,18.03,17.86,17.73,18.04,25285340.0000
20110317,17.9,17.86,17.78,18.0,13801364.0000
20110316,17.86,17.74,17.67,17.99,23917300.0000
20110315,17.73,17.8,17.61,17.95,24195068.0000
20110314,17.98,17.97,17.91,18.18,13975956.0000
20110311,17.85,18.13,17.81,18.2,17325772.0000
20110310,18.33,17.85,17.81,18.33,28554260.0000
20110309,18.6,18.43,18.33,18.67,17864888.0000
20110308,18.61,18.54,18.33,18.73,33500924.0000
20110307,18.65,18.54,18.5,18.81,18646060.0000
20110304,18.97,18.67,18.51,18.99,19525608.0000
20110303,18.68,18.96,18.64,18.98,20163152.0000
20110302,18.15,18.49,18.13,18.56,21543944.0000
20110301,18.47,18.18,18.13,18.72,26991420.0000
20110228,18.72,18.26,18.26,18.82,24855588.0000
20110225,18.55,18.67,18.55,18.85,24869888.0000
20110224,18.17,18.48,18.16,18.56,19613296.0000
20110223,18.41,18.22,18.2,18.64,28716576.0000
20110222,18.59,18.43,18.28,18.77,31587384.0000
20110218,19.15,18.96,18.89,19.27,26009368.0000
20110217,18.94,19.04,18.86,19.18,23473772.0000
20110216,18.93,18.99,18.86,19.05,20146452.0000
20110215,18.93,18.9,18.77,18.98,15854628.0000
20110214,18.75,18.93,18.63,19.24,28967424.0000
20110211,18.65,18.73,18.57,18.78,17271488.0000
20110210,18.23,18.68,18.23,18.79,24752284.0000
20110209,18.45,18.32,18.27,18.68,18674028.0000
20110208,18.49,18.64,18.45,18.65,15375860.0000
20110207,18.25,18.48,18.23,18.54,22240072.0000
20110204,18.0,18.23,17.9,18.25,28831624.0000
20110203,17.93,17.91,17.75,18.12,33453188.0000
20110202,17.77,18.02,17.69,18.02,26841940.0000
20110201,17.55,17.68,17.55,17.93,25431960.0000
20110131,17.48,17.46,17.34,17.59,24599016.0000
20110128,17.7,17.36,17.36,17.73,25039896.0000
20110127,17.77,17.65,17.63,17.81,19416888.0000
20110126,17.98,17.75,17.74,18.04,17839320.0000
20110125,17.79,17.9,17.58,18.1,30279020.0000
20110124,17.56,17.95,17.55,17.96,22920280.0000
20110121,17.63,17.54,17.48,17.75,24781644.0000
20110120,17.17,17.67,16.88,17.89,81359000.0000
20110119,17.74,17.28,17.11,17.76,42803320.0000
20110118,17.82,17.8,17.68,17.84,19338476.0000
20110114,17.82,17.78,17.68,17.89,25163544.0000
20110113,18.28,17.79,17.73,18.32,28102344.0000
20110112,18.0,18.15,18.0,18.16,15743988.0000
20110111,18.01,17.97,17.89,18.13,20592936.0000
20110110,18.18,17.95,17.95,18.31,18201320.0000
20110107,18.36,18.24,18.13,18.39,28248356.0000
20110106,18.18,18.29,18.13,18.39,28358076.0000
20110105,17.71,18.02,17.67,18.08,38512560.0000
20110104,17.73,17.65,17.57,17.74,18128328.0000
20110103,17.6,17.63,17.55,17.73,25707840.0000
20101231,17.57,17.6,17.49,17.62,11097276.0000
20101230,17.68,17.57,17.53,17.69,11018908.0000
20101229,17.73,17.65,17.58,17.8,12997048.0000
20101228,17.84,17.68,17.63,17.95,19124820.0000
20101227,17.17,17.7,17.16,17.79,31007064.0000
20101223,17.08,17.18,17.07,17.23,16598400.0000
20101222,17.07,17.14,17.02,17.19,23284200.0000
20101221,17.17,17.01,16.97,17.21,43456800.0000
20101220,16.88,17.0,16.75,17.06,64184280.0000
20101217,17.08,16.73,16.63,17.15,167783640.0000
20101216,19.3,16.8,16.65,19.88,201292840.0000
20101215,20.05,19.24,19.19,20.1,45597440.0000
20101214,20.19,20.16,20.04,20.3,24787304.0000
20101213,20.08,20.22,19.88,20.44,40987800.0000
20101210,19.76,20.05,19.76,20.06,23731560.0000
20101209,19.54,19.78,19.33,19.8,14858320.0000
20101208,19.25,19.49,19.25,19.54,14306964.0000
20101207,19.75,19.22,19.2,19.94,25373912.0000
20101206,19.33,19.58,19.29,19.59,18343772.0000
20101203,19.18,19.34,19.06,19.39,20675780.0000
20101202,18.89,19.25,18.88,19.27,26758672.0000
20101201,18.74,18.81,18.61,18.87,22343008.0000
20101130,18.39,18.46,18.31,18.57,18541752.0000
20101129,18.81,18.55,18.23,18.81,21576376.0000
20101126,18.83,18.87,18.81,18.95,4349324.0000
20101124,18.88,18.95,18.79,19.0,17354572.0000
20101123,18.75,18.66,18.63,18.79,14624580.0000
20101122,19.17,18.86,18.82,19.25,19864444.0000
20101119,19.2,19.26,19.19,19.39,10311340.0000
20101118,19.07,19.24,19.04,19.27,17199956.0000
20101117,18.73,18.93,18.72,19.09,14879980.0000
20101116,18.89,18.75,18.57,19.08,20377968.0000
20101115,19.38,19.09,19.08,19.47,13307920.0000
20101112,19.64,19.24,19.23,19.7,13315964.0000
20101111,19.73,19.81,19.51,19.87,9205072.0000
20101110,19.63,19.82,19.5,19.83,11910780.0000
20101109,19.75,19.58,19.51,19.88,10805932.0000
20101108,19.85,19.68,19.65,19.96,12222080.0000
20101105,20.07,19.95,19.79,20.12,23765456.0000
20101104,19.93,20.0,19.77,20.02,20201760.0000
20101103,19.64,19.75,19.5,19.81,14122780.0000
20101102,19.54,19.61,19.37,19.67,15380112.0000
20101101,19.65,19.33,19.18,19.7,13675064.0000
20101029,19.1,19.54,19.09,19.61,22862304.0000
20101028,19.84,19.11,18.83,19.88,44452760.0000
20101027,20.07,19.98,19.79,20.15,20421828.0000
20101026,20.05,20.01,19.85,20.08,15628904.0000
20101025,20.0,20.16,19.91,20.18,16513512.0000
20101022,19.79,19.82,19.68,19.97,14804544.0000
20101021,19.86,19.8,19.65,20.22,19409260.0000
20101020,19.44,19.88,19.32,19.98,19822560.0000
20101019,19.4,19.39,19.31,19.89,28968828.0000
20101018,19.38,19.59,19.19,19.59,20168472.0000
20101015,19.44,19.4,19.16,19.48,14337392.0000
20101014,19.17,19.29,19.07,19.43,21302628.0000
20101013,18.68,19.24,18.58,19.25,29840356.0000
20101012,18.53,18.56,18.39,18.63,13895592.0000
20101011,18.46,18.57,18.46,18.7,10397332.0000
20101008,18.42,18.5,18.29,18.51,9381392.0000
20101007,18.57,18.4,18.39,18.7,9975192.0000
20101006,18.77,18.56,18.45,18.88,15118936.0000
20101005,18.53,18.75,18.42,18.75,20657920.0000
20101004,18.32,18.31,18.15,18.59,23151180.0000
20101001,18.68,18.33,18.29,18.69,18120936.0000
20100930,18.68,18.57,18.45,18.74,23143868.0000
20100929,18.25,18.6,18.22,18.63,27881532.0000
20100928,18.23,18.32,18.14,18.4,29212568.0000
20100927,18.19,18.25,17.98,18.37,20094496.0000
20100924,17.94,18.09,17.84,18.09,21027100.0000
20100923,17.52,17.75,17.47,17.86,26978812.0000
20100922,17.52,17.66,17.49,17.72,25826204.0000
20100921,17.61,17.49,17.38,17.78,25299936.0000
20100920,17.13,17.58,17.02,17.58,29386364.0000
20100917,17.19,17.12,17.05,17.25,41961080.0000
20100916,17.2,17.1,17.01,17.3,29798848.0000
20100915,16.93,17.23,16.9,17.38,39732168.0000
20100914,16.41,16.78,16.39,16.99,39584712.0000
20100913,17.0,16.37,16.23,17.0,60509280.0000
20100910,16.71,17.02,16.67,17.12,31386660.0000
20100909,17.2,16.7,16.52,17.24,52990520.0000
20100908,17.59,17.14,17.08,17.67,45005880.0000
20100907,17.97,17.88,17.84,18.25,14417472.0000
20100903,18.25,18.13,18.02,18.29,14071348.0000
20100902,17.75,18.0,17.67,18.06,16775944.0000
20100901,17.46,17.63,17.27,17.69,17288476.0000
20100831,17.39,17.25,17.0,17.52,23217132.0000
20100830,17.74,17.39,17.39,17.85,13997960.0000
20100827,17.6,17.78,17.4,17.78,15648040.0000
20100826,17.8,17.48,17.47,17.85,14076700.0000
20100825,17.58,17.72,17.57,18.04,22399560.0000
20100824,17.38,17.67,17.25,17.74,26743704.0000
20100823,17.64,17.53,17.4,17.83,18389232.0000
20100820,17.82,17.52,17.4,17.9,31537996.0000
20100819,18.11,17.91,17.88,18.18,18435548.0000
20100818,18.27,18.22,18.13,18.35,12231672.0000
20100817,18.36,18.34,18.11,18.44,13333672.0000
20100816,18.02,18.21,17.95,18.31,10700768.0000
20100813,18.24,18.06,18.04,18.28,14564968.0000
20100812,18.2,18.25,18.13,18.55,24676860.0000
20100811,18.5,18.38,18.25,18.59,23107044.0000
20100810,18.52,18.82,18.52,18.93,31067400.0000
20100809,18.28,18.68,18.2,18.72,28606540.0000
20100806,17.79,18.04,17.72,18.05,19353464.0000
20100805,18.03,17.88,17.83,18.1,30785664.0000
20100804,18.3,18.11,18.1,18.35,20498072.0000
20100803,17.91,18.25,17.86,18.38,34164716.0000
20100802,17.75,18.06,17.74,18.1,53842320.0000
20100730,17.9,18.34,17.84,18.41,30784088.0000
20100729,18.69,18.0,17.84,18.72,58862600.0000
20100728,19.04,18.8,18.77,19.21,25076828.0000
20100727,19.25,19.15,18.97,19.32,17329272.0000
20100726,18.92,19.02,18.84,19.13,15787104.0000
20100723,18.62,18.9,18.51,18.99,12660556.0000
20100722,18.29,18.61,18.26,18.64,19487376.0000
20100721,18.5,18.09,17.98,18.5,15905332.0000
20100720,17.68,18.4,17.63,18.42,19099272.0000
20100719,18.05,17.81,17.72,18.06,19989420.0000
20100716,18.4,17.86,17.82,18.44,39050544.0000
20100715,19.1,18.82,18.57,19.16,16485924.0000
20100714,19.14,19.07,18.91,19.25,12811404.0000
20100713,19.45,19.15,18.87,19.45,19930592.0000
20100712,19.0,19.13,18.97,19.34,15821412.0000
20100709,19.06,19.35,18.91,19.4,22477196.0000
20100708,18.88,18.77,18.51,18.95,16228680.0000
20100707,18.17,18.7,18.04,18.73,20871160.0000
20100706,18.46,18.07,17.95,18.58,23711788.0000
20100702,18.31,18.3,18.15,18.45,18801068.0000
20100701,17.75,18.22,17.53,18.25,30359928.0000
20100630,17.92,17.69,17.68,18.02,24716252.0000
20100629,18.57,17.86,17.77,18.62,39838616.0000
20100628,19.25,18.81,18.79,19.32,20511184.0000
20100625,19.26,19.17,18.91,19.35,24126984.0000
20100624,19.28,19.12,18.94,19.49,26266212.0000
20100623,19.74,19.44,19.2,19.74,27933596.0000
20100622,20.25,19.69,19.66,20.25,46870240.0000
20100621,19.49,20.23,18.86,20.95,115852360.0000
20100618,19.63,19.26,19.07,19.81,29732492.0000
20100617,19.45,19.56,19.32,19.78,29122772.0000
20100616,19.05,19.29,18.9,19.31,28139352.0000
20100615,18.62,19.23,18.48,19.24,31224244.0000
20100614,19.24,18.45,18.43,19.25,37453532.0000
20100611,19.13,19.02,18.84,19.22,30177068.0000
20100610,18.91,19.36,18.75,19.37,36379180.0000
20100609,18.53,18.45,18.3,18.87,35585996.0000
20100608,18.03,18.34,17.77,18.37,30494548.0000
20100607,18.0,17.97,17.89,18.45,30614072.0000
20100604,17.76,18.03,17.76,18.35,42088680.0000
20100603,17.98,18.21,17.92,18.3,39123508.0000
20100602,17.86,17.81,17.51,17.97,37595476.0000
20100601,18.12,17.87,17.84,18.4,25075848.0000
20100528,18.34,18.11,18.0,18.38,26580156.0000
20100527,18.75,18.42,18.23,18.8,39090716.0000
20100526,18.54,18.35,18.34,18.8,44398040.0000
20100525,18.27,18.24,17.94,18.46,45436840.0000
20100524,18.86,18.64,18.44,19.05,41146520.0000
20100521,18.0,18.55,18.0,19.0,79596960.0000
20100520,18.0,18.2,17.78,18.86,101205120.0000
20100519,17.68,18.24,17.68,18.55,131607440.0000
20100518,18.77,17.52,17.07,19.0,185733560.0000
20100517,19.69,18.68,18.42,19.81,90546160.0000
20100514,19.67,19.32,18.98,19.97,169823760.0000
20100513,21.47,21.43,21.13,22.0,31744196.0000
20100512,21.26,21.42,21.19,21.89,37130428.0000
20100511,21.28,21.04,20.79,21.31,47243400.0000
20100510,21.56,21.5,21.48,21.8,35103640.0000
20100507,20.77,20.57,20.19,21.04,45515680.0000
20100506,21.46,20.73,18.98,21.64,63937640.0000
20100505,21.69,21.61,21.0,21.99,37182736.0000
20100504,22.34,22.09,22.03,22.74,30622464.0000
20100503,22.64,22.32,22.11,22.82,31018348.0000
20100430,23.32,22.56,22.51,23.34,25059604.0000
20100429,23.44,23.21,23.03,23.65,29407348.0000
20100428,23.43,23.4,23.08,23.52,20356992.0000
20100427,23.99,23.24,23.22,24.06,17861104.0000
20100426,24.26,24.0,23.89,24.3,18274032.0000
20100423,24.05,24.15,23.81,24.21,12494680.0000
20100422,23.21,23.79,23.12,23.8,14655600.0000
20100421,23.59,23.28,23.22,23.6,11365064.0000
20100420,23.41,23.51,23.13,23.52,9088084.0000
20100419,23.3,23.28,23.02,23.55,12585220.0000
20100416,23.52,23.46,23.2,23.73,18750796.0000
20100415,23.59,23.61,23.48,23.82,20637740.0000
20100414,23.29,23.57,23.22,23.61,17328208.0000
20100413,23.35,23.2,23.04,23.45,11434584.0000
20100412,23.26,23.3,23.12,23.37,9323144.0000
20100409,22.99,23.13,22.91,23.15,9555500.0000
20100408,22.67,22.87,22.63,23.02,10645292.0000
20100407,23.13,22.68,22.66,23.13,14750392.0000
20100406,23.01,23.1,22.95,23.33,13813256.0000
20100405,23.26,23.12,23.03,23.3,15362276.0000
20100401,22.92,23.14,22.83,23.15,17464352.0000
20100331,22.68,22.76,22.63,23.05,12504104.0000
20100330,22.62,22.75,22.59,22.96,16330684.0000
20100329,22.64,22.56,22.54,22.79,11134160.0000
20100326,22.68,22.56,22.41,22.81,13535148.0000
20100325,22.42,22.6,22.37,22.95,20353324.0000
20100324,22.4,22.19,22.15,22.49,15607948.0000
20100323,22.38,22.5,22.31,22.58,13516084.0000
20100322,22.1,22.31,22.05,22.44,16672864.0000
20100319,22.63,22.21,22.17,22.69,24212756.0000
20100318,22.88,22.53,22.52,22.96,18760644.0000
20100317,23.03,22.88,22.81,23.1,14785064.0000
20100316,23.17,22.91,22.84,23.23,19067904.0000
20100315,23.22,23.1,22.78,23.29,20731060.0000
20100312,23.29,23.31,23.16,23.41,28640820.0000
20100311,22.74,23.19,22.7,23.32,55137560.0000
20100310,22.44,22.88,22.39,22.95,28436404.0000
20100309,22.56,22.54,22.47,22.92,36690404.0000
20100308,22.11,22.66,22.02,22.73,31258360.0000
20100305,21.85,22.13,21.78,22.14,19500952.0000
20100304,21.75,21.76,21.53,21.86,14576556.0000
20100303,21.65,21.7,21.56,21.8,13645648.0000
20100302,21.71,21.61,21.56,21.75,12901008.0000
20100301,21.38,21.71,21.32,21.74,13493824.0000
20100226,21.4,21.32,21.26,21.43,12476380.0000
20100225,21.19,21.31,20.94,21.36,14140668.0000
20100224,21.56,21.41,21.19,21.65,16209752.0000
20100223,21.76,21.53,21.52,21.9,19128416.0000
20100222,21.76,21.73,21.7,21.94,11572504.0000
20100219,21.5,21.7,21.37,21.75,13671840.0000
20100218,21.5,21.74,21.5,21.86,15264924.0000
20100217,21.5,21.61,21.44,21.64,14976432.0000
20100216,21.31,21.47,21.3,21.49,16064276.0000
20100212,21.13,21.2,20.91,21.24,22113644.0000
20100211,20.95,21.29,20.81,21.3,18044740.0000
20100210,20.87,20.91,20.72,20.98,14572684.0000
20100209,20.92,20.82,20.68,21.03,17967780.0000
20100208,20.73,20.76,20.64,21.1,23956656.0000
20100205,20.83,20.64,20.14,20.97,38685600.0000
20100204,21.31,20.76,20.7,21.55,66473600.0000
20100203,21.06,20.88,20.53,21.12,31701008.0000
20100202,21.07,21.0,20.88,21.12,14439032.0000
20100201,20.57,20.92,20.55,21.19,16096924.0000
20100129,20.65,20.51,20.47,21.25,20281372.0000
20100128,21.09,20.66,20.35,21.12,13070556.0000
20100127,20.22,20.98,20.15,21.03,19335044.0000
20100126,20.34,20.29,20.25,20.64,12436560.0000
20100125,20.85,20.51,20.35,20.95,16145360.0000
20100122,21.01,20.68,20.41,21.1,29772776.0000
20100121,21.86,21.11,21.03,21.98,28115472.0000
20100120,21.92,21.86,21.58,21.94,12771140.0000
20100119,21.54,21.96,21.43,22.1,15239420.0000
20100115,21.87,21.54,21.48,21.89,21294828.0000
20100114,21.74,21.86,21.63,21.88,18379592.0000
20100113,21.62,21.79,21.49,21.8,13428424.0000
20100112,21.65,21.59,21.46,21.76,12840568.0000
20100111,21.88,21.69,21.54,21.99,12911440.0000
20100108,21.71,21.75,21.56,21.85,11906832.0000
20100107,21.49,21.69,21.39,21.75,27842044.0000
20100106,21.75,21.49,21.48,21.77,16253368.0000
20100105,21.83,21.78,21.5,21.88,25833416.0000
20100104,22.0,22.04,21.87,22.19,20179776.0000
20091231,22.0,21.87,21.79,22.05,12643372.0000
20091230,21.87,22.04,21.87,22.07,12350176.0000
20091229,21.66,22.01,21.66,22.07,18742984.0000
20091228,21.61,21.69,21.52,21.75,13438824.0000
20091224,21.65,21.57,21.45,21.7,6912344.0000
20091223,21.62,21.54,21.41,21.75,23111332.0000
20091222,21.92,21.58,21.47,21.99,28815288.0000
20091221,22.24,21.88,21.66,22.27,44556600.0000
20091218,21.85,22.24,21.85,22.42,337461440.0000
20091217,21.62,21.76,21.38,21.85,38239636.0000
20091216,21.56,21.76,21.47,21.87,33777460.0000
20091215,21.06,21.54,20.98,21.55,38035792.0000
20091214,21.24,21.19,20.87,21.48,70498760.0000
20091211,20.57,20.34,20.29,20.6,11042508.0000
20091210,20.47,20.58,20.35,20.69,14546016.0000
20091209,19.91,20.44,19.88,20.48,16436516.0000
20091208,19.91,20.0,19.89,20.1,10418464.0000
20091207,20.07,19.98,19.96,20.16,9660676.0000
20091204,20.27,20.07,19.68,20.4,21865268.0000
20091203,20.59,20.01,19.98,20.66,19117884.0000
20091202,20.76,20.56,20.52,20.85,12852804.0000
20091201,20.36,20.74,20.25,20.85,24409972.0000
20091130,20.08,20.25,20.05,20.35,15703488.0000
20091127,20.02,20.08,19.9,20.21,9295184.0000
20091125,20.2,20.45,20.09,20.48,11494500.0000
20091124,20.09,20.16,19.9,20.16,12152876.0000
20091123,20.2,20.11,19.98,20.2,17634576.0000
20091120,19.93,20.0,19.91,20.11,12538056.0000
20091119,19.99,20.05,19.56,20.39,36532240.0000
20091118,20.05,20.1,19.92,20.22,11470680.0000
20091117,19.89,20.14,19.82,20.17,15732964.0000
20091116,20.02,19.89,19.81,20.1,23027092.0000
20091113,19.98,20.0,19.69,20.05,13697340.0000
20091112,20.17,19.98,19.83,20.27,12968880.0000
20091111,20.41,20.2,20.1,20.49,14662384.0000
20091110,20.23,20.27,20.14,20.37,19659856.0000
20091109,19.97,20.29,19.93,20.41,26318640.0000
20091106,19.75,19.92,19.66,19.98,15763236.0000
20091105,19.63,19.9,19.57,19.94,16346184.0000
20091104,19.58,19.58,19.53,19.88,24354344.0000
20091103,19.19,19.41,18.95,19.42,26089224.0000
20091102,19.02,19.32,18.96,19.54,25290744.0000
20091030,19.24,18.94,18.79,19.38,27300884.0000
20091029,19.25,19.32,18.96,19.55,41493320.0000
20091028,18.74,19.14,18.69,19.51,77863120.0000
20091027,18.4,18.48,18.13,18.61,39387296.0000
20091026,18.74,18.2,18.11,18.96,34779736.0000
20091023,18.98,18.53,18.41,19.02,25496200.0000
20091022,18.9,18.92,18.57,18.97,17455520.0000
20091021,18.7,18.8,18.7,19.25,16267648.0000
20091020,18.86,18.76,18.61,18.98,16496132.0000
20091019,18.57,18.74,18.3,18.75,14582796.0000
20091016,18.68,18.57,18.5,18.77,14941764.0000
20091015,18.55,18.77,18.51,18.96,22271920.0000
20091014,18.71,18.7,18.45,18.81,27128888.0000
20091013,18.43,18.67,18.31,18.75,23596132.0000
20091012,18.58,18.43,18.34,18.74,19281424.0000
20091009,17.89,18.24,17.84,18.32,20732400.0000
20091008,17.77,17.93,17.67,18.01,24104984.0000
20091007,17.29,17.72,17.23,17.84,49044760.0000
20091006,17.17,17.07,16.85,17.18,36159344.0000
20091005,16.97,17.04,16.92,17.25,19901580.0000
20091002,17.11,16.95,16.64,17.27,35416152.0000
20091001,17.19,17.28,17.19,17.54,28210636.0000
20090930,17.44,17.28,17.15,17.5,30464120.0000
20090929,17.8,17.39,17.3,18.04,41890320.0000
20090928,17.77,17.79,17.63,17.96,15301740.0000
20090925,18.29,17.67,17.31,18.31,48172960.0000
20090924,18.35,18.38,18.06,18.48,16049772.0000
20090923,18.6,18.48,18.44,18.75,14976308.0000
20090922,18.4,18.6,18.33,18.68,15248356.0000
20090921,18.27,18.35,18.25,18.58,12940160.0000
20090918,18.48,18.45,18.29,18.57,15208892.0000
20090917,18.49,18.45,18.33,18.72,14236092.0000
20090916,18.31,18.52,18.17,18.65,16596944.0000
20090915,18.25,18.3,18.1,18.36,15350984.0000
20090914,17.88,18.22,17.88,18.25,13098880.0000
20090911,18.13,18.07,17.94,18.13,15393412.0000
20090910,17.6,18.08,17.57,18.12,16997052.0000
20090909,17.82,17.62,17.55,17.83,16387784.0000
20090908,17.68,17.74,17.54,17.81,12220216.0000
20090904,17.66,17.59,17.51,17.74,9894392.0000
20090903,17.6,17.73,17.45,17.76,17066068.0000
20090902,17.44,17.52,17.36,17.72,13335000.0000
20090901,17.7,17.55,17.54,18.0,22287508.0000
20090831,17.43,17.77,17.4,17.83,21517132.0000
20090828,17.51,17.63,17.32,17.63,14017296.0000
20090827,17.42,17.43,17.32,17.56,20603488.0000
20090826,17.15,17.55,17.11,17.61,18963948.0000
20090825,17.04,17.25,16.98,17.25,17574032.0000
20090824,17.31,16.99,16.94,17.38,19977908.0000
20090821,17.09,17.25,16.96,17.26,27450612.0000
20090820,16.77,16.95,16.69,17.0,12148908.0000
20090819,16.58,16.8,16.54,16.81,15451376.0000
20090818,16.66,16.75,16.64,16.84,17076092.0000
20090817,16.71,16.61,16.51,16.75,19771176.0000
20090814,17.08,16.95,16.88,17.17,12206832.0000
20090813,17.13,17.17,16.99,17.22,14967284.0000
20090812,17.07,17.11,16.97,17.26,14430312.0000
20090811,17.14,17.15,17.13,17.31,14535484.0000
20090810,17.26,17.22,17.15,17.37,10032892.0000
20090807,17.31,17.29,17.18,17.41,15379704.0000
20090806,17.13,17.16,16.99,17.42,20892444.0000
20090805,17.3,17.1,16.97,17.3,19860632.0000
20090804,17.08,17.27,16.98,17.28,18680444.0000
20090803,16.55,17.28,16.48,17.28,30323052.0000
20090731,16.74,16.36,16.34,16.79,33046748.0000
20090730,16.92,16.8,16.71,17.42,57758720.0000
20090729,16.65,16.7,16.43,16.72,21764284.0000
20090728,16.93,16.58,16.53,17.08,22637708.0000
20090727,16.81,17.05,16.78,17.08,14233956.0000
20090724,16.57,16.82,16.56,16.91,13192444.0000
20090723,16.8,16.8,16.66,16.96,19385376.0000
20090722,16.66,16.71,16.58,16.89,25328220.0000
20090721,16.78,16.79,16.45,16.8,17739372.0000
20090720,16.09,16.78,16.08,16.82,32215756.0000
20090717,16.06,16.02,16.0,16.25,18071764.0000
20090716,15.61,16.1,15.55,16.18,50080480.0000
20090715,15.25,15.66,15.17,15.69,36462164.0000
20090714,15.13,15.07,14.91,15.13,13289836.0000
20090713,15.03,15.09,14.78,15.11,30622588.0000
20090710,14.97,14.97,14.85,15.08,16654792.0000
20090709,15.04,15.11,14.94,15.16,26615652.0000
20090708,14.93,14.87,14.5,15.08,64069760.0000
20090707,15.33,14.93,14.85,15.33,30359952.0000
20090706,15.02,15.17,14.98,15.28,23381640.0000
20090702,15.2,15.02,15.02,15.43,21510824.0000
20090701,15.57,15.2,15.2,15.64,26167472.0000
20090630,15.69,15.57,15.51,15.98,49252960.0000
20090629,15.97,15.75,15.63,15.97,22679696.0000
20090626,15.46,15.96,15.39,15.96,19750104.0000
20090625,15.22,15.49,15.07,15.57,20880832.0000
20090624,15.75,15.27,15.23,15.79,22797692.0000
20090623,15.33,15.67,15.33,15.72,19989076.0000
20090622,15.19,15.31,15.18,15.74,30010984.0000
20090619,15.43,15.34,15.22,15.53,25463048.0000
20090618,15.37,15.35,15.16,15.53,32155480.0000
20090617,15.62,15.34,15.2,15.78,32063780.0000
20090616,16.27,15.62,15.53,16.27,29787384.0000
20090615,16.0,16.11,15.77,16.47,25562564.0000
20090612,16.72,16.09,16.08,16.8,34747280.0000
20090611,17.34,16.68,16.67,17.4,43940720.0000
20090610,17.26,17.32,16.99,17.48,33793256.0000
20090609,17.52,17.16,17.12,17.59,21764504.0000
20090608,17.17,17.45,17.14,17.65,20634716.0000
20090605,17.5,17.32,17.2,17.71,28667892.0000
20090604,17.11,17.38,17.08,17.81,56220320.0000
20090603,16.67,17.06,16.47,17.19,35361512.0000
20090602,16.6,16.7,16.38,16.75,31029244.0000
20090601,17.13,16.67,16.45,17.24,43623160.0000
20090529,16.66,16.93,16.45,16.98,32051400.0000
20090528,16.57,16.63,16.44,16.75,20182180.0000
20090527,16.58,16.48,16.31,17.04,27152940.0000
20090526,16.45,16.69,16.32,16.72,20551872.0000
20090522,16.73,16.44,16.31,16.88,21726096.0000
20090521,16.13,16.57,16.12,16.58,19098676.0000
20090520,16.32,16.24,16.15,16.74,33857756.0000
20090519,16.51,16.2,16.07,16.58,45770960.0000
20090518,16.33,16.6,16.07,16.64,30168292.0000
20090515,16.11,16.27,16.01,16.38,24681560.0000
20090514,16.0,16.13,15.88,16.27,32860692.0000
20090513,16.08,16.12,15.88,16.37,47552600.0000
20090512,16.71,16.31,16.18,16.81,36373324.0000
20090511,16.7,16.48,16.48,16.99,25960940.0000
20090508,16.49,17.11,16.38,17.12,37834296.0000
20090507,16.66,16.38,16.34,16.75,34722468.0000
20090506,17.02,16.55,16.44,17.06,41824040.0000
20090505,16.95,16.85,16.74,17.13,56785720.0000
20090504,16.52,17.05,16.18,17.14,50207880.0000
20090501,16.04,16.25,15.66,16.58,60613080.0000
20090430,16.04,16.24,15.98,17.0,101742200.0000
20090429,15.47,15.88,15.38,15.94,59039480.0000
20090428,14.54,15.18,14.53,15.51,42277560.0000
20090427,14.7,14.72,14.66,14.93,29502508.0000
20090424,14.83,15.1,14.51,15.19,39684600.0000
20090423,14.56,14.56,14.28,14.74,35880908.0000
20090422,14.45,14.38,14.3,14.99,34678760.0000
20090421,13.71,14.66,13.56,14.68,37739004.0000
20090420,14.25,13.75,13.74,14.42,42559480.0000
20090417,14.55,14.5,14.32,14.78,37813668.0000
20090416,14.53,14.52,14.38,14.84,36108700.0000
20090415,14.51,14.78,14.31,14.82,29685116.0000
20090414,15.03,14.58,14.53,15.23,35705820.0000
20090413,14.54,15.28,14.5,15.35,38121632.0000
20090409,14.71,14.7,14.41,14.88,45782400.0000
20090408,14.45,14.46,14.1,14.47,23815156.0000
20090407,14.6,14.29,14.27,14.69,27118812.0000
20090406,14.68,14.78,14.44,15.01,44927480.0000
20090403,13.82,15.02,13.82,15.04,57691680.0000
20090402,13.87,13.9,13.78,14.28,47388520.0000
20090401,13.69,13.57,13.41,14.0,44140760.0000
20090331,13.6,13.9,13.46,14.06,47445440.0000
20090330,13.33,13.38,13.25,13.71,38592552.0000
20090327,13.57,13.56,13.55,14.08,32686632.0000
20090326,13.35,13.88,13.13,13.95,59466240.0000
20090325,13.49,13.19,12.82,13.69,58575360.0000
20090324,13.57,13.4,13.32,13.7,43553640.0000
20090323,13.47,13.89,13.23,13.9,44656120.0000
20090320,13.3,13.13,13.13,13.59,33475616.0000
20090319,14.1,13.17,13.11,14.18,41167960.0000
20090318,13.61,14.08,13.37,14.13,45296080.0000
20090317,13.0,13.82,12.83,13.85,25727816.0000
20090316,13.25,13.04,12.97,13.43,33474128.0000
20090313,13.57,13.01,12.93,13.84,49557840.0000
20090312,12.83,13.52,12.57,13.52,43271800.0000
20090311,13.42,12.84,12.63,13.42,36120104.0000
20090310,12.75,13.22,12.65,13.22,38644332.0000
20090309,12.42,12.45,12.19,12.77,33553096.0000
20090306,13.44,12.55,12.3,13.54,60675920.0000
20090305,13.64,13.36,13.17,13.87,44084520.0000
20090304,13.75,13.82,13.48,13.97,35773588.0000
20090303,13.68,13.59,13.3,13.91,42071160.0000
20090302,13.98,13.54,13.47,14.24,39014568.0000
20090227,13.75,14.18,13.75,14.48,47213760.0000
20090226,14.06,14.02,13.7,14.17,35904964.0000
20090225,14.03,13.86,13.79,14.14,34370452.0000
20090224,13.59,14.09,13.4,14.25,43559680.0000
20090223,14.01,13.56,13.5,14.21,31965896.0000
20090220,13.66,13.92,13.63,14.02,42904120.0000
20090219,14.24,13.91,13.87,14.48,35078116.0000
20090218,13.64,14.04,13.56,14.22,36271804.0000
20090217,13.67,13.56,13.42,13.8,35525220.0000
20090213,14.23,13.99,13.82,14.49,40787680.0000
20090212,13.57,14.1,13.28,14.15,34791192.0000
20090211,13.53,13.74,13.38,13.81,23649464.0000
20090210,13.78,13.46,13.4,14.0,38035640.0000
20090209,13.88,13.83,13.65,14.09,31873180.0000
20090206,13.49,13.85,13.42,14.0,45851240.0000
20090205,13.06,13.44,12.88,13.78,96658360.0000
20090204,12.22,12.28,12.14,12.56,32633780.0000
20090203,12.55,12.1,12.05,12.74,28951872.0000
20090202,12.07,12.49,11.89,12.5,28537564.0000
20090130,11.76,12.34,11.72,12.34,30310332.0000
20090129,11.49,11.57,11.31,12.03,26090316.0000
20090128,11.48,11.81,11.31,11.87,32081812.0000
20090127,10.87,11.04,10.66,11.05,26410932.0000
20090126,11.08,10.65,10.63,11.31,24009008.0000
20090123,10.67,11.08,10.45,11.11,22617060.0000
20090122,10.95,11.05,10.81,11.42,31923892.0000
20090121,10.8,11.05,10.68,11.29,50498240.0000
20090120,11.51,10.61,10.52,11.6,59726080.0000
20090116,12.26,11.85,11.3,12.36,69202600.0000
20090115,12.6,12.35,11.88,12.71,47440760.0000
20090114,13.0,12.74,12.56,13.15,25245264.0000
20090113,13.19,13.29,12.88,13.34,21901148.0000
20090112,13.82,13.24,13.14,14.04,31517596.0000
20090109,14.01,13.91,13.7,14.08,16675640.0000
20090108,14.0,13.94,13.32,14.08,34683240.0000
20090107,14.17,14.09,14.0,14.49,28434956.0000
20090106,13.63,14.4,13.63,14.5,32505316.0000
20090105,13.25,13.46,13.25,13.83,16599988.0000
20090102,13.23,13.36,13.06,13.43,13198348.0000
20081231,12.65,13.11,12.65,13.19,16371228.0000
20081230,13.05,12.75,12.57,13.05,17079040.0000
20081229,13.26,13.04,12.98,13.4,13801296.0000
20081226,13.2,13.31,12.98,13.37,6476024.0000
20081224,13.36,13.22,13.16,13.44,6529216.0000
20081223,13.38,13.41,13.28,13.6,10671232.0000
20081222,13.72,13.44,13.25,13.81,14080444.0000
20081219,13.63,13.74,13.45,14.06,35584972.0000
20081218,13.84,13.68,13.52,14.05,30354256.0000
20081217,13.57,13.84,13.52,14.0,24661420.0000
20081216,13.33,13.69,13.19,13.7,30714036.0000
20081215,13.2,13.19,12.94,13.44,21739328.0000
20081212,12.63,13.24,12.63,13.48,25098624.0000
20081211,13.1,13.02,12.93,13.65,29919584.0000
20081210,13.29,13.29,12.74,13.46,30186444.0000
20081209,13.88,13.38,13.28,14.11,32064452.0000
20081208,13.6,14.04,13.49,14.42,52999920.0000
20081205,12.44,13.3,12.13,13.37,40991160.0000
20081204,12.98,12.7,12.56,13.19,30483604.0000
20081203,12.03,13.11,12.03,13.19,36398368.0000
20081202,12.17,12.42,11.88,12.44,26572936.0000
20081201,12.75,12.01,11.92,12.79,30947624.0000
20081128,12.93,13.14,12.79,13.19,12711616.0000
20081126,12.2,13.0,12.05,13.0,27666472.0000
20081125,12.59,12.38,12.25,12.74,44958720.0000
20081124,11.9,12.43,11.45,12.5,44849520.0000
20081121,12.4,11.6,10.89,12.4,84741760.0000
20081120,12.55,12.04,12.0,12.83,50985560.0000
20081119,13.5,12.9,12.81,13.96,34941128.0000
20081118,13.2,13.66,13.15,13.77,31452688.0000
20081117,13.28,13.19,12.92,13.56,29305300.0000
20081114,13.28,13.56,13.11,14.25,37349560.0000
20081113,12.97,13.61,12.47,13.65,38731140.0000
20081112,13.11,12.94,12.8,13.91,42723520.0000
20081111,12.75,13.45,12.59,13.75,32388436.0000
20081110,13.83,13.0,12.8,13.83,26516444.0000
20081107,13.11,13.38,12.83,13.7,30900824.0000
20081106,13.76,12.88,12.69,14.0,52092000.0000
20081105,14.57,14.12,14.11,14.8,44987560.0000
20081104,13.6,14.95,13.47,15.11,73599960.0000
20081103,13.98,13.12,12.98,14.03,28280396.0000
20081031,13.47,13.84,13.25,14.02,40372760.0000
20081030,12.65,13.56,12.65,14.04,74912280.0000
20081029,12.6,12.67,12.38,13.38,55941840.0000
20081028,11.98,12.49,11.76,12.9,58428680.0000
20081027,11.75,11.65,11.61,12.3,41900880.0000
20081024,10.95,12.0,10.94,12.13,40798480.0000
20081023,12.19,12.08,11.44,12.39,47969600.0000
20081022,12.49,12.13,12.0,13.0,40241440.0000
20081021,12.84,12.68,12.57,13.27,28972736.0000
20081020,13.33,13.0,12.78,13.46,35959860.0000
20081017,12.88,13.06,12.88,13.77,35096332.0000
20081016,12.54,13.27,12.01,13.33,56016800.0000
20081015,13.88,12.44,12.13,14.0,76685320.0000
20081014,15.5,14.4,13.81,15.53,53142160.0000
20081013,13.75,14.72,13.4,14.75,49428720.0000
20081010,11.75,13.0,11.75,13.49,72540320.0000
20081009,13.45,12.46,12.35,13.99,42537600.0000
20081008,12.25,13.16,11.94,13.61,75210280.0000
20081007,14.0,12.79,12.66,14.11,75812680.0000
20081006,13.36,13.85,12.56,14.01,87359920.0000
20081003,14.77,14.21,14.08,15.04,58351240.0000
20081002,15.37,14.4,14.33,15.37,35212280.0000
20081001,15.19,15.33,14.8,15.53,27048952.0000
20080930,14.1,15.35,14.1,15.36,38721852.0000
20080929,15.08,14.45,13.97,15.12,76473680.0000
20080926,15.68,15.51,15.2,15.85,51158640.0000
20080925,16.44,16.15,16.14,16.62,23824108.0000
20080924,16.76,16.42,16.38,16.93,24531900.0000
20080923,16.46,16.73,16.03,16.87,43757840.0000
20080922,17.23,16.3,16.23,17.25,46258240.0000
20080919,17.75,17.39,16.76,17.79,68945720.0000
20080918,16.05,16.73,14.6,16.81,84129640.0000
20080917,16.45,16.02,16.0,16.99,67473360.0000
20080916,16.66,16.59,16.25,17.24,83073600.0000
20080915,17.17,17.35,17.07,17.75,38722312.0000
20080912,17.48,17.91,17.31,17.92,28239332.0000
20080911,16.85,17.74,16.76,17.84,47122280.0000
20080910,16.82,17.26,16.66,17.48,43934760.0000
20080909,17.59,16.87,16.8,17.59,49750920.0000
20080908,18.38,17.52,17.17,18.57,56671160.0000
20080905,17.49,17.94,17.31,18.0,40610160.0000
20080904,18.13,17.63,17.44,18.16,37661096.0000
20080903,18.64,18.26,18.02,18.84,35398880.0000
20080902,19.21,18.75,18.6,19.38,29898388.0000
20080829,18.74,18.98,18.68,19.0,19325236.0000
20080828,18.69,18.91,18.54,18.95,26740312.0000
20080827,18.26,18.61,18.21,18.63,19138600.0000
20080826,18.42,18.34,18.22,18.58,18660204.0000
20080825,18.38,18.33,18.28,18.72,18039504.0000
20080822,18.84,18.52,18.46,18.95,20954816.0000
20080821,18.49,18.6,18.3,18.66,15542548.0000
20080820,18.52,18.64,18.42,18.68,18117680.0000
20080819,18.61,18.43,18.4,18.81,21104200.0000
20080818,18.91,18.74,18.54,19.06,25849716.0000
20080815,19.0,18.95,18.71,19.13,25998756.0000
20080814,18.47,18.95,18.4,18.95,25838956.0000
20080813,18.19,18.48,18.12,18.54,29918624.0000
20080812,18.55,18.2,18.15,18.7,33733480.0000
20080811,18.11,18.7,17.99,19.13,55276720.0000
20080808,17.44,18.15,17.28,18.21,36349972.0000
20080807,17.7,17.38,17.34,17.81,43825000.0000
20080806,18.2,17.87,17.77,18.2,40853400.0000
20080805,18.3,18.4,18.08,18.56,34349476.0000
20080804,17.94,18.13,17.88,18.4,42680840.0000
20080801,18.33,17.93,17.59,18.52,61709280.0000
20080731,19.06,18.27,17.87,19.54,148844800.0000
20080730,19.31,19.61,18.57,19.73,75343640.0000
20080729,17.76,18.99,17.75,18.99,49003760.0000
20080728,18.1,17.64,17.56,18.4,35688836.0000
20080725,17.64,17.99,17.27,18.09,38624560.0000
20080724,18.23,17.52,17.49,18.43,36620472.0000
20080723,18.38,18.31,18.15,18.75,49933040.0000
20080722,17.4,18.51,16.98,18.56,65399720.0000
20080721,18.48,17.98,17.89,18.74,52828000.0000
20080718,18.56,18.35,18.03,18.62,46622080.0000
20080717,18.43,18.77,17.84,18.77,67210720.0000
20080716,17.08,18.06,16.63,18.14,92447480.0000
20080715,17.82,17.11,16.82,17.83,84181640.0000
20080714,19.02,18.15,18.13,19.05,42678360.0000
20080711,18.9,18.64,18.5,19.36,54642360.0000
20080710,18.94,19.31,18.47,19.41,52755000.0000
20080709,19.75,18.97,18.85,19.77,55291200.0000
20080708,18.72,19.77,18.06,19.88,95788120.0000
20080707,19.63,18.91,18.5,19.99,79932000.0000
20080703,19.84,19.52,19.31,19.95,28757860.0000
20080702,20.48,19.86,19.83,20.6,33802812.0000
20080701,19.91,20.35,19.8,20.35,44921440.0000
20080630,20.5,20.33,20.08,20.71,49299640.0000
20080627,19.7,20.65,19.64,20.72,170741360.0000
20080626,20.15,19.77,19.51,20.18,76537840.0000
20080625,20.84,20.52,20.47,21.11,50698080.0000
20080624,20.02,20.67,19.63,20.74,49889840.0000
20080623,20.96,20.27,20.26,21.09,30138024.0000
20080620,20.74,20.89,20.69,21.13,42542800.0000
20080619,20.87,21.07,20.41,21.1,36924636.0000
20080618,20.93,20.97,20.86,21.18,33719660.0000
20080617,21.03,21.17,20.92,21.25,33273316.0000
20080616,20.37,20.82,20.27,20.88,34383872.0000
20080613,20.07,20.38,20.04,20.45,30689048.0000
20080612,19.74,19.89,19.64,20.19,44520760.0000
20080611,20.25,19.43,19.4,20.25,56996440.0000
20080610,20.08,20.08,19.9,20.72,36044760.0000
20080609,21.0,20.54,20.14,21.24,45111880.0000
20080606,21.48,20.91,20.89,21.5,41747200.0000
20080605,21.62,21.81,21.4,21.81,26525160.0000
20080604,21.77,21.37,21.32,22.03,40681960.0000
20080603,21.75,21.89,21.51,21.99,48411240.0000
20080602,21.55,21.52,21.15,21.74,36769176.0000
20080530,21.51,21.59,21.45,21.89,72011880.0000
20080529,20.86,21.31,20.75,21.74,100513000.0000
20080528,20.07,20.48,19.89,20.49,52995200.0000
20080527,19.23,19.68,18.59,19.74,62774640.0000
20080523,18.96,19.09,18.78,19.33,42196360.0000
20080522,20.14,19.33,19.04,20.15,85269440.0000
20080521,20.67,20.21,20.13,20.86,41777520.0000
20080520,20.72,20.69,20.48,20.96,40693840.0000
20080519,20.57,20.83,20.54,21.19,45471160.0000
20080516,20.68,20.59,20.32,20.71,33999684.0000
20080515,20.63,20.56,20.28,20.73,36670108.0000
20080514,20.83,20.56,20.36,21.09,51338880.0000
20080513,20.46,20.6,20.2,20.88,53238320.0000
20080512,20.91,20.48,19.52,21.12,147470480.0000
20080509,21.45,20.72,20.63,21.67,94110680.0000
20080508,22.38,21.83,21.49,22.44,92813040.0000
20080507,22.21,22.13,21.92,22.46,100358920.0000
20080506,21.37,21.88,21.19,22.04,75844800.0000
20080505,20.71,21.27,20.2,21.38,70218960.0000
20080502,21.82,20.69,20.25,21.88,136542400.0000
20080501,21.1,21.35,20.98,21.91,116167280.0000
20080430,20.35,20.86,20.27,21.2,147405600.0000
20080429,18.54,20.22,17.75,20.22,197015160.0000
20080428,19.13,18.91,18.73,19.32,128411280.0000
20080425,19.0,18.77,18.48,19.02,101208160.0000
20080424,17.8,18.08,17.51,18.25,37955736.0000
20080423,17.74,17.52,17.42,17.93,37308128.0000
20080422,17.98,17.57,17.5,18.1,47355760.0000
20080421,17.37,17.74,17.21,18.13,58847640.0000
20080418,17.0,17.25,16.8,17.61,104096920.0000
20080417,16.57,16.76,16.5,16.94,22458176.0000
20080416,16.14,16.54,16.14,16.74,25124596.0000
20080415,16.57,16.09,16.0,16.64,23881952.0000
20080414,16.68,16.42,16.38,16.81,28439560.0000
20080411,16.31,16.53,16.31,16.69,26421608.0000
20080410,16.54,16.53,16.28,16.68,22371932.0000
20080409,17.11,16.45,16.4,17.18,48311760.0000
20080408,16.23,17.02,16.2,17.06,53902240.0000
20080407,16.27,16.26,16.01,16.45,28301468.0000
20080404,16.23,16.12,15.94,16.33,36386844.0000
20080403,15.49,16.38,15.46,16.57,100657240.0000
20080402,15.43,15.58,15.13,15.58,43833360.0000
20080401,15.77,15.4,15.08,15.92,60402280.0000
20080331,15.65,15.59,15.51,15.87,22155448.0000
20080328,15.84,15.69,15.54,15.86,24670716.0000
20080327,16.01,15.73,15.66,16.18,39821444.0000
20080326,15.68,15.99,15.39,16.12,43094600.0000
20080325,15.15,15.81,14.96,16.06,87077200.0000
20080324,16.81,14.93,14.75,16.93,149497400.0000
20080320,14.6,16.09,14.38,16.25,198710560.0000
20080319,14.88,14.13,13.75,17.25,708240400.0000
