20160408,114.25,110.63,109.9,114.33,48467350.0000
20160407,113.79,113.64,113.07,114.89,20683460.0000
20160406,112.47,113.71,112.42,113.81,20794390.0000
20160405,112.11,112.22,111.9,113.32,22779490.0000
20160404,114.07,112.55,111.61,114.55,48418260.0000
20160401,113.75,116.06,113.35,116.17,24751160.0000
20160331,114.7,114.1,113.77,115.01,21171030.0000
20160330,116.73,114.7,114.36,116.99,33196410.0000
20160329,113.83,116.14,113.64,116.32,29789720.0000
20160328,113.32,113.69,112.95,114.59,21332720.0000
20160324,112.13,113.05,111.68,113.09,17157540.0000
20160323,112.01,112.54,112.0,113.19,18546450.0000
20160322,111.36,112.25,111.17,112.88,18989920.0000
20160321,111.66,111.85,111.03,112.37,18430870.0000
20160318,111.56,111.45,110.27,112.42,36265530.0000
20160317,112.15,111.02,110.73,112.69,24215410.0000
20160316,110.49,112.18,110.1,112.5,24696190.0000
20160315,109.11,110.67,108.84,110.83,17596280.0000
20160314,109.28,109.89,108.77,110.33,17240940.0000
20160311,108.48,109.41,107.92,109.42,20667610.0000
20160310,107.91,107.32,105.77,108.66,24835810.0000
20160309,106.7,107.51,105.49,107.51,20458320.0000
20160308,104.78,105.93,104.4,107.37,25582660.0000
20160307,108.07,105.73,104.72,108.07,31487180.0000
20160304,110.05,108.39,107.93,110.05,24908230.0000
20160303,110.25,109.58,108.54,110.3,21337720.0000
20160302,109.68,109.95,108.77,110.55,25656490.0000
20160301,107.83,109.82,107.6,109.82,26743550.0000
20160229,107.6,106.92,106.75,108.91,32739960.0000
20160226,108.7,107.92,107.16,109.45,26658020.0000
20160225,107.11,108.07,105.61,108.07,29862100.0000
20160224,104.21,106.88,102.74,106.95,34313290.0000
20160223,106.85,105.46,105.12,107.47,25279170.0000
20160222,105.49,107.16,105.34,108.25,35675920.0000
20160219,102.55,104.57,102.06,105.02,32385500.0000
20160218,105.8,103.47,103.03,106.0,29543040.0000
20160217,101.94,105.2,100.4,105.72,44009090.0000
20160216,103.8,101.61,100.24,103.93,45604490.0000
20160212,103.74,102.01,101.09,104.24,36158700.0000
20160211,99.6,101.91,98.88,105.11,43598890.0000
20160210,101.55,101.0,100.24,103.25,45044840.0000
20160209,97.14,99.54,96.82,102.4,62616740.0000
20160208,100.41,99.75,97.46,102.68,71119290.0000
20160205,109.51,104.07,103.18,109.58,76801180.0000
20160204,111.8,110.49,109.25,111.94,38784240.0000
20160203,115.27,112.69,109.75,115.34,56867520.0000
20160202,114.8,114.61,113.2,117.59,59704890.0000
20160201,112.27,115.09,112.01,115.72,46025570.0000
20160129,108.99,112.21,108.84,112.84,62660640.0000
20160128,107.2,109.11,104.81,110.34,107251300.0000
20160127,97.79,94.45,94.23,97.85,53505580.0000
20160126,97.76,97.34,95.66,97.88,26749760.0000
20160125,98.72,97.01,96.93,99.48,32382100.0000
20160122,96.41,97.94,95.49,98.07,30371970.0000
20160121,94.91,94.16,92.62,95.99,30479780.0000
20160120,92.83,94.35,89.37,95.0,59015930.0000
20160119,96.53,95.26,93.92,97.42,30840640.0000
20160115,93.98,94.97,93.54,96.38,46068460.0000
20160114,95.85,98.37,92.45,98.87,48617610.0000
20160113,100.58,95.44,95.21,100.58,33297700.0000
20160112,99.0,99.37,97.55,99.96,28301680.0000
20160111,97.91,97.51,95.39,98.6,29896390.0000
20160108,99.88,97.33,97.03,100.5,35351010.0000
20160107,100.5,97.92,97.3,101.43,45038210.0000
20160106,101.13,102.97,100.9,103.77,25046390.0000
20160105,102.89,102.73,101.67,103.71,23238890.0000
20160104,101.95,102.22,99.75,102.24,37846820.0000
20151231,106.0,104.66,104.62,106.17,18382210.0000
20151230,107.0,106.22,106.06,107.25,13103910.0000
20151229,106.42,107.26,106.25,107.74,17149240.0000
20151228,105.02,105.93,104.53,105.98,13045160.0000
20151224,104.74,105.02,104.5,105.32,6512134.0000
20151223,105.89,104.63,103.86,106.11,19571550.0000
20151222,105.22,105.51,104.81,105.66,14584780.0000
20151221,104.91,104.77,103.6,105.15,16105710.0000
20151218,106.08,104.04,103.97,106.59,35810840.0000
20151217,107.49,106.22,106.13,107.75,21580540.0000
20151216,105.37,106.79,104.19,107.09,22095830.0000
20151215,105.3,104.55,104.28,105.8,21697070.0000
20151214,102.29,104.66,101.46,104.74,24693110.0000
20151211,104.15,102.12,101.91,104.34,26357790.0000
20151210,105.05,105.42,104.41,106.4,17435630.0000
20151209,106.18,104.6,103.55,106.44,23468200.0000
20151208,104.0,106.49,103.95,106.91,20376290.0000
20151207,106.48,105.61,104.66,106.83,15447530.0000
20151204,104.81,106.18,104.11,107.73,21212310.0000
20151203,106.27,104.38,103.35,106.85,23193110.0000
20151202,107.0,106.07,105.79,107.92,24334420.0000
20151201,104.83,107.12,104.5,107.15,22743200.0000
20151130,105.84,104.24,103.75,106.1,20055950.0000
20151127,105.78,105.45,104.86,105.96,5913066.0000
20151125,106.33,105.41,105.1,106.6,15140370.0000
20151124,106.0,105.74,104.39,106.49,23512790.0000
20151123,107.19,106.95,106.08,107.47,19740130.0000
20151120,106.84,107.32,106.62,107.87,22102030.0000
20151119,107.36,106.26,105.95,107.73,25492640.0000
20151118,105.8,107.77,105.39,107.88,23797450.0000
20151117,104.62,105.13,104.14,106.2,26774350.0000
20151116,103.32,104.04,100.47,104.17,49256510.0000
20151113,107.71,103.95,103.83,108.25,30161510.0000
20151112,108.48,108.02,108.0,109.39,20852000.0000
20151111,108.27,109.01,107.11,109.87,25023690.0000
20151110,105.96,107.91,105.24,108.15,24999520.0000
20151109,107.0,106.49,105.86,108.25,26354740.0000
20151106,108.04,107.1,105.91,108.74,35046680.0000
20151105,108.8,108.76,107.95,110.65,63142550.0000
20151104,103.19,103.94,102.48,104.14,41832160.0000
20151103,103.22,102.58,102.4,103.65,21178920.0000
20151102,102.46,103.31,101.18,103.47,23972130.0000
20151030,104.51,101.97,101.65,104.72,33436740.0000
20151029,103.96,104.88,103.52,105.12,20157920.0000
20151028,103.9,104.2,102.92,104.48,24053690.0000
20151027,102.94,103.7,102.4,104.1,23741160.0000
20151026,102.2,103.77,101.55,103.81,25912180.0000
20151023,101.91,102.19,100.16,102.85,42754060.0000
20151022,97.79,99.67,97.55,99.73,25971110.0000
20151021,97.37,97.11,96.47,98.18,21971730.0000
20151020,98.73,97.0,96.56,99.59,30824330.0000
20151019,97.18,98.47,96.92,98.57,23605470.0000
20151016,96.18,97.54,95.35,97.59,25370980.0000
20151015,94.99,95.96,94.9,96.3,27499010.0000
20151014,94.08,94.07,93.61,95.2,19197310.0000
20151013,93.66,94.12,93.55,95.37,19406320.0000
20151012,93.32,94.26,92.67,94.6,18396970.0000
20151009,92.9,93.24,92.24,93.74,19979290.0000
20151008,91.89,92.47,90.47,93.22,27237050.0000
20151007,93.11,92.4,91.37,93.66,24094490.0000
20151006,94.08,92.8,92.34,94.17,22459730.0000
20151005,92.94,94.01,92.66,94.27,27258120.0000
20151002,88.9,92.07,88.37,92.2,37672130.0000
20151001,90.05,90.95,88.36,90.95,29219020.0000
20150930,88.44,89.9,88.01,90.02,36113040.0000
20150929,89.1,86.67,85.72,90.06,42212360.0000
20150928,92.08,89.21,88.18,92.29,41060880.0000
20150925,95.79,92.77,92.06,95.85,28910510.0000
20150924,93.06,94.41,92.24,94.77,29037890.0000
20150923,93.4,93.97,92.8,94.32,21672220.0000
20150922,93.77,92.96,91.92,94.68,36834600.0000
20150921,94.62,95.55,94.52,96.49,28760280.0000
20150918,93.2,94.4,93.05,95.19,62232280.0000
20150917,93.37,94.34,92.9,95.51,27716330.0000
20150916,92.9,93.45,92.63,93.6,16265640.0000
20150915,92.37,92.9,91.79,93.25,18820730.0000
20150914,92.31,92.31,91.6,92.62,20108630.0000
20150911,91.68,92.05,91.13,92.08,21102320.0000
20150910,90.07,91.98,89.63,92.06,26392490.0000
20150909,90.78,90.44,90.17,91.98,32482750.0000
20150908,89.69,89.53,88.83,90.24,26935820.0000
20150904,87.2,88.26,86.7,88.39,27277250.0000
20150903,89.76,88.15,87.73,89.82,26954140.0000
20150902,88.81,89.89,87.63,89.89,27010970.0000
20150901,86.85,87.23,86.5,89.39,35958020.0000
20150831,90.6,89.43,88.89,91.05,32771380.0000
20150828,89.88,91.01,89.79,91.48,33174580.0000
20150827,89.1,89.73,87.19,90.06,42290120.0000
20150826,85.95,87.19,83.26,87.46,44994100.0000
20150825,86.95,83.0,83.0,87.67,51860780.0000
20150824,77.03,82.09,72.0,87.14,83487210.0000
20150821,87.52,86.06,85.61,89.18,62473650.0000
20150820,93.54,90.56,90.46,94.77,44415420.0000
20150819,94.63,95.31,94.16,96.1,23176290.0000
20150818,94.08,95.17,94.04,95.85,22222720.0000
20150817,94.42,93.93,93.39,94.46,18284030.0000
20150814,93.54,94.42,93.21,94.72,15904340.0000
20150813,94.05,93.43,93.35,94.73,17398890.0000
20150812,92.7,94.19,91.19,94.44,27075100.0000
20150811,93.73,93.62,92.9,94.76,22244980.0000
20150810,95.68,94.15,93.63,95.9,21461830.0000
20150807,95.38,94.3,93.61,95.4,23141300.0000
20150806,97.18,95.12,94.42,98.74,42205860.0000
20150805,95.25,96.44,95.18,97.09,29718020.0000
20150804,93.79,94.06,93.33,94.73,20050730.0000
20150803,93.53,94.14,92.8,95.08,29262980.0000
20150731,94.95,94.01,93.95,96.33,46386320.0000
20150730,94.91,95.21,91.8,95.81,86021630.0000
20150729,96.32,96.99,94.74,97.28,61383310.0000
20150728,94.84,95.29,93.31,95.56,34826750.0000
20150727,96.58,94.17,93.83,96.61,38428000.0000
20150724,97.35,96.95,95.88,97.76,33351170.0000
20150723,96.96,95.44,94.81,97.45,29281230.0000
20150722,96.74,97.04,95.92,97.58,28196110.0000
20150721,98.95,98.39,97.14,99.24,39163900.0000
20150720,95.85,97.91,95.36,98.6,54786320.0000
20150717,92.55,94.97,92.54,95.39,53767930.0000
20150716,90.28,90.85,89.77,90.86,21417840.0000
20150715,90.0,89.76,89.42,90.99,30818700.0000
20150714,90.46,89.68,89.65,90.8,26568630.0000
20150713,88.66,90.1,88.42,90.22,29682360.0000
20150710,87.35,87.95,86.77,88.22,23191120.0000
20150709,86.73,85.88,85.65,87.6,23237200.0000
20150708,86.29,85.65,85.45,86.75,24351990.0000
20150707,87.8,87.22,85.23,87.85,33023960.0000
20150706,86.49,87.55,86.39,88.18,24592870.0000
20150702,87.4,87.29,86.34,87.44,16875000.0000
20150701,86.77,86.91,86.49,87.95,25198260.0000
20150630,86.6,85.77,85.57,86.7,23195430.0000
20150629,86.61,85.8,85.73,87.5,35869530.0000
20150626,88.12,88.01,86.83,88.34,38185770.0000
20150625,89.26,87.98,87.84,89.4,27245480.0000
20150624,87.66,88.86,87.45,89.25,41337040.0000
20150623,84.96,87.88,84.76,87.97,50336830.0000
20150622,83.41,84.74,83.31,84.97,29076040.0000
20150619,82.83,82.51,82.12,82.98,23337800.0000
20150618,81.64,82.91,81.57,83.19,26726860.0000
20150617,81.76,81.79,81.34,82.22,18326140.0000
20150616,80.82,81.06,80.45,81.51,13673040.0000
20150615,80.55,80.71,80.07,80.93,18782870.0000
20150612,81.37,81.53,81.2,82.09,11403090.0000
20150611,82.31,81.83,81.36,82.9,18619240.0000
20150610,80.83,82.16,80.81,82.6,21485920.0000
20150609,80.6,80.67,79.32,81.19,16443310.0000
20150608,81.82,80.67,80.13,82.0,16882270.0000
20150605,81.87,82.14,81.51,82.46,16087280.0000
20150604,82.14,82.05,81.51,82.95,20825910.0000
20150603,81.35,82.44,81.25,82.53,31633300.0000
20150602,79.76,80.44,79.56,81.35,18900690.0000
20150601,79.3,80.29,78.66,80.38,18106110.0000
20150529,79.95,79.19,78.88,80.07,16111570.0000
20150528,80.25,80.15,80.0,81.07,11974610.0000
20150527,79.6,80.55,79.43,80.66,14132160.0000
20150526,80.43,79.33,79.08,80.6,16271510.0000
20150522,80.35,80.54,80.25,81.31,19547070.0000
20150521,80.19,80.48,80.08,80.92,13376150.0000
20150520,80.47,80.55,79.46,81.1,23024330.0000
20150519,81.25,80.63,80.55,81.69,17943450.0000
20150518,80.33,80.88,80.23,81.38,21560230.0000
20150515,81.41,80.42,80.18,81.52,27029540.0000
20150514,78.94,81.37,78.67,81.85,49376110.0000
20150513,77.72,78.44,77.65,78.53,21485710.0000
20150512,77.87,77.46,76.79,77.89,21249920.0000
20150511,78.48,78.01,77.93,79.03,18826100.0000
20150508,79.1,78.51,78.03,79.23,19921440.0000
20150507,78.0,78.43,77.56,78.94,19727740.0000
20150506,77.97,78.1,77.05,78.81,28610160.0000
20150505,78.55,77.56,77.22,78.8,22243130.0000
20150504,79.33,78.81,78.63,79.69,14664320.0000
20150501,79.24,78.99,78.11,79.76,22811310.0000
20150430,80.01,78.77,78.32,80.96,28924470.0000
20150429,80.01,80.47,79.52,81.39,26400340.0000
20150428,81.83,80.68,80.23,81.9,23724520.0000
20150427,81.87,81.91,81.63,82.93,25401050.0000
20150424,82.77,81.53,81.48,82.94,29617390.0000
20150423,84.1,82.41,82.41,85.59,73607220.0000
20150422,84.32,84.63,83.65,84.74,43286780.0000
20150421,84.0,83.62,83.54,84.49,26824310.0000
20150420,81.54,83.09,81.24,83.15,28700450.0000
20150417,81.48,80.78,80.37,82.11,24156000.0000
20150416,82.47,82.31,82.15,83.07,13678800.0000
20150415,83.55,82.71,82.27,83.66,22358670.0000
20150414,83.17,83.52,82.44,83.69,19612620.0000
20150413,81.93,83.01,81.92,83.94,26868830.0000
20150410,82.21,82.04,81.91,82.61,12501090.0000
20150409,82.5,82.17,81.71,82.8,15902970.0000
20150408,82.63,82.28,81.84,83.1,18936170.0000
20150407,82.65,82.32,82.22,83.42,17442950.0000
20150406,80.8,82.44,80.8,82.81,19008980.0000
20150402,82.25,81.56,81.44,82.56,19631440.0000
20150401,82.5,81.67,80.87,82.72,22028080.0000
20150331,82.9,82.22,82.21,83.5,19705200.0000
20150330,83.81,83.2,82.41,84.34,24506180.0000
20150327,83.38,83.3,82.88,83.95,18313110.0000
20150326,82.72,83.01,82.14,83.77,32754510.0000
20150325,85.5,82.92,82.92,85.52,37348640.0000
20150324,84.71,85.31,84.52,86.07,32507390.0000
20150323,83.92,84.43,83.3,84.96,27291310.0000
20150320,83.39,83.8,83.07,84.6,44405260.0000
20150319,81.12,82.75,81.0,83.0,42047570.0000
20150318,79.25,80.91,79.17,81.24,36732660.0000
20150317,78.36,79.36,78.34,79.78,22105760.0000
20150316,77.96,78.07,77.36,78.12,19289450.0000
20150313,78.6,78.05,77.68,79.38,18481750.0000
20150312,78.1,78.93,77.91,79.05,16069270.0000
20150311,77.8,77.57,77.26,78.43,20141490.0000
20150310,78.5,77.55,77.55,79.26,22965310.0000
20150309,79.68,79.44,78.63,79.91,18908230.0000
20150306,80.9,80.01,79.83,81.33,24457940.0000
20150305,81.23,81.21,81.05,81.99,27792840.0000
20150304,79.3,80.9,78.85,81.15,28057010.0000
20150303,79.61,79.6,78.52,79.7,18602170.0000
20150302,79.0,79.75,78.52,79.86,21645890.0000
20150227,80.68,78.97,78.62,81.23,30705140.0000
20150226,79.88,80.41,79.72,81.37,30980750.0000
20150225,78.5,79.56,78.5,80.2,25546020.0000
20150224,78.5,78.45,78.1,79.48,18871220.0000
20150223,79.96,78.84,78.38,80.19,24105020.0000
20150220,79.55,79.9,79.2,80.34,36904680.0000
20150219,76.99,79.42,76.95,79.84,45778750.0000
20150218,75.94,76.71,75.45,76.9,22410540.0000
20150217,75.3,75.6,75.08,76.91,25243920.0000
20150213,76.46,75.74,75.5,76.48,18487260.0000
20150212,76.86,76.23,75.89,76.87,17212100.0000
20150211,75.09,76.51,75.03,76.75,20817690.0000
20150210,74.85,75.19,74.5,75.34,15783750.0000
20150209,74.05,74.44,73.45,74.83,16182700.0000
20150206,75.68,74.47,74.25,75.7,21131450.0000
20150205,75.71,75.61,75.21,75.98,15002820.0000
20150204,75.09,75.63,75.01,76.35,20246640.0000
20150203,75.19,75.4,73.86,75.58,26921640.0000
20150202,76.11,74.99,73.75,76.14,41901530.0000
20150130,78.0,75.91,75.75,78.16,42540890.0000
20150129,76.85,78.0,74.21,78.02,60670160.0000
20150128,76.9,76.24,76.0,77.64,51281680.0000
20150127,76.71,75.78,75.63,76.88,19982990.0000
20150126,77.98,77.5,77.29,78.47,19229120.0000
20150123,77.65,77.83,77.04,78.19,16711610.0000
20150122,77.17,77.65,76.68,77.75,19491720.0000
20150121,76.16,76.74,75.85,77.3,25079200.0000
20150120,75.72,76.24,74.82,76.31,22765930.0000
20150116,74.04,75.18,73.84,75.32,21744680.0000
20150115,76.4,74.05,73.54,76.57,34058150.0000
20150114,76.42,76.28,76.03,77.2,25831690.0000
20150113,77.23,76.45,75.85,78.08,25149270.0000
20150112,77.84,76.72,76.21,78.0,19150390.0000
20150109,78.2,77.74,77.2,78.62,21146060.0000
20150108,76.74,78.18,76.08,78.23,23931830.0000
20150107,76.76,76.15,75.82,77.36,22015250.0000
20150106,77.23,76.15,75.36,77.59,27365180.0000
20150105,77.98,77.19,76.86,79.25,26392340.0000
20150102,78.58,78.45,77.7,78.93,18141830.0000
20141231,79.54,78.02,77.86,79.8,20004710.0000
20141230,79.85,79.22,79.1,80.59,14354170.0000
20141229,80.49,80.02,79.71,80.96,14101570.0000
20141226,81.02,80.78,80.51,81.28,10632810.0000
20141224,81.03,80.77,80.75,81.43,7685481.0000
20141223,82.02,80.61,80.4,82.17,19846990.0000
20141222,80.08,81.45,80.0,81.89,31361040.0000
20141219,78.75,79.88,78.33,80.0,43274930.0000
20141218,76.89,78.4,76.51,78.4,34147520.0000
20141217,75.01,76.11,74.9,76.41,29142380.0000
20141216,76.19,74.69,74.59,77.39,31466710.0000
20141215,78.46,76.99,76.56,78.58,29341660.0000
20141212,77.16,77.83,77.02,78.88,28049760.0000
20141211,76.52,77.73,76.48,78.52,33465080.0000
20141210,76.65,76.18,76.07,77.55,32168400.0000
20141209,75.2,76.84,74.78,76.93,25307530.0000
20141208,76.18,76.52,75.4,77.25,25674150.0000
20141205,75.8,76.36,75.36,76.76,24273070.0000
20141204,74.83,75.24,74.66,75.55,14369110.0000
20141203,75.38,74.88,74.4,75.73,15936750.0000
20141202,75.33,75.46,75.04,75.91,16750770.0000
20141201,77.26,75.1,74.8,77.31,31747970.0000
20141128,77.67,77.7,77.23,78.27,15992040.0000
20141126,75.53,77.62,75.51,77.78,32686400.0000
20141125,74.21,75.63,74.13,75.74,32199750.0000
20141124,73.54,74.01,73.35,74.35,22080500.0000
20141121,74.5,73.75,73.5,74.5,23039660.0000
20141120,72.8,73.6,72.51,73.99,19128520.0000
20141119,74.01,73.33,73.11,74.54,25401630.0000
20141118,74.45,74.34,73.9,74.8,20678330.0000
20141117,74.88,74.24,73.88,75.66,28669580.0000
20141114,74.27,74.88,74.04,74.93,19416910.0000
20141113,74.74,74.25,73.64,75.24,26408940.0000
20141112,74.28,74.72,73.54,75.14,26497580.0000
20141111,74.95,74.61,74.03,74.98,18702040.0000
20141110,75.36,75.0,74.61,75.48,21526460.0000
20141107,75.39,75.6,75.02,75.86,20757430.0000
20141106,74.89,75.26,74.31,75.6,21321380.0000
20141105,76.51,74.83,74.42,76.8,35853620.0000
20141104,74.23,75.76,73.65,75.77,39202820.0000
20141103,75.47,73.88,73.7,75.52,40529830.0000
20141031,74.93,74.99,74.45,75.7,44472280.0000
20141030,75.05,74.11,72.9,75.35,83098240.0000
20141029,75.45,75.86,74.78,76.88,105883000.0000
20141028,80.18,80.77,79.57,81.16,61137040.0000
20141027,80.74,80.28,79.76,80.8,29806870.0000
20141024,80.2,80.67,79.32,80.82,32123520.0000
20141023,79.38,80.04,79.01,80.63,34892410.0000
20141022,78.82,78.37,78.01,79.85,41799140.0000
20141021,77.56,78.69,77.15,78.74,32176370.0000
20141020,75.6,76.95,75.38,77.09,34555900.0000
20141017,74.23,75.95,73.75,76.0,76263220.0000
20141016,70.79,72.63,70.58,73.35,53456880.0000
20141015,71.69,73.21,70.32,73.8,61397390.0000
20141014,74.0,73.59,72.05,74.18,50126990.0000
20141013,73.23,72.99,72.52,74.78,43847640.0000
20141010,75.59,72.91,72.76,76.5,52068580.0000
20141009,77.28,75.91,75.85,77.76,32421030.0000
20141008,76.18,77.52,75.1,77.71,32853310.0000
20141007,77.05,76.29,76.24,77.95,25241360.0000
20141006,77.19,77.56,76.85,77.89,25689890.0000
20141003,77.76,77.44,77.26,78.06,23280910.0000
20141002,76.57,77.08,75.64,77.48,36468900.0000
20141001,78.78,76.55,75.9,78.82,55006570.0000
20140930,79.35,79.04,78.6,79.71,35816980.0000
20140929,78.12,79.0,77.91,79.2,33969370.0000
20140926,77.59,78.79,77.33,78.84,28827060.0000
20140925,78.6,77.22,77.13,78.94,37392870.0000
20140924,78.1,78.54,77.51,78.62,30638360.0000
20140923,76.33,78.29,76.04,78.63,36666690.0000
20140922,77.0,76.8,75.95,77.53,31908240.0000
20140919,77.4,77.91,76.44,78.3,76614560.0000
20140918,76.77,77.0,76.52,77.33,22939820.0000
20140917,75.96,76.43,75.57,77.25,28498200.0000
20140916,73.52,76.08,73.07,76.23,37662500.0000
20140915,77.15,74.58,73.43,77.25,49552660.0000
20140912,78.02,77.48,77.1,78.3,26655670.0000
20140911,77.13,77.92,77.05,78.36,32181110.0000
20140910,76.52,77.43,76.51,77.95,29836020.0000
20140909,77.59,76.67,76.2,78.17,28723090.0000
20140908,77.26,77.89,77.01,78.17,28135810.0000
20140905,76.1,77.26,75.6,77.38,29387630.0000
20140904,75.89,75.95,75.53,76.93,26581940.0000
20140903,77.14,75.83,75.6,77.48,32311920.0000
20140902,75.01,76.68,74.82,76.7,34744550.0000
20140829,74.3,74.82,74.01,74.82,26215560.0000
20140828,74.0,73.86,73.73,74.43,21898440.0000
20140827,75.27,74.63,74.46,75.49,36213130.0000
20140826,75.0,75.96,74.73,75.99,23793170.0000
20140825,74.94,75.02,74.79,75.28,19683350.0000
20140822,74.34,74.57,73.57,74.73,20847650.0000
20140821,74.92,74.57,74.41,75.19,20053690.0000
20140820,74.97,74.81,74.62,75.18,22863680.0000
20140819,74.81,75.29,74.77,75.58,26596500.0000
20140818,74.0,74.59,73.96,74.72,23898550.0000
20140815,74.32,73.63,73.0,74.65,38837920.0000
20140814,73.97,74.3,73.69,74.38,22163750.0000
20140813,73.12,73.77,73.05,74.25,29181990.0000
20140812,73.09,72.83,72.22,73.33,27347900.0000
20140811,73.46,73.44,73.06,73.91,24533690.0000
20140808,73.4,73.06,72.56,73.43,27097750.0000
20140807,73.0,73.17,72.7,74.0,38049750.0000
20140806,72.02,72.47,71.79,73.72,30898990.0000
20140805,73.2,72.69,72.18,73.59,34918620.0000
20140804,72.36,73.51,72.36,73.88,30630370.0000
20140801,72.22,72.36,71.55,73.22,43402770.0000
20140731,74.0,72.65,72.44,74.17,43811380.0000
20140730,74.21,74.68,74.13,75.19,36804070.0000
20140729,74.72,73.71,73.42,74.92,41050770.0000
20140728,75.17,74.92,73.85,75.5,41556090.0000
20140725,74.99,75.19,74.66,75.67,45792800.0000
20140724,75.96,74.98,74.51,76.74,123026900.0000
20140723,69.74,71.29,69.61,71.33,74712560.0000
20140722,69.76,69.27,68.61,69.77,40227960.0000
20140721,68.81,69.4,68.5,69.96,49386920.0000
20140718,66.8,68.42,66.16,68.46,42223010.0000
20140717,67.03,66.41,66.04,67.85,37941770.0000
20140716,67.54,67.66,67.07,67.94,29525060.0000
20140715,67.96,67.17,66.26,68.09,44145960.0000
20140714,67.13,67.9,66.9,68.17,38404830.0000
20140711,65.28,66.34,64.79,66.59,39147600.0000
20140710,63.31,64.87,63.05,65.34,44348430.0000
20140709,63.41,64.97,63.15,65.12,51298480.0000
20140708,65.06,62.76,62.21,65.56,68838080.0000
20140707,66.3,65.29,65.12,66.57,28688050.0000
20140703,66.86,66.29,65.76,67.0,25203220.0000
20140702,68.04,66.45,65.79,68.3,41778400.0000
20140701,67.58,68.06,67.39,68.44,33156390.0000
20140630,67.46,67.29,67.13,67.92,27078350.0000
20140627,67.31,67.6,66.84,67.7,46396950.0000
20140626,68.0,67.13,66.9,68.0,47618020.0000
20140625,65.58,67.44,65.57,67.48,44183630.0000
20140624,65.36,65.72,65.27,67.17,57260230.0000
20140623,64.32,65.37,64.22,65.66,34424160.0000
20140620,64.46,64.5,63.35,64.81,46394230.0000
20140619,65.46,64.34,64.21,65.58,34097910.0000
20140618,64.49,65.6,64.05,65.75,35450700.0000
20140617,64.1,64.4,63.93,64.88,27629660.0000
20140616,64.16,64.19,63.75,64.88,30849450.0000
20140613,64.7,64.5,63.83,64.97,29367820.0000
20140612,65.85,64.29,64.06,66.47,55604800.0000
20140611,65.32,65.78,64.9,65.8,44132140.0000
20140610,63.53,65.77,63.5,65.82,69105010.0000
20140609,62.4,62.88,61.79,63.34,37474470.0000
20140606,63.37,62.5,62.15,63.48,42373250.0000
20140605,63.66,63.19,62.82,64.36,47278710.0000
20140604,62.45,63.34,62.07,63.59,36460620.0000
20140603,62.62,62.87,62.32,63.42,32097900.0000
20140602,63.23,63.08,62.05,63.59,35946770.0000
20140530,63.95,63.3,62.56,64.17,45224820.0000
20140529,63.84,63.83,63.51,64.3,42333090.0000
20140528,63.39,63.51,62.62,64.14,47746450.0000
20140527,61.62,63.48,61.57,63.51,55546990.0000
20140523,60.41,61.35,60.15,61.45,38210700.0000
20140522,60.94,60.52,60.4,61.48,54067890.0000
20140521,58.56,60.49,58.25,60.5,58814920.0000
20140520,59.5,58.56,58.18,60.19,53804590.0000
20140519,57.89,59.21,57.57,59.56,42968380.0000
20140516,58.31,58.02,57.31,58.45,47850350.0000
20140515,59.26,57.92,57.52,59.38,56691940.0000
20140514,59.53,59.23,58.95,60.45,47379700.0000
20140513,59.66,59.83,59.51,60.89,48442200.0000
20140512,57.98,59.83,57.98,59.9,48403930.0000
20140509,56.85,57.24,56.38,57.65,52497050.0000
20140508,57.23,56.76,56.5,58.82,61143360.0000
20140507,58.77,57.39,56.26,59.3,78450290.0000
20140506,60.98,58.53,58.49,61.15,55798800.0000
20140505,59.67,61.22,59.18,61.35,45938990.0000
20140502,61.3,60.46,60.18,61.89,54086030.0000
20140501,60.43,61.15,60.21,62.28,82319330.0000
20140430,57.58,59.78,57.16,59.85,75599310.0000
20140429,56.09,58.15,55.84,58.28,75339000.0000
20140428,58.05,56.14,54.66,58.31,107534200.0000
20140425,59.97,57.71,57.57,60.01,92257140.0000
20140424,63.6,60.87,59.77,63.65,138477000.0000
20140423,63.45,61.36,61.26,63.48,94013700.0000
20140422,62.65,63.03,62.22,63.44,60328420.0000
20140421,59.46,61.24,59.15,61.24,60064820.0000
20140417,59.3,58.94,58.72,60.58,87956250.0000
20140416,59.79,59.72,57.74,60.19,78548910.0000
20140415,59.29,59.09,55.88,59.68,108466300.0000
20140414,60.09,58.89,57.78,60.45,72152260.0000
20140411,57.6,58.53,57.31,60.31,91373170.0000
20140410,63.08,59.16,58.68,63.18,114767600.0000
20140409,59.63,62.41,59.19,62.46,99918180.0000
20140408,57.68,58.19,57.17,58.71,78732130.0000
20140407,55.9,56.95,55.44,58.0,108324400.0000
20140404,59.94,56.75,56.32,60.2,125198200.0000
20140403,62.55,59.49,59.13,63.17,83585460.0000
20140402,63.21,62.72,62.21,63.91,66149490.0000
20140401,60.46,62.62,60.24,62.66,59098260.0000
20140331,60.78,60.24,59.87,61.52,52921180.0000
20140328,61.34,60.01,59.34,61.95,66888000.0000
20140327,60.51,60.97,57.98,61.9,112453500.0000
20140326,64.74,60.39,60.37,64.95,97436810.0000
20140325,64.89,64.89,63.78,66.19,68168890.0000
20140324,67.19,64.1,63.36,67.36,85551700.0000
20140321,67.53,67.24,66.18,67.92,59993420.0000
20140320,68.01,66.97,66.82,68.23,44344660.0000
20140319,69.17,68.24,67.47,69.29,43909250.0000
20140318,68.76,69.19,68.3,69.6,40731150.0000
20140317,68.18,68.74,66.62,68.95,52098860.0000
20140314,68.49,67.72,67.46,69.43,48095760.0000
20140313,71.29,68.83,68.15,71.35,56954770.0000
20140312,69.86,70.88,69.0,71.35,46332080.0000
20140311,72.5,70.1,69.96,72.59,59364950.0000
20140310,70.77,72.03,70.51,72.15,59853820.0000
20140307,71.08,69.8,69.47,71.18,38918700.0000
20140306,71.88,70.84,70.25,71.89,46023480.0000
20140305,69.69,71.57,69.62,71.97,74560670.0000
20140304,68.66,68.8,67.62,68.9,41996420.0000
20140303,66.96,67.41,66.51,68.05,56813110.0000
20140228,69.47,68.46,67.38,69.88,66738010.0000
20140227,69.34,68.94,68.87,70.01,41638450.0000
20140226,70.19,69.26,68.85,71.22,55302090.0000
20140225,70.95,69.85,69.45,71.0,52062710.0000
20140224,68.74,70.78,68.54,71.44,76735760.0000
20140221,69.69,68.59,68.45,69.96,70923530.0000
20140220,67.73,69.63,65.73,70.11,130880100.0000
20140219,67.05,68.06,67.0,69.08,60295610.0000
20140218,66.94,67.3,66.07,67.54,43798520.0000
20140214,67.5,67.09,66.72,67.58,36731220.0000
20140213,64.18,67.33,64.05,67.33,61883050.0000
20140212,64.92,64.45,64.05,65.06,47260370.0000
20140211,63.75,64.85,63.35,65.0,45657700.0000
20140210,64.3,63.55,63.47,64.49,43642880.0000
20140207,62.27,64.32,62.22,64.57,60762540.0000
20140206,61.46,62.16,61.46,62.78,42079800.0000
20140205,62.74,62.19,61.27,63.16,51553330.0000
20140204,62.05,62.75,61.82,63.14,45977670.0000
20140203,63.03,61.48,60.7,63.77,74852940.0000
20140131,60.47,62.57,60.17,63.37,87774330.0000
20140130,62.12,61.08,60.46,62.5,150128200.0000
20140129,54.61,53.53,53.19,54.95,89786860.0000
20140128,54.02,55.14,54.0,55.28,48182940.0000
20140127,54.73,53.55,51.85,54.94,73888900.0000
20140124,56.15,54.45,54.4,56.42,55410210.0000
20140123,56.37,56.63,55.69,56.68,47945860.0000
20140122,58.85,57.51,57.1,59.31,61349130.0000
20140121,56.6,58.51,56.5,58.58,48658930.0000
20140117,57.3,56.3,56.07,57.82,40845940.0000
20140116,57.26,57.19,56.83,58.02,34537020.0000
20140115,57.98,57.6,57.27,58.57,33655610.0000
20140114,56.46,57.74,56.1,57.78,37487240.0000
20140113,57.91,55.91,55.38,58.25,62888480.0000
20140110,57.13,57.94,57.06,58.3,42443990.0000
20140109,58.65,57.22,56.65,58.96,92236170.0000
20140108,57.6,58.23,57.23,58.41,56669280.0000
20140107,57.7,57.92,57.22,58.55,77201940.0000
20140106,54.42,57.2,54.05,57.26,68773580.0000
20140103,55.02,54.56,54.53,55.65,38244700.0000
20140102,54.83,54.71,54.19,55.22,43188990.0000
20131231,54.12,54.65,53.91,54.86,43069960.0000
20131230,54.93,53.71,53.43,55.18,68195850.0000
20131227,57.48,55.44,55.25,57.68,60251230.0000
20131226,58.32,57.73,57.37,58.38,55024630.0000
20131224,58.27,57.96,56.91,58.58,46617750.0000
20131223,55.5,57.77,55.45,58.32,98124560.0000
20131220,54.93,55.12,54.23,55.15,224195500.0000
20131219,54.33,55.05,53.95,55.19,89722000.0000
20131218,54.86,55.57,53.75,55.89,75831750.0000
20131217,54.76,54.86,54.24,55.18,78480680.0000
20131216,53.25,53.81,52.91,54.5,84971770.0000
20131213,51.66,53.32,51.34,53.5,82517560.0000
20131212,51.05,51.83,50.66,52.07,92467060.0000
20131211,50.55,49.38,49.01,50.77,62295230.0000
20131210,48.64,50.25,48.54,50.77,68301310.0000
20131209,48.09,48.84,47.74,48.97,35930850.0000
20131206,48.98,47.94,47.71,49.39,42877640.0000
20131205,48.15,48.34,47.87,48.7,43773340.0000
20131204,46.46,48.62,46.26,48.77,60306210.0000
20131203,46.75,46.73,46.29,47.2,31998810.0000
20131202,46.9,47.06,46.26,47.54,50674560.0000
20131129,46.75,47.01,46.5,47.21,22953920.0000
20131127,45.97,46.49,45.53,46.67,44887500.0000
20131126,44.66,45.89,43.55,46.17,81892990.0000
20131125,46.36,44.82,44.04,46.65,82469790.0000
20131122,47.04,46.23,45.96,47.27,40465250.0000
20131121,46.99,46.7,46.69,47.46,34821540.0000
20131120,46.61,46.43,46.31,47.55,53833880.0000
20131119,46.26,46.36,45.72,47.0,75452630.0000
20131118,48.47,45.83,45.8,48.84,85676080.0000
20131115,49.11,49.01,48.71,49.48,42394340.0000
20131114,48.7,48.99,48.03,49.57,75042140.0000
20131113,46.23,48.71,46.06,48.74,79082730.0000
20131112,46.0,46.61,45.83,47.37,68071910.0000
20131111,47.04,46.2,45.73,47.53,80718180.0000
20131108,47.81,47.53,47.25,48.65,70540080.0000
20131107,49.24,47.56,47.3,49.87,96906910.0000
20131106,50.26,49.12,48.71,50.45,67745300.0000
20131105,47.79,50.11,47.51,50.18,76659340.0000
20131104,49.37,48.22,48.02,49.75,80194620.0000
20131101,50.85,49.75,49.72,52.09,94776920.0000
20131031,47.16,50.21,46.5,52.0,248338900.0000
20131030,50.0,49.01,48.75,50.21,111666400.0000
20131029,50.73,49.4,49.25,50.79,101787400.0000
20131028,51.54,50.23,49.61,51.7,73116480.0000
20131025,53.18,51.95,51.88,53.24,44931490.0000
20131024,52.38,52.45,51.59,52.84,46436620.0000
20131023,51.75,51.9,51.13,52.25,57037800.0000
20131022,54.33,52.68,52.2,54.76,83047340.0000
20131021,54.68,53.85,53.51,54.81,57935890.0000
20131018,54.18,54.22,53.6,54.83,88118540.0000
20131017,51.12,52.21,50.95,52.22,70836230.0000
20131016,50.04,51.14,49.9,51.24,64406590.0000
20131015,49.99,49.5,49.18,51.0,80838680.0000
20131014,48.31,49.51,47.91,49.63,68639410.0000
20131011,49.18,49.11,48.79,49.87,58342770.0000
20131010,47.87,49.05,47.83,49.68,99370750.0000
20131009,47.38,46.77,45.26,47.84,147056800.0000
20131008,50.6,47.14,47.08,50.6,135628200.0000
20131007,50.73,50.52,50.4,51.29,57061640.0000
20131004,49.77,51.04,49.57,51.16,74312720.0000
20131003,50.47,49.18,49.06,50.72,81651010.0000
20131002,50.13,50.28,49.95,51.1,62686500.0000
20131001,49.97,50.42,49.45,51.03,97946230.0000
20130930,50.14,50.23,49.8,51.6,99504810.0000
20130927,50.29,51.24,49.86,51.28,81192310.0000
20130926,50.01,50.39,49.5,50.6,97976810.0000
20130925,49.23,49.46,48.46,49.54,87566700.0000
20130924,48.51,48.45,48.16,49.66,136274400.0000
20130923,47.28,47.19,46.29,47.55,75170550.0000
20130920,46.32,47.49,45.74,47.6,115259600.0000
20130919,45.51,45.98,45.23,46.05,63854770.0000
20130918,44.84,45.23,44.4,45.47,79172720.0000
20130917,42.5,45.07,42.43,45.44,91748330.0000
20130916,44.85,42.51,42.43,44.94,70580670.0000
20130913,45.04,44.31,43.93,45.08,52706530.0000
20130912,45.53,44.75,44.65,45.62,67943630.0000
20130911,43.39,45.04,43.11,45.09,71840960.0000
20130910,44.24,43.6,43.23,44.26,54453960.0000
20130909,44.36,44.04,43.7,44.79,75634970.0000
20130906,43.09,43.95,42.4,44.61,117375700.0000
20130905,41.79,42.66,41.77,42.77,49931010.0000
20130904,42.01,41.78,41.44,42.17,42472010.0000
20130903,41.84,41.87,41.51,42.17,48666190.0000
20130830,42.03,41.29,41.06,42.26,67565220.0000
20130829,40.89,41.28,40.8,41.78,58153720.0000
20130828,39.96,40.55,39.88,40.85,57617060.0000
20130827,40.68,39.64,39.42,41.2,72556560.0000
20130826,40.9,41.34,40.62,41.94,93901000.0000
20130823,39.0,40.55,38.93,40.63,86246160.0000
20130822,38.37,38.55,38.34,38.75,21859280.0000
20130821,38.38,38.32,38.15,38.85,45998690.0000
20130820,38.35,38.41,37.69,38.58,57879220.0000
20130819,37.43,37.81,37.14,38.28,57411950.0000
20130816,36.97,37.08,36.9,37.49,45749580.0000
20130815,36.36,36.56,36.02,37.07,56429530.0000
20130814,36.83,36.65,36.62,37.55,48299100.0000
20130813,38.24,37.02,36.77,38.32,65248000.0000
20130812,38.2,38.22,38.1,38.5,31096900.0000
20130809,38.59,38.5,38.01,38.74,43510970.0000
20130808,39.13,38.54,38.43,39.19,41182770.0000
20130807,38.61,38.87,37.7,38.94,68711580.0000
20130806,39.11,38.55,37.94,39.25,63834190.0000
20130805,38.43,39.19,38.25,39.32,79798290.0000
20130802,37.66,38.05,37.5,38.49,72731240.0000
20130801,37.3,37.49,36.92,38.29,105865000.0000
20130731,37.96,36.8,36.33,38.31,154704200.0000
20130730,35.65,37.63,35.32,37.96,172937500.0000
20130729,34.07,35.43,34.01,35.63,124716100.0000
20130726,33.77,34.01,33.56,34.73,135881500.0000
20130725,33.55,34.36,32.75,34.88,365091700.0000
20130724,26.32,26.51,26.05,26.53,75364480.0000
20130723,26.1,26.13,25.97,26.3,28138680.0000
20130722,25.99,26.05,25.72,26.13,27490350.0000
20130719,25.82,25.88,25.6,26.11,46515740.0000
20130718,26.75,26.18,26.12,26.77,24697620.0000
20130717,26.37,26.65,26.3,26.78,21491940.0000
20130716,26.39,26.32,26.01,26.75,30779130.0000
20130715,25.93,26.28,25.65,26.43,24200400.0000
20130712,25.74,25.91,25.55,25.93,16498340.0000
20130711,25.96,25.81,25.45,26.0,26756400.0000
20130710,25.58,25.8,25.47,25.83,26744350.0000
20130709,25.07,25.48,25.03,25.49,30334450.0000
20130708,24.47,24.71,24.42,25.04,27043580.0000
20130705,24.65,24.37,24.2,24.66,20202440.0000
20130703,24.22,24.52,24.15,24.71,10404330.0000
20130702,24.7,24.41,24.3,24.77,18346010.0000
20130701,24.97,24.81,24.62,25.06,20539520.0000
20130628,24.68,24.88,24.42,24.98,96737620.0000
20130627,24.24,24.66,24.21,24.84,34641060.0000
20130626,24.51,24.16,23.99,24.65,29860530.0000
20130625,24.14,24.25,24.04,24.43,24710300.0000
20130624,23.95,23.94,23.38,24.11,40586430.0000
20130621,24.59,24.53,24.05,24.7,45800870.0000
20130620,24.28,23.9,23.65,24.75,42716660.0000
20130619,24.2,24.31,24.1,25.19,31732970.0000
20130618,24.09,24.21,24.08,24.69,36667860.0000
20130617,23.91,24.02,23.75,24.25,33601370.0000
20130614,23.56,23.63,23.26,23.89,30603420.0000
20130613,23.72,23.73,23.27,23.83,31095780.0000
20130612,24.16,23.77,23.58,24.26,26404420.0000
20130611,24.03,24.03,24.0,24.35,29837670.0000
20130610,24.06,24.33,23.99,24.6,58311370.0000
20130607,23.03,23.29,22.86,23.4,38679530.0000
20130606,22.99,22.97,22.67,23.09,31224400.0000
20130605,23.35,22.9,22.79,23.71,53759680.0000
20130604,23.89,23.52,23.32,23.93,34748310.0000
20130603,24.27,23.85,23.71,24.32,35693200.0000
20130531,24.63,24.35,24.27,24.95,35879190.0000
20130530,24.13,24.55,23.93,24.78,60555780.0000
20130529,23.79,23.32,23.26,23.81,64115760.0000
20130528,24.54,24.1,23.92,24.54,50042490.0000
20130524,24.97,24.31,24.08,24.97,58653470.0000
20130523,24.8,25.06,24.77,25.53,37654530.0000
20130522,25.65,25.16,24.92,25.85,45198860.0000
20130521,25.87,25.66,25.59,26.08,26163000.0000
20130520,26.18,25.76,25.69,26.19,42345840.0000
20130517,26.4,26.25,26.2,26.6,29426640.0000
20130516,26.48,26.13,25.9,26.55,35473010.0000
20130515,26.92,26.6,26.4,26.99,30257960.0000
20130514,26.89,27.07,26.82,27.28,24899510.0000
20130513,26.6,26.82,26.53,27.33,29003230.0000
20130510,27.14,26.68,26.57,27.3,30796410.0000
20130509,27.08,27.04,26.85,27.55,33367040.0000
20130508,26.88,27.12,26.65,27.3,34592220.0000
20130507,27.55,26.89,26.85,27.85,41181810.0000
20130506,28.33,27.57,27.48,28.46,43816260.0000
20130503,29.04,28.31,28.15,29.07,58210590.0000
20130502,28.01,28.97,27.98,29.02,104142100.0000
20130501,27.85,27.43,27.31,27.92,63228690.0000
20130430,27.13,27.77,27.01,27.85,36158480.0000
20130429,27.16,26.98,26.86,27.41,28880330.0000
20130426,26.6,26.85,26.6,27.62,32952000.0000
20130425,26.07,26.14,26.0,26.4,17085990.0000
20130424,25.93,26.11,25.8,26.4,19701820.0000
20130423,26.22,25.98,25.77,26.33,25136620.0000
20130422,25.81,25.97,25.7,26.36,25626190.0000
20130419,25.62,25.73,25.33,25.96,20349350.0000
20130418,26.82,25.69,25.15,26.82,39017530.0000
20130417,26.65,26.63,26.39,27.2,26409810.0000
20130416,26.81,26.92,26.4,27.11,27354550.0000
20130415,27.16,26.52,26.36,27.48,30157610.0000
20130412,28.0,27.4,27.24,28.0,28645390.0000
20130411,27.48,28.02,27.25,28.1,33317050.0000
20130410,27.01,27.57,26.9,27.84,45868010.0000
20130409,26.58,26.59,26.42,26.89,21271210.0000
20130408,27.19,26.85,26.63,27.2,27213210.0000
20130405,26.86,27.39,26.61,27.8,64468590.0000
20130404,26.62,27.07,26.11,27.23,81884030.0000
20130403,25.83,26.25,25.7,26.39,48093190.0000
20130402,25.77,25.42,25.3,26.12,35121310.0000
20130401,25.63,25.53,25.28,25.89,22205800.0000
20130328,26.09,25.58,25.52,26.17,28564300.0000
20130327,25.0,26.09,24.72,26.28,52246250.0000
20130326,25.08,25.21,25.03,25.48,26931720.0000
20130325,25.75,25.13,25.08,25.8,39115300.0000
20130322,25.8,25.73,25.63,26.01,18420580.0000
20130321,25.66,25.74,25.56,26.11,24297020.0000
20130320,26.68,25.86,25.78,26.69,43922190.0000
20130319,26.53,26.55,26.21,26.9,25222620.0000
20130318,26.37,26.49,25.78,26.79,26610250.0000
20130315,27.03,26.65,26.56,27.06,31554310.0000
20130314,27.1,27.04,26.83,27.43,27604220.0000
20130313,27.62,27.08,26.92,27.65,39527710.0000
20130312,28.1,27.83,27.6,28.32,27498230.0000
20130311,28.01,28.14,27.83,28.64,35585960.0000
20130308,28.43,27.96,27.73,28.47,44161320.0000
20130307,27.57,28.58,27.47,28.68,74408360.0000
20130306,28.1,27.45,27.35,28.13,33464760.0000
20130305,27.88,27.52,27.21,28.18,40184170.0000
20130304,27.76,27.72,27.44,28.06,32363520.0000
20130301,27.05,27.78,26.81,28.12,54032140.0000
20130228,26.84,27.25,26.34,27.3,82952930.0000
20130227,27.34,26.87,26.63,27.34,44203880.0000
20130226,27.36,27.39,26.7,27.46,31579420.0000
20130225,27.16,27.27,27.15,27.64,34480840.0000
20130222,27.62,27.13,26.82,27.63,36287100.0000
20130221,28.28,27.28,27.15,28.55,49583120.0000
20130220,28.92,28.46,28.33,29.05,42037050.0000
20130219,28.23,28.93,28.12,29.08,49216780.0000
20130215,28.52,28.32,28.09,28.75,32986500.0000
20130214,28.02,28.5,28.01,28.63,35565550.0000
20130213,27.36,27.91,27.31,28.32,50053630.0000
20130212,27.67,27.37,27.1,28.16,93390430.0000
20130211,28.61,28.26,28.04,28.68,36619600.0000
20130208,28.89,28.55,28.51,29.17,37636360.0000
20130207,29.11,28.65,28.27,29.15,34410230.0000
20130206,28.74,29.05,28.66,29.29,38301680.0000
20130205,28.26,28.64,28.04,28.96,47790880.0000
20130204,29.06,28.11,28.01,29.2,92128780.0000
20130201,31.01,29.73,29.63,31.02,85730540.0000
20130131,29.15,30.98,28.74,31.47,190522200.0000
20130130,30.98,31.24,30.88,31.49,84116810.0000
20130129,32.0,30.79,30.71,32.07,72704310.0000
20130128,31.88,32.47,31.81,32.51,59514360.0000
20130125,31.41,31.54,31.13,31.93,54234890.0000
20130124,31.27,31.08,30.81,31.49,43747870.0000
20130123,31.1,30.82,30.8,31.5,48497840.0000
20130122,29.75,30.73,29.74,30.89,54812940.0000
20130118,30.31,29.66,29.27,30.44,49552880.0000
20130117,30.08,30.14,30.03,30.42,40204750.0000
20130116,30.21,29.85,29.53,30.35,75183340.0000
20130115,30.64,30.1,29.88,31.71,172961200.0000
20130114,32.08,30.95,30.62,32.21,98585650.0000
20130111,31.28,31.72,31.1,31.96,89422580.0000
20130110,30.6,31.3,30.28,31.45,95209790.0000
20130109,29.67,30.59,29.49,30.6,104443300.0000
20130108,29.51,29.06,28.86,29.6,45791490.0000
20130107,28.69,29.42,28.65,29.79,83712950.0000
20130104,28.01,28.76,27.83,28.93,72609630.0000
20130103,27.88,27.77,27.59,28.47,63069690.0000
20130102,27.44,28.0,27.42,28.18,69735160.0000
20121231,26.2,26.62,26.11,26.99,60287020.0000
20121228,25.48,25.91,25.15,26.11,56502650.0000
20121227,26.55,26.05,25.52,26.8,43425730.0000
20121226,27.03,26.51,26.38,27.18,33122100.0000
20121224,26.5,26.93,26.2,26.96,28230040.0000
20121221,26.66,26.26,26.12,27.01,54365580.0000
20121220,27.49,27.36,27.13,27.6,35540640.0000
20121219,27.83,27.41,26.95,28.22,61342850.0000
20121218,26.96,27.71,26.9,27.91,60474760.0000
20121217,26.77,26.75,26.32,27.0,57679070.0000
20121214,28.18,26.81,26.76,28.33,91517810.0000
20121213,27.59,28.24,27.43,28.75,80968650.0000
20121212,28.0,27.58,27.37,28.14,46664930.0000
20121211,28.07,27.98,27.66,28.24,77035520.0000
20121210,27.17,27.84,27.1,28.17,50463630.0000
20121207,27.07,27.49,26.84,27.78,51648160.0000
20121206,27.68,26.97,26.82,27.75,45933360.0000
20121205,27.75,27.71,27.26,27.9,58899760.0000
20121204,27.06,27.46,26.68,27.76,72810360.0000
20121203,28.0,27.04,26.98,28.88,123384900.0000
20121130,27.26,28.0,26.76,28.0,126867400.0000
20121129,26.5,27.32,26.16,27.52,88572990.0000
20121128,25.94,26.36,25.75,26.49,49113040.0000
20121127,26.04,26.15,25.46,26.5,85687430.0000
20121126,24.94,25.94,24.81,26.09,123513900.0000
20121123,24.58,24.0,23.88,24.68,29520310.0000
20121121,23.22,24.32,23.05,24.53,89720920.0000
20121120,22.73,23.1,22.7,23.9,46515660.0000
20121119,23.96,22.92,22.82,24.12,84944370.0000
20121116,22.25,23.56,22.18,23.93,107091400.0000
20121115,22.34,22.17,21.65,22.5,78808770.0000
20121114,20.1,22.36,19.93,22.5,229081600.0000
20121113,19.61,19.86,19.56,20.11,71524510.0000
20121112,19.15,20.07,18.87,20.17,67220540.0000
20121109,19.95,19.21,19.13,20.0,42257790.0000
20121108,20.52,19.99,19.98,20.73,34106840.0000
20121107,20.85,20.47,20.37,20.95,33352920.0000
20121106,21.24,21.17,20.99,21.37,29030780.0000
20121105,21.1,21.25,20.92,21.48,31752420.0000
20121102,21.26,21.18,21.07,21.69,38308550.0000
20121101,21.08,21.21,21.01,21.44,37631000.0000
20121031,20.82,21.11,20.73,21.5,99311480.0000
20121026,22.4,21.94,21.88,22.88,9999999.0000
20121025,23.29,22.56,22.47,23.31,76050080.0000
20121024,24.13,23.23,22.85,24.25,228364700.0000
20121023,19.25,19.5,19.1,19.8,72281000.0000
20121022,19.2,19.32,19.05,19.43,32269470.0000
20121019,19.0,19.0,18.8,19.06,34769600.0000
20121018,19.7,18.98,18.89,19.79,52059860.0000
20121017,19.5,19.88,19.37,20.48,44020450.0000
20121016,19.68,19.48,19.3,19.69,21816100.0000
20121015,19.68,19.52,19.49,19.88,20154860.0000
20121012,19.75,19.52,19.48,19.8,18743920.0000
20121011,19.88,19.75,19.61,19.96,21803710.0000
20121010,19.93,19.64,19.45,19.94,39282420.0000
20121009,20.39,20.23,19.97,20.55,27125670.0000
20121008,20.4,20.4,20.16,20.75,32190200.0000
20121005,21.49,20.91,20.88,21.63,40483780.0000
20121004,22.32,21.95,21.41,22.4,46549400.0000
20121003,22.3,21.83,21.8,22.49,31940720.0000
20121002,22.08,22.27,21.82,22.49,29276680.0000
20121001,22.08,21.99,21.73,22.59,51198150.0000
20120928,20.57,21.66,20.5,21.95,65415370.0000
20120927,20.99,20.32,20.16,21.0,30061050.0000
20120926,20.15,20.62,19.8,20.78,38212360.0000
20120925,21.2,20.28,20.22,21.21,46169460.0000
20120924,21.78,20.79,20.36,21.98,78968380.0000
20120921,22.97,22.86,22.6,23.24,51163120.0000
20120920,23.02,22.59,22.54,23.24,57115160.0000
20120919,21.99,23.29,21.77,23.37,78525460.0000
20120918,21.6,21.87,21.37,21.98,36696330.0000
20120917,22.67,21.52,21.5,22.75,50593510.0000
20120914,21.13,22.0,20.9,22.08,72707430.0000
20120913,20.96,20.71,20.61,21.48,64896660.0000
20120912,20.76,20.93,20.28,21.16,121399400.0000
20120911,18.92,19.43,18.85,19.58,47343020.0000
20120910,19.06,18.81,18.55,19.2,24752340.0000
20120907,19.1,18.98,18.78,19.42,36325880.0000
20120906,18.74,18.96,18.72,19.26,46028860.0000
20120905,18.27,18.58,18.18,18.75,60657900.0000
20120904,18.08,17.73,17.55,18.27,46177000.0000
20120831,18.68,18.06,18.03,18.7,58612440.0000
20120830,19.27,19.09,19.06,19.45,30571430.0000
20120829,19.32,19.1,19.07,19.38,16071190.0000
20120828,19.1,19.34,18.95,19.38,25402980.0000
20120827,19.49,19.15,19.1,19.53,20663220.0000
20120824,19.52,19.41,19.25,19.68,29588690.0000
20120823,19.5,19.44,19.36,19.73,32747000.0000
20120822,19.36,19.44,18.96,19.53,49779450.0000
20120821,19.58,19.16,19.09,19.98,70483330.0000
20120820,19.05,20.01,18.75,20.13,100818300.0000
20120817,20.01,19.05,19.0,20.08,129057400.0000
20120816,20.44,19.87,19.69,20.48,157188200.0000
20120815,20.64,21.2,20.4,21.41,47682050.0000
20120814,21.41,20.38,20.25,21.6,38971320.0000
20120813,22.15,21.6,21.4,22.45,24904700.0000
20120810,21.41,21.81,21.13,21.82,25714310.0000
20120809,20.75,21.01,20.61,21.17,15605960.0000
20120808,20.71,20.72,20.22,21.15,29514550.0000
20120807,22.2,20.72,20.5,22.45,36699380.0000
20120806,21.39,21.92,21.3,22.15,27733830.0000
20120803,20.36,21.09,19.9,22.16,80626220.0000
20120802,20.77,20.04,19.82,20.84,56264460.0000
20120801,21.5,20.88,20.84,21.58,44488370.0000
20120731,23.37,21.71,21.61,23.37,55998620.0000
20120730,24.0,23.15,23.03,24.04,29253590.0000
20120727,23.19,23.71,22.28,24.54,123011300.0000
20120726,27.75,26.85,26.73,28.23,61009290.0000
20120725,28.39,29.34,28.08,29.49,16749990.0000
20120724,28.82,28.45,28.1,29.45,11512350.0000
20120723,28.12,28.75,28.01,29.0,12383610.0000
20120720,29.0,28.76,28.72,29.47,11854290.0000
20120719,29.41,29.0,28.63,29.5,13671200.0000
20120718,28.31,29.11,28.15,29.29,16807730.0000
20120717,28.48,28.09,27.15,28.59,30410530.0000
20120716,30.5,28.25,28.21,30.5,24549800.0000
20120713,31.04,30.72,30.56,31.07,8102653.0000
20120712,30.7,30.81,30.6,31.4,11299240.0000
20120711,31.48,30.97,30.55,31.56,12997760.0000
20120710,32.43,31.47,31.16,32.48,14238190.0000
20120709,32.1,32.17,31.99,32.88,17755740.0000
20120706,31.44,31.73,31.26,31.9,10943350.0000
20120705,31.32,31.47,31.02,31.63,10027250.0000
20120703,30.91,31.2,30.8,31.44,8765498.0000
20120702,31.25,30.77,30.55,31.73,14110230.0000
20120629,31.92,31.1,30.76,31.99,19508980.0000
20120628,31.96,31.36,30.9,32.19,17659080.0000
20120627,32.46,32.23,31.9,32.9,28553940.0000
20120626,32.69,33.1,32.5,33.44,24785970.0000
20120625,32.86,32.06,31.55,33.02,24330740.0000
20120622,32.41,33.05,32.06,33.45,73424890.0000
20120621,31.67,31.84,31.51,32.5,21843070.0000
20120620,31.92,31.6,31.15,31.93,15549740.0000
20120619,31.54,31.91,30.7,32.18,30826830.0000
20120618,29.96,31.41,29.41,32.08,42958450.0000
20120615,28.51,30.01,28.35,30.1,43517670.0000
20120614,27.65,28.29,27.38,28.32,16835510.0000
20120613,27.66,27.27,27.1,28.1,17110160.0000
20120612,27.48,27.4,26.96,27.77,15809640.0000
20120611,27.18,27.01,26.84,28.07,28202230.0000
20120608,26.55,27.1,26.44,27.76,37997180.0000
20120607,27.0,26.31,26.15,27.35,26132090.0000
20120606,26.07,26.81,25.52,27.17,61427940.0000
20120605,26.7,25.87,25.75,27.76,42367740.0000
20120604,27.2,26.9,26.44,27.65,35204750.0000
20120601,28.89,27.72,27.39,29.15,41837160.0000
20120531,28.55,29.6,26.83,29.67,110940500.0000
20120530,28.7,28.19,27.86,29.55,57237340.0000
20120529,31.48,28.84,28.65,31.69,77941380.0000
20120525,32.9,31.91,31.11,32.95,37101630.0000
20120524,32.95,33.03,31.77,33.21,50208760.0000
20120523,31.37,32.0,31.36,32.5,73541150.0000
20120522,32.61,31.0,30.94,33.59,101667700.0000
20120521,36.53,34.03,33.0,36.66,167943600.0000
20120518,42.0,38.23,38.0,45.0,579377500.0000
