20060103	100.0
20060104	115.2831989365223
20060105	80.03740771902298
20060106	60.31722018421728
20060109	38.49383191379729
20060110	74.9144212503711
20060111	157.59590050247326
20060112	172.29906767376923
20060113	123.54551159205025
20060116	44.736050546920346
20060117	150.66121190569868
20060118	53.18224997268058
20060119	204.18121746138135
20060120	400.5289905394295
20060123	158.22593767945466
20060124	106.06671695849734
20060125	178.9029020846078
20060126	29.193023041573426
20060127	132.86215551403455
20060130	102.56258393856034
20060131	131.2584803192385
20060201	114.98742940144017
20060202	64.64688413494844
20060203	35.98966992376591
20060206	28.458568551348783
20060207	49.83266270398665
20060208	48.10462519737279
20060209	142.52720148508408
20060210	94.41182669461952
20060213	49.664319696313676
20060214	195.80475843923827
20060215	87.13401729263957
20060216	90.58527359200473
20060217	217.0053822195012
20060220	110.29531642120737
20060221	51.06643897598107
20060222	33.96183622192201
20060223	61.21631857807591
20060224	48.13723938386544
20060227	58.5718976220631
20060228	56.50080687832648
20060301	87.77512417436463
20060302	45.367114085308685
20060303	57.74250790666957
20060306	120.22359814909606
20060307	87.82698481783397
20060308	136.79336307743216
20060309	13.51822763272755
20060310	72.91530708720515
20060313	50.76892192053837
20060314	20.04382039458528
20060315	85.09003319627001
20060316	181.03461281873373
20060317	133.97477671668653
20060320	60.75236744007423
20060321	249.00579501646865
20060322	61.93743406181224
20060323	85.34472715878196
20060324	173.6556864929795
20060327	43.90658127523133
20060328	105.819472585016
20060329	46.30153285763708
20060330	21.878075576248573
20060331	104.9287932432245
20060403	115.58963059739732
20060404	36.38014946383627
20060405	84.28764564214515
20060406	133.41479966956624
20060407	53.985110117976184
20060410	51.48715039515893
20060411	49.33136509841276
20060412	201.13652817370843
20060413	132.02443908218243
20060418	69.6407929686486
20060419	54.50928025991925
20060420	123.6201010756121
20060421	39.06517378665632
20060424	45.24732137188568
20060425	171.51564640539388
20060426	41.47969477753802
20060427	157.99703977475087
20060428	146.56549618337107
20060502	204.59310072819446
20060503	301.6538672250923
20060504	81.64643919050313
20060505	45.221975308177086
20060508	90.19491036396856
20060509	84.808263337881
20060510	62.43513948360042
20060511	80.30068570844936
20060512	108.6257802165716
20060515	138.850877930841
20060516	10.446990559364366
20060517	70.22153964516434
20060518	119.97177744272476
20060519	64.90065601930564
20060522	57.18499057305973
20060523	66.08098336176877
20060524	81.72017290634619
20060525	200.2302818028938
20060526	96.14951027020835
20060530	17.906834643979074
20060531	186.90652083232564
20060601	26.84975282712981
20060602	56.01696256896458
20060605	17.1038872748001
20060606	91.29495161076359
20060607	161.16874391338803
20060608	92.91510059784628
20060609	32.20572507962869
20060612	55.73873051128424
20060613	164.8102865181683
20060614	64.06738861404308
20060615	153.2001953333024
20060616	136.05530125080764
20060619	115.51003426008492
20060620	30.431030381872127
20060621	29.405866741438707
20060622	50.356603710816614
20060623	47.6896481805557
20060626	32.61760984750404
20060627	80.24721641315553
20060628	41.88735734148976
20060629	34.02729377058963
20060630	58.731470329119134
20060703	52.143974270132524
20060704	79.99633496601551
20060705	75.58247181279373
20060706	16.450528662719616
20060707	49.6351160650831
20060710	34.49349828690608
20060711	44.95078706590819
20060712	47.7163690955121
20060713	44.543504554672325
20060714	33.38468702347878
20060717	59.20354316688421
20060718	80.87923702067502
20060719	100.40870060930202
20060720	51.23732869791698
20060721	52.03593442730603
20060724	49.74976086548002
20060725	31.598558694538763
20060726	64.45014397212721
20060727	74.3269696130883
20060728	74.31466711031894
20060731	37.1726552416548
20060801	62.93535575643622
20060802	70.5708585186667
20060803	54.21920457823441
20060804	111.58243654838047
20060807	51.314547717861736
20060808	38.16006818252823
20060809	44.31034249744245
20060810	28.865756495667345
20060811	61.89475985802185
20060814	26.132713599447126
20060815	141.16716985901832
20060816	92.28619757476385
20060817	78.30973014277791
20060818	71.92288102463235
20060821	59.956535470744896
20060822	44.01895715929148
20060823	20.402310717429494
20060824	20.088114954428136
20060825	12.09276555825196
20060829	25.06050772513758
20060830	34.99167705039612
20060831	37.79295194502095
20060901	48.26508586384594
20060904	65.68517436128722
20060905	58.6380590471847
20060906	24.421417763864916
20060907	134.80568518245073
20060908	32.96950890489903
20060911	39.76975172353266
20060912	41.36735260652299
20060913	65.04857194402919
20060914	56.81939554036264
20060915	79.36409893578869
20060918	15.256232111068657
20060919	18.43573051506815
20060920	108.8170320092369
20060921	118.93127189202572
20060922	65.38277564879353
20060925	41.57042526384459
20060926	117.9760741390902
20060927	45.07413737783289
20060928	44.285094388183325
20060929	44.13754322156914
20061002	83.64337082954603
20061003	120.01709390135719
20061004	151.4784127122174
20061005	103.51162027751451
20061006	99.4622585926234
20061009	44.950842118377814
20061010	71.7306004972591
20061011	58.65856319142084
20061012	33.91281538524828
20061013	299.44566422853137
20061016	78.74753261535182
20061017	272.7509317317086
20061018	101.29038079934823
20061019	33.57335276999516
20061020	28.186093756800457
20061023	32.20018672815921
20061024	60.546837949658745
20061025	78.99995849319657
20061026	62.56665703426948
20061027	68.81733845310912
20061030	21.3886382889247
20061031	69.53897705701469
20061101	91.25241199545371
20061102	35.686013970274516
20061103	47.42749118030733
20061106	56.41675506391407
20061107	57.93700162851736
20061108	117.1874146099734
20061109	85.19354674837395
20061110	33.817391767186486
20061113	33.3036655493356
20061114	27.781553848441895
20061115	15.856312975560094
20061116	61.38552183636956
20061117	57.31435681764218
20061120	15.556502520239373
20061121	50.02608298381515
20061122	59.88403696679781
20061123	37.41608817484923
20061124	17.69833327358092
20061127	21.659586726368257
20061128	55.4366776921996
20061129	37.922992714206465
20061130	68.18336991314354
20061201	40.92484669760493
20061204	26.984049432145568
20061205	80.89050922682048
20061206	62.510537552845555
20061207	121.64337914948747
20061208	85.44342011055332
20061211	35.723713998843685
20061212	49.38054305978427
20061213	88.30817289624773
20061214	14.689273238347964
20061215	41.49428603500648
20061218	13.625279046394054
20061219	28.12722574938905
20061220	15.061063479209976
20061221	57.262891683772274
20061222	14.016542830598851
20061227	24.585420450248545
20061228	32.95265528302734
20061229	57.21192626161543
20070102	28.693417275067144
20070103	11.357858112372629
20070104	50.938391678222594
20070105	54.23537065277449
20070108	14.608103443033825
20070109	32.88813999571538
20070110	47.84261260336292
20070111	52.23044701385423
20070112	85.96797817564641
20070115	41.745193933296235
20070116	28.653488027170454
20070117	52.805692784316506
20070118	118.59332681006596
20070119	151.97066422742603
20070122	152.12281022650728
20070123	95.95577580183821
20070124	52.67446822475697
20070125	45.919712722144055
20070126	60.39289319125657
20070129	37.748729314454934
20070130	39.5392909696855
20070131	63.65995060087941
20070201	97.06156266839118
20070202	29.760157051738044
20070205	33.89067690885369
20070206	98.46013556695392
20070207	192.18863587619035
20070208	89.3528038932136
20070209	13.752137868030324
20070212	29.92965699294285
20070213	24.43325453166645
20070214	89.9699946555168
20070215	75.85738106649556
20070216	95.31970776271574
20070219	67.09039913575589
20070220	161.18627230327823
20070221	73.74023528068071
20070222	120.59473897771953
20070223	146.0370463711645
20070226	28.978955063224497
20070227	142.08661681404678
20070228	205.4661224264714
20070301	114.74663671491007
20070302	156.48965025396882
20070305	145.11480456006734
20070306	30.47720861247212
20070307	115.62250779432519
20070308	50.61320410343387
20070309	31.792681430897606
20070312	43.57485375509218
20070313	44.42640746493735
20070314	104.72993422971516
20070315	83.9598033577551
20070316	46.79087951326072
20070319	27.412889204443523
20070320	35.12690478050896
20070321	52.18842597495781
20070322	42.27938206279598
20070323	37.300623348241075
20070326	11.173395522517895
20070327	27.200566859985187
20070328	82.17785911793014
20070329	53.7517713208171
20070330	112.8552381651401
20070402	70.20157361143468
20070403	44.82394524278688
20070404	38.56782251411916
20070405	36.39688707794312
20070410	128.98174953388545
20070411	120.25402723531846
20070412	60.470186371786816
20070413	7.061527580048506
20070416	44.20167064658498
20070417	62.250954732241134
20070418	53.0760381396029
20070419	58.722031143024715
20070420	80.15975580824342
20070423	100.48426468791041
20070424	30.215825166361352
20070425	27.237508527600177
20070426	67.50395099545761
20070427	30.72111898486247
20070430	110.2244718849349
20070501	184.36251456668782
20070502	200.2876554420529
20070503	33.502263479449034
20070504	71.22623597823899
20070508	38.24565682091142
20070509	49.921651410481296
20070510	33.03205861214206
20070511	43.17768448800755
20070514	25.33674223418151
20070515	119.16486877045662
20070516	195.87150055229228
20070517	107.40561979561441
20070518	39.03101594027465
20070521	55.86658088591268
20070522	21.843478060640937
20070523	36.346148782721635
20070524	47.0001274998158
20070525	5.527072163709072
20070529	17.524528509178822
20070530	22.418191826268654
20070531	130.9969160965584
20070601	56.93987012142267
20070604	39.21785197313383
20070605	53.98293637709543
20070606	35.470284985486565
20070607	96.39829850642508
20070608	105.55486911711677
20070611	74.45331559885982
20070612	77.44242870847891
20070613	56.08264831965269
20070614	76.93845604782581
20070615	23.13743921783912
20070618	30.19624997676754
20070619	195.49788751482978
20070620	227.61766621644597
20070621	37.78367308859488
20070622	34.31483164296147
20070625	15.94990047002351
20070626	23.723535395974608
20070627	45.391278082836294
20070628	36.87529468208655
20070629	310.13694868167295
20070702	56.84630725249282
20070703	44.320770721235675
20070704	75.03854694204958
20070705	106.66514399730666
20070706	32.242488120844456
20070709	22.018029339776763
20070710	41.89397459154243
20070711	31.892026107354596
20070712	20.197850470116194
20070713	22.690665241462508
20070716	12.529072891757497
20070717	25.047703238777256
20070718	118.9950309077
20070719	59.49081044237147
20070720	51.640299631175786
20070723	17.588683399575565
20070724	34.96454090918573
20070725	28.207806093813375
20070726	37.65754607533991
20070727	69.11687977203822
20070730	29.759337512357803
20070731	162.58826782645457
20070801	44.85082265361775
20070802	29.574629884244718
20070803	48.13114198815758
20070806	19.55513045366474
20070807	53.67441527823703
20070808	139.2146210382176
20070809	140.36727463607954
20070810	61.186681038452654
20070813	87.03736103882909
20070814	52.15101688875121
20070815	23.381618483205653
20070816	54.599855264582644
20070817	93.18419731281566
20070820	37.65801387933939
20070821	55.2165546318686
20070822	25.047615974324646
20070823	52.01519118820647
20070824	14.185797510414465
20070828	18.816870121709446
20070829	21.006499380565
20070830	87.42862855540469
20070831	95.07955574575128
20070903	26.09759773055692
20070904	16.959651345999685
20070905	37.51289617793218
20070906	11.763857925407633
20070907	52.96353738339718
20070910	41.5273688368836
20070911	16.746033240042618
20070912	37.32306343671047
20070913	40.33941577399933
20070914	49.60457235045038
20070917	14.428535309827838
20070918	113.8873795945338
20070919	233.35988907059638
20070920	32.43951143673252
20070921	63.84788360592184
20070924	62.304324876292675
20070925	85.5696026833936
20070926	27.880656569903383
20070927	95.92451776417013
20070928	111.42944196233748
20071001	24.98593298849742
20071002	55.62472045734267
20071003	89.52462991282582
20071004	353.27687725697234
20071005	41.59467480163181
20071008	96.40884622693845
20071009	39.639470926391006
20071010	49.785119947012525
20071011	78.5948192147671
20071012	35.68918762141256
20071015	21.838382542798758
20071016	56.71974933296948
20071017	88.50914635868189
20071018	96.36174482281398
20071019	52.695870734422364
20071022	80.0386181431084
20071023	82.27633198153073
20071024	32.05934036003503
20071025	56.98385895141206
20071026	45.73822767168217
20071029	42.13654851147823
20071030	54.50063225530063
20071031	97.39021844734353
20071101	74.46055434950826
20071102	34.37272598841923
20071105	24.1317026819416
20071106	10.95715956412139
20071107	26.63960185025128
20071108	29.430667595022516
20071109	17.293886370223532
20071112	22.15763540456437
20071113	25.494833413151913
20071114	19.867439766915492
20071115	51.179861546641455
20071116	30.83033852056892
20071119	86.89939238946283
20071120	183.2439826274383
20071121	30.918562841576016
20071122	14.023143710959893
20071123	40.405602088354634
20071126	21.78894869089505
20071127	98.38514489409793
20071128	28.89213125351465
20071129	51.206028224815384
20071130	97.70709303836415
20071203	35.45719687951292
20071204	27.304087714553802
20071205	81.37436250198617
20071206	28.5028499059014
20071207	28.462580525428884
20071210	13.978613727770481
20071211	13.825787382399048
20071212	32.8553304885779
20071213	53.11338018512705
20071214	47.26690872495146
20071217	23.873378745389346
20071218	113.7970072535491
20071219	25.96542011822172
20071220	18.681909783510655
20071221	80.37854255811226
20071224	1.9550030168935928
20071227	15.20051112108387
20071228	7.347468930801025
20071231	16.314318649687923
20080102	18.581268209616027
20080103	19.159080918111414
20080104	97.73201904807824
20080107	34.61022390432117
20080108	104.37055000405903
20080109	83.16782303283759
20080110	74.12308910032996
20080111	98.47155013059084
20080114	28.722789410669563
20080115	33.73377915545373
20080116	62.51906946856086
20080117	58.477871411751096
20080118	47.678371653785405
20080121	80.64062006291904
20080122	37.857120750669814
20080123	71.61835656467836
20080124	31.971061006842927
20080125	44.4796859630575
20080128	38.970900185069574
20080129	45.05916990144247
20080130	22.332958655637096
20080131	74.90575728175335
20080201	30.436497412603508
20080204	25.33570678526301
20080205	53.03872254522843
20080206	37.01689655103293
20080207	79.23827813921822
20080208	53.47839270427569
20080211	36.69705040458354
20080212	33.164234804553544
20080213	47.89454148430755
20080214	21.416060483903284
20080215	22.512631761772475
20080218	29.84265802550446
20080219	23.084601565453124
20080220	47.6242472057045
20080221	26.473617924068908
20080222	42.67210380435329
20080225	19.937194227777038
20080226	50.04815945011409
20080227	21.564761585854
20080228	16.437300308855434
20080229	115.58947765133212
20080303	43.30179942883522
20080304	27.58337215881371
20080305	15.072017581881262
20080306	16.708557640553774
20080307	66.20619016305442
20080310	87.93214501486324
20080311	28.23642351969393
20080312	11.90281031818571
20080313	27.547028907892372
20080314	35.398379705369315
20080317	52.535605145178494
20080318	22.68216330642153
20080319	31.40346393928083
20080320	182.39722890874765
20080325	47.97021363939264
20080326	34.14349756605141
20080327	61.25272327112342
20080328	21.078685744717447
20080331	56.366209391482414
20080401	188.85768141402684
20080402	33.231639575705394
20080403	63.7769434276469
20080404	29.928818102031265
20080407	16.378408629287748
20080408	38.519367293902
20080409	38.70085240521779
20080410	50.58594162958496
20080411	37.57073125171848
20080414	31.825260788690795
20080415	19.463747451572193
20080416	55.37154015376073
20080417	16.016520226225207
20080418	50.533252764916256
20080421	44.82581982603242
20080422	41.41476341201785
20080423	15.532168760693231
20080424	28.040411412598615
20080425	17.92601988196045
20080428	8.76344175673
20080429	7.583803706076188
20080430	101.95547704827261
20080501	27.00677731886074
20080502	51.22606265829733
20080506	51.760033438050534
20080507	115.58126120208979
20080508	70.46494052865282
20080509	57.72912719499425
20080512	43.46214082171906
20080513	73.19366381418482
20080514	62.16044376613582
20080515	34.16572286063688
20080516	32.274498434079554
20080519	50.12384986136083
20080520	77.19759126791627
20080521	49.10683139000084
20080522	32.21466715044197
20080523	164.9633069062533
20080527	31.34233999769199
20080528	53.3997696232245
20080529	29.653464047093607
20080530	85.0342836658192
20080602	14.48713531678651
20080603	25.788896240536992
20080604	78.97955617777315
20080605	21.079594049612478
20080606	24.717716179949495
20080609	45.4245825348002
20080610	105.97241244314351
20080611	72.6306890647554
20080612	38.80072117550593
20080613	51.780446301478506
20080616	49.9189158057993
20080617	27.790383075891654
20080618	65.91703881111765
20080619	49.86672423897344
20080620	37.38189410012903
20080623	32.950284619016394
20080624	68.04221972192053
20080625	66.96139117848777
20080626	63.412104828864756
20080627	71.37691162606245
20080630	66.85937704550784
20080701	30.19895065132688
20080702	70.7834957210594
20080703	9.245353083413713
20080704	24.090192166462884
20080707	39.19427896812746
20080708	13.826810072289014
20080709	14.449612352700568
20080710	53.1905361604603
20080711	74.0410633547354
20080714	48.04609756595268
20080715	30.47700085735277
20080716	117.15797342551085
20080717	42.56021270252295
20080718	186.37822690745492
20080721	43.449535854920725
20080722	34.08779432511266
20080723	105.28235902732258
20080724	42.50345484369599
20080725	54.8694506770338
20080728	50.50070726216061
20080729	17.222982116017814
20080730	55.496817504968796
20080731	40.22730691672994
20080801	36.628148303623945
20080804	27.41500026583609
20080805	34.2453255470366
20080806	66.90552140078569
20080807	63.42254203874637
20080808	65.08108312520105
20080811	56.45588536132395
20080812	18.132397695637668
20080813	54.724884108861616
20080814	21.84677530599317
20080815	24.355722803957594
20080818	6.172715742168782
20080819	15.783743860836735
20080820	57.47281405293797
20080821	45.75466343029874
20080822	46.77697383551542
20080826	35.20364094526319
20080827	27.970249007663124
20080828	25.031220298125174
20080829	36.07065900336455
20080901	37.83551801148061
20080902	74.20685822822182
20080903	41.64362439870592
20080904	28.154307994353438
20080905	44.992931577311154
20080908	24.841062008972326
20080909	52.074659721912475
20080910	34.25327425952628
20080911	79.80491132201544
20080912	31.46306892765271
20080915	42.20299100035051
20080916	119.37070350389452
20080917	90.37577679425134
20080918	43.75704345282385
20080919	140.00165211771696
20080922	24.20550672457622
20080923	58.19578738510506
20080924	29.025632802691362
20080925	26.30216090205262
20080926	36.336037343902014
20080929	51.74790215779273
20080930	70.45581029766709
20081001	146.63659088991201
20081002	308.0531283221235
20081003	42.03524292041584
20081006	11.01290114299959
20081007	17.969704361450866
20081008	21.593920164934588
20081009	22.402161516717282
20081010	49.9849072052023
20081013	21.32740310645768
20081014	20.42163930684895
20081015	11.254219181007509
20081016	57.8869930929302
20081017	44.82070708654449
20081020	8.833192627213103
20081021	12.236928827529114
20081022	13.909308895885285
20081023	10.72922899256859
20081024	24.879490458390567
20081027	28.985473101181
20081028	34.86072114039734
20081029	36.507675041064594
20081030	22.389113371453018
20081031	229.36661483770797
20081103	7.6666587276705185
20081104	50.708444815040785
20081105	31.06701785046796
20081106	15.86207411305536
20081107	18.682420124366757
20081110	19.485918180519025
20081111	24.27122517407819
20081112	24.10939703996034
20081113	5.464949244955769
20081114	18.975461904916425
20081117	13.468656230788278
20081118	68.42550797736274
20081119	26.93453290011432
20081120	8.672301946995018
20081121	36.57842720115929
20081124	10.625574928873931
20081125	57.14433051072834
20081126	32.220874367104386
20081127	28.765053844769792
20081128	33.11771201932973
20081201	16.16450718770217
20081202	32.445043763668664
20081203	30.052290649100435
20081204	20.46035752212152
20081205	8.563609304397858
20081208	14.566372372837991
20081209	15.334481873899131
20081210	18.787128095987764
20081211	11.392464674922605
20081212	11.057919579935758
20081215	45.31781977133375
20081216	18.190645378961495
20081217	29.191554657924183
20081218	37.61829735629495
20081219	41.43162352496926
20081222	22.497310906946737
20081223	6.401657847068332
20081224	2.0452434672527517
20081229	13.150389161181511
20081230	12.608596610115836
20081231	21.00898335448581
20090102	14.429175857685614
20090105	47.8842453337015
20090106	19.98509377100339
20090107	52.091329950498285
20090108	22.130465388031823
20090109	22.60888404729535
20090112	24.453453757434104
20090113	17.963692891410407
20090114	24.106549139599725
20090115	9.713176840128371
20090116	11.418967266470558
20090119	14.442237532794111
20090120	12.054367657477535
20090121	32.237391974178955
20090122	172.32817606869008
20090123	61.78187211175891
20090126	18.085946251436567
20090127	10.410174372433671
20090128	19.798615356065948
20090129	23.134596327780653
20090130	21.069776433572017
20090202	21.851594445832873
20090203	0.26462093296062045
20090204	30.709664115677644
20090205	0.6646142862572941
20090206	27.275164923943034
20090209	72.64126986949063
20090210	15.656179499407289
20090211	80.33061445413534
20090212	20.6811232804805
20090213	56.51747670121982
20090216	73.80402713716119
20090217	34.990626996548386
20090218	61.44201960574722
20090219	23.035612940762384
20090220	41.57606049467851
20090223	22.933232710887857
20090224	64.5091537082069
20090225	67.86945131924504
20090226	31.823799971206327
20090227	46.7128499197396
20090302	24.60539987183016
20090303	136.28266932973608
20090304	116.49983234819099
20090305	81.04464190197982
20090306	34.69449037062511
20090309	44.09164881342871
20090310	93.30473193636274
20090311	86.8886136067971
20090312	20.28127114873636
20090313	23.41472810135573
20090316	17.8969727060351
20090317	442.15920033085365
20090318	50.68264451774617
20090319	69.20581155987779
20090320	99.09757878187833
20090323	69.15110015591584
20090324	36.6846981842007
20090325	23.38744783789154
20090326	55.522586117680696
20090327	35.86996699008892
20090330	31.59565896696379
20090331	64.44141902792973
20090401	32.74016808542949
20090402	67.69365064926104
20090403	29.240869986769653
20090406	28.174574159380384
20090407	180.57431737567575
20090408	31.417351847695528
20090409	73.69516386030666
20090414	40.629297575247605
20090415	28.08669264851949
20090416	53.334658333089195
20090417	17.354201604421366
20090420	24.421916278785222
20090421	28.64974236991933
20090422	20.480883411474615
20090423	32.597939117331066
20090424	53.531119338914394
20090427	32.103171416218714
20090428	16.425912581776174
20090429	28.33298973005837
20090430	67.35485274085292
20090501	25.969282817753573
20090505	53.83990275853077
20090506	70.92838167063705
20090507	78.11038324349138
20090508	37.844872833823736
20090511	22.045400924618377
20090512	27.357479644291566
20090513	43.097637162649
20090514	57.45941431428535
20090515	16.816359950432815
20090518	24.695091785386165
20090519	16.8903942844041
20090520	27.096219650402645
20090521	16.30550686701484
20090522	35.250705127102535
20090526	15.83156064279702
20090527	18.95197640777817
20090528	30.623489515360024
20090529	119.99978689785385
20090601	13.879036447529728
20090602	26.096518162581184
20090603	11.449662365252513
20090604	19.407098460322445
20090605	46.230636534719395
20090608	30.564918718259968
20090609	29.00041013035077
20090610	51.45020325069554
20090611	16.590355282224376
20090612	43.856448881729804
20090615	22.78464013167574
20090616	38.47898028289477
20090617	49.83148441074577
20090618	18.154607229070276
20090619	54.43536284652098
20090622	34.45219343723051
20090623	10.859113184741163
20090624	14.755302265728542
20090625	12.653121035318266
20090626	31.32209383330438
20090629	29.379844449218687
20090630	59.2418197453224
20090701	21.318749057021098
20090702	19.234490427884527
20090703	229.8342265998169
20090706	21.420057366223116
20090707	40.7651006990058
20090708	143.83007335306692
20090709	24.887533392958876
20090710	18.948541936944345
20090713	134.77684166415088
20090714	15.68139628920692
20090715	35.022528137936966
20090716	25.319075340878396
20090717	19.19892284070166
20090720	20.395567134738407
20090721	23.045220387813234
20090722	17.177570725344857
20090723	34.34742830353897
20090724	17.56514571009967
20090727	42.52006121628535
20090728	36.23222737258702
20090729	46.63218880194239
20090730	49.514628035317536
20090731	79.42765656571548
20090803	71.7006358072195
20090804	18.386895140712003
20090805	28.373055676036444
20090806	29.94117468360835
20090807	27.300256760458613
20090810	16.016212062216887
20090811	23.34988282377997
20090812	16.851494826015774
20090813	35.24779562233873
20090814	18.493643420956932
20090817	4.5461757597299375
20090818	10.368082235930013
20090819	35.57799445264138
20090820	77.37530660356299
20090821	26.164830406958473
20090824	48.50701883023156
20090825	19.83218149996455
20090826	14.378088666930706
20090827	22.297678400153707
20090828	16.79666268797156
20090901	20.617735574849384
20090902	20.357927554348883
20090903	23.714464294667874
20090904	20.690902335450694
20090907	11.663635533268694
20090908	11.68047781603555
20090909	15.623704343727784
20090910	40.367970317545385
20090911	79.29680615604627
20090914	18.514715250681288
20090915	35.969591837773066
20090916	20.407956780252626
20090917	20.56248058353254
20090918	51.931308527273956
20090921	26.248117369337006
20090922	77.79586414358295
20090923	13.702055252996137
20090924	22.857674027989617
20090925	10.68721892765378
20090928	9.57913361035145
20090929	25.889582217473667
20090930	56.326661981348614
20091001	21.561999063475977
20091002	23.21681106521733
20091005	31.40293325294688
20091006	51.27254306894163
20091007	25.87963897875654
20091008	30.637327969861328
20091009	15.98613158754319
20091012	16.596548218511458
20091013	83.07648976864326
20091014	23.19131702517639
20091015	30.320170043212165
20091016	49.590560847821465
20091019	44.65824392198662
20091020	46.380600719639524
20091021	36.27875717629078
20091022	12.894759976078422
20091023	23.586964803466085
20091026	33.49466404790064
20091027	24.481930813716346
20091028	25.38409892029943
20091029	14.639414869832473
20091030	60.47559317746945
20091102	14.819261105233984
20091103	15.05781359845488
20091104	27.43419751231491
20091105	18.16943873762581
20091106	14.628860414823926
20091109	13.333713864766391
20091110	9.895945136475973
20091111	12.238199212963172
20091112	16.610004835249907
20091113	15.186811190280135
20091116	42.249792293462356
20091117	29.533993270938698
20091118	34.29588909022206
20091119	29.173617816844413
20091120	8.070207752429631
20091123	7.586032093734163
20091124	17.15799792933667
20091125	25.60640602610031
20091126	26.32352391755499
20091127	51.64843534761444
20091130	31.387927174916882
20091201	46.92872757053718
20091202	48.71079069854362
20091203	96.48370882267832
20091204	36.95724961405859
20091207	19.4289616743689
20091208	18.409100028965696
20091209	19.120814948531706
20091210	17.80957185962533
20091211	27.1422526025253
20091214	13.793346690295786
20091215	24.32795092234531
20091216	34.20141353491842
20091217	17.64344756384464
20091218	33.96815926378768
20091221	15.640679003951092
20091222	14.357926927148297
20091223	9.480350168872285
20091224	3.533606375813374
20091229	7.178914618199472
20091230	7.501863805010578
20091231	6.658885967660971
20100104	13.029866748978112
20100105	34.10904190081967
20100106	13.060281717102153
20100107	30.71210066414747
20100108	95.2900155560308
20100111	46.00225477227419
20100112	65.72479126654315
20100113	16.309276581830098
20100114	13.839915683893176
20100115	58.968813574762876
20100118	11.289723155609407
20100119	16.35519044292504
20100120	33.288421471811866
20100121	12.24921516345313
20100122	116.18353160918429
20100125	23.316591455398544
20100126	88.81627481667718
20100127	38.88206521574057
20100128	85.17256222367153
20100129	177.43598793465546
20100201	25.70771313850951
20100202	63.31201891167636
20100203	54.23087330821054
20100204	31.761925579666702
20100205	28.000136027877417
20100208	27.623697403140827
20100209	69.1504473155759
20100210	41.93145343657112
20100211	74.02988421444515
20100212	51.294596451338386
20100215	16.101303585318796
20100216	36.0381972355369
20100217	10.644312424348984
20100218	27.79861970833489
20100219	9.02106299333644
20100222	10.097867189068442
20100223	17.950198180148007
20100224	55.93088488858068
20100225	41.69467795755417
20100226	58.50865965752664
20100301	16.92935644256531
20100302	53.124922846164736
20100303	21.20110237568248
20100304	35.968255993857234
20100305	20.760344352248232
20100308	63.73301423445219
20100309	144.72327975332058
20100310	25.37573877478047
20100311	40.19500164477674
20100312	75.10049727922161
20100315	21.128250554153933
20100316	66.46169693045151
20100317	17.562643378594107
20100318	22.385404835063856
20100319	317.5013710549807
20100322	10.499599238914263
20100323	28.563641828764055
20100324	39.07085082410035
20100325	70.34743529199768
20100326	37.15178723183281
20100329	19.93273167134327
20100330	28.540329501461184
20100331	60.893828878568485
20100401	29.80126266583642
20100406	23.038027541268992
20100407	40.4857309376172
20100408	24.789153230090143
20100409	30.03990755551979
20100412	34.47351959557101
20100413	52.27648623392575
20100414	16.61082269100636
20100415	38.534831114757985
20100416	66.5054796483761
20100419	14.063062573129097
20100420	22.68521786653183
20100421	15.452247423134581
20100422	32.26793704788153
20100423	20.781449509609878
20100426	33.60631358014335
20100427	29.231008637079746
20100428	40.44083347817875
20100429	30.659752784008784
20100430	61.42967866361529
20100504	55.41362498779981
20100505	47.27658012942193
20100506	42.04264350179481
20100507	64.3144591482965
20100510	29.2145456564977
20100511	48.73699275310185
20100512	61.81079904043297
20100513	15.98583618256336
20100514	29.537667120620757
20100517	28.49784501975943
20100518	23.535331002947302
20100519	50.90242894656359
20100520	55.76305672495031
20100521	26.406851773735557
20100524	11.460500845566791
20100525	33.199798679650236
20100526	22.566873353557174
20100527	50.02533028227114
20100528	42.99572589299753
20100601	55.56506203927108
20100602	35.35427930994774
20100603	28.373023484338095
20100604	27.838917994396656
20100607	33.201992725439716
20100608	37.9369309487734
20100609	141.73504857858532
20100610	36.462570293053155
20100611	133.0189916427467
20100614	31.35898233491975
20100615	24.179215823364697
20100616	22.18568889761215
20100617	61.243920454254194
20100618	235.99130924594198
20100621	35.70373370502328
20100622	24.088249264603586
20100623	31.63551845603842
20100624	136.6045047486953
20100625	19.941013822482805
20100628	14.889959328513374
20100629	19.05908873617064
20100630	58.738193830032515
20100701	24.487423119089257
20100702	33.869570007014396
20100705	13.59768489865756
20100706	20.604783071587427
20100707	27.461203203108155
20100708	38.84558871512394
20100709	16.951512830282937
20100712	39.10867379777576
20100713	16.58965586838765
20100714	17.795380939496805
20100715	31.10016980262838
20100716	128.6376559186806
20100719	18.204875732399124
20100720	35.5959709298765
20100721	34.22958392825449
20100722	32.213512813342035
20100723	20.766328904592594
20100726	20.798646408174104
20100727	39.1572169518381
20100728	39.053404891206824
20100729	42.670657328098
20100730	38.109155114986095
20100802	46.44276497845658
20100803	24.632561125405136
20100804	28.117412311981145
20100805	25.155172028867902
20100806	62.55248635819584
20100809	33.98978356553224
20100810	26.413172381446316
20100811	14.378687387893715
20100812	10.278622398757584
20100813	13.51800979615005
20100816	18.109327891299763
20100817	21.581967632783694
20100818	18.32987301380311
20100819	21.72735554566768
20100820	16.733438821248754
20100823	10.689909622178117
20100824	13.865137504279565
20100825	19.250977973146252
20100826	10.173424411473762
20100827	41.121342958106716
20100831	48.356441725111594
20100901	60.694343070176444
20100902	33.23462821078759
20100903	61.08587057477832
20100906	27.84716937376153
20100907	66.26655345152662
20100908	47.79500911422441
20100909	31.35280850674852
20100910	21.932482163165172
20100913	26.149112541471112
20100914	44.19512023436854
20100915	71.02107658078904
20100916	91.52479621915582
20100917	71.06367416955443
20100920	12.435489758488268
20100921	60.96342530192418
20100922	27.895537512087696
20100923	104.61687171113152
20100924	104.28148869889507
20100927	41.25085677332906
20100928	49.26415112443462
20100929	23.839439972947247
20100930	61.393063091616305
20101001	37.22258919067951
20101004	29.781178981287297
20101005	33.528960073141256
20101006	35.18159902367901
20101007	31.206348470345798
20101008	25.378219036615086
20101011	19.522380258767956
20101012	55.501691129308675
20101013	28.74962414265147
20101014	128.44912490263712
20101015	46.549802314594025
20101018	41.77440531325319
20101019	25.87912594004543
20101020	14.589016788325273
20101021	25.127824298744173
20101022	36.24148450418079
20101025	34.808153983472856
20101026	21.740876282102718
20101027	19.766520253102357
20101028	25.14278475665469
20101029	73.55401375022213
20101101	37.33619529661812
20101102	27.734773123938847
20101103	26.60278844231408
20101104	72.60753660057463
20101105	35.7910244464938
20101108	25.731608405337894
20101109	47.08953459696573
20101110	21.581574557339145
20101111	41.13128779930916
20101112	40.32331217610131
20101115	23.70067052719333
20101116	30.4466918561047
20101117	22.292764267419653
20101118	31.41732499085332
20101119	18.11791374383036
20101122	18.088170419892734
20101123	27.42786323276756
20101124	23.18629649958927
20101125	27.2744470916677
20101126	15.239902725020546
20101129	33.33766844147435
20101130	214.752996390807
20101201	88.75444789115782
20101202	77.62528013121583
20101203	63.20908481014258
20101206	48.007322999994585
20101207	69.1795901943575
20101208	51.25525850023232
20101209	33.07467131295235
20101210	33.206274119896264
20101213	33.31198461849095
20101214	33.43938873139054
20101215	24.719679832979235
20101216	55.64851245515013
20101217	48.00315469231705
20101220	66.9010537934806
20101221	45.773509225381574
20101222	26.552901776748072
20101223	10.546271339255634
20101224	2.312739684816436
20101229	18.368906411563955
20101230	24.723117995614643
20101231	17.075244006308548
20110104	33.38491404899107
20110105	32.523191880248106
20110106	42.24191372520265
20110107	56.18097119874319
20110110	28.229085881503373
20110111	28.62523815867744
20110112	36.581345712296226
20110113	26.472975652018143
20110114	52.30174726449045
20110117	22.28064499565921
20110118	30.753261797261825
20110119	46.72657394867676
20110120	53.5008300340363
20110121	36.68561677340014
20110124	22.519038335719916
20110125	41.27044224722731
20110126	45.178026499750985
20110127	29.663237077530514
20110128	28.95930289348253
20110131	62.1776323480043
20110201	28.428183787029976
20110202	64.31947273654227
20110203	42.17210956701219
20110204	28.958213081771625
20110207	26.00684708133408
20110208	31.21118223539945
20110209	22.92016679629296
20110210	66.72542357519237
20110211	53.07569179993218
20110214	15.46326907360391
20110215	18.729702447052972
20110216	43.901204774777106
20110217	39.78535930151923
20110218	75.81567454069494
20110221	30.256869886018382
20110222	42.4688815479295
20110223	51.483263475786096
20110224	54.62638268451046
20110225	23.439867119906836
20110228	78.35669533565213
20110301	27.954568202183907
20110302	32.58179770889388
20110303	33.508759305742224
20110304	48.400949030091375
20110307	26.526231837051835
20110308	35.0029274100015
20110309	36.63961266601287
20110310	40.543007514850004
20110311	28.810877317580054
20110314	30.85266819982972
20110315	47.59474001507533
20110316	36.90787894875878
20110317	60.093283939121726
20110318	106.00569101192737
20110321	23.639465142839008
20110322	18.67093350974533
20110323	14.394815712748425
20110324	40.625035877161025
20110325	33.8256842229151
20110328	31.08709218380542
20110329	30.867534354523094
20110330	22.34460760810472
20110331	30.816177824530254
20110401	48.60850323025483
20110404	23.625709632165403
20110405	32.76868861166107
20110406	24.316106568094398
20110407	22.96342586664809
20110408	28.277091310467156
20110411	28.159739040161792
20110412	24.001474523399292
20110413	27.008496663878592
20110414	22.096833095974258
20110415	33.8473873709933
20110418	52.71692530193169
20110419	45.03625927054943
20110420	19.896918396794103
20110421	30.7181770855541
20110426	29.59622552381556
20110427	35.944764695316536
20110428	56.479780891852506
20110503	45.74515359285879
20110504	57.29865112292934
20110505	43.08043766765291
20110506	25.549572525910342
20110509	36.274406002727595
20110510	24.322603753457376
20110511	36.29521490315521
20110512	40.9814334353436
20110513	26.51799498147776
20110516	43.80748072422471
20110517	42.81465562252792
20110518	34.808477868064834
20110519	24.96333865574691
20110520	22.426584488039946
20110523	20.949669328761125
20110524	33.104235199105766
20110525	32.17853881511234
20110526	67.84689270771749
20110527	65.14357694830491
20110531	66.31685372057679
20110601	55.7678180941808
20110602	44.904901846702465
20110603	19.30989760492587
20110606	19.41714565773777
20110607	38.737417833626246
20110608	70.30086009130538
20110609	33.823882684600726
20110610	18.079861432195617
20110613	20.828539452921763
20110614	24.909164287206284
20110615	40.40826152427342
20110616	50.989422193738065
20110617	68.83723472801697
20110620	25.174263693878636
20110621	18.703557148872783
20110622	35.483387006712306
20110623	33.029453498446564
20110624	17.667214814410766
20110627	13.025480117892107
20110628	31.924212328849396
20110629	27.152157807572397
20110630	42.280624678579834
20110701	18.32414009221992
20110704	12.817266079193393
20110705	28.935135853261336
20110706	16.43036089840391
20110707	41.33953185925151
20110708	17.24536240541557
20110711	17.514502448341783
20110712	31.747381301387538
20110713	26.6614452462201
20110714	23.843746216068254
20110715	20.70398040053544
20110718	33.12483462022099
20110719	30.21542174575859
20110720	29.55709295452784
20110721	23.13436930226848
20110722	20.859947495384674
20110725	20.1869771813871
20110726	34.759377434526414
20110727	29.566866694926535
20110728	27.06515823159528
20110729	39.392173528902525
20110801	24.51727711593565
20110802	28.66629458256252
20110803	37.736730857915305
20110804	43.10943380746424
20110805	38.987572665248706
20110808	37.48094726625406
20110809	55.195719361429816
20110810	59.77857769327194
20110811	49.241040913125694
20110812	44.452019946898126
20110815	21.585170635772684
20110816	25.65933769771873
20110817	26.12903512487086
20110818	28.49613391029902
20110819	24.298157779371085
20110822	16.32717891876441
20110823	21.126861199399947
20110824	31.270973112065978
20110825	29.89375328953979
20110826	15.039828885662397
20110830	29.376132018181742
20110831	59.520923007320455
20110901	23.93082236650109
20110902	22.684621356592874
20110905	27.235795207115743
20110906	36.46242890922368
20110907	23.87115469864096
20110908	28.6277501862333
20110909	19.042498165303464
20110912	32.04932296073248
20110913	32.83771592960486
20110914	27.72699541082985
20110915	24.61940303747864
20110916	26.784578999498617
20110919	20.569991533550926
20110920	14.976424181516338
20110921	19.86068669102036
20110922	35.99695518705734
20110923	16.50604678617948
20110926	87.63119847860436
20110927	43.8988731992367
20110928	19.816020395157423
20110929	26.027057869337415
20110930	37.6544000518599
20111003	21.001340939819105
20111004	26.570136384428395
20111005	40.943146856585884
20111006	38.68898097099387
20111007	147.00389161607507
20111010	131.95159198697155
20111011	19.573083765859266
20111012	121.62975869384096
20111013	33.97977841814261
20111014	18.703817968568625
20111017	19.973630889392094
20111018	13.45060940647701
20111019	22.7125985997389
20111020	31.95020003578547
20111021	29.21423589000413
20111024	18.638371434451845
20111025	27.247444646414312
20111026	26.89207340906942
20111027	51.99543852843706
20111028	25.40985451028271
20111031	34.069910061778444
20111101	25.609567729594776
20111102	26.801272372840437
20111103	21.21319779272512
20111104	14.864796455244457
20111107	14.709986395350166
20111108	24.623010272455378
20111109	23.431251144709563
20111110	13.489935166524052
20111111	6.704720962137675
20111114	11.550996922758056
20111115	13.951788529561911
20111116	16.960759150172127
20111117	25.215008403946165
20111118	14.221060402259731
20111121	21.25448118126851
20111122	23.503653032992393
20111123	18.117595822917885
20111124	13.447898954728851
20111125	10.657238070768718
20111128	27.3363179739674
20111129	17.508030943312843
20111130	30.908873606921112
20111201	19.522418637276658
20111202	12.428093903426701
20111205	34.320926361099026
20111206	45.9103512870136
20111207	31.778362007675913
20111208	22.77801468663502
20111209	30.95650598136428
20111212	20.891614998473617
20111213	25.091402404335483
20111214	43.72038293009806
20111215	33.80233191461829
20111216	36.735003179568245
20111219	18.673959083127883
20111220	14.74069723500038
20111221	21.72314031965479
20111222	8.777088764949669
20111223	3.93165536675782
20111228	18.461921088529248
20111229	11.224192622864509
20111230	11.013983692815096
20120103	22.55645291905967
20120104	23.305494488120228
20120105	20.194614890021064
20120106	14.257135389028205
20120109	14.281432575397213
20120110	20.66316893377022
20120111	16.609164767830155
20120112	21.001641557947313
20120113	27.071189276297947
20120116	16.62478222442854
20120117	29.859213321410554
20120118	22.229211992633775
20120119	41.30137984868963
20120120	31.79846482062551
20120123	45.15387629576776
20120124	29.13546055256495
20120125	45.83118486202302
20120126	25.216507823070195
20120127	41.296446181862635
20120130	38.8359989359807
20120131	71.88674613736931
20120201	35.90438054444127
20120202	41.40279341480576
20120203	44.64404365064648
20120206	31.654802622131296
20120207	51.938881264257205
20120208	16.635497617644184
20120209	25.463423605926778
20120210	41.02315198992646
20120213	26.9603008028644
20120214	32.85869402408157
20120215	69.08643683141779
20120216	74.83262072495742
20120217	51.460247689402046
20120220	47.140349730343175
20120221	39.12765067209913
20120222	48.24356811723156
20120223	37.208972264557374
20120224	1311.2786198392473
20120227	35.27460232097027
20120228	49.154212924783316
20120229	103.57479899066452
20120301	85.32313293913509
20120302	42.46544241163219
20120305	37.401320745421145
20120306	51.958971723870775
20120307	56.46558893720825
20120308	45.04129985762977
20120309	47.190841465959544
20120312	27.355091413796256
20120313	54.366411595917405
20120314	52.70717805325206
20120315	68.94272219717043
20120316	304.3389874941849
20120319	40.26266774274012
20120320	43.61286732309516
20120321	42.54738697816133
20120322	49.56437471669315
20120323	46.751913399597974
20120326	71.42094822634165
20120327	59.68937425374737
20120328	50.17756423548236
20120329	39.85829447256798
20120330	46.819500793220016
20120402	30.92897526364715
20120403	73.10278788712411
20120404	49.079979740642635
20120405	34.484734274522694
20120410	41.16574748089658
20120411	35.93341068128246
20120412	49.02701666842623
20120413	45.89880185091155
20120416	63.75832686910052
20120417	57.42624307144758
20120418	43.27730728694474
20120419	46.13573256815623
20120420	43.851164432899445
20120423	50.2683653934191
20120424	53.091470255591595
20120425	31.334437371868233
20120426	34.5590248438648
20120427	34.86172664921082
20120430	115.24668774919888
20120501	30.896449010999692
20120502	49.481340237030004
20120503	37.76467783640231
20120504	42.476811213157255
20120508	60.171409539768575
20120509	45.773540139148665
20120510	50.40721910150126
20120511	44.83213369924813
20120514	52.82973943529423
20120515	55.863774873300805
20120516	79.99577239225282
20120517	47.04721038407859
20120518	38.00337603407764
20120521	41.914103632511
20120522	35.78026262177383
20120523	36.94168106368883
20120524	29.01520143478153
20120525	28.161913531573738
20120528	15.814316724474304
20120529	34.85229458301937
20120530	51.09641328093274
20120531	424.9105515932144
20120601	46.96567252426135
20120606	64.95908512830704
20120607	42.411541094415696
20120608	37.035026461164364
20120611	39.401879843210956
20120612	42.95401843410416
20120613	32.29011337538466
20120614	35.72916733745392
20120615	176.27664728734993
20120618	49.56502100509953
20120619	33.80938940186636
20120620	44.97400076936914
20120621	37.25784701136882
20120622	27.384864637269704
20120625	42.028525870013034
20120626	27.415531155016396
20120627	43.659573339327906
20120628	34.00296193808289
20120629	79.0836640896462
20120702	41.73920783932056
20120703	746.2805766908407
20120704	62.35480914716754
20120705	42.22223331926401
20120706	59.013783673440095
20120709	34.6313186759554
20120710	37.28732407933137
20120711	173.43448329670375
20120712	74.81160311603314
20120713	27.767095962376548
20120716	25.9247725715034
20120717	24.237629921744155
20120718	29.845432475241534
20120719	40.830248176910516
20120720	60.578643915591556
20120723	70.28465397491759
20120724	47.580851984952986
20120725	43.934894736020894
20120726	52.74295122509954
20120727	76.60464813664582
20120730	48.56309488227555
20120731	32.138815760419
20120801	49.21500117612903
20120802	52.63340453897664
20120803	21.042137172831698
20120806	34.962635412173235
20120807	33.955971693698146
20120808	25.242891425013564
20120809	29.50279381526479
20120810	21.516595421529416
20120813	36.87981405575234
20120814	44.569616525215395
20120815	21.4070622246815
20120816	106.00068036495225
20120817	51.45380811237134
20120820	22.356822846421522
20120821	51.8211280683578
20120822	22.801288838275465
20120823	18.09908496754718
20120824	20.8785721272116
20120828	24.36015162706167
20120829	74.79611438565885
20120830	36.55542875812882
20120831	97.58747700401675
20120903	17.312039120841575
20120904	41.71728263546304
20120905	39.95764768885165
20120906	40.1364706461091
20120907	63.29102529946239
20120910	35.35541689194831
20120911	60.74049278059518
20120912	59.65999280750251
20120913	40.771892335971316
20120914	126.95587374452296
20120917	115.63105115056877
20120918	44.96176571297468
20120919	73.26220858120763
20120920	33.21708460742942
20120921	58.110954693805944
20120924	40.32947817440774
20120925	45.215400878965895
20120926	43.58084812519469
20120927	40.30646267200839
20120928	48.86582352417915
20121001	37.32106501583526
20121002	41.428015904584754
20121003	44.30084568273125
20121004	40.7769952779859
20121005	66.75688585874003
20121008	33.067603034284346
20121009	45.05303197705591
20121010	64.64464787685651
20121011	55.38075736521458
20121012	43.98311045568203
20121015	40.61160307457125
20121016	57.7094564039675
20121017	103.95496045245018
20121018	61.464027834571006
20121019	73.75434631995999
20121022	50.27529869819882
20121023	53.04943264415734
20121024	37.52037290778988
20121025	39.45159021510951
20121026	33.021653451966486
20121029	40.83419935797239
20121030	39.0095811172033
20121031	92.82838245074338
20121101	40.05274628638256
20121102	69.88415598074421
20121105	29.816471143845096
20121106	33.84214251774905
20121107	50.837066796482915
20121108	52.02389933673554
20121109	33.7153542663198
20121112	30.95803970178759
20121113	36.28895068669935
20121114	49.67359120970607
20121115	49.47110759758182
20121116	41.35189953651794
20121119	25.989150105933565
20121120	64.50221969346549
20121121	35.72851764123074
20121122	27.915979970782193
20121123	38.707767190135904
20121126	55.27114424694801
20121127	93.82169671614881
20121128	57.075811809447785
20121129	73.50762139513104
20121130	59.07744031261671
20121203	64.14910505969061
20121204	58.68091567059924
20121205	49.19275790936668
20121206	40.160096451991855
20121207	48.337681875980984
20121210	26.91025236742171
20121211	118.74544601315937
20121212	62.264141644618604
20121213	62.35914851507962
20121214	83.21966318883695
20121217	41.8705344913929
20121218	37.28004686903577
20121219	53.49871501714214
20121220	44.80756810673391
20121221	86.86225907272024
20121224	8.780056912561571
20121227	20.68619113009554
20121228	20.06895278006437
20121231	18.284857923829957
20130102	51.84183059621702
20130103	36.00412661303866
20130104	35.92761946168979
20130107	33.00066105682986
20130108	85.1827350234791
20130109	65.55520434487066
20130110	69.70281809522969
20130111	152.7583311487509
20130114	74.21881552725958
20130115	59.268884078963886
20130116	62.01015762366324
20130117	107.34251293060338
20130118	71.40797594557135
20130121	32.50468666400294
20130122	52.00743637643817
20130123	50.2893926781091
20130124	73.27175150286952
20130125	72.09566701407725
20130128	70.47374502914616
20130129	60.07980661178226
20130130	68.94892194909124
20130131	141.46695461372101
20130201	62.649521751914364
20130204	64.70469320384699
20130205	40.27732088859655
20130206	39.51907679415012
20130207	60.38485019583461
20130208	114.67835925866345
20130211	63.346587602833424
20130212	103.88611360680657
20130213	83.52082092860144
20130214	108.96234783056754
20130215	75.69388586083632
20130218	39.75905071211564
20130219	78.33156209821905
20130220	51.224832172718955
20130221	75.90057972924063
20130222	61.79226936093136
20130225	69.23228853194578
20130226	64.82157320753556
20130227	60.93568709278795
20130228	74.4879658544902
20130301	56.448460377542425
20130304	67.0409978203894
20130305	97.83630315219575
20130306	66.92040266752419
20130307	65.82006307447882
20130308	80.38006597394683
20130311	61.850158878648564
20130312	55.732677518618615
20130313	73.91299062005868
20130314	80.25164663589891
20130315	139.32801531182784
20130318	121.77200977217977
20130319	47.81719045202975
20130320	70.03135567567776
20130321	52.38361387720951
20130322	63.9740425268906
20130325	101.2172075679523
20130326	78.31382577064787
20130327	84.25597049175326
20130328	62.6570433919296
20130402	104.84406315155402
20130403	52.33910139965066
20130404	64.21290231188097
20130405	89.8672083680387
20130408	83.07072999021803
20130409	78.6394496879842
20130410	65.11389447823952
20130411	140.78665745295282
20130412	62.87982219637781
20130415	46.31909895664354
20130416	41.629460517981364
20130417	67.72622386081333
20130418	67.36421417598368
20130419	56.4739903010833
20130422	45.09728395947296
20130423	83.15560988383739
20130424	56.1529587009207
20130425	47.72408672556496
20130426	54.476670779459596
20130429	186.70861619009324
20130430	112.20702267891481
20130501	67.45440866138476
20130502	94.91104445683757
20130503	75.67187093808673
20130507	67.16265761174706
20130508	85.20134912758618
20130509	46.039724002391196
20130510	39.07531549013516
20130513	39.482964077980945
20130514	52.50365509756158
20130515	50.929310454888665
20130516	52.581961251646845
20130517	40.535843817310585
20130520	90.74110816740543
20130521	53.85060665036472
20130522	65.199131482665
20130523	95.94263686259713
20130524	61.473151959885044
20130528	54.68556417050188
20130529	51.79229089914512
20130530	40.145090211684874
20130531	105.27400476434497
20130603	56.739352596483144
20130604	43.758592001307406
20130605	107.16601517951442
20130606	76.64155006668236
20130607	164.2869090587639
20130610	60.479998734109856
20130611	146.61114281482955
20130612	117.52368318804189
20130613	116.47508380865294
20130614	85.63457936476411
20130617	50.456269655149235
20130618	34.05620913702816
20130619	92.76294944647088
20130620	129.9666118658486
20130621	113.39848656395777
20130624	75.55624632949502
20130625	69.80924768374642
20130626	87.9989951029712
20130627	80.92439893075739
20130628	63.39883002321176
20130701	51.62787227654566
20130702	46.189519520662486
20130703	41.57092556381196
20130704	55.369263650974794
20130705	107.67738614966859
20130708	41.14219831032353
20130709	70.06605355960515
20130710	54.12750231644442
20130711	61.137808117257585
20130712	88.41767816116872
20130715	81.58039462510091
20130716	50.95107115044524
20130717	68.62490175441576
20130718	72.08082309133181
20130719	51.59649401191083
20130722	34.808883438837874
20130723	45.886968592350016
20130724	38.829800137437324
20130725	45.3098263109636
20130726	47.49323524928964
20130729	60.88599268488852
20130730	107.7484222742152
20130731	81.61607458910089
20130801	96.5987304708209
20130802	44.30731629523676
20130805	49.918301222260475
20130806	100.407531464427
20130807	44.14035162776693
20130808	55.99679253277118
20130809	48.3398455759729
20130812	49.743211305218026
20130813	64.47510791408854
20130814	78.51712287733442
20130815	75.66771936522403
20130816	65.00884187085617
20130819	52.26339177886494
20130820	118.08013196822677
20130821	157.90147525969115
20130822	102.831249077869
20130823	66.83940539293748
20130827	101.93307363440393
20130828	80.75695682409163
20130829	94.91629572002309
20130830	60.98081480299379
20130902	66.69941250036953
20130903	66.22306090514904
20130904	49.69334754099251
20130905	58.27748587886022
20130906	57.9369121124717
20130909	45.77092457887176
20130910	116.15384607614085
20130911	65.2049844892225
20130912	46.465111473670795
20130913	54.81800203456342
20130916	72.74326633456324
20130917	53.81338815848556
20130918	115.84957221243208
20130919	111.35825317571074
20130920	97.24359248271651
20130923	63.32087880947784
20130924	63.56024433071466
20130925	46.43071946158926
20130926	39.609409154140785
20130927	35.00223185024342
20130930	58.44550287205569
20131001	54.16784409274013
20131002	52.283499176139564
20131003	47.771830706009574
20131004	52.21506759731909
20131007	69.79914200576
20131008	50.455482956575295
20131009	46.3614788102545
20131010	43.08522615742577
20131011	44.98457297342375
20131014	25.415390245035706
20131015	64.90064459906256
20131016	73.87999506234955
20131017	43.682622838757176
20131018	51.11614869877184
20131021	63.41358447048056
20131022	70.77854955890423
20131023	36.75152433645206
20131024	136.30196777620458
20131025	92.91723792782736
20131028	61.316071746291925
20131029	80.78546826281162
20131030	80.51706564710754
20131031	53.79410813045608
20131101	60.6892347527367
20131104	44.40272968984803
20131105	49.53624231645793
20131106	43.2070700723158
20131107	75.2793344357161
20131108	111.00934652633799
20131111	66.75426384795271
20131112	100.50564739978302
20131113	87.21122704251142
20131114	87.934291959756
20131115	42.94701204382406
20131118	257.3117133660081
20131119	95.84915306313177
20131120	93.10994035509584
20131121	59.78213539319686
20131122	79.10211891888535
20131125	61.41324045055937
20131126	77.49079984892963
20131127	49.128746735531216
20131128	41.9304395502081
20131129	41.65955608441533
20131202	58.7910932693835
20131203	67.79839850045309
20131204	112.25637711651535
20131205	64.00680333064572
20131206	37.95191175216195
20131209	50.678117760477434
20131210	40.32561415637539
20131211	51.56774757582138
20131212	69.48911430702067
20131213	48.99368921369865
20131216	56.749787899610084
20131217	44.312268948471846
20131218	38.94879213561114
20131219	57.850893521197555
20131220	57.88066420909297
20131223	32.887399383807356
20131224	11.58017406226963
20131227	39.162840194459264
20131230	31.682878651396397
20131231	22.168121540959245
20140102	78.6721920530161
20140103	62.33581941239263
20140106	53.59045827415755
20140107	71.03936489354965
20140108	72.59890176067717
20140109	105.32284076752448
20140110	83.37084382237579
20140113	70.15002255189755
20140114	60.04035413368886
20140115	61.381611528825346
20140116	155.92026187154337
20140117	76.9997471347169
20140120	46.56404753666119
20140121	107.68870744460413
20140122	71.0300119779612
20140123	76.68632561553031
20140124	187.6885929703571
20140127	82.05729289093908
20140128	86.59546944975015
20140129	117.62644661474896
20140130	71.92564535234222
20140131	142.88428547494445
20140203	98.26722234187275
20140204	191.89970576864863
20140205	109.35921487703867
20140206	165.57163418037734
20140207	131.04929274029425
20140210	102.06998056626357
20140211	143.6479100862007
20140212	106.1705060366499
20140213	155.92774963623646
20140214	84.84990272157647
20140217	126.65043576652556
20140218	105.15125207801351
20140219	69.8311940038975
20140220	80.19806062287836
20140221	87.31372141396537
20140224	83.5416553876553
20140225	135.41757163727704
20140226	89.00788633686535
20140227	77.2063809403494
20140228	87.63982735482266
20140303	101.63192733516733
20140304	121.95932259512679
20140305	95.89632881040328
20140306	115.82429501502209
20140307	69.40992268852702
20140310	83.29471794082028
20140311	140.4205581850714
20140312	103.76425894106573
20140313	112.20711602875453
20140314	123.86388606874166
20140317	65.10294268801536
20140318	76.61646206396068
20140319	93.36744473198318
20140320	120.06747983237499
20140321	121.46578276287649
20140324	98.89995461514194
20140325	74.37771115384993
20140326	125.68916074022917
20140327	118.91433455551108
20140328	122.64832938520142
20140331	110.7610649797451
20140401	223.9092548414198
20140402	116.39807980572283
20140403	143.6115661861714
20140404	109.78230531749254
20140407	71.75857388632683
20140408	130.2720478559528
20140409	108.40875745817841
20140410	115.75434288049931
20140411	49.81552093903071
20140414	70.47437979588604
20140415	47.80281557064584
20140416	42.326624708757706
20140417	44.73458096647842
20140422	53.144781594518065
20140423	48.534561820146344
20140424	55.8418418192938
20140425	36.513974897605046
20140428	66.38474126578076
20140429	40.96649202469511
20140430	56.63969947203308
20140501	47.51024698980566
20140502	64.469909309787
20140506	113.68536325900911
20140507	61.12877932967653
20140508	44.868445914694696
20140509	50.321556282248046
20140512	125.57390583919512
20140513	52.009275846999465
20140514	45.944007291796716
20140515	49.92307190213331
20140516	84.54818762119737
20140519	53.95589326117094
20140520	73.75291562514224
20140521	49.28320854900008
20140522	66.82846090517796
20140523	60.89876078063332
20140527	63.82280385904236
20140528	51.74478461392492
20140529	48.10131223143709
20140530	92.4609541140107
20140602	41.729323811421
20140603	60.0128546542927
20140604	90.06533904183738
20140605	72.1987428442791
20140606	84.45682453860563
20140609	50.329931215257915
20140610	38.43613408577731
20140611	63.72302472650781
20140612	60.5154425039476
20140613	64.70690935987665
20140616	66.0091175758148
20140617	51.12599434816273
20140618	66.97071512763331
20140619	77.23356669775023
20140620	120.32709092974538
20140623	80.26866336643242
20140624	45.946660946597575
20140625	64.2163849789815
20140626	41.60955168689139
20140627	44.788462364194125
20140630	88.75107321939585
20140701	70.98317676895796
20140702	45.14874093892401
20140703	92.01589871183616
20140704	30.049323617142942
20140707	42.475197469892166
20140708	74.81213185504323
20140709	62.91304839026215
20140710	67.28186288245797
20140711	35.379541233035944
20140714	43.29109634838651
20140715	46.0723283914104
20140716	47.29147900321399
20140717	54.19135385028869
20140718	40.17977590455319
20140721	36.91282904613129
20140722	57.14257027190861
20140723	110.11744408257098
20140724	54.47402402143088
20140725	67.85996312549905
20140728	136.22751127863785
20140729	81.26429259427117
20140730	65.88909941908024
20140731	70.12413403677299
20140801	70.33894214019905
20140804	85.7452664727348
20140805	53.29838954702281
20140806	56.20702188943697
20140807	40.13985694096087
20140808	47.414914632267404
20140811	35.77837949870156
20140812	31.197601091354084
20140813	32.06548232106199
20140814	33.31910046460242
20140815	31.591570195297162
20140818	30.72863577685263
20140819	29.90190206927634
20140820	38.22170818523729
20140821	52.703505075808856
20140822	44.47918302608931
20140826	80.46804225457117
20140827	50.050257448208924
20140828	121.94818422693078
20140829	60.89734329110578
20140901	38.59713239621052
20140902	51.73000990231669
20140903	98.45927061030079
20140904	59.05398378192157
20140905	47.4648285197989
20140908	64.3558518709636
20140909	50.40197623615011
20140910	67.58281805996687
20140911	54.84500368871647
20140912	50.19933614843607
20140915	41.08090921132575
20140916	55.025934826949864
20140917	39.93469805062654
20140918	65.28088415665076
20140919	141.25398318157812
20140922	84.07086893624141
20140923	84.80592255312156
20140924	76.54767380031119
20140925	103.1681632546661
20140926	93.42781412612725
20140929	113.37740236061275
20140930	94.89682375888098
20141001	106.4198575363067
20141002	146.28233763962118
20141003	96.95625660463081
20141006	88.67533799941464
20141007	104.77690753643917
20141008	67.25406623331973
20141009	73.00510898399293
20141010	82.21507332975393
20141013	84.58289021115758
20141014	82.1028117292656
20141015	120.61452867721299
20141016	169.99982837991053
20141017	93.59471138779142
20141020	75.91947852804599
20141021	67.64425533814317
20141022	54.234112843807516
20141023	50.64407277774389
20141024	57.641825783811704
20141027	79.54720965687497
20141028	53.766744274056215
20141029	72.09669497796942
20141030	72.55870818384469
20141031	85.94252040451359
20141103	55.91499373155034
20141104	63.67626018913474
20141105	101.93891771572684
20141106	64.16829340121944
20141107	47.49175629735126
20141110	63.765871045333114
20141111	80.18661244761951
20141112	148.35537027098596
20141113	61.36234265733907
20141114	61.41478291365561
20141117	43.79331169120562
20141118	59.81041100287785
20141119	39.553155915905926
20141120	49.64029777229298
20141121	119.45115954414305
20141124	49.027793204403565
20141125	61.31186946186908
20141126	73.39796864070907
20141127	38.34942707493266
20141128	134.33505328323912
20141201	136.0687957795089
20141202	91.1673038998143
20141203	63.63261455469934
20141204	92.74686866877482
20141205	77.31225357394399
20141208	81.64295859243452
20141209	84.9813672076691
20141210	82.7527951624683
20141211	53.78729880529843
20141212	67.74442778953772
20141215	67.18669065174186
20141216	139.89251980589415
20141217	75.55720548794245
20141218	83.86792090764989
20141219	99.36525640483498
20141222	43.117892597109936
20141223	35.22976948834404
20141224	12.021107324570915
20141229	33.58872741964397
20141230	47.55543853572335
20141231	17.869959793915726
20150102	60.20555902888516
20150105	161.00644795498667
20150106	99.45815203134177
20150107	81.14756058719955
20150108	60.12483056613616
20150109	63.18189562464044
20150112	74.53736558765624
20150113	64.83005220066671
20150114	90.21070198434917
20150115	81.02425772101044
20150116	65.87115081291854
20150119	46.42535843830308
20150120	64.17116458832842
20150121	146.343298371125
20150122	176.31899066920695
20150123	73.84134039880404
20150126	66.70967432939173
20150127	66.8586981191416
20150128	54.0095026826476
20150129	65.41025413360404
20150130	65.017878975133
20150202	72.0872466840787
20150203	144.53736654914763
20150204	76.62067122487103
20150205	75.82264259303577
20150206	80.69650829962923
20150209	55.744271824309024
20150210	96.46262841255823
20150211	52.24934339878952
20150212	53.32301234217682
20150213	57.27185580397205
20150216	89.89053905292626
20150217	75.40683723331159
20150218	64.1656917764792
20150219	53.32387705541482
20150220	121.0289219634042
20150223	83.3107676424722
20150224	68.85607908289151
20150225	48.89467610970618
20150226	53.725466281222786
20150227	61.26164335340443
20150302	79.91497611800567
20150303	62.889738517398776
20150304	62.417105276325486
20150305	136.94942135166684
20150306	79.77929334292187
20150309	71.7469573892577
20150310	77.14015016209821
20150311	102.19229972961008
20150312	72.99852771886331
20150313	96.4201675827281
20150316	58.071973204398056
20150317	90.20748234796851
20150318	61.76100574499155
20150319	85.31576420461585
20150320	73.17017626829977
20150323	52.808889438218316
20150324	73.48292715753114
20150325	54.785116074677894
20150326	60.605699749975436
20150327	184.00548873284546
20150330	105.47380985271924
20150331	67.98973443373887
20150401	66.58436724092489
20150402	55.95117186563202
20150407	77.95872220920171
20150408	53.96975433302803
20150409	91.616551099261
20150410	132.86292643117145
20150413	80.26904451451806
20150414	125.61043678374264
20150415	161.00626074819144
20150416	88.6671266618976
20150417	85.30134258745824
20150420	99.9511906508168
20150421	66.82500791448243
20150422	43.96336018949819
20150423	46.06147343998142
20150424	93.43802337740394
20150427	124.21899457963607
20150428	138.08362594197678
20150429	122.56312937993022
20150430	113.6188951506567
20150501	52.29647131491756
20150505	142.9564676198951
20150506	156.31174919230503
20150507	157.79120360110517
20150508	103.29186039309256
20150511	66.49736953113317
20150512	107.06547354796237
20150513	88.56268490568242
20150514	72.43243972590632
20150515	60.62594220227691
20150518	51.10753611110676
20150519	67.36266735169325
20150520	79.82689273456639
20150521	73.40409356265174
20150522	60.80711549835203
20150526	62.56308296465331
20150527	72.7490642683665
20150528	81.75278370530697
20150529	136.23988059895882
20150601	71.28169474888908
20150602	65.73023411800283
20150603	64.55521568762668
20150604	57.633060655773896
20150605	56.01555487691066
20150608	47.744553099831116
20150609	61.97066181761291
20150610	80.40272134313105
20150611	68.13443585409168
20150612	52.48048090854836
20150615	57.474334344940324
20150616	70.03684990808995
20150617	77.52460543253034
20150618	89.78934742088173
20150619	88.06814070055769
20150622	66.64219444427707
20150623	55.93436613575767
20150624	56.80639624047328
20150625	47.3678006719607
20150626	60.38582994317548
20150629	86.69059634433154
20150630	68.56904956348265
20150701	105.32657108959982
20150702	55.47336667425318
20150703	39.976095053349155
20150706	45.396362261573756
20150707	64.35342848721476
20150708	79.30363497472774
20150709	91.0550350577152
20150710	80.48322233410612
20150713	66.63231885478112
20150714	72.08872042286873
20150715	29.478009899342076
20150716	51.60807320555633
20150717	68.93808933103328
20150720	69.45807335539891
20150721	39.18093065099686
20150722	63.69832988036921
20150723	185.43502085627983
20150724	116.52554905255026
20150727	76.90783786833838
20150728	99.91537445528176
20150729	87.56980296646906
20150730	84.05533103593848
20150731	74.52213812323956
20150803	73.58566155694133
20150804	80.8639197765127
20150805	64.11987532214889
20150806	101.00677816432419
20150807	76.37454037582613
20150810	76.00579773744835
20150811	72.31444234370278
20150812	80.55939468773529
20150813	66.32017549003959
20150814	43.588616162538116
20150817	38.21960331065507
20150818	39.99351124898384
20150819	72.43487146692023
20150820	66.48112649672953
20150821	92.05951491328204
20150824	126.02602868836813
20150825	70.49844293826293
20150826	77.32221616419247
20150827	78.93443112485332
20150828	72.84421984540626
20150901	81.22393205469825
20150902	55.51822944698449
20150903	84.02372045150457
20150904	78.12736295458629
20150907	37.26728262736951
20150908	58.12061958691209
20150909	59.98741371939752
20150910	49.64725288304353
20150911	35.95758023679704
20150914	50.59233221924882
20150915	44.30777592453275
20150916	85.49840004236852
20150917	84.49311721995926
20150918	149.51350063619878
20150921	47.891507594229296
20150922	66.37548352564829
20150923	63.71101334866258
20150924	62.32607108862786
20150925	71.4170613272534
20150928	53.72643799585257
20150929	59.33844372629621
20150930	55.56762830791176
20151001	64.89176202305157
20151002	85.11173640520236
20151005	122.6422488663008
20151006	101.07061965727962
20151007	103.45815907578607
20151008	56.43927452611751
20151009	64.05096750092532
20151012	54.33297464478933
20151013	57.93543303882558
20151014	43.102982140797664
20151015	98.041290312903
20151016	60.855582057674006
20151019	39.47260904111127
20151020	64.48381078861514
20151021	51.82100798338354
20151022	56.02881700467386
20151023	65.3738961154764
20151026	124.852753761997
20151027	60.65445325558901
20151028	59.93122309979705
20151029	47.63788048123382
20151030	62.245679107222315
20151102	42.087906855281695
20151103	48.02717647434564
20151104	69.15269505476536
20151105	56.83838813526976
20151106	70.70949142861649
20151109	70.61224095702953
20151110	51.64363797317643
20151111	76.89087036858733
20151112	53.599750051889124
20151113	55.75875502558526
20151116	47.23858587238125
20151117	36.84894452948831
20151118	49.48519040066421
20151119	54.53900688961145
20151120	50.333942073683694
20151123	41.91744761363701
20151124	46.39198086026949
20151125	45.65847747549659
20151126	29.39963946328323
20151127	34.705013790158944
20151130	101.64751892887003
20151201	76.4033334665508
20151202	66.72077003902335
20151203	90.00032246061157
20151204	64.03351205454308
20151207	63.57443395262716
20151208	89.58465527974636
20151209	59.60959095305526
20151210	58.862620423824026
20151211	89.08415082325683
20151214	54.999801030151446
20151215	77.21507334801
20151216	72.08008513670933
20151217	86.21428221481159
20151218	70.63445266091686
20151221	41.49930128659146
20151222	33.03609253418543
20151223	53.426416134180116
20151224	13.74232067796699
20151229	49.52863856428457
20151230	31.03162884911516
20151231	14.506155701628389
20160104	57.28421514425794
20160105	113.05082068446784
20160106	66.52332871788782
20160107	148.07765417300243
20160108	81.52781604793296
20160111	60.275913103233165
20160112	66.14278052974491
20160113	69.87359268163955
20160114	74.82013746590329
20160115	74.94763709909745
20160118	43.78617795405575
20160119	46.875040661796795
20160120	58.03247496419284
20160121	80.33305597233822
20160122	72.82027763995782
20160125	64.5302641598555
20160126	69.84517950163836
20160127	94.89436357882408
20160128	74.07128888475577
20160129	91.31643923471171
20160201	79.95321352683469
20160202	72.20791334024359
20160203	100.05845466762779
20160204	85.61183303932557
20160205	59.98686216018535
20160208	63.37240218050329
20160209	73.55264250963752
20160210	97.47456367884278
20160211	117.69349944767372
20160212	72.10215478737457
20160215	98.57094221221442
20160216	72.86919543074147
20160217	90.69817131830298
20160218	70.02626096922047
20160219	71.87178870186779
20160222	54.88601879282235
20160223	69.58514729547302
20160224	70.29247043165853
20160225	55.6086422152248
20160226	70.9132829324446
20160229	73.43464017798568
20160301	88.68414631341692
20160302	91.59195722998079
20160303	83.1248630389794
20160304	97.68326099870909
20160307	124.9041193592167
20160308	100.14615029019399
20160309	87.39771963640098
20160310	125.98700001692458
20160311	92.69430173498117
20160314	110.49460790290142
20160315	90.64200909717621
20160316	99.66346159586338
20160317	116.76682883375713
20160318	328.95192348925184
20160321	59.30064166606812
20160322	128.93773246769967
20160323	84.56181010530649
20160324	69.93425342383851
20160329	75.88512031014801
20160330	113.09775261055847
20160331	94.77128554740777
20160401	92.78927391873506
20160404	80.4712839200535
20160405	71.38848939978449
20160406	231.020105397617
20160407	77.99528218104618
20160408	55.93677136476793
