20060410	100.0
20060411	118.67830736367165
20060412	89.80931142257239
20060413	93.87470124604512
20060417	103.71335890915135
20060418	133.57675140122112
20060419	126.38212453037315
20060420	138.77875292687045
20060421	166.2829484132717
20060424	115.09946809737754
20060425	142.47380103684463
20060426	132.03701462966603
20060427	180.20574671859174
20060428	263.4003759003707
20060501	174.27272879461103
20060502	166.59676289173365
20060503	180.03794618462368
20060504	153.7017446309792
20060505	151.25131881891298
20060508	137.00147911783108
20060509	132.94406400792792
20060510	128.52303062427495
20060511	150.6540963845176
20060512	152.10480941710685
20060515	141.76492410252587
20060516	149.3833575454707
20060517	178.43455954845106
20060518	147.2324837385224
20060519	202.79212386706834
20060522	154.29678020988368
20060523	145.06972800757174
20060524	178.03446097483493
20060525	138.60198182063047
20060526	103.85376119092157
20060530	120.29277892279993
20060531	171.38922867495103
20060601	145.48536974929388
20060602	132.50961483741594
20060605	118.54943233270154
20060606	168.65004925089593
20060607	152.21888733805818
20060608	212.1869088856169
20060609	128.0797756699827
20060612	119.77004885989652
20060613	180.4008809299845
20060614	154.53258248081517
20060615	177.67294424912632
20060616	187.6836436888406
20060619	144.8368578000311
20060620	133.34451730613932
20060621	151.9600473865522
20060622	126.43446676352319
20060623	111.8565789112811
20060626	99.58331378839065
20060627	124.71018214741454
20060628	127.77584852249561
20060629	168.80429755858705
20060630	165.17858504411842
20060703	60.4302895336298
20060705	121.96249672375627
20060706	107.99807596976983
20060707	122.94687637452651
20060710	99.0647773588308
20060711	142.6000537497603
20060712	131.7788840985337
20060713	168.18501444796584
20060714	154.07450931994669
20060717	127.44132793461485
20060718	152.4335469304974
20060719	186.36631225410375
20060720	182.61680478727556
20060721	191.09978740831968
20060724	141.28058184714357
20060725	136.07206445960284
20060726	161.96274767981484
20060727	161.9485436597852
20060728	145.46509095994946
20060731	138.4759736818438
20060801	120.92582156673261
20060802	141.48788899209242
20060803	137.79389609975337
20060804	152.15544278459083
20060807	118.2452880906555
20060808	137.80537273513283
20060809	143.78147686822538
20060810	122.97818986795815
20060811	98.06454849041829
20060814	120.55562352185784
20060815	140.23788586741088
20060816	138.9990726272004
20060817	141.5050731301849
20060818	143.10812072746114
20060821	119.5909237989155
20060822	128.97379571019906
20060823	110.2939860508649
20060824	113.37904465218655
20060825	92.09901718210536
20060828	112.74770005036744
20060829	128.3742145471103
20060830	122.29062207447556
20060831	98.63032397042063
20060901	98.44868940125633
20060905	128.74106585753393
20060906	136.93750505414215
20060907	154.4005374806607
20060908	111.37877515595456
20060911	147.64439363526134
20060912	175.65695484595219
20060913	159.4704717910658
20060914	133.9014286377917
20060915	208.28875597882444
20060918	135.45007933687955
20060919	145.77784665988278
20060920	188.91060343786734
20060921	167.67823357102156
20060922	124.37944421715834
20060925	163.41612879979314
20060926	179.25911390569306
20060927	171.78073689219312
20060928	154.98010678825833
20060929	124.46673237930544
20061002	130.6128647095631
20061003	153.53907768612103
20061004	187.68553828592735
20061005	160.8138726608379
20061006	132.13575938235638
20061009	115.97699270335065
20061010	156.2059195111674
20061011	149.0467662234241
20061012	171.2024185100451
20061013	179.45855204598905
20061016	133.3834321995081
20061017	142.64183514913074
20061018	176.49058639605823
20061019	189.62982895997064
20061020	186.4167516028597
20061023	197.05674102891226
20061024	172.1130970324251
20061025	169.59464547725904
20061026	167.77840969884866
20061027	172.30214807367219
20061030	147.8472154284564
20061031	181.25521655251043
20061101	162.34428423812827
20061102	152.61845185509827
20061103	139.67617473483074
20061106	150.6101350570676
20061107	157.0498500116647
20061108	191.5298774940266
20061109	209.00007393949096
20061110	130.22807213262894
20061113	147.00863896125952
20061114	193.72956607686947
20061115	191.10106330132217
20061116	160.5663659459008
20061117	168.7611327845138
20061120	156.4033526499737
20061121	157.02703313879454
20061122	126.75067967325121
20061124	61.83704194065078
20061127	187.35134066350204
20061128	174.1447861003009
20061129	178.04253101675806
20061130	185.34607860178735
20061201	191.88525641312444
20061204	224.91096156116342
20061205	175.43666367709713
20061206	180.7717866774214
20061207	177.3373558747144
20061208	155.98236347996317
20061211	159.65023680099438
20061212	184.93806472712993
20061213	164.11441742700288
20061214	178.63577423552707
20061215	257.94708602965295
20061218	180.44920604635234
20061219	192.8651990230436
20061220	143.37570946449782
20061221	152.9222301221592
20061222	105.84292224207364
20061226	87.83317414029844
20061227	141.24204988983163
20061228	109.04925853511892
20061229	77.0414887166766
20070103	251.8228657717994
20070104	201.38012035906422
20070105	178.83727162768793
20070108	173.86754707908534
20070109	250.03574117488049
20070110	247.99359033078417
20070111	222.95061320086953
20070112	204.8598518966488
20070116	208.1455054027182
20070117	232.80102328207636
20070118	242.97246721922792
20070119	208.38697135821891
20070122	206.29895449039938
20070123	183.05674250303656
20070124	169.43213053899066
20070125	184.60425396599476
20070126	182.35255698333629
20070129	170.21999239203623
20070130	163.48114143501124
20070131	198.9691413770728
20070201	201.13928909968578
20070202	172.11386348775764
20070205	169.84838804080343
20070206	158.76410202452908
20070207	165.7284154413433
20070208	156.38239209979292
20070209	164.68793901930317
20070212	147.80638039062464
20070213	139.8407044879015
20070214	161.3753302609358
20070215	138.20994242720718
20070216	171.43961736708002
20070220	157.79570280878204
20070221	188.99848784324033
20070222	164.45753199813618
20070223	162.35781283701704
20070226	166.57441428733242
20070227	268.62724937314533
20070228	269.79346620242575
20070301	267.97907346142676
20070302	203.54741821921192
20070305	202.88741380708106
20070306	198.60422450975028
20070307	185.8429878850323
20070308	164.14839485985667
20070309	156.86084255710915
20070312	149.84303746041616
20070313	209.56136404094167
20070314	222.08283373608154
20070315	158.70125983326844
20070316	211.63334344896592
20070319	155.21336390563718
20070320	145.62131423606158
20070321	209.62635947078766
20070322	179.43015424534568
20070323	150.01676702568042
20070326	169.99685276695712
20070327	168.8119443015721
20070328	185.9523634194152
20070329	157.70855989908137
20070330	160.84967900196997
20070402	152.80799026356016
20070403	168.0990605649576
20070404	150.8908213983181
20070405	115.0974607511733
20070409	127.31223201912614
20070410	137.8010611426132
20070411	175.71720898003676
20070412	156.71145485975464
20070413	166.4449798909287
20070416	165.54221381002765
20070417	196.52044085376957
20070418	176.6505968476998
20070419	185.08827194815294
20070420	263.5806882706915
20070423	174.40628890610228
20070424	188.30771147762755
20070425	259.0745810199393
20070426	257.88760637050575
20070427	225.5105372427282
20070430	218.67951212947509
20070501	196.20821681742504
20070502	186.0873653478191
20070503	184.80738920151956
20070504	173.42646599299368
20070507	164.7315096477814
20070508	170.6799625773938
20070509	176.2119445757825
20070510	199.15341474410428
20070511	164.58253409295082
20070514	172.27683542336422
20070515	212.98525041791515
20070516	213.88896343228572
20070517	167.46351457201936
20070518	205.7337966650545
20070521	220.88830277875894
20070522	173.6674779198371
20070523	209.13719141190612
20070524	212.1721880086933
20070525	154.32754417946063
20070529	168.11477006206093
20070530	233.5890152844459
20070531	233.98179588766783
20070601	199.61833752485276
20070604	204.34966921451704
20070605	237.99452060696967
20070606	219.48226740332547
20070607	310.20657837169097
20070608	224.23774851562382
20070611	212.73639111058066
20070612	230.12527835158124
20070613	258.4939316263605
20070614	209.32670853218795
20070615	290.3096790894835
20070618	181.23760598913265
20070619	220.5549646389893
20070620	248.93046557741027
20070621	221.71662658396866
20070622	278.7622887238139
20070625	222.60965935481568
20070626	242.2218281405744
20070627	224.97128224213634
20070628	191.6864495692111
20070629	229.00241816448803
20070702	186.9950660772113
20070703	131.6773779367226
20070705	201.7311052809803
20070706	175.7781457772721
20070709	199.85787372209288
20070710	254.92333396463133
20070711	207.08873094709855
20070712	249.9731417274233
20070713	220.4161345994179
20070716	211.51066900557993
20070717	259.11158525480266
20070718	285.28428726058155
20070719	248.49890957807418
20070720	319.4579543718532
20070723	246.6632596637549
20070724	315.8707308561009
20070725	326.2080310566736
20070726	426.78557521965627
20070727	307.7364094840058
20070730	267.22036683579745
20070731	307.61389091673675
20070801	350.8611845296951
20070802	239.48038344767647
20070803	257.6653590885011
20070806	275.1331212523084
20070807	263.7515520694629
20070808	265.66584720009223
20070809	300.5616306481814
20070810	300.60411609129835
20070813	197.21190493281466
20070814	233.0094248866231
20070815	235.73341401867077
20070816	387.12912140812773
20070817	326.7951216047786
20070820	205.35767144701637
20070821	220.76411846061745
20070822	219.91524285581187
20070823	191.03770002324708
20070824	180.31774136346252
20070827	158.6839727557005
20070828	230.6759231582272
20070829	229.4956044879597
20070830	209.3034987686175
20070831	211.10918951531548
20070904	246.17524195979007
20070905	279.9499141902576
20070906	252.91322049312282
20070907	246.56695541916895
20070910	232.81606367469925
20070911	206.9415688485021
20070912	210.1530699899082
20070913	190.4540287885532
20070914	174.52691570326743
20070917	176.83839194340922
20070918	265.55640843440455
20070919	285.5735715964011
20070920	214.62168534380675
20070921	324.89120706766846
20070924	245.17861309492181
20070925	242.96081336632324
20070926	224.97052201554538
20070927	169.03870494681837
20070928	187.58333067929618
20071001	223.47947790842846
20071002	204.0500404911907
20071003	191.29380382860336
20071004	169.77730043124913
20071005	207.68973381288325
20071008	153.65340340446116
20071009	220.84908581761962
20071010	184.238553999161
20071011	304.67789921086836
20071012	212.00770434047365
20071015	243.10352796880213
20071016	270.59816528272586
20071017	324.33138800317994
20071018	247.55407307706676
20071019	351.71406343931807
20071022	290.1256266066953
20071023	330.22631409229024
20071024	334.25649413309793
20071025	319.564274050103
20071026	299.99553850341556
20071029	224.00612166380046
20071030	254.23234847505745
20071031	308.34291156404583
20071101	312.85801524234546
20071102	293.5869194935971
20071105	259.8609723258165
20071106	284.08963962119924
20071107	292.93735894125564
20071108	437.2888102711878
20071109	360.91528523596804
20071112	322.1825784220227
20071113	349.019506582961
20071114	295.7169650041408
20071115	287.0440720130057
20071116	319.7406495680599
20071119	274.73867439713206
20071120	341.3945808113536
20071121	286.50415805043673
20071123	125.54276782983507
20071126	283.77584912354433
20071127	319.35799316475226
20071128	331.92153493815727
20071129	241.32428445279342
20071130	323.3589526596402
20071203	235.92066618296462
20071204	220.61102969122425
20071205	277.9727346825946
20071206	237.15457326697165
20071207	229.06886924899962
20071210	203.21733446541714
20071211	307.1183134455824
20071212	345.38122453366003
20071213	253.12461053075526
20071214	235.12309497231382
20071217	258.5678670179727
20071218	270.31342352845365
20071219	225.41684103205858
20071220	216.6417396015419
20071221	343.16087712132054
20071224	101.73679358463939
20071226	162.0428613947309
20071227	182.14555304552277
20071228	169.73119099139163
20071231	153.4255133672338
20080102	271.79529353897357
20080103	229.17080933635597
20080104	317.8598166378686
20080107	354.1701741031766
20080108	338.41037588593645
20080109	382.90099306988355
20080110	342.290850076523
20080111	293.52935155633196
20080114	257.7245587915389
20080115	369.7780817309035
20080116	465.5375159442092
20080117	395.9028002818148
20080118	434.0993119624344
20080122	493.4110694085601
20080123	580.1514250791421
20080124	405.7513247438358
20080125	377.27390922211765
20080128	269.4652103084917
20080129	271.00373802852477
20080130	328.46018123918526
20080131	407.1258213308806
20080201	372.5129058204671
20080204	252.00172333755015
20080205	310.2311382239013
20080206	298.524487529406
20080207	344.63387455962453
20080208	260.55908001538074
20080211	250.22550272722629
20080212	252.82345179477898
20080213	253.82296834149855
20080214	236.53438630693074
20080215	246.82247533957573
20080219	237.94411361030046
20080220	288.4706638410302
20080221	257.84778314798984
20080222	279.79627020027755
20080225	263.4388892958103
20080226	305.6790326245254
20080227	263.44815611541026
20080228	262.34043176318414
20080229	281.6074650345737
20080303	247.0078071099668
20080304	326.23346327218945
20080305	269.4029519108661
20080306	269.55375516119165
20080307	271.41548621906816
20080310	242.40066395413967
20080311	305.9375234258347
20080312	256.04916388399323
20080313	288.12261170916554
20080314	317.3363809872256
20080317	330.70140739641454
20080318	323.6296969815068
20080319	383.3617544529149
20080320	374.46984229529244
20080324	275.76041031381624
20080325	257.32265830474347
20080326	256.934510258381
20080327	242.5378241518628
20080328	194.09687338742336
20080331	259.43929105744803
20080401	298.5044786621435
20080402	256.15942376946947
20080403	253.0964357913082
20080404	224.54634353614918
20080407	227.24299452747226
20080408	223.70047307018774
20080409	224.5826968063393
20080410	254.52737047036905
20080411	332.50421283534337
20080414	219.5192668910344
20080415	221.59850892449816
20080416	303.0135556710444
20080417	254.65389862194795
20080418	342.393361421106
20080421	243.6409130471033
20080422	281.4796538999587
20080423	298.98493623742394
20080424	324.85024625194734
20080425	285.4000025706193
20080428	253.93794171838087
20080429	304.74167962741905
20080430	332.9268237738085
20080501	320.36486612668637
20080502	291.32184880490814
20080505	247.56303641200904
20080506	266.08914995407014
20080507	317.0548238437325
20080508	270.03215786668767
20080509	216.45777695209262
20080512	236.4502703489216
20080513	236.50586889473394
20080514	248.6763719253264
20080515	257.0130049667582
20080516	259.83649839244924
20080519	271.83325387095624
20080520	297.9111688948343
20080521	323.3158706241918
20080522	274.028714175598
20080523	234.2837412620234
20080527	247.68244751996903
20080528	248.3533021495785
20080529	250.83328982656704
20080530	228.99446112947322
20080602	240.37555717876688
20080603	261.62536031501793
20080604	257.57647719673554
20080605	277.21547583188857
20080606	324.0228199562786
20080609	339.54886416295426
20080610	301.4640944934587
20080611	285.03259390110856
20080612	320.78303735626884
20080613	317.52046599417537
20080616	268.11331466784776
20080617	231.31158451517786
20080618	259.11334701223285
20080619	275.8036503057891
20080620	339.41760469457734
20080623	225.7491195793627
20080624	244.9843947385408
20080625	275.4394159963536
20080626	302.01829184357575
20080627	360.68072995313867
20080630	258.53429770329444
20080701	332.0802412807463
20080702	271.2411240325827
20080703	170.26383906221966
20080707	287.19578607733064
20080708	330.7817822453904
20080709	270.71632487880515
20080710	295.8920812302324
20080711	311.0377757178719
20080714	239.83011740495562
20080715	359.742991776395
20080716	361.5976837365117
20080717	381.81688501530544
20080718	320.76596221936643
20080721	277.8494634137733
20080722	379.668712334205
20080723	340.0239688511821
20080724	293.2679620423031
20080725	221.40036082322376
20080728	217.35754195603326
20080729	241.77235806576272
20080730	269.2072009650263
20080731	278.4943640656015
20080801	218.74093995127237
20080804	217.08837743352464
20080805	291.9005399706982
20080806	261.0505435739453
20080807	263.5409437229896
20080808	270.95429082560105
20080811	284.4978553611051
20080812	254.71410732323017
20080813	245.4347470546708
20080814	225.12520002620306
20080815	231.27129617238234
20080818	193.11367829591583
20080819	204.98804492266575
20080820	197.62712947512378
20080821	183.66747755850747
20080822	171.9457522695211
20080825	170.63864662877845
20080826	163.94561979511843
20080827	163.72895180053197
20080828	181.48736375420904
20080829	191.18485235909796
20080902	253.96442685325448
20080903	227.01929850802657
20080904	275.8103362743397
20080905	254.96473937912558
20080908	358.93676259424143
20080909	347.60724079235484
20080910	294.5344977355265
20080911	319.69237662230216
20080912	287.6127298244793
20080915	361.11534534151065
20080916	439.61410309244826
20080917	440.79879238231615
20080918	548.6992602440323
20080919	520.1242411169312
20080922	264.9400939688144
20080923	269.1650127502933
20080924	234.6449637964916
20080925	284.8889821333303
20080926	319.14289396325086
20080929	429.33508713553607
20080930	367.7618104785219
20081001	332.07307161554354
20081002	413.39943201854504
20081003	414.31055306286993
20081006	477.6188479227131
20081007	395.96583696058116
20081008	473.9070603077428
20081009	407.00936883043687
20081010	607.7836002421755
20081013	419.461757091292
20081014	459.38986520299943
20081015	370.6150848753636
20081016	463.9957279909609
20081017	367.347636873911
20081020	294.72515646078887
20081021	282.5995417569583
20081022	355.4594469417252
20081023	380.74921383620864
20081024	331.1358867081959
20081027	283.0463613573179
20081028	406.8430048671642
20081029	386.266105167216
20081030	343.4691333803802
20081031	354.4534602892337
20081103	237.92374767473765
20081104	321.6815775869218
20081105	308.5871431248154
20081106	345.06614655406116
20081107	309.90457027766655
20081110	228.13088477086274
20081111	260.7062175157199
20081112	287.07862641193236
20081113	445.87302028043194
20081114	316.4526471809331
20081117	259.76745587222143
20081118	330.09048571106274
20081119	305.14844632840874
20081120	395.1885987097157
20081121	437.15799897073725
20081124	388.9482653855822
20081125	324.46658313004264
20081126	252.86207541034076
20081128	109.1178958384905
20081201	256.08403961499516
20081202	292.22489926309447
20081203	317.41816615167363
20081204	289.6964682780086
20081205	317.00174606484467
20081208	329.38486967054297
20081209	289.47731725310416
20081210	238.96430367932086
20081211	264.731491252661
20081212	244.3439027837651
20081215	215.08773796172838
20081216	318.97258891356404
20081217	261.8913270345273
20081218	273.4244929552064
20081219	332.96552723814773
20081222	192.8505298633702
20081223	155.69127848220066
20081224	56.020452016044295
20081226	72.80261959916793
20081229	134.8192884000909
20081230	158.56361328655473
20081231	157.85154418888615
20090102	177.48949510684764
20090105	232.84564640775542
20090106	246.64207622784824
20090107	211.93296850842913
20090108	224.54688296623218
20090109	178.48237098236143
20090112	192.6481902088847
20090113	230.94209745421747
20090114	234.79869474281125
20090115	329.58304426354005
20090116	283.07289536281934
20090120	253.36249518178522
20090121	276.7165432278383
20090122	282.869516854969
20090123	271.9874809943547
20090126	239.3386132490294
20090127	205.37580445903174
20090128	282.39240030006243
20090129	214.96917369796387
20090130	253.5555590355578
20090202	207.7916997531288
20090203	222.66089890007072
20090204	220.87776145670475
20090205	276.22485972084223
20090206	252.70486654972424
20090209	206.55335084449874
20090210	278.6213798480596
20090211	202.67285430171333
20090212	256.55925901013893
20090213	183.4808885371043
20090217	242.08047694385866
20090218	223.2734420871841
20090219	197.00983332410718
20090220	292.5084462792584
20090223	233.69668187497192
20090224	283.90440102193986
20090225	294.07767081710256
20090226	235.3576559328784
20090227	287.66469858779874
20090302	254.92620518172055
20090303	255.4005649554475
20090304	295.845809725346
20090305	282.00492725506996
20090306	276.7043562636219
20090309	247.87727840308568
20090310	301.0726661587663
20090311	249.03571394751432
20090312	278.19498937547206
20090313	243.8480175086453
20090316	237.31455865047698
20090317	226.0206806453618
20090318	288.2589205903996
20090319	262.8818298166329
20090320	298.76018480541677
20090323	286.7081330889468
20090324	232.00399913318776
20090325	281.48007319473845
20090326	262.8053573512761
20090327	196.7442246716661
20090330	204.61678413649366
20090331	235.1775657341958
20090401	237.34942432671093
20090402	288.4432230022855
20090403	215.3739099284621
20090406	193.40176517502837
20090407	183.6263669359095
20090408	168.50408378561698
20090409	289.1935670481381
20090413	212.86977968439254
20090414	232.7064286958019
20090415	222.9099593371829
20090416	249.90167489972976
20090417	274.9412818428166
20090420	239.0853107088114
20090421	251.84475788701087
20090422	289.6749913999148
20090423	266.8361712176452
20090424	294.68482179324707
20090427	206.16157447593937
20090428	201.49300468017077
20090429	248.83669187919716
20090430	274.7493203667455
20090501	188.6161439418619
20090504	288.4720586841762
20090505	218.2064572949815
20090506	287.9694991281036
20090507	308.32637930202674
20090508	358.6598087920552
20090511	229.61407570623
20090512	268.648758755027
20090513	235.52441560897037
20090514	212.62320548544048
20090515	204.27738963170694
20090518	206.75139404280904
20090519	198.714729592037
20090520	220.9231730355789
20090521	196.53251656936112
20090522	132.3135365711132
20090526	211.71501538698385
20090527	209.25191495403368
20090528	206.89167234966715
20090529	230.59278797433637
20090601	246.142094257533
20090602	239.6465696201164
20090603	216.89896526824234
20090604	204.34089510287555
20090605	212.96311713427966
20090608	202.7743052785304
20090609	189.52147538772024
20090610	219.11355015613952
20090611	212.365278084926
20090612	186.17338195361657
20090615	206.44989917944255
20090616	206.61787701004448
20090617	226.15795200131316
20090618	199.96525585650053
20090619	284.7746239126707
20090622	227.34448213842393
20090623	204.1562458359499
20090624	189.5483616791266
20090625	208.47424530992205
20090626	210.5630393292455
20090629	173.76351178329148
20090630	205.18938121057172
20090701	180.94223556532904
20090702	172.94578597093883
20090706	192.80137170357514
20090707	190.50825825573116
20090708	238.85652821003052
20090709	166.51942419903034
20090710	163.03684177791132
20090713	211.10884126926874
20090714	173.59043317343134
20090715	243.94836424026735
20090716	206.27691798329928
20090717	214.08213610452768
20090720	199.6994508706268
20090721	215.1130770784297
20090722	245.55771682031065
20090723	268.2024588180789
20090724	225.3031901969764
20090727	176.48940164829318
20090728	185.62471287509055
20090729	176.30766570200097
20090730	225.83297136791197
20090731	198.14038643484773
20090803	193.5824903407479
20090804	197.83402336158605
20090805	215.63014400088736
20090806	200.41008068588425
20090807	192.4348654689835
20090810	150.66238173555135
20090811	160.18119899957483
20090812	183.7827062281746
20090813	179.97790487800953
20090814	154.2675561606122
20090817	186.52080330972814
20090818	154.95885082258212
20090819	170.65596041401176
20090820	151.06746549745813
20090821	216.41933135863212
20090824	174.70447453925408
20090825	178.4107514231612
20090826	156.82526728071778
20090827	162.92196145056116
20090828	171.4891490692982
20090831	171.64003110217956
20090901	221.93320466583222
20090902	162.54655168184803
20090903	148.03441037690624
20090904	139.51403273475051
20090908	181.52981351965238
20090909	207.51105385258325
20090910	201.3383129334449
20090911	175.86398629775073
20090914	168.49604515758273
20090915	207.38919565968135
20090916	265.10260926977065
20090917	263.8397994624185
20090918	314.9292172313468
20090921	167.78517093843558
20090922	189.83664469720435
20090923	229.19082790873054
20090924	209.82263010224813
20090925	186.77639503498762
20090928	145.19289611721234
20090929	165.90919655258165
20090930	242.09821750155544
20091001	242.38770029875388
20091002	220.86969651792447
20091005	188.04347984734568
20091006	223.75041586899016
20091007	192.020819295465
20091008	217.24060361318735
20091009	161.20330675821577
20091012	166.51915979995388
20091013	209.55649647813962
20091014	270.0770295604673
20091015	237.47437410187575
20091016	258.1053962015658
20091019	237.59456934978013
20091020	268.20539430167514
20091021	299.88540220584355
20091022	266.7518801248129
20091023	323.6583061404227
20091026	274.57596762388005
20091027	259.1814741018084
20091028	289.50237689165124
20091029	255.615168387435
20091030	302.78000907544
20091102	243.99426741040327
20091103	202.8814115671687
20091104	221.68177754934374
20091105	194.18146157097985
20091106	184.41267000869777
20091109	222.1471909366271
20091110	200.28884034779728
20091111	187.74060388075586
20091112	197.8106568846515
20091113	182.60058373712923
20091116	222.887877259896
20091117	187.9836207575124
20091118	170.07556882459258
20091119	204.69602013616418
20091120	197.7951447904144
20091123	207.3409841690489
20091124	181.28959955160116
20091125	143.51030565541592
20091127	121.46513667934845
20091130	206.79316089694655
20091201	212.814162562942
20091202	195.07734860252484
20091203	223.17629142331262
20091204	276.6659147722418
20091207	208.25807616255688
20091208	222.924626120847
20091209	224.22747231949006
20091210	206.46472777401556
20091211	185.61684639667965
20091214	243.80188973276952
20091215	271.34392805754317
20091216	252.8459264916681
20091217	231.01656267606424
20091218	427.7925806911387
20091221	212.83699823666194
20091222	170.1888888786266
20091223	145.0002467218615
20091224	86.17670349337611
20091228	148.0993001474849
20091229	136.86197863388992
20091230	136.65673336763138
20091231	131.32648328819812
20100104	211.53270661074694
20100105	238.98053743483007
20100106	226.00551711534942
20100107	252.89056741640033
20100108	210.78286942804942
20100111	227.04962897063604
20100112	244.59706238780143
20100113	249.49259006437995
20100114	234.15218605639404
20100115	336.5572545261035
20100119	251.0853463268838
20100120	258.79724994860203
20100121	335.8849359248784
20100122	349.47265142925215
20100125	263.49496239022614
20100126	337.2158604636212
20100127	352.4518096917054
20100128	349.1879092735637
20100129	383.6148728533355
20100201	264.4880590070005
20100202	270.2288696104559
20100203	241.7449080367538
20100204	301.9217150438416
20100205	324.7911112765769
20100208	213.24425631976212
20100209	247.53544903920474
20100210	195.3308654253696
20100211	213.8823171351967
20100212	246.62829856308088
20100216	225.95348581921138
20100217	193.14495996211198
20100218	196.25162146766326
20100219	201.22901601449865
20100222	183.54854199167877
20100223	226.35508831416118
20100224	198.38709900536386
20100225	232.8056538307538
20100226	221.0465870899818
20100301	201.70854757702958
20100302	235.54689374579598
20100303	195.9682650078065
20100304	187.30109417290973
20100305	245.0065081736431
20100308	191.14375240725
20100309	253.47040838931258
20100310	228.99174503421662
20100311	199.46922069833192
20100312	200.66316772307474
20100315	208.16543329138295
20100316	246.24362718528542
20100317	233.2168793463467
20100318	188.94976270098607
20100319	322.5956147678501
20100322	191.91764963159295
20100323	226.46125713151827
20100324	228.74401133064734
20100325	255.9184622627533
20100326	233.85161084194513
20100329	191.2072300803038
20100330	196.16068199403048
20100331	208.56065327490796
20100401	211.42777798761082
20100405	197.71953266313173
20100406	196.62672128886345
20100407	239.20970061782782
20100408	221.82544148644726
20100409	186.37352326434487
20100412	176.02911108126392
20100413	222.30524588513586
20100414	283.4487250790035
20100415	256.7892874830196
20100416	399.0656380425229
20100419	264.60690229298973
20100420	245.1139249018824
20100421	301.8648322763299
20100422	312.09408378765886
20100423	304.4895364592977
20100426	240.16130542074023
20100427	313.84322940096854
20100428	301.72710394827794
20100429	266.3852063825801
20100430	285.1822527961013
20100503	222.22291761719734
20100504	337.5407288042934
20100505	318.30276846174786
20100506	499.69904254954076
20100507	513.772913358241
20100510	377.0590243038856
20100511	304.6470570403943
20100512	267.534807938191
20100513	237.59397138452113
20100514	325.6843945913106
20100517	287.21825503205974
20100518	330.21220210999286
20100519	350.8538509931824
20100520	423.2502241280796
20100521	453.51379322901164
20100524	259.6968245140725
20100525	373.3391934311964
20100526	343.6390176684757
20100527	290.6309009491546
20100528	273.08862749057994
20100601	266.68108689077957
20100602	244.2247367265126
20100603	231.22543713563132
20100604	307.24217399681277
20100607	266.24607561769704
20100608	312.1375220170838
20100609	260.90363548835575
20100610	261.0452784105483
20100611	218.36583291623646
20100614	220.58752892746074
20100615	238.88188544873506
20100616	223.6718962357348
20100617	233.2290497466861
20100618	273.02694774132266
20100621	241.7384109858991
20100622	238.09116311478462
20100623	257.85033914400043
20100624	281.80438885795206
20100625	427.56629518404725
20100628	228.22110818084056
20100629	356.29994136587806
20100630	266.19792208599654
20100701	330.24123965226795
20100702	213.3078821116159
20100706	244.19028912869584
20100707	263.19304336442724
20100708	248.27462276159375
20100709	178.93777234544868
20100712	181.30007404171934
20100713	283.07652331829024
20100714	254.2196070989599
20100715	273.7616029318012
20100716	310.25847698886747
20100719	224.52382548558072
20100720	272.6422180460371
20100721	296.92884959170135
20100722	252.9815209160129
20100723	269.91259463007947
20100726	189.6246131605744
20100727	224.28036482876004
20100728	194.43337121382805
20100729	246.89923187523615
20100730	220.4846010829603
20100802	216.16455108558455
20100803	219.49138790838737
20100804	207.52951133752128
20100805	166.4832423136254
20100806	199.31177791084266
20100809	163.87465963721365
20100810	222.20118053516546
20100811	233.82861251024926
20100812	207.2853078499112
20100813	150.68636901386424
20100816	144.06417122415635
20100817	191.53344558434378
20100818	175.67479652463769
20100819	217.0350514947438
20100820	192.85307395969525
20100823	178.95136471967388
20100824	232.40459517595815
20100825	212.01956015792544
20100826	175.92065084271846
20100827	206.34725609850085
20100830	143.5511130746413
20100831	211.80310185968995
20100901	242.13161960887473
20100902	165.98738345084467
20100903	192.89633621870135
20100907	183.72900260047197
20100908	208.49526701219295
20100909	185.72082083543424
20100910	171.54543007259755
20100913	215.43863475168965
20100914	202.73207155500708
20100915	194.15603543213743
20100916	205.57783715882152
20100917	298.77919153843084
20100920	223.8282934098423
20100921	245.96093763900643
20100922	227.11151943419299
20100923	229.69267006107523
20100924	244.27186400742522
20100927	186.8996661298068
20100928	274.5010759072756
20100929	202.3418274833335
20100930	252.10579264680158
20101001	202.9293955881854
20101004	198.7318717334092
20101005	242.06981663192298
20101006	242.68697088645715
20101007	207.5781353341916
20101008	214.5193021737711
20101011	154.4389977008486
20101012	237.1378027991523
20101013	281.56690432724315
20101014	241.4896910514665
20101015	413.9314542807549
20101018	304.87935974561054
20101019	354.6324198765439
20101020	277.10886747191313
20101021	264.44002320412517
20101022	180.80482806762805
20101025	201.48706160270453
20101026	195.35890829722226
20101027	216.74789886548814
20101028	222.57118414108257
20101029	210.0226155107043
20101101	202.1218782635043
20101102	203.74524052180723
20101103	234.84605106881085
20101104	307.9175147667836
20101105	257.6868259099913
20101108	187.30242842644378
20101109	211.72564759015208
20101110	210.6028675663431
20101111	209.24028210499546
20101112	273.7156721341569
20101115	201.31606156673942
20101116	277.5336789881714
20101117	197.0492948464355
20101118	223.6785471650782
20101119	200.92556986149236
20101122	197.3051742808994
20101123	222.98187013766437
20101124	191.2868188753124
20101126	89.23962161126794
20101129	217.96709659378433
20101130	267.64690730413133
20101201	253.68930416557524
20101202	252.26762633559406
20101203	192.55454972173445
20101206	185.29933311536416
20101207	232.13617441518676
20101208	180.78698278766882
20101209	192.2204899773167
20101210	198.03799454268326
20101213	236.85061101961523
20101214	209.19665683243483
20101215	244.0014628811403
20101216	236.61545917033465
20101217	319.00611986179615
20101220	201.69030781162624
20101221	172.9225914163052
20101222	160.42740022280356
20101223	119.48627416670935
20101227	108.87108874795955
20101228	111.66709844266236
20101229	101.95263824917025
20101230	94.64738411005928
20101231	107.34791244621428
20110103	226.87440592563044
20110104	224.07254925445395
20110105	234.49299648289673
20110106	246.47859376127727
20110107	267.9007893377657
20110110	235.14841681866778
20110111	215.58447776338147
20110112	198.63685860003164
20110113	239.56089076765574
20110114	257.29268298007594
20110118	415.2718409049323
20110119	324.9530311506302
20110120	310.6618789714298
20110121	332.4725300781406
20110124	252.27626443295907
20110125	282.8947885709237
20110126	246.80195052828762
20110127	255.28097986249114
20110128	327.1167014900367
20110131	241.5502801562313
20110201	271.7750372772067
20110202	190.1896907495836
20110203	207.2748893086156
20110204	194.12682401113935
20110207	218.53463185900998
20110208	194.26638836035474
20110209	247.40931675462417
20110210	292.79393474742943
20110211	219.0845983692594
20110214	204.30401032584535
20110215	201.1847842053335
20110216	250.0468156811143
20110217	211.4482587613253
20110218	291.5697663815818
20110222	335.85717302675545
20110223	305.09945327399834
20110224	263.6454767420578
20110225	209.85307731694027
20110228	238.74098773848038
20110301	258.0457083420633
20110302	235.53258456354283
20110303	241.12998269133024
20110304	251.7746589536179
20110307	248.40224963325153
20110308	212.89822720484153
20110309	204.4917589866806
20110310	265.06408622409936
20110311	207.34547083618872
20110314	238.11743175006518
20110315	322.6596154131078
20110316	392.09042439456647
20110317	276.60727276987086
20110318	338.7883473688672
20110321	217.48988900266696
20110322	175.1185026456498
20110323	183.9473856211868
20110324	202.46639685611717
20110325	214.50357085473456
20110328	177.11837169943675
20110329	194.27060303445757
20110330	211.4125527502802
20110331	227.80401719573143
20110401	247.9285990878169
20110404	197.42512235675795
20110405	226.3371000842544
20110406	213.39798475681772
20110407	210.06972383346775
20110408	197.03775392711222
20110411	177.10375380062527
20110412	211.9762058354906
20110413	192.0273344499682
20110414	208.05147590632498
20110415	272.5912365610807
20110418	255.45122560353707
20110419	207.6832597311272
20110420	311.3467701055354
20110421	287.52892583198496
20110425	155.86895536390557
20110426	242.7713804556078
20110427	258.3317473336833
20110428	219.45206401719653
20110429	351.3906173774026
20110502	237.50373641313396
20110503	250.88197395545131
20110504	262.2881036377838
20110505	241.68707882464867
20110506	216.4735384673705
20110509	165.7425649677068
20110510	202.44902517389895
20110511	235.85027265150055
20110512	217.34343510275872
20110513	202.5052117249121
20110516	247.14846615546324
20110517	251.5505412472311
20110518	200.5540650086057
20110519	183.3429651057481
20110520	193.51110197146713
20110523	198.05613755027298
20110524	182.82611097506108
20110525	183.79582886115395
20110526	178.0036378673152
20110527	154.1320681330244
20110531	233.8906930866652
20110601	248.03149464951952
20110602	210.0183263386631
20110603	195.71865003611248
20110606	203.85920612066212
20110607	218.27139188375696
20110608	216.22089906361916
20110609	181.3663458941912
20110610	225.38918350540217
20110613	192.09366584271672
20110614	194.9584714845136
20110615	225.2100261817215
20110616	228.50515950858804
20110617	292.84248845084403
20110620	203.34791500095005
20110621	222.24573232412715
20110622	182.79389481066977
20110623	294.40855614050787
20110624	308.7441370964593
20110627	203.67801821388426
20110628	197.24271565773796
20110629	227.41609644048575
20110630	226.63373631573174
20110701	215.919461335795
20110705	192.64610798461726
20110706	194.1879170389198
20110707	228.9998472744145
20110708	217.64841598840442
20110711	207.32101984493875
20110712	224.4356033893686
20110713	206.47589494745426
20110714	237.38536678545617
20110715	279.3818948379766
20110718	236.05802031489256
20110719	289.5862961082038
20110720	271.5436383897486
20110721	292.1144540232019
20110722	229.03337708612682
20110725	240.67932445634912
20110726	236.95071052293432
20110727	304.42680474815285
20110728	262.777792611405
20110729	304.89887832020275
20110801	280.1987906765334
20110802	313.14002006443013
20110803	339.26135128536373
20110804	418.1491059210919
20110805	518.2640348517344
20110808	575.5847513981316
20110809	579.3417681435594
20110810	487.3429970949194
20110811	434.7795085218936
20110812	302.5455972269373
20110815	273.51668287743496
20110816	264.4144838717994
20110817	223.46393404614966
20110818	402.0097539708504
20110819	341.4256838572702
20110822	256.34460297437164
20110823	310.5383747735861
20110824	254.90286736455982
20110825	305.96261206903955
20110826	271.8649629600128
20110829	211.2678662614928
20110830	224.92750525959696
20110831	289.19155066621585
20110901	225.0296027774335
20110902	213.88227542517612
20110906	264.6432284081201
20110907	218.47933624244368
20110908	247.59926182849102
20110909	310.1520396628282
20110912	280.24766350359204
20110913	235.8397601358738
20110914	272.30959661802524
20110915	235.29687378768827
20110916	394.4150866459212
20110919	292.11755135771995
20110920	291.47119417892145
20110921	299.8182529377657
20110922	455.9644008413002
20110923	303.33221071161114
20110926	323.59036443068464
20110927	296.31442033608033
20110928	250.50439501356487
20110929	294.0039239414032
20110930	270.1515115814059
20111003	317.7784748057231
20111004	424.6201790920567
20111005	330.4449946681938
20111006	290.8583748330003
20111007	256.8507307956812
20111010	204.58513399651062
20111011	231.4938628054451
20111012	285.7296660194862
20111013	228.25933585727012
20111014	256.026155310679
20111017	256.8419544486271
20111018	327.5010943804619
20111019	339.7972817547555
20111020	260.88122141485104
20111021	320.9849017421897
20111024	264.7254654995264
20111025	261.59858864802334
20111026	294.6052639217829
20111027	358.9145920000111
20111028	242.79945177376982
20111031	245.8672211558113
20111101	321.1009376523194
20111102	212.55580088667548
20111103	241.5486089805507
20111104	184.15377332132184
20111107	197.60424038451305
20111108	223.06815341098923
20111109	276.7908129418445
20111110	250.92647866657555
20111111	236.64273776490893
20111114	199.7521754121965
20111115	243.51544424745228
20111116	228.6575411138526
20111117	275.36339958793457
20111118	229.43691862541291
20111121	266.06765455631955
20111122	218.44160864097773
20111123	216.86862954739325
20111125	112.30703155373544
20111128	207.4751413355005
20111129	206.57524454702016
20111130	306.3656263169976
20111201	212.54647848773206
20111202	248.43738782287662
20111205	224.13897811781877
20111206	202.45670555113463
20111207	230.66555138283178
20111208	226.34063309580995
20111209	213.82526301300135
20111212	221.23206630188648
20111213	242.67101793430777
20111214	252.50575429767795
20111215	208.6645282709311
20111216	329.45221260236997
20111219	184.2648562670403
20111220	240.77453972570618
20111221	246.19967792069383
20111222	184.86549435997745
20111223	142.75353038113903
20111227	125.56918366554083
20111228	130.9400922859758
20111229	131.64168950548438
20111230	117.34593008755108
20120103	245.44228810507497
20120104	218.24123134701347
20120105	229.97979130314812
20120106	238.59412628746344
20120109	220.56165361999655
20120110	207.88419111071866
20120111	198.35027846813455
20120112	200.2779962607711
20120113	220.1541790655695
20120117	232.95448915900775
20120118	230.95299359043764
20120119	234.85987290743495
20120120	318.6790288999488
20120123	225.54444461157593
20120124	229.11113163459126
20120125	327.48113728156727
20120126	257.6310960046412
20120127	229.26767091130392
20120130	222.18487746103244
20120131	255.03218454184687
20120201	257.78977761672763
20120202	197.8813026226579
20120203	223.80778911556368
20120206	182.8099330986268
20120207	199.22194786327972
20120208	216.00619640759575
20120209	320.5599639460425
20120210	265.20300629450566
20120213	232.62389812403066
20120214	232.5697273357458
20120215	408.1307522686014
20120216	337.23456415414125
20120217	285.65572211517184
20120221	268.7249462256483
20120222	241.71991669768855
20120223	259.2563759032826
20120224	213.33018805238075
20120227	269.893812490783
20120228	267.12189034969145
20120229	365.6747352334377
20120301	300.25478330275763
20120302	213.27068186608636
20120305	291.6345420024917
20120306	314.3304937403194
20120307	284.03949528239286
20120308	250.9600278188562
20120309	237.48574220585235
20120312	218.9260803904231
20120313	332.072404017062
20120314	467.33196662354266
20120315	405.77050525526477
20120316	406.7449399232932
20120319	327.23539715491205
20120320	323.09016558212005
20120321	294.48656696923706
20120322	304.1033733798673
20120323	255.76920834830074
20120326	310.7561891195734
20120327	290.0048357669713
20120328	308.25583424293734
20120329	292.3740138454842
20120330	303.2250966626276
20120402	273.3333789576846
20120403	333.51637845502006
20120404	282.61867765567087
20120405	278.3950139593555
20120409	247.8469825845079
20120410	371.76309103622225
20120411	295.37524286765654
20120412	303.684037801509
20120413	375.1789891348068
20120416	380.36158199744443
20120417	363.2243203627609
20120418	335.1701575254674
20120419	323.81691292033247
20120420	384.3780542572482
20120423	351.5196284611021
20120424	352.0881295412242
20120425	354.9475524927916
20120426	305.09824291131207
20120427	284.6322220838617
20120430	270.96579518393315
20120501	289.70953639254304
20120502	236.30265540627678
20120503	224.7684094448609
20120504	262.0847664290854
20120507	239.6342395102919
20120508	271.26229693182
20120509	280.12813838316424
20120510	241.92848798205733
20120511	308.47841802768494
20120514	259.9047193079585
20120515	290.28313238302434
20120516	305.2093601291052
20120517	333.50639449838513
20120518	582.0804603175022
20120521	342.768737494631
20120522	331.94405730014097
20120523	329.8660156593938
20120524	269.16573879419667
20120525	196.18317586097317
20120529	235.21661982215107
20120530	269.12291080433477
20120531	329.40603849137733
20120601	312.52791494761686
20120604	287.974210407958
20120605	229.83314744832276
20120606	262.0023994135666
20120607	286.57486285434396
20120608	254.836851802815
20120611	292.84711310703693
20120612	249.5162921432113
20120613	266.57990390339165
20120614	257.70293994556306
20120615	309.3979693485934
20120618	257.5002629402582
20120619	267.2461066949507
20120620	267.9334453369811
20120621	294.3593317317205
20120622	388.74959455814786
20120625	265.48271074741905
20120626	213.0640368875608
20120627	193.61039013490472
20120628	228.82490228544492
20120629	305.39181426241004
20120702	231.9754540239185
20120703	147.61383636169268
20120705	256.0082705947481
20120706	238.45779851213803
20120709	238.17321026944504
20120710	263.09169232270506
20120711	255.59584281297953
20120712	294.43570089941073
20120713	240.83392326211055
20120716	214.7585279497648
20120717	251.82596882892966
20120718	221.46832687168444
20120719	295.96497846907647
20120720	307.8752118270553
20120723	288.40995351445883
20120724	280.1147362875404
20120725	322.61848625928974
20120726	280.0526366472526
20120727	349.3433435311576
20120730	226.20660871413457
20120731	268.7838346637684
20120801	257.1630619474591
20120802	240.7734169126734
20120803	239.89994035519476
20120806	187.2210136107101
20120807	216.4157330580323
20120808	179.79608570788724
20120809	164.63122499910548
20120810	154.94163945931516
20120813	168.43668875457962
20120814	212.47392164483512
20120815	185.28089133558103
20120816	229.4139858517487
20120817	256.6080940183624
20120820	266.776485823998
20120821	327.60797985845903
20120822	256.46632794703334
20120823	223.49675537917358
20120824	224.5614694554681
20120827	214.76821980125695
20120828	176.17789799151575
20120829	163.68180248486405
20120830	183.49286967009172
20120831	233.56175378181186
20120904	237.37857770095
20120905	220.96974293941693
20120906	281.1996197689279
20120907	251.54445045504252
20120910	257.0080564637197
20120911	251.4943535442802
20120912	327.2665108971838
20120913	369.39313864713796
20120914	392.0766510585594
20120917	281.16643534333286
20120918	240.6556596447958
20120919	255.59554290362382
20120920	252.5861392456567
20120921	460.4052635919227
20120924	308.46894478326647
20120925	313.6638523311247
20120926	302.9249428992626
20120927	295.68225796024944
20120928	314.94124126703986
20121001	301.15778765663697
20121002	284.3548966381324
20121003	250.703023532984
20121004	242.3358681518351
20121005	286.5484376030707
20121008	250.41470782848958
20121009	347.9024712381038
20121010	288.4588785129535
20121011	265.6840276625444
20121012	262.1494357902555
20121015	270.2918269320743
20121016	287.46485523027945
20121017	275.7019269185504
20121018	334.860005439743
20121019	397.50542052350045
20121022	293.48809380470817
20121023	324.5268615526498
20121024	310.72314400456605
20121025	310.6102966489872
20121026	318.9238534781147
20121031	290.9336571157806
20121101	259.98338658435324
20121102	288.2055579056128
20121105	228.94474553515374
20121106	209.34489162522834
20121107	354.41890261326785
20121108	354.70326676460996
20121109	336.0800547039581
20121112	215.72936206480273
20121113	276.60507601158827
20121114	308.8561304852297
20121115	324.0710505713534
20121116	437.79248460077343
20121119	337.5631881156738
20121120	272.0562471231294
20121121	226.72688594773354
20121123	155.51336768252497
20121126	312.65620246409765
20121127	264.7141763201705
20121128	273.14896262492067
20121129	285.891505882966
20121130	296.123600229316
20121203	242.47831890569344
20121204	274.20687389890384
20121205	367.71423574716584
20121206	361.75975074610653
20121207	289.49705211731225
20121210	251.31946817120854
20121211	293.2676325517702
20121212	263.37569592653136
20121213	272.5881688681266
20121214	334.2919126874067
20121217	316.097418308883
20121218	338.82510924959644
20121219	289.25476766214877
20121220	263.54760402127965
20121221	413.1479716429748
20121224	95.50347236243245
20121226	162.2239936478289
20121227	226.40708976793545
20121228	186.245468045762
20121231	299.8280978450913
20130102	316.2946813014758
20130103	244.41892487674053
20130104	269.67167814749916
20130107	252.43681557271117
20130108	246.75770422977953
20130109	236.9544560474534
20130110	301.9812883216069
20130111	239.5272597008739
20130114	293.2182128435591
20130115	334.4759261736338
20130116	280.6187975298094
20130117	273.2595333423286
20130118	318.43858262078436
20130122	267.2893153449848
20130123	311.224819406399
20130124	410.1171290713931
20130125	390.47995687077076
20130128	310.00484056217834
20130129	313.72123397173766
20130130	276.25837550281204
20130131	285.64570114492017
20130201	303.32438143137307
20130204	268.4367539421227
20130205	260.1277516791184
20130206	277.4736553918657
20130207	289.82574951606824
20130208	251.3740285500281
20130211	205.75347524987285
20130212	251.14908805413017
20130213	254.08422439181268
20130214	231.1897371768479
20130215	264.30699206873504
20130219	243.83503055028982
20130220	260.59747539878293
20130221	265.7296378600968
20130222	208.89865200349018
20130225	259.1787212609128
20130226	274.4999685350908
20130227	255.74511937862835
20130228	246.17571721596536
20130301	251.20933763268278
20130304	236.34770702021183
20130305	275.1312807708737
20130306	221.61396121396797
20130307	221.4870567046382
20130308	225.5714880872348
20130311	219.71531298760382
20130312	235.97842868840416
20130313	194.89345723913402
20130314	222.2791827225263
20130315	409.9873605384363
20130318	250.36774239978376
20130319	250.96373860362408
20130320	219.00134006514074
20130321	246.64315192679294
20130322	229.55342017149596
20130325	266.50192668753
20130326	194.9819024290302
20130327	209.84421648426581
20130328	246.42633417029842
20130401	184.6531645207577
20130402	230.87301284265126
20130403	245.03287727217364
20130404	249.65003553963223
20130405	260.1279779105296
20130408	197.71459217198887
20130409	212.64674224386238
20130410	243.47036219692163
20130411	260.220748795097
20130412	212.9401745121537
20130415	251.08600626844844
20130416	231.36655282357893
20130417	342.1933893299567
20130418	304.7812549738047
20130419	308.3642772257272
20130422	248.83528170569824
20130423	270.38100353883004
20130424	335.78282573003685
20130425	271.8675968816006
20130426	318.6430137444066
20130429	273.6987474979372
20130430	315.1992329720552
20130501	275.2538266694989
20130502	245.13377684305047
20130503	246.56795962290389
20130506	227.551652554458
20130507	242.13836988100854
20130508	250.76373387102706
20130509	228.17722354498477
20130510	203.4969558882336
20130513	199.6213846775787
20130514	241.14359456681876
20130515	295.13873242538506
20130516	261.37425501920535
20130517	261.4946495605049
20130520	238.7520609295119
20130521	270.3746957365138
20130522	338.4804081417559
20130523	252.743880060416
20130524	219.22011785845802
20130528	253.81636347030022
20130529	239.07820941834473
20130530	235.65756912930127
20130531	301.47985426789
20130603	283.3364341991022
20130604	268.3389246577118
20130605	251.0774174576276
20130606	278.1060524154481
20130607	279.00916868092224
20130610	257.75060175779475
20130611	228.9054902830059
20130612	203.32131479261824
20130613	214.19796512115303
20130614	209.44189055902274
20130617	240.09739716599103
20130618	214.91384730469036
20130619	243.55169516358833
20130620	316.32582595444364
20130621	480.1020141012277
20130624	374.19307850749243
20130625	276.4428943413312
20130626	239.6506926132096
20130627	238.32178587905793
20130628	357.7816424353506
20130701	224.49789903022756
20130702	236.83217491261144
20130703	119.03091192591269
20130705	164.17438005026816
20130708	216.0483351940867
20130709	211.68054678282272
20130710	192.91254344348417
20130711	249.33892086979685
20130712	257.2962520880666
20130715	198.69105619087546
20130716	205.76964264176493
20130717	186.8595481413665
20130718	220.8849545936482
20130719	321.5979426200898
20130722	195.6961758100201
20130723	196.79687531099748
20130724	251.68295035331695
20130725	338.21652472897944
20130726	246.0647954138726
20130729	215.30891018692566
20130730	260.31770772420106
20130731	320.18440035518955
20130801	267.788062901692
20130802	217.51026903340667
20130805	185.78016943064532
20130806	207.41497609839254
20130807	203.41319442722235
20130808	197.62861715810007
20130809	176.84573054406107
20130812	186.78469783339932
20130813	290.6014426261993
20130814	282.7887598646925
20130815	259.24469011136256
20130816	236.26752449114952
20130819	243.9203119858856
20130820	216.99337968538038
20130821	226.92974380524288
20130822	163.8955108025006
20130823	251.83606429078748
20130826	223.46672826677394
20130827	256.6200166110344
20130828	221.0625462161761
20130829	197.5710163780366
20130830	211.38924170227273
20130903	271.756262569432
20130904	252.3796479972224
20130905	193.17369601919302
20130906	268.12196940939145
20130909	230.5180110497217
20130910	310.5386358711202
20130911	314.8092926596249
20130912	240.25577606367253
20130913	197.44388047092102
20130916	257.65315122329594
20130917	244.41539041847153
20130918	297.2553200882441
20130919	263.86335792255073
20130920	481.0874730097254
20130923	320.7265722204222
20130924	276.45938794726806
20130925	245.84230519185317
20130926	214.86303444563194
20130927	208.57378487908878
20130930	254.87055380058467
20131001	243.47626975245328
20131002	228.7998488248889
20131003	251.62918337436204
20131004	235.4253139330732
20131007	232.655738289321
20131008	280.87467668785234
20131009	288.2982941001701
20131010	269.2075432249799
20131011	230.1685839427919
20131014	206.92994002849272
20131015	253.59267479555876
20131016	242.333470333339
20131017	252.58075419382652
20131018	351.06723214903207
20131021	259.8922411400878
20131022	313.1686477447462
20131023	244.57586310641864
20131024	263.36671442525943
20131025	298.36608867333877
20131028	284.940349148039
20131029	317.48804651148987
20131030	265.74353838922815
20131031	345.5012423688375
20131101	272.5518054001857
20131104	216.71610791928865
20131105	228.9323097567927
20131106	243.1864554501157
20131107	278.2227220868062
20131108	265.4512709732727
20131111	185.8999259260992
20131112	211.49100811344965
20131113	228.02818532178654
20131114	237.0112789987263
20131115	255.67344941526937
20131118	239.00091947127405
20131119	217.9168369501592
20131120	193.3794146098918
20131121	213.86443108570896
20131122	216.4352957972122
20131125	224.97489080922517
20131126	273.6441280540428
20131127	201.07087780994752
20131129	160.31145048260862
20131202	266.25063440181026
20131203	281.00364471448387
20131204	266.2996816582314
20131205	291.2486654284763
20131206	230.1006458125774
20131209	226.22826983251755
20131210	239.87880987878083
20131211	286.7097022845493
20131212	262.37127036331185
20131213	255.98317398204674
20131216	268.73495035826335
20131217	257.5340733832555
20131218	379.70982489982606
20131219	284.5734366831391
20131220	479.1137144187521
20131223	281.93438477159657
20131224	117.87870027396522
20131226	159.25828169597074
20131227	166.81124707935263
20131230	186.47787322020756
20131231	178.84327850618703
20140102	210.84873193542927
20140103	217.1281463942854
20140106	274.43160558360375
20140107	263.2530776770027
20140108	266.97969458907
20140109	258.39040813561917
20140110	236.4471675383861
20140113	300.1594710638662
20140114	271.7011506651834
20140115	282.79617290014284
20140116	222.44898906981007
20140117	350.5664999376971
20140121	290.1571805089438
20140122	252.0975856036725
20140123	297.2860401407458
20140124	365.6277635535976
20140127	361.4929576408595
20140128	381.9250957058875
20140129	361.5072596156095
20140130	414.1836221514797
20140131	433.12093940050744
20140203	422.94661865333006
20140204	322.19212986825573
20140205	292.69160349654516
20140206	262.59320739889824
20140207	288.4787678472205
20140210	244.50286303978686
20140211	247.8168027144461
20140212	247.8334635396724
20140213	290.81598071986025
20140214	259.5440792254922
20140218	267.7588568609002
20140219	291.504078064128
20140220	324.69265619217447
20140221	292.3684366829836
20140224	540.7032073330553
20140225	307.1481070909848
20140226	294.91143959078113
20140227	293.2298922041022
20140228	322.3456503945007
20140303	269.8343265822451
20140304	257.47909680617715
20140305	257.41716838126115
20140306	220.98021721964986
20140307	228.34217903568387
20140310	206.08324773774046
20140311	251.77514599659781
20140312	234.68994596001656
20140313	277.5301401266224
20140314	252.46280322503162
20140317	222.80711478580122
20140318	228.84394741032654
20140319	260.10726921319707
20140320	267.02493503571895
20140321	456.0546948193025
20140324	345.12073360356135
20140325	287.2913038574477
20140326	309.62087139615187
20140327	312.3841633833114
20140328	245.12607248473242
20140331	258.96030599080547
20140401	243.693759056799
20140402	236.00905314732756
20140403	250.326300147235
20140404	358.1455134358136
20140407	357.06270772640636
20140408	307.75547503182923
20140409	295.0195226827847
20140410	349.00424346246206
20140411	342.2830900022111
20140414	260.34400778052867
20140415	331.0411909899199
20140416	286.2190744564407
20140417	322.96154448991217
20140421	208.74804999885197
20140422	253.12611049161472
20140423	286.52606542377566
20140424	409.5081508846836
20140425	341.35008604110686
20140428	457.63374526144594
20140429	283.2731062326174
20140430	307.98298263564175
20140501	257.4523284055759
20140502	229.8487749502562
20140505	218.00846968629347
20140506	269.78627034348796
20140507	294.3681838460287
20140508	240.2018348663418
20140509	230.15043784180156
20140512	213.97679336051183
20140513	203.63660598421734
20140514	188.94244783830916
20140515	255.76653219285063
20140516	256.1974476985651
20140519	241.81895486494238
20140520	229.76819530158255
20140521	205.40983348248864
20140522	196.79751821605277
20140523	188.08789191237284
20140527	248.74281649614042
20140528	217.4878594229265
20140529	219.9407744261404
20140530	301.02564587324764
20140602	212.62749295316084
20140603	213.5028361611224
20140604	219.16178064071278
20140605	242.99941576638938
20140606	243.19895314696507
20140609	210.90974670091651
20140610	226.87309654374613
20140611	198.97819038949444
20140612	228.85882575333835
20140613	216.06160371394088
20140616	184.8693485854962
20140617	180.95624674041042
20140618	218.5489350205713
20140619	220.67917970089158
20140620	391.6263860208012
20140623	207.9667613540433
20140624	233.64168287016525
20140625	220.80812060687805
20140626	203.31261770001788
20140627	295.62163105004845
20140630	214.95703625660767
20140701	203.22416270038815
20140702	171.1317050755069
20140703	132.3682689978714
20140707	196.4893047640711
20140708	262.8429746395618
20140709	206.5594362350979
20140710	208.85284985990842
20140711	209.6908894114257
20140714	219.18086111857414
20140715	265.98485961713385
20140716	295.65877629009253
20140717	286.45654389448936
20140718	261.4265329506995
20140721	219.28598014521512
20140722	234.46647044230318
20140723	274.627937763064
20140724	286.5852010593628
20140725	248.4244401746714
20140728	229.49770378232543
20140729	248.78105494124227
20140730	217.87874235061997
20140731	286.105129548689
20140801	278.6197408656981
20140804	219.64328926079074
20140805	241.50401397933223
20140806	219.4964337857721
20140807	214.41395762200585
20140808	202.1115233581415
20140811	174.03138308986402
20140812	168.00578419117232
20140813	181.06850901973152
20140814	162.9537671288438
20140815	238.57303001897483
20140818	194.89842121532467
20140819	218.28759935742877
20140820	183.69958645686557
20140821	174.88229634540778
20140822	169.33215135993586
20140825	162.7662033008775
20140826	163.14835627674495
20140827	180.1891407086968
20140828	181.0780223437271
20140829	181.5957734516702
20140902	219.147905116853
20140903	272.1014843489965
20140904	246.2090967639535
20140905	220.17251657057648
20140908	201.7586172117749
20140909	350.36490107938823
20140910	268.3894372909803
20140911	219.76532467773384
20140912	228.01572179018774
20140915	236.57418133578895
20140916	236.46547140905054
20140917	241.16013372339447
20140918	208.89399570645324
20140919	739.0115145627199
20140922	288.4102566390901
20140923	282.53308947085964
20140924	273.15428779241614
20140925	305.05489200697156
20140926	234.4360839531392
20140929	231.2814444417565
20140930	280.96103672912676
20141001	306.89699912025776
20141002	268.64027159509374
20141003	231.17620964060154
20141006	193.2416405073659
20141007	230.1517421895564
20141008	289.89341352337254
20141009	316.24459828903684
20141010	359.13511245100347
20141013	301.1517107454265
20141014	355.6340531483964
20141015	496.7645088438783
20141016	395.9469322326992
20141017	383.9966517668845
20141020	277.77020300544905
20141021	352.63569476321453
20141022	304.19821358253955
20141023	319.9602816156196
20141024	313.66923626377996
20141027	236.95851901561554
20141028	299.79011083306693
20141029	327.32115251652186
20141030	294.50878056556354
20141031	318.4396743236059
20141103	282.7400378238232
20141104	306.01802297206973
20141105	281.77794975286565
20141106	250.49318428628925
20141107	268.7836096240328
20141110	308.6713628486262
20141111	256.7543079235346
20141112	270.0605966673021
20141113	319.75377968120097
20141114	247.5121087780307
20141117	241.87780317227578
20141118	258.80442187766715
20141119	264.66912569087054
20141120	249.13589987112547
20141121	313.59337890710736
20141124	253.94592776365147
20141125	296.99379323932175
20141126	209.24837349943158
20141128	186.9258783272051
20141201	342.0738398699805
20141202	265.67340081489533
20141203	257.1391400086658
20141204	226.32585645324312
20141205	234.1914106317757
20141208	282.21136742765714
20141209	321.0889759391924
20141210	306.93954800309643
20141211	272.6868955392859
20141212	298.3105553552663
20141215	324.54472325763317
20141216	347.4254434057128
20141217	320.4797231673106
20141218	380.93285710275467
20141219	511.7230109201393
20141222	274.9905410406374
20141223	227.97172734278436
20141224	103.68857325603811
20141226	137.615342437238
20141229	161.30352727832008
20141230	153.39656918064648
20141231	204.7415657978553
20150102	221.56547703291372
20150105	310.3780596609375
20150106	325.96917615966004
20150107	257.79461164742264
20150108	311.8689759099411
20150109	252.40974013316637
20150112	241.9663184728907
20150113	310.9721022355627
20150114	322.51909631427964
20150115	322.444243401696
20150116	343.4659212620402
20150120	300.5748982600311
20150121	304.52087402072084
20150122	308.9752690223484
20150123	259.7573642155575
20150126	255.30843307832583
20150127	373.1952086569507
20150128	457.3074829336887
20150129	441.21972986802297
20150130	520.4649734552345
20150202	361.4930694627002
20150203	329.9071117400629
20150204	356.57459189335214
20150205	280.2449359179584
20150206	282.3543726997619
20150209	224.16855555409046
20150210	278.910783775793
20150211	294.24469319235544
20150212	318.53706750313245
20150213	264.34356865222253
20150217	275.96659796131615
20150218	227.3507670190882
20150219	253.54132270997047
20150220	278.38082074232125
20150223	276.0169366441868
20150224	277.00463904465505
20150225	294.34031418001763
20150226	314.414610290174
20150227	290.20426742881074
20150302	248.81530663696049
20150303	247.07124912333435
20150304	251.52148958922197
20150305	243.1751362615521
20150306	317.1025134658261
20150309	285.41925306951543
20150310	317.1790353575894
20150311	287.79661015498266
20150312	291.49432539056227
20150313	286.10486414699
20150316	248.9042867961176
20150317	254.32968496671148
20150318	391.39397658128587
20150319	277.9705777722536
20150320	451.0324595022321
20150323	248.85877126523377
20150324	248.92694239642074
20150325	300.8451537799002
20150326	280.83347202227685
20150327	233.28653018954518
20150330	243.92328430404888
20150331	246.0494469436165
20150401	257.3213373502535
20150402	217.85132658001157
20150406	227.021104237229
20150407	199.19926610044442
20150408	227.09265756322185
20150409	227.30726263134272
20150410	299.02215187947496
20150413	256.46169592071493
20150414	240.80926867229113
20150415	252.91900315637707
20150416	222.90351399063834
20150417	330.92573142997304
20150420	278.45155190717435
20150421	247.4256460160681
20150422	258.83202732346786
20150423	376.7668255639577
20150424	391.0810823487265
20150427	362.38899818572753
20150428	389.30670568042274
20150429	327.426025732114
20150430	351.35276673013686
20150501	274.1545774820763
20150504	246.0641860014617
20150505	284.90766240524624
20150506	306.3593254700835
20150507	275.67480975760503
20150508	284.8657159565646
20150511	222.4878872152965
20150512	244.59814081901908
20150513	227.88157721438262
20150514	247.2966735298078
20150515	234.4858584240313
20150518	246.13136823650694
20150519	260.7877817387501
20150520	234.13701873210874
20150521	256.09931914647683
20150522	216.46119519120617
20150526	292.94975756283355
20150527	234.1560668657759
20150528	181.88473244180358
20150529	292.53304826814315
20150601	225.8900716182753
20150602	205.93779996687812
20150603	224.99762015107171
20150604	255.36052207936754
20150605	239.62522794153628
20150608	251.226000708556
20150609	243.4001088306379
20150610	247.65202449551037
20150611	217.08594436951512
20150612	208.4202040148742
20150615	226.58982277277335
20150616	200.74901464455345
20150617	229.0626440464554
20150618	287.6026863180232
20150619	375.19763287188704
20150622	214.17280130960606
20150623	252.3586582785686
20150624	274.49650789077424
20150625	220.32679241290154
20150626	321.28012948347305
20150629	284.2319949960454
20150630	278.03975039729534
20150701	234.65096835606448
20150702	190.24528766412647
20150706	212.64017458120705
20150707	316.2274538780205
20150708	277.2023122790562
20150709	294.31562130451255
20150710	257.8308085942849
20150713	244.8834068117825
20150714	244.49410350641662
20150715	232.70526855014865
20150716	264.68685450829173
20150717	360.29505807346544
20150720	310.71693450919577
20150721	320.37445411766674
20150722	376.48669445953783
20150723	294.44335118309914
20150724	386.16925742690063
20150727	323.61811229552455
20150728	294.76904439359834
20150729	297.8625586384538
20150730	287.86393933477285
20150731	289.1670388473861
20150803	273.8317600658568
20150804	322.86875488855935
20150805	367.8856730125131
20150806	333.09241492993914
20150807	233.72391475885473
20150810	243.09162962812704
20150811	336.80761644324025
20150812	383.135422088242
20150813	242.18400386912194
20150814	200.8513507412484
20150817	211.64105448956897
20150818	225.33852554590152
20150819	271.9109320681216
20150820	370.615462229313
20150821	535.2193396470724
20150824	704.5459112611824
20150825	478.40878070503436
20150826	484.1834554718719
20150827	424.26257064667334
20150828	296.29785363468386
20150831	289.596807308261
20150901	383.0206123659928
20150902	305.8778366495318
20150903	260.22972818374893
20150904	274.8890154412537
20150908	299.8367469138555
20150909	320.3203120599129
20150910	279.20790286502336
20150911	242.44818478459285
20150914	242.51111233699044
20150915	250.45818401046327
20150916	250.66322712615033
20150917	332.94562910622227
20150918	516.5435930955792
20150921	254.199510696544
20150922	287.8068104829117
20150923	211.31117287955422
20150924	279.97425746789605
20150925	296.69656688653606
20150928	323.2343929930697
20150929	322.7339765496902
20150930	325.16961555557833
20151001	286.75415097168855
20151002	326.98750599378945
20151005	296.31067149258195
20151006	285.71685278044356
20151007	281.7872165397025
20151008	285.73169913295527
20151009	257.5715258491853
20151012	193.47446709499303
20151013	238.5640639298258
20151014	318.22939435326305
20151015	301.8303234498842
20151016	302.0037346515705
20151019	276.5397287556213
20151020	279.8211342345304
20151021	262.62726223018376
20151022	363.8512799432803
20151023	473.9706724078551
20151026	324.097222506821
20151027	348.99768312046655
20151028	358.68946222510607
20151029	276.2535996259753
20151030	342.8847182812547
20151102	288.09501407097343
20151103	298.6439569760556
20151104	339.25343445739924
20151105	340.25122932498095
20151106	342.5937476158817
20151109	299.7178324712998
20151110	340.99079342779686
20151111	316.20727578007427
20151112	327.2278647563387
20151113	367.7881394727882
20151116	380.3076793791985
20151117	367.3868689823156
20151118	319.053910397838
20151119	304.1663488200015
20151120	348.2497913391458
20151123	302.20341012435256
20151124	324.110316115228
20151125	208.19709498763626
20151127	124.25071966053207
20151130	399.42818429367225
20151201	294.6190996405592
20151202	300.48976574120366
20151203	334.0890022343772
20151204	348.68723670556676
20151207	271.7973461931682
20151208	279.3588360522178
20151209	326.7798906000504
20151210	265.5842828256363
20151211	344.77085209445715
20151214	365.7414492234163
20151215	355.30977183168545
20151216	359.7832302419938
20151217	315.1147973019522
20151218	541.9200609450689
20151221	276.9843014489445
20151222	231.50127548848624
20151223	229.55258260777774
20151224	86.29064019081814
20151228	181.93484480048025
20151229	214.70865579837087
20151230	169.2156869437462
20151231	224.31267012047877
20160104	425.58268503237196
20160105	313.5559175915757
20160106	353.1860266371476
20160107	451.7165220316151
20160108	365.23184265386635
20160111	327.4279120782357
20160112	314.611955958527
20160113	389.7342582660066
20160114	424.1545984705249
20160115	495.56823721366067
20160119	345.0682308869107
20160120	498.12448561806764
20160121	351.1732378028346
20160122	344.87346587367114
20160125	300.3087582471283
20160126	314.5262965719969
20160127	419.08742061091573
20160128	478.8741525127986
20160129	548.9901730932729
20160201	359.2899010670475
20160202	393.3451723403868
20160203	463.99397649175995
20160204	392.35864652482087
20160205	439.0555614655975
20160208	470.44247018437954
20160209	390.96429789290426
20160210	337.0252772139576
20160211	390.8274405607364
20160212	308.3176225676485
20160216	322.7838591318472
20160217	320.8346220108531
20160218	283.0264441764795
20160219	273.0650949569392
20160222	272.2966262050086
20160223	248.37733795051514
20160224	280.0534316789371
20160225	246.13061186044584
20160226	265.3214174847245
20160229	290.1382134909835
20160301	300.55601108497467
20160302	263.8431408258408
20160303	246.03844063022402
20160304	277.5826719872426
20160307	284.32511078638885
20160308	262.8729249537266
20160309	259.3262861453842
20160310	292.80787054318216
20160311	267.41594162152325
20160314	217.09144954242356
20160315	232.2810915280198
20160316	280.0476918617645
20160317	307.4438748340984
20160318	461.7572621143168
20160321	240.24343764708485
20160322	227.28343647362036
20160323	217.49303858818834
20160324	217.50539019763843
20160328	188.74676335575225
20160329	262.3430556414753
20160330	265.7188199506537
20160331	239.8970503008217
20160401	247.73520858820666
20160404	257.38187374230375
20160405	290.28633359769367
20160406	255.71674816405067
20160407	246.54853047757302
20160408	233.13649723764854
