20160408,111261.06124
20160407,153430.9156
20160406,262903.55217
20160405,209949.3264
20160404,165370.92845
20160401,229466.17680000002
20160331,140934.99004
20160330,194034.24949999998
20160329,274355.40024
20160328,97205.71234
20160324,99734.6188
20160323,202369.42332
20160322,128160.80297
20160321,139351.57344
20160318,245351.32700000002
20160317,143366.89728
20160316,136346.00427
20160315,252366.16770000002
20160314,108491.52354
20160311,124132.7942
20160310,258141.55961000003
20160309,90816.34565999999
20160308,118404.97550999999
20160307,151002.58512000003
20160304,155212.38319999998
20160303,191427.07369999998
20160302,186490.68501000002
20160301,191006.8752
20160229,152217.56822999998
20160226,222003.95111999998
20160225,159642.39545999997
20160224,194475.01015
20160223,170338.4565
20160222,178830.01682000002
20160219,146863.93175999998
20160218,242203.32044999997
20160217,230685.057
20160216,265726.60023000004
20160212,154360.2023
20160211,170190.562
20160210,200198.94273
20160209,196267.60492
20160208,207206.97460000002
20160205,171427.20467
20160204,166675.2336
20160203,169754.72626000002
20160202,222007.49099999998
20160201,144270.50792
20160129,284888.26743
20160128,253495.42836000005
20160127,352953.17855
20160126,211363.12168
20160125,188926.95668
20160122,184170.06527999998
20160121,211052.4108
20160120,173640.19161
20160119,212866.66491999998
20160115,176489.95400000003
20160114,240640.3773
20160113,181109.81178000002
20160112,130412.07999999999
20160111,289283.58420000004
20160108,171654.19372
20160107,194640.99534
20160106,232737.22857
20160105,225256.47100999998
20160104,196015.66775
20151231,89641.89252000001
20151230,138820.47928
20151229,161269.5624
20151228,149299.09225000002
20151224,75869.29681999999
20151223,192483.49607999998
20151222,117957.87604999999
20151221,117966.94588
20151218,186997.10994999998
20151217,161906.8211
20151216,167688.64823000002
20151215,140331.39536
20151214,169014.89192000002
20151211,220586.38143999997
20151210,221811.5331
20151209,211886.66151999997
20151208,246045.75965999998
20151207,166071.24204
20151204,212165.52012
20151203,271702.86472
20151202,157671.80052
20151201,130263.0696
20151130,145405.03444
20151127,113915.2596
20151125,160015.5216
20151124,140551.5456
20151123,135206.14715
20151120,103499.72789999998
20151119,112949.24677999999
20151118,308361.74265
20151117,193401.27666
20151116,119605.74245
20151113,139038.58068
20151112,181089.81042000002
20151111,156406.61338
20151110,141735.57585
20151109,102595.20375
20151106,122529.05002
20151105,111590.23288000001
20151104,231948.29073
20151103,147914.26985999997
20151102,87925.24848000001
20151030,105228.05563000002
20151029,126521.81255999999
20151028,218610.8679
20151027,242311.1931
20151026,164270.8327
20151023,242670.08266000001
20151022,180496.93428000002
20151021,146874.6399
20151020,108343.06889
20151019,112605.07388
20151016,117817.14867
20151015,150684.90892
20151014,192353.88929999998
20151013,115074.03743999999
20151012,101192.3278
20151009,155822.3316
20151008,205892.68203
20151007,285868.486
20151006,209858.59874
20151005,144322.1244
20151002,140048.91561
20151001,138625.8198
20150930,163910.64096000002
20150929,178996.22472
20150928,212984.2351
20150925,254449.83329
20150924,175647.82499999998
20150923,250191.11122999998
20150922,253432.76942
20150921,158978.25012
20150918,136733.0746
20150917,107272.66536
20150916,166741.94177
20150915,102178.7027
20150914,101609.82804000001
20150911,84015.01005
20150910,176561.1054
20150909,135495.65172
20150908,131279.34792
20150904,214189.0316
20150903,205780.39552
20150902,332725.9532
20150901,175803.90696
20150831,209659.69378
20150828,145906.45404999997
20150827,196963.16832
20150826,525368.30247
20150825,254400.64953999998
20150824,513913.71779
20150821,193945.57272
20150820,102505.68405000001
20150819,89376.293
20150818,98231.17096
20150817,106770.14997
20150814,103290.1044
20150813,102427.6437
20150812,150171.6775
20150811,116563.9965
20150810,77227.237
20150807,113219.34572999999
20150806,135992.06748
20150805,213012.49375
20150804,216153.48995999998
20150803,200763.48924
20150731,153249.33250000002
20150730,100965.34448
20150729,154748.51135
20150728,143210.1117
20150727,171950.78066000002
20150724,132466.94460000002
20150723,268792.83765
20150722,308746.6985
20150721,323947.5189
20150720,236431.1152
20150717,131542.35714
20150716,176360.35273999997
20150715,218466.19548000002
20150714,194142.78048000002
20150713,242177.03815
20150710,255910.66228
20150709,166549.10315999997
20150708,164364.0522
20150707,250250.83401
20150706,193321.43292000002
20150702,374351.5964
20150701,647419.5495600001
20150630,549165.17568
20150629,164055.60296
20150626,151013.19272
20150625,99951.53652
20150624,90370.61555999999
20150623,102688.5258
20150622,130532.64336000002
20150619,262450.41013
20150618,135354.80092
20150617,103704.4371
20150616,131527.45549999998
20150615,144144.48471000002
20150612,76368.25824
20150611,84210.07308
20150610,127033.56665999998
20150609,101575.86362
20150608,97799.41984
20150605,133271.15964
20150604,88799.0094
20150603,89016.10226999999
20150602,85827.66616
20150601,100812.43424
20150529,220777.86484000002
20150528,69037.686
20150527,82355.42322000001
20150526,116578.04955000001
20150522,64086.250400000004
20150521,148116.15903
20150520,101899.062
20150519,78302.568
20150518,116688.51348
20150515,119478.7075
20150514,101126.3895
20150513,96954.56644
20150512,115823.92320000002
20150511,99435.68604
20150508,92575.40788
20150507,113510.97548
20150506,127094.92095
20150505,133173.99735
20150504,135429.35627
20150501,103883.4927
20150430,132534.2344
20150429,178505.71573999999
20150428,122139.171
20150427,147971.58076
20150424,85616.59128
20150423,177715.0665
20150422,147364.3181
20150421,160466.26148999998
20150420,126318.95135999998
20150417,127496.20346
20150416,97049.00076
20150415,115676.17671999999
20150414,102457.02784
20150413,187656.04802000002
20150410,230754.69535999998
20150409,142289.10423
20150408,132630.56832
20150407,115929.3308
20150406,70982.71425
20150402,106801.71816
20150401,140338.05127999999
20150331,173992.21728
20150330,113583.30126
20150327,113774.5852
20150326,97986.952
20150325,130375.26736
20150324,149753.8464
20150323,162556.3806
20150320,214805.50752
20150319,95665.77261
20150318,184143.64
20150317,112763.91679999999
20150316,131460.27888
20150313,214752.52824
20150312,249561.6496
20150311,192971.7166
20150310,256043.2264
20150309,114043.70169999999
20150306,119232.07669999999
20150305,148258.9619
20150304,125574.69776000002
20150303,125825.02140000001
20150302,102240.31816
20150227,86372.6592
20150226,93547.587
20150225,102557.3748
20150224,169861.3193
20150223,139031.357
20150220,111639.77819999999
20150219,95198.431
20150218,124631.66582000001
20150217,156862.134
20150213,156000.4306
20150212,186673.23055
20150211,175671.11628
20150210,269942.38089
20150209,445666.88082
20150206,259103.01499999998
20150205,239087.55332
20150204,237009.96995000003
20150203,131598.27993
20150202,150304.833
20150130,144512.4774
20150129,191915.94971999998
20150128,192764.80665
20150127,309885.06731
20150126,445349.78798
20150123,182301.20292
20150122,296557.68348
20150121,606832.18
20150120,288949.68688000005
20150116,867211.2778500001
20150115,1111492.4814
20150114,212284.58075999998
20150113,166467.87432
20150112,120815.618
20150109,190074.03192
20150108,184119.27835
20150107,131293.93761
20150106,108180.13368
20150105,127393.6963
20150102,66781.34325
20141231,85480.98118
20141230,58891.10331
20141229,117585.55536
20141226,36721.0194
20141224,44268.422719999995
20141223,172219.88150000002
20141222,117846.35990000001
20141219,150715.81141999998
20141218,120607.20153999998
20141217,191131.85168000002
20141216,124656.28110000001
20141215,109593.83387999999
20141212,150193.86815999998
20141211,90777.91028
20141210,136627.92687999998
20141209,141799.1521
20141208,62852.03136999999
20141205,70704.81145000001
20141204,127621.09082999999
20141203,157943.7477
20141202,250336.28374000004
20141201,85886.18892
20141128,43079.901150000005
20141126,76697.12492
20141125,170681.67072000002
20141124,71987.76585
20141121,134440.01088
20141120,59915.01719
20141119,128848.27215
20141118,97492.17348
20141117,101094.85385999999
20141114,120690.89455
20141113,117262.71414
20141112,59256.34798
20141111,91851.29869
20141110,77200.52827
20141107,100671.2724
20141106,75009.69571
20141105,76748.40123999999
20141104,84441.01448
20141103,98763.37590000001
20141031,89630.95193
20141030,77683.12995
20141029,87209.08528
20141028,171600.24485
20141027,73216.05978
20141024,55601.36475
20141023,95299.48524
20141022,130463.1468
20141021,116939.94614999999
20141020,151035.4935
20141017,140996.99550999998
20141016,266482.35198
20141015,174494.45016
20141014,139356.59339
20141013,181013.22125
20141010,147191.52336
20141009,123549.06771999999
20141008,122068.38808000002
20141007,191356.85205000002
20141006,93342.84929
20141003,148884.27525
20141002,167631.28448
20141001,178833.90054
20140930,181787.90358999997
20140929,78140.46996
20140926,106410.90774
20140925,165445.37407999998
20140924,266400.47017000004
20140923,182794.58946
20140922,118891.74594000001
20140919,231059.91780000002
20140918,72957.41639999999
20140917,97278.10304
20140916,77365.07922
20140915,64436.0724
20140912,101284.80256000001
20140911,89467.52836
20140910,73039.28331000001
20140909,105097.85703999999
20140908,120129.52864
20140905,130445.74314
20140904,146487.50145
20140903,149075.26612
20140902,519447.18085
20140829,85527.41048
20140828,111285.03033000001
20140827,100626.84
20140826,92795.03718999999
20140825,69825.17023999999
20140822,57942.7416
20140821,176617.96365
20140820,44639.6038
20140819,79032.96634
20140818,51366.7
20140815,75726.72239000001
20140814,37454.361560000005
20140813,53136.5103
20140812,132674.5576
20140811,75003.59764
20140808,90596.4645
20140807,97309.37975000001
20140806,77633.41657999999
20140805,73635.38819999999
20140804,107058.99716999999
20140801,119797.5592
20140731,93676.89366
20140730,89403.90755999999
20140729,74401.69481
20140728,104059.40984000001
20140725,61283.69016
20140724,65271.23595
20140723,90844.90999999999
20140722,84557.15838000001
20140721,91917.79476
20140718,135939.54292
20140717,201437.53227
20140716,75936.76468000001
20140715,92935.06112
20140714,56806.86975
20140711,81942.93768
20140710,76889.12511
20140709,75681.31749999999
20140708,163207.0452
20140707,109355.27524
20140703,73440.50749
20140702,43718.13054
20140701,65302.81122
20140630,104277.79526999999
20140627,65936.27709999999
20140626,106287.65234
20140625,113676.80948
20140624,79414.27395
20140623,67518.03241
20140620,89543.97168
20140619,66614.76315
20140618,80173.04800000001
20140617,75093.39606
20140616,87897.22458000001
20140613,58035.264
20140612,76731.98653000001
20140611,91997.21437
20140610,190304.74254
20140609,105809.92687999998
20140606,95078.96883
20140605,104366.51660999999
20140604,229641.53519999998
20140603,149968.11279999997
20140602,163661.94328
20140530,368585.77014
20140529,48976.2644
20140528,185272.72845
20140527,212536.63432
20140523,204503.63432999997
20140522,372621.93672
20140521,127352.32409999998
20140520,135598.82312
20140519,168557.6556
20140516,240137.69892
20140515,411897.2061400001
20140514,210086.48776
20140513,115832.53242
20140512,232923.17012999998
20140509,237973.197
20140508,204923.66041999997
20140507,135321.8285
20140506,202538.82847
20140505,86426.2413
20140502,110274.26592
20140501,51508.089
20140430,178152.14466000002
20140429,192737.42215000003
20140428,208126.03240000003
20140425,121380.18014
20140424,215692.48822000003
20140423,159054.05089
20140422,186852.3112
20140421,128805.48292
20140417,82096.62469
20140416,86483.9537
20140415,188476.13673000003
20140414,223781.08329
20140411,151647.11989
20140410,223421.87173999997
20140409,143662.14159
20140408,144534.15936
20140407,87939.25344
20140404,129803.65937
20140403,110399.55756999999
20140402,98539.94916
20140401,127301.6385
20140331,196325.97348
20140328,73134.25717000001
20140327,88395.72991000001
20140326,95435.6482
20140325,156739.95126
20140324,89616.7461
20140321,145798.63738
20140320,91280.88268
20140319,102921.57471
20140318,117066.41912
20140317,50986.15105000001
20140314,75832.84642
20140313,130677.2316
20140312,129428.61228000002
20140311,105670.8504
20140310,136084.74370000002
20140307,161311.80302
20140306,173279.15813999998
20140305,140818.5177
20140304,132004.16358
20140303,146853.06757
20140228,280882.22400000005
20140227,178828.065
20140226,122698.52889
20140225,192123.232
20140224,144695.64384
20140221,180220.96980000002
20140220,249577.20875999998
20140219,279168.53888
20140218,162847.38976
20140214,172104.06642000002
20140213,187737.20635999998
20140212,236832.71730000002
20140211,186407.28574000002
20140210,195268.411
20140207,123814.72096
20140206,152128.06728000002
20140205,136099.6575
20140204,233126.3992
20140203,153559.4047
20140131,200733.26945999998
20140130,212609.62309999997
20140129,319392.86079
20140128,163193.31287999998
20140127,188896.87206
20140124,182303.62208
20140123,234742.69814
20140122,103053.21951000001
20140121,96868.21841999999
20140117,81674.7921
20140116,114876.20244000001
20140115,123930.54940000002
20140114,74071.76413999998
20140113,94478.42788999999
20140110,133487.8874
20140109,217871.67938000002
20140108,85931.28579
20140107,231141.03804
20140106,83666.61069999999
20140103,58297.345649999996
20140102,105908.23487999999
20131231,30332.196799999998
20131230,53343.59082
20131227,75604.14213
20131226,32667.3312
20131224,20508.482280000004
20131223,77278.49442
20131220,112759.26199999999
20131219,214461.37206
20131218,112047.82907
20131217,88157.45569999999
20131216,63750.89091000001
20131213,51908.263080000004
20131212,117604.44414999998
20131211,82756.42596
20131210,50623.96542
20131209,60028.12846
20131206,67805.8861
20131205,49235.79392
20131204,64866.106199999995
20131203,69701.97151999999
20131202,51127.28265
20131129,27945.184
20131127,48993.546780000004
20131126,62752.33984
20131125,57132.84093
20131122,90381.97334999999
20131121,90330.11988
20131120,119361.5379
20131119,125613.6447
20131118,121695.42424
20131115,130702.97584
20131114,88453.63444
20131113,68190.4262
20131112,70636.18912000001
20131111,51922.64688
20131108,145369.8225
20131107,214690.18196999998
20131106,104775.62739
20131105,204010.19100000002
20131104,180238.6208
20131101,95908.656
20131031,134471.2347
20131030,63695.49087
20131029,77591.24622
20131028,69389.12288
20131025,81413.15232
20131024,79299.3036
20131023,144058.27968
20131022,141203.91744000002
20131021,73622.61720000001
20131018,90544.86386
20131017,146618.45747999998
20131016,173318.86440000002
20131015,263885.08764
20131014,96830.80985
20131011,117023.932
20131010,138808.8676
20131009,176210.21951999998
20131008,139317.62
20131007,46988.63675
20131004,50911.59486
20131003,58129.92864
20131002,84752.52191999998
20131001,68375.08888
20130930,125639.62692
20130927,137128.86568
20130926,79540.47072000001
20130925,102893.973
20130924,55031.229190000005
20130923,73974.2904
20130920,89514.9992
20130919,105697.0014
20130918,127242.99900000001
20130917,72872.8608
20130916,136640.5095
20130913,55170.4002
20130912,67043.50406
20130911,46333.918939999996
20130910,53320.962219999994
20130909,75042.85584
20130906,159134.24176
20130905,70053.93025
20130904,67244.5008
20130903,105815.93714999998
20130830,129001.56442
20130829,116749.25542
20130828,92914.9845
20130827,78959.27508
20130826,148963.2562
20130823,81432.78408
20130822,81857.86389999998
20130821,185044.58775
20130820,164989.19292
20130819,111834.57780000001
20130816,70716.34980000001
20130815,74778.78412000001
20130814,63972.46710000001
20130813,72133.2304
20130812,67041.54503
20130809,71389.64332
20130808,70383.94884
20130807,81278.91978
20130806,100002.50464
20130805,56888.1024
20130802,76563.01646
20130801,161580.12816
20130731,159561.47361
20130730,73869.8548
20130729,110438.09284
20130726,93841.81019999999
20130725,129920.75107000001
20130724,96371.50632999999
20130723,83095.8092
20130722,129341.072
20130719,65447.39963999999
20130718,132371.78720000002
20130717,119648.40784
20130716,75538.84173
20130715,65687.18247
20130712,78854.18265000002
20130711,82470.13104000001
20130710,71839.5936
20130709,61214.705850000006
20130708,54880.77496
20130705,62034.66464
20130703,48876.64288
20130702,102516.7077
20130701,63787.464810000005
20130628,198045.55793999997
20130627,79661.35744
20130626,238336.2868
20130625,212521.67877
20130624,267915.9571
20130621,164867.29679999998
20130620,97364.86728
20130619,72176.5274
20130618,64273.50368
20130617,104250.99405000001
20130614,87488.63296
20130613,71067.25477
20130612,74736.12335000001
20130611,127792.296
20130610,92935.82708999999
20130607,108584.42128000001
20130606,77841.40755999999
20130605,80040.84236
20130604,80826.90637999999
20130603,120510.74014000001
20130531,178646.59176000004
20130530,87177.83422
20130529,220684.40208
20130528,133470.62235000002
20130524,75020.76296
20130523,148040.76877999998
20130522,91328.98502000001
20130521,112837.79869
20130520,62879.1516
20130517,80976.47145000001
20130516,87921.77134
20130515,92184.896
20130514,88489.8465
20130513,107461.58635000001
20130510,119261.61432000001
20130509,78040.32605999999
20130508,171186.87285
20130507,100257.39348
20130506,63148.7298
20130503,121126.87941
20130502,162119.538
20130501,108274.74915999999
20130430,108903.46832000001
20130429,71928.72438
20130426,62400.77562
20130425,132066.68645
20130424,137931.6144
20130423,107996.52834
20130422,97749.17942
20130419,79838.87671999999
20130418,112181.80895999998
20130417,213818.35210000002
20130416,75840.71925
20130415,104739.06976
20130412,69864.385
20130411,103848.85182000001
20130410,118906.72776000001
20130409,77810.05617000001
20130408,103181.29060000001
20130405,112610.07569999999
20130404,99407.62148
20130403,102807.89700000001
20130402,146172.40827999997
20130401,77087.52238000001
20130328,117580.19519999999
20130327,157764.60888
20130326,128265.50502
20130325,98941.99674999999
20130322,94535.52606
20130321,96604.57968
20130320,151957.67272
20130319,140191.4867
20130318,134862.3738
20130315,160125.6779
20130314,159636.48750000002
20130313,81036.9742
20130312,100860.98283000001
20130311,85272.60585999998
20130308,83801.41296000002
20130307,59180.137500000004
20130306,66959.56152
20130305,79058.18592
20130304,129668.6287
20130301,91140.12990000001
20130228,127941.98999999999
20130227,70731.84491999999
20130226,134115.3015
20130225,371382.8561
20130222,81125.65120000001
20130221,113373.08776
20130220,110589.23226
20130219,102909.32612
20130215,61226.845199999996
20130214,207316.14308000004
20130213,119713.28214000001
20130212,126717.4662
20130211,74863.44833
20130208,79565.19709999999
20130207,147288.10083
20130206,184494.89439999996
20130205,63105.7032
20130204,117991.89869999999
20130201,118053.576
20130131,110027.84482
20130130,95959.66966999999
20130129,119119.80339
20130128,98102.1691
20130125,103794.055
20130124,144059.19095999998
20130123,322241.98597
20130122,100258.45167
20130118,67284.80712
20130117,126234.00269999998
20130116,133556.75310000003
20130115,86356.43238
20130114,75070.85560000001
20130111,56794.876840000004
20130110,72020.54301
20130109,77652.75111
20130108,79822.68294
20130107,67004.13204
20130104,88793.56368
20130103,86619.3237
20130102,84057.47167999999
20121231,73236.7074
20121228,88993.3731
20121227,69513.66786
20121226,42138.26533
20121224,42869.9404
20121221,114479.99601
20121220,89090.12647999999
20121219,105754.3708
20121218,115093.65348
20121217,74155.6278
20121214,72820.47194999999
20121213,82958.61994
20121212,100036.06752
20121211,118362.7928
20121210,79159.0448
20121207,64571.37232
20121206,67059.01452000001
20121205,89690.7648
20121204,100966.88406
20121203,124418.1576
20121130,81966.87105
20121129,84772.8756
20121128,73994.61952
20121127,89954.10935
20121126,107315.43642999999
20121123,77975.2029
20121121,63147.60192
20121120,76974.94757
20121119,65200.56408
20121116,111042.543
20121115,139480.26675
20121114,104040.81399
20121113,79577.78255999999
20121112,74300.81999999999
20121109,88620.19649999999
20121108,76832.10639999999
20121107,138224.7713
20121106,112678.19192
20121105,57630.787500000006
20121102,74175.71526
20121101,126685.59211000001
20121031,124394.69666
20121026,92944.3554
20121025,178683.29565000001
20121024,147726.31762000002
20121023,138378.13374
20121022,73812.61541
20121019,73867.8017
20121018,101164.1022
20121017,70522.91428
20121016,113392.305
20121015,84302.62604999999
20121012,45569.46684
20121011,44220.349030000005
20121010,64288.0392
20121009,108021.36
20121008,160363.73870000002
20121005,100777.33380000001
20121004,107870.88437999999
20121003,54504.97208
20121002,78083.27639999999
20121001,114265.48158
20120928,99274.15788
20120927,68946.12843
20120926,74226.79759
20120925,123772.65145
20120924,99727.61478
20120921,142953.15047999998
20120920,71186.83073999999
20120919,70702.35591
20120918,125587.36544999998
20120917,136937.29280000002
20120914,120009.7224
20120913,80966.70582
20120912,102894.81648000001
20120911,105748.89912
20120910,101594.3121
20120907,127312.86015000001
20120906,122428.64196
20120905,102004.236
20120904,81052.05135000001
20120831,83237.38164
20120830,138878.94875
20120829,62373.69532
20120828,57072.1583
20120827,118267.88003
20120824,63652.45032
20120823,150118.59114
20120822,105293.07432
20120821,122084.95125
20120820,106635.3912
20120817,250196.36448000002
20120816,350096.03548
20120815,550705.9800000001
20120814,214441.6307
20120813,82281.6591
20120810,80131.42733
20120809,76637.9516
20120808,200864.5815
20120807,136867.53894
20120806,148332.86273999998
20120803,175763.71349
20120802,184067.37896
20120801,587215.2928
20120731,213154.10262
20120730,104429.61492
20120727,162607.13178
20120726,98213.53283999999
20120725,163992.77568
20120724,213009.33411
20120723,136275.54426
20120720,112071.78048
20120719,142322.43503999998
20120718,64503.79456
20120717,75913.94303999998
20120716,45672.88383
20120713,47718.76395
20120712,43160.9492
20120711,47610.598430000005
20120710,67549.54857
20120709,72974.20941
20120706,46408.61866
20120705,72787.37778000001
20120703,101371.97497
20120702,79037.58224999999
20120629,75456.3914
20120628,60806.874800000005
20120627,61636.91436
20120626,57699.38916
20120625,59707.7576
20120622,70099.98016
20120621,62264.86269
20120620,114542.82896
20120619,114221.37177
20120618,76232.73856
20120615,96675.8012
20120614,98679.07189
20120613,121479.989
20120612,81432.13176
20120611,91738.93464
20120608,87509.30859
20120607,97516.27992
20120606,86866.58763
20120605,80008.6716
20120604,93300.43492
20120601,93296.53967
20120531,85320.45896
20120530,118278.056
20120529,65988.702
20120525,46134.660480000006
20120524,74812.33984
20120523,90243.5943
20120522,78968.78288999999
20120521,73098.65073
20120518,97712.57892
20120517,74659.67880000001
20120516,99444.72880000001
20120515,85516.00722
20120514,112573.01835
20120511,65639.81742
20120510,112654.45708000001
20120509,123197.68461000001
20120508,139574.35358999998
20120507,86230.00445
20120504,132131.676
20120503,124692.59718000001
20120502,165291.59328
20120501,82827.40466
20120430,65592.44055
20120427,81626.0214
20120426,88626.57935999999
20120425,125216.57135000001
20120424,145059.48828000002
20120423,110771.62397999999
20120420,135998.08822
20120419,185457.73236
20120418,143495.22895000002
20120417,182491.38869
20120416,294220.3608
20120413,189863.68253999998
20120412,158463.25
20120411,246424.79379
20120410,190417.01175
20120409,64035.47808
20120405,79888.77324000001
20120404,193287.0114
20120403,123052.54263999999
20120402,116912.017
20120330,135610.15695
20120329,106569.46508
20120328,97094.73731000001
20120327,122607.64826
20120326,101705.2916
20120323,118146.59838
20120322,135477.80675
20120321,154293.56468
20120320,388844.97874
20120319,190490.1713
20120316,129341.49283
20120315,133723.33113
20120314,120909.43548
20120313,94544.7648
20120312,82984.8286
20120309,86594.8642
20120308,106109.68575
20120307,125602.80712
20120306,172269.18591
20120305,116117.10222000002
20120302,120651.61724
20120301,91851.56916
20120229,155160.75264
20120228,162889.68096
20120227,159930.26909999998
20120224,251620.45497000002
20120223,166965.09632
20120222,172539.19003
20120221,333870.18815999996
20120217,379155.2636
20120216,373176.51660000003
20120215,232555.35762999998
20120214,158154.9245
20120213,107426.16962
20120210,115548.66269999999
20120209,113629.49325
20120208,125511.47735000002
20120207,150293.7722
20120206,214996.09842
20120203,143195.16232
20120202,157949.22066
20120201,215845.82058000003
20120131,138276.29304
20120130,119141.42189999999
20120127,142278.23247999998
20120126,244978.24879999997
20120125,334134.50865
20120124,225223.25574
20120123,363560.56237999996
20120120,409223.27292
20120119,162507.90497
20120118,217711.15728
20120117,102557.86212
20120113,136455.831
20120112,132933.42344999997
20120111,169384.7001
20120110,144414.04635000002
20120109,125065.06799999998
20120106,61522.743480000005
20120105,127653.7106
20120104,157827.56229
20120103,112988.64354
20111230,72247.44410000001
20111229,98759.84104000001
20111228,75874.75133
20111227,52397.32803999999
20111223,60565.66908
20111222,95721.7239
20111221,111987.47934
20111220,230515.5375
20111219,141232.8843
20111216,119719.61460000002
20111215,184004.3285
20111214,147748.05612
20111213,94749.85569000001
20111212,118295.80245
20111209,77273.5073
20111208,156006.93942
20111207,123102.21861000001
20111206,140488.56746999998
20111205,120123.46128000002
20111202,154486.15252
20111201,113277.95184
20111130,228506.87111999997
20111129,107488.0212
20111128,101504.70787999999
20111125,104236.25954999999
20111123,80313.3015
20111122,105562.04208
20111121,93610.99776
20111118,84072.94776000001
20111117,97283.6592
20111116,98841.5913
20111115,79488.97991999998
20111114,95282.41178
20111111,100191.98174999999
20111110,172640.87184
20111109,145347.97328
20111108,107838.61875000001
20111107,143971.20309
20111104,93467.2002
20111103,112765.01482
20111102,114699.67624
20111101,152878.16672
20111031,186894.41081
20111028,123918.43757000001
20111027,193767.21000000002
20111026,186045.88938
20111025,318760.34319
20111024,109900.91987999999
20111021,120721.74903000002
20111020,146747.9598
20111019,114300.64061
20111018,104778.22159999999
20111017,85800.8312
20111014,62100.479040000006
20111013,104640.9574
20111012,117205.56225
20111011,111483.34722
20111010,102848.53921999999
20111007,125757.24432
20111006,136220.24435999998
20111005,156850.4701
20111004,168421.67502
20111003,156672.35715
20110930,114985.97253000001
20110929,150661.26868
20110928,148669.4607
20110927,104668.66871999999
20110926,158507.80886
20110923,153075.21183
20110922,179226.93305999998
20110921,197275.43721
20110920,203561.98278000002
20110919,122326.05115
20110916,234543.13069999998
20110915,116964.06130000002
20110914,142066.568
20110913,145128.29568
20110912,170781.96222000002
20110909,164001.96752
20110908,162892.54514
20110907,149120.12832
20110906,279438.87208
20110902,89988.8478
20110901,142127.19197
20110831,137077.24184
20110830,80917.55555
20110829,151532.62954
20110826,230718.90134
20110825,161443.27512
20110824,105553.80112
20110823,217316.3013
20110822,172421.9472
20110819,134970.00944
20110818,168391.71469999998
20110817,145631.6764
20110816,136067.29145000002
20110815,100989.94155999999
20110812,238629.64070000002
20110811,355630.60151999997
20110810,298873.04076
20110809,418334.63155000005
20110808,263256.86816
20110805,351007.92220000003
20110804,223827.3394
20110803,279120.93840000004
20110802,294279.51503999997
20110801,131077.66056000002
20110729,152014.6188
20110728,150184.7684
20110727,108903.09382
20110726,97222.61916
20110725,120899.76783
20110722,118788.0573
20110721,133578.36624
20110720,130602.90550000001
20110719,177629.32635000002
20110718,131427.09358
20110715,98606.40356
20110714,112122.6465
20110713,133225.5267
20110712,159134.70325
20110711,115281.02241
20110708,116466.3654
20110707,111850.8312
20110706,157928.74537999998
20110705,161600.60975
20110701,105095.14175
20110630,128828.12985000001
20110629,86669.4621
20110628,112625.22574
20110627,89885.60607
20110624,140248.10322
20110623,226121.21514000001
20110622,101076.62256999999
20110621,189392.2922
20110620,115769.67444
20110617,169679.15256000002
20110616,205926.917
20110615,188696.4014
20110614,155083.14354000002
20110613,144058.69737
20110610,302266.92405000003
20110609,312775.03615999996
20110608,155025.5298
20110607,155319.59616000002
20110606,181114.17972
20110603,195223.69580000002
20110602,198700.00710999998
20110601,311065.26732
20110531,406742.27404
20110527,215235.57276
20110526,203032.48160000003
20110525,167186.50662
20110524,144619.87728
20110523,131822.35248
20110520,108775.59042
20110519,155848.61144
20110518,147492.69136
20110517,153085.7056
20110516,144040.77048
20110513,144553.89513
20110512,227236.396
20110511,197775.32111999998
20110510,156862.20892
20110509,156486.9601
20110506,203559.70177
20110505,198097.92988
20110504,394951.34145
20110503,268649.3817
20110502,200367.66176
20110429,273600.83743
20110428,251901.14076
20110427,190230.86415
20110426,271266.44185
20110425,218764.49237000002
20110421,740380.7994
20110420,601045.1072
20110419,655103.204
20110418,388951.06327
20110415,404938.92715999996
20110414,371319.74046
20110413,414174.0355
20110412,554104.7298
20110411,479409.75626999995
20110408,1741176.353
20110407,866830.688
20110406,714879.3912
20110405,584163.0256
20110404,635063.2863
20110401,557797.1088
20110331,353115.1023
20110330,366134.36216
20110329,267523.44068
20110328,275907.52868
20110325,377772.91044999997
20110324,341709.36885
20110323,211900.86700000003
20110322,240823.05546
20110321,175869.35793
20110318,219815.39671
20110317,161311.74542999998
20110316,271931.36675
20110315,218946.71133
20110314,167305.915
20110311,146963.42601
20110310,189699.27912
20110309,354576.47247
20110308,177392.75063999998
20110307,139370.92269
20110304,133304.59907999999
20110303,171432.59182
20110302,159100.36395
20110301,195729.25084999998
20110228,184177.61835
20110225,137435.5905
20110224,232393.80045
20110223,203990.98314
20110222,164619.12011999998
20110218,135565.14301
20110217,244481.35965000003
20110216,279930.94440000004
20110215,104809.5594
20110214,232249.79712000003
20110211,135469.11484
20110210,208092.33849999998
20110209,112532.23860000001
20110208,163703.38476000002
20110207,130291.02854999999
20110204,109473.47502
20110203,178650.13747000002
20110202,188868.3702
20110201,242273.61655000004
20110131,155738.07102
20110128,166322.0172
20110127,269276.38752
20110126,131565.40092
20110125,196585.603
20110124,196161.25
20110121,214981.13182
20110120,236773.96874999997
20110119,144458.15215
20110118,162256.83257
20110114,157031.7294
20110113,202427.12955
20110112,161828.87274
20110111,133690.878
20110110,141432.568
20110107,268574.68435
20110106,146707.82408000002
20110105,263223.74517999997
20110104,260015.19599999997
20110103,145518.49852
20101231,49623.9921
20101230,108084.34882
20101229,124908.53374999999
20101228,125789.3284
20101227,65770.32509
20101223,158749.47446
20101222,153791.52799
20101221,213331.088
20101220,189477.35973
20101217,287761.03356
20101216,1016227.3176
20101215,2086742.9348
20101214,159751.51536
20101213,172721.38624
20101210,135784.85635
20101209,139604.85619999998
20101208,112863.18192
20101207,216097.09086
20101206,99997.3085
20101203,136847.78925
20101202,174597.78136
20101201,265310.42048
20101130,403419.56318999996
20101129,340671.82226
20101126,102151.04003999999
20101124,154003.62491999997
20101123,287856.20688
20101122,199196.85659
20101119,151805.62176
20101118,200975.94827999998
20101117,185904.80352
20101116,260726.52552
20101115,302076.96645
20101112,303815.98832
20101111,292203.36915999994
20101110,458041.5048
20101109,304809.84444
20101108,181730.07684
20101105,352475.9381
20101104,444866.2841
20101103,229575.14736
20101102,130092.84912000001
20101101,178859.07272
20101029,179356.23515
20101028,208431.60132000002
20101027,155156.73781999998
20101026,187367.57028
20101025,190144.3281
20101022,263934.02092
20101021,372802.37646
20101020,203561.4
20101019,190426.54476000002
20101018,375377.23674
20101015,323643.84260000003
20101014,416375.40868
20101013,383854.44145000004
20101012,282589.96833
20101011,237595.10005
20101008,263706.83093999996
20101007,178814.35624000002
20101006,258776.96976000004
20101005,282566.19800000003
20101004,223860.777
20101001,396455.69168000005
20100930,264995.55311000004
20100929,114961.00459999999
20100928,294409.18204000004
20100927,123970.32336
20100924,178265.47956
20100923,119702.97855999999
20100922,191444.49185
20100921,119240.35824
20100920,130639.88545999999
20100917,144142.8039
20100916,191110.38124000002
20100915,140389.5328
20100914,321537.11268
20100913,112894.2907
20100910,171363.9543
20100909,118942.03125
20100908,130634.05299999999
20100907,155718.06952000002
20100903,109833.63299999999
20100902,133233.785
20100901,246233.2613
20100831,183907.90075000003
20100830,110373.97780000001
20100827,182152.31997
20100826,141947.18299000003
20100825,173416.80576
20100824,191000.52072
20100823,141759.8538
20100820,109822.797
20100819,183740.199
20100818,227962.89216000002
20100817,69881.58914
20100816,99274.93237000001
20100813,60135.6504
20100812,109765.8435
20100811,143800.69199999998
20100810,167195.96982
20100809,67232.79759999999
20100806,96921.61567
20100805,91090.87217999999
20100804,136064.187
20100803,150229.99799
20100802,145457.80956000002
20100730,168109.03652
20100729,172898.02358
20100728,117589.12004
20100727,223818.32192000002
20100726,149183.6496
20100723,273427.44219000003
20100722,147953.64864
20100721,235079.43984999997
20100720,131512.3518
20100719,156362.4315
20100716,229749.70563999997
20100715,365143.48236
20100714,200295.88775
20100713,112621.54456
20100712,76982.20736
20100709,89896.23615
20100708,129802.21408
20100707,129655.3468
20100706,145686.43072
20100702,114945.9399
20100701,195569.38752000002
20100630,141725.16928
20100629,133035.73605
20100628,108452.2752
20100625,139318.19715
20100624,132492.13640000002
20100623,100966.57055
20100622,132977.68176
20100621,111316.51653
20100618,92326.26000000001
20100617,93204.41900000001
20100616,128309.09616
20100615,141436.37658
20100614,220741.62608
20100611,224815.7605
20100610,233195.25514999998
20100609,212392.35366
20100608,137429.45415
20100607,152200.13632999998
20100604,125756.26273
20100603,180194.34026
20100602,110777.95436
20100601,132766.62238
20100528,137895.60666
20100527,179687.5486
20100526,177376.37742
20100525,274512.4854
20100524,223711.27614
20100521,199578.70944
20100520,246123.56028000003
20100519,212929.34614
20100518,158840.98098000002
20100517,141024.46176
20100514,174897.56136
20100513,85782.53709999999
20100512,114416.85756000002
20100511,125217.26646
20100510,204267.41181
20100507,409773.25584
20100506,220181.08601000003
20100505,254966.48922000002
20100504,176248.41328
20100503,151855.66802
20100430,200217.85785
20100429,215688.13625
20100428,194525.07282
20100427,237570.12984
20100426,108402.76134000001
20100423,140299.11323999998
20100422,220928.91150000002
20100421,99041.3316
20100420,113144.11787
20100419,128604.19464
20100416,141144.4672
20100415,152192.87084
20100414,179744.81279999999
20100413,136046.08725
20100412,94467.01851999998
20100409,236548.64718
20100408,244634.51179999998
20100407,300174.31675
20100406,215988.42869999996
20100405,59056.65132
20100401,103192.37915000001
20100331,78612.1149
20100330,128715.5778
20100329,88854.36691
20100326,126004.99485
20100325,118250.24148000001
20100324,94524.68585999998
20100323,107850.56409
20100322,85903.66944
20100319,72177.71142
20100318,89614.61184
20100317,117153.57438
20100316,74167.53812
20100315,139944.0009
20100312,168855.3445
20100311,104296.83362
20100310,105198.14613000001
20100309,159384.22431999998
20100308,186098.52744
20100305,180413.0484
20100304,247408.28837999998
20100303,247898.5539
20100302,405674.83573999995
20100301,131597.55696000002
20100226,99248.39496
20100225,96591.758
20100224,93050.79616
20100223,217662.03564000002
20100222,187764.1571
20100219,235207.17197999996
20100218,202987.90323000003
20100217,128458.22909000001
20100216,96353.642
20100212,104720.26685
20100211,60967.47332
20100210,94659.43368
20100209,134362.566
20100208,82777.99459999999
20100205,219037.40095999997
20100204,180297.65838
20100203,117046.27879999999
20100202,111879.03456
20100201,132037.98204
20100129,98742.88331
20100128,200620.39014
20100127,116569.9679
20100126,219126.97603999998
20100125,109443.90006
20100122,205809.61874
20100121,208803.0336
20100120,210243.78564000002
20100119,236651.17440000002
20100115,129198.37256
20100114,183766.96945
20100113,147737.36692
20100112,150601.21524000002
20100111,143909.81059
20100108,270798.48759000003
20100107,129722.36325999998
20100106,204180.88917999997
20100105,322717.76928
20100104,585490.9029
20091231,31105.819689999997
20091230,55511.234800000006
20091229,40047.30845999999
20091228,30724.44075
20091224,14095.196160000001
20091223,49812.9996
20091222,33663.462960000004
20091221,63480.7182
20091218,60046.73649
20091217,68106.7464
20091216,57446.059100000006
20091215,52239.45216
20091214,33183.5673
20091211,72515.03896
20091210,75930.64104
20091209,100523.11051999999
20091208,109181.13975999999
20091207,92311.041
20091204,81251.7629
20091203,138134.48448
20091202,213745.94241
20091201,114237.19007999999
20091130,82364.89480000001
20091127,46490.23626
20091125,98201.44595000001
20091124,117911.32359999999
20091123,92194.78425
20091120,72954.34376999999
20091119,85947.92386
20091118,96490.42946999999
20091117,41514.876500000006
20091116,66177.60016
20091113,29124.88876
20091112,49649.7408
20091111,30256.641139999996
20091110,34315.7988
20091109,63616.76634
20091106,62064.02399999999
20091105,65809.128
20091104,64163.04864000001
20091103,58228.84509
20091102,58175.993619999994
20091030,72347.8558
20091029,69188.79106
20091028,82972.15836
20091027,87628.58041
20091026,83947.071
20091023,108613.13837999999
20091022,94903.51500000001
20091021,162684.3139
20091020,108350.35103999998
20091019,79568.75058
20091016,114519.82594
20091015,86279.44992
20091014,48909.867000000006
20091013,30260.5152
20091012,70079.69473999999
20091009,74880.7626
20091008,43086.8016
20091007,85006.25364000001
20091006,72222.74217000001
20091005,46973.69457
20091002,57978.89235
20091001,125957.55150000002
20090930,136358.70952
20090929,57337.48862999999
20090928,39772.490939999996
20090925,52879.41903999999
20090924,62571.12968
20090923,82457.52102
20090922,76908.96486
20090921,71546.22771
20090918,80446.00464
20090917,59570.7656
20090916,76209.31980000001
20090915,73108.8094
20090914,63700.821899999995
20090911,57002.61840000001
20090910,47745.5132
20090909,44485.22968999999
20090908,41938.58032
20090904,45208.29528
20090903,40822.47185
20090902,31846.00612
20090901,51776.15412000001
20090831,42358.752629999995
20090828,35325.017909999995
20090827,46984.90093
20090826,36024.6403
20090825,47912.65395000001
20090824,60109.611899999996
20090821,96108.40613
20090820,70889.60865
20090819,104813.10081
20090818,33349.76211
20090817,65649.31044
20090814,26815.455
20090813,27043.749879999996
20090812,29388.102799999997
20090811,36757.53732
20090810,63064.7832
20090807,80369.26324
20090806,39414.3246
20090805,84348.77966
20090804,40423.83034
20090803,36942.79816
20090731,75014.28898
20090730,56557.4502
20090729,54532.30803000001
20090728,30102.49968
20090727,31993.000319999996
20090724,27839.328659999996
20090723,48080.51864
20090722,47617.1241
20090721,43280.75853
20090720,78151.8751
20090717,53528.3964
20090716,96722.808
20090715,46096.7598
20090714,42116.83424999999
20090713,30355.40367
20090710,33340.17682
20090709,38435.70465
20090708,50248.219900000004
20090707,41895.04857
20090706,24768.583290000002
20090702,26369.2712
20090701,58128.0154
20090630,54861.69341
20090629,24094.49548
20090626,50943.15798
20090625,96921.55116
20090624,40430.3292
20090623,78089.81646
20090622,38455.498
20090619,41765.40378
20090618,64805.39460000001
20090617,74830.064
20090616,32832.03924
20090615,47285.482229999994
20090612,110719.51595
20090611,48754.56638999999
20090610,66808.40454999999
20090609,34959.80208
20090608,53481.65284
20090605,48872.977569999995
20090604,46729.32264
20090603,40987.1137
20090602,76077.3418
20090601,43756.11222
20090529,57348.019680000005
20090528,39031.009079999996
20090527,35178.92174
20090526,32698.674120000003
20090522,32078.308559999998
20090521,54947.56925
20090520,47275.3155
20090519,47207.74305
20090518,59129.801139999996
20090515,71330.45748999999
20090514,84945.7602
20090513,98812.5336
20090512,127496.78529999999
20090511,57175.3027
20090508,227492.90592
20090507,63265.64804
20090506,106134.79160000001
20090505,56105.37169
20090504,60199.344659999995
20090501,52913.17044000001
20090430,107237.53339999999
20090429,125677.3882
20090428,84509.69544
20090427,105029.73417999998
20090424,85616.1108
20090423,77000.54832
20090422,71625.54476
20090421,113690.84739999998
20090420,44505.06784999999
20090417,55231.022000000004
20090416,46978.231
20090415,53509.91008
20090414,79882.07878000001
20090413,45138.86858999999
20090409,73534.611
20090408,44490.87615
20090407,49756.50407
20090406,53294.80391
20090403,73024.13041
20090402,106954.53713
20090401,53454.405340000005
20090331,56255.89592999999
20090330,45631.943999999996
20090327,69773.00076000001
20090326,80474.46032
20090325,56741.19264
20090324,61612.64635
20090323,61230.93528
20090320,39699.62794
20090319,103731.13144
20090318,92468.3868
20090317,90774.99626000001
20090316,65114.287919999995
20090313,72951.98534999999
20090312,89217.76437
20090311,83957.81526
20090310,108588.58380000001
20090309,136554.02997
20090306,123267.66408
20090305,125137.57383
20090304,83968.14012
20090303,86249.40060000001
20090302,91694.90336000001
20090227,176243.18625
20090226,116562.32569000001
20090225,126087.97524
20090224,108236.06115
20090223,81957.42852
20090220,82466.5911
20090219,72147.2278
20090218,86154.40289999999
20090217,139378.09158
20090213,218162.20253999997
20090212,67433.34572
20090211,69774.57123
20090210,70764.04060000001
20090209,47492.57919999999
20090206,68129.4136
20090205,91603.62774000001
20090204,76541.03968
20090203,163978.34244
20090202,85021.98478999999
20090130,136780.69592
20090129,198214.64914
20090128,314849.7588
20090127,106317.81625
20090126,102551.09557
20090123,107926.11639000001
20090122,71440.4367
20090121,74420.36064000001
20090120,67193.8784
20090116,60660.48186
20090115,71086.37074
20090114,52783.38246000001
20090113,69943.3384
20090112,62903.52795999999
20090109,54107.51919999999
20090108,45073.17054
20090107,93767.7592
20090106,109862.0672
20090105,50460.42049999999
20090102,56745.84069999999
20081231,77884.1032
20081230,47488.04571
20081229,75422.28592
20081226,36183.73959999999
20081224,28011.17784
20081223,69197.0121
20081222,74337.20163
20081219,115937.89997999999
20081218,116338.9525
20081217,106720.85376000001
20081216,174638.41092000002
20081215,174212.52387
20081212,96777.99586000001
20081211,106899.98912999999
20081210,156850.93722
20081209,109048.43295
20081208,66582.45330000001
20081205,58478.479830000004
20081204,72750.04968
20081203,86226.999
20081202,62254.604159999995
20081201,77566.8873
20081128,45705.945
20081126,81367.52676
20081125,110235.2958
20081124,101000.31632000001
20081121,149972.75111
20081120,228556.237
20081119,149837.92832
20081118,70449.04334999999
20081117,68208.91048
20081114,61985.544279999995
20081113,105633.78319999999
20081112,52830.600000000006
20081111,33559.6726
20081110,52375.05900000001
20081107,61940.49714
20081106,90025.88937
20081105,99026.69504000002
20081104,77874.2545
20081103,55404.24057
20081031,134762.69476
20081030,133775.61732
20081029,76355.604
20081028,85902.39502
20081027,88728.16480000001
20081024,117760.96773
20081023,180373.92646000002
20081022,90813.47540000001
20081021,112919.94682999999
20081020,105598.95219999999
20081017,301704.22278
20081016,169236.55125
20081015,128601.0414
20081014,84690.7413
20081013,112936.21638
20081010,241649.8955
20081009,217029.5288
20081008,135656.09639999998
20081007,235596.39516
20081006,226755.82994999998
20081003,115616.32753
20081002,168925.93542
20081001,70193.277
20080930,75728.86132000001
20080929,102530.05460999999
20080926,38551.936610000004
20080925,59473.706640000004
20080924,102855.997
20080923,75594.20877
20080922,75933.44886
20080919,116230.22528
20080918,137327.66124000002
20080917,95808.137
20080916,110932.38217
20080915,96269.85983999999
20080912,76352.52736000001
20080911,104010.23531
20080910,99734.20538
20080909,95867.72940000001
20080908,145567.42057
20080905,52075.07252
20080904,78543.63006000001
20080903,51682.426349999994
20080902,54364.56704
20080829,46455.17136
20080828,63196.610160000004
20080827,79192.5875
20080826,119984.71983999999
20080825,43506.78569999999
20080822,53941.0314
20080821,76244.25749999999
20080820,62915.203960000006
20080819,59711.189040000005
20080818,25942.73899
20080815,45465.34058
20080814,54429.54294
20080813,67923.61381000001
20080812,69953.69484
20080811,38718.908800000005
20080808,107910.26610000001
20080807,94099.61134999999
20080806,205568.64468000003
20080805,88509.75038000001
20080804,163598.11906
20080801,55596.3592
20080731,85414.56145
20080730,82712.07486
20080729,107273.29536
20080728,72336.49794000002
20080725,99028.45357999999
20080724,209237.3955
20080723,94325.11088
20080722,144620.16576
20080721,105662.7788
20080718,60890.37591999999
20080717,145426.05462
20080716,151949.00457
20080715,110109.18870000001
20080714,67878.8269
20080711,127474.19268000001
20080710,187052.5961
20080709,145717.4403
20080708,110532.32295
20080707,72511.03215000001
20080703,67057.0264
20080702,178750.51691
20080701,91607.5846
20080630,113414.10304
20080627,59266.87242
20080626,111741.49979999999
20080625,255206.12915
20080624,189367.79043999998
20080623,44749.166000000005
20080620,110165.26448
20080619,78801.352
20080618,78795.06716
20080617,61538.5551
20080616,66754.28799
20080613,76071.683
20080612,63795.71575
20080611,76818.80868
20080610,74714.70407
20080609,126145.58726
20080606,112310.6492
20080605,459495.66293999995
20080604,169314.0416
20080603,102803.83811999999
20080602,129522.74344
20080530,47879.67645
20080529,50675.2224
20080528,54674.34908
20080527,58048.88488
20080523,57321.558809999995
20080522,68133.54239999999
20080521,90732.7943
20080520,92414.40066
20080519,159919.26665
20080516,105026.68032
20080515,145583.18263
20080514,125351.46863999999
20080513,115152.4584
20080512,79229.07990000001
20080509,120277.36958999999
20080508,115000.78080000001
20080507,92848.13148
20080506,62137.3221
20080505,50117.54499
20080502,107020.21992999999
20080501,46055.44312
20080430,55873.446860000004
20080429,78506.43072
20080428,60772.57728
20080425,87008.21800000001
20080424,93284.9475
20080423,93711.89919
20080422,86972.58224999999
20080421,174087.63648
20080418,117144.85518000001
20080417,121682.95164
20080416,135711.2718
20080415,108007.44760000001
20080414,116813.57480000002
20080411,132562.30827999997
20080410,251951.791
20080409,127975.49655000001
20080408,117606.61661999999
20080407,229930.69999999998
20080404,40486.34692
20080403,62449.35839999999
20080402,101545.0998
20080401,103164.15508000001
20080331,181180.01799999998
20080328,115140.85856000001
20080327,84759.97728
20080326,79070.91045
20080325,84731.44797
20080324,51055.158
20080320,101288.69145
20080319,94039.2205
20080318,90462.47292
20080317,93750.96301
20080314,188093.14944999997
20080313,66455.2335
20080312,54148.3572
20080311,54694.416150000005
20080310,74281.80032000001
20080307,72779.19924
20080306,58471.63649999999
20080305,88339.59636
20080304,81387.59078
20080303,63472.370520000004
20080229,90084.33175
20080228,110051.84988
20080227,168529.96992
20080226,89723.6592
20080225,74421.33600000001
20080222,67271.02767
20080221,92895.65744000001
20080220,160463.28885
20080219,80362.31004
20080215,49668.579289999994
20080214,84080.59264000002
20080213,65599.5372
20080212,80750.64586
20080211,59186.07839999999
20080208,71286.3745
20080207,111108.75231999999
20080206,74705.83469999999
20080205,114520.64004000001
20080204,148118.06954
20080201,87068.00016
20080131,78311.17098000001
20080130,106377.66540000001
20080129,93226.10586000001
20080128,97983.7764
20080125,118087.66304
20080124,137015.43923000002
20080123,176445.03996
20080122,189941.7261
20080118,199135.8824
20080117,361262.7176
20080116,133836.04080000002
20080115,111105.96469000001
20080114,145765.43202
20080111,120655.10016
20080110,206615.77284999998
20080109,201341.80352
20080108,200528.1333
20080107,104777.54628000001
20080104,115171.27974
20080103,54438.06214
20080102,73774.87467
20071231,45875.928550000004
20071228,57692.34531999999
20071227,54962.623999999996
20071226,44785.8255
20071224,22806.699999999997
20071221,95073.9755
20071220,126972.90907000001
20071219,142204.48515
20071218,70077.852
20071217,73349.61432000001
20071214,163484.73437999998
20071213,144685.2375
20071212,130427.73419999999
20071211,151797.52224000002
20071210,72686.2785
20071207,74632.49597999999
20071206,65685.7285
20071205,79459.1458
20071204,57583.55056
20071203,70430.1801
20071130,102194.71632
20071129,195359.04652
20071128,113494.68152999999
20071127,224142.12644999998
20071126,201378.54726
20071123,177656.16869999998
20071121,112181.20808000001
20071120,60684.73599999999
20071119,55458.500499999995
20071116,43505.2856
20071115,66921.98858
20071114,91341.6018
20071113,140268.9497
20071112,118273.7532
20071109,86768.1736
20071108,93514.84762000002
20071107,88486.65295999999
20071106,95004.00407
20071105,74232.25705
20071102,164322.074
20071101,93352.559
20071031,73420.16669
20071030,165430.335
20071029,73074.78000000001
20071026,66765.27
20071025,143510.192
20071024,151443.87443999999
20071023,173347.12
20071022,104302.544
20071019,122194.81083
20071018,85093.472
20071017,149847.948
20071016,209916.79820000002
20071015,50654.194
20071012,62284.381680000006
20071011,67935.621
20071010,85354.46399999999
20071009,59940.882000000005
20071008,47444.208
20071005,60294.72
20071004,41005.015999999996
20071003,47313.56064999999
20071002,120842.05404
20071001,146157.96393
20070928,93699.6552
20070927,114369.64
20070926,68095.404
20070925,37705.087999999996
20070924,45859.608
20070921,69183.56
20070920,50739.655999999995
20070919,61942.530000000006
20070918,178494.08500000002
20070917,69247.33499999999
20070914,50348.727
20070913,59847.225
20070912,67663.23
20070911,75770.24799999999
20070910,56556.901999999995
20070907,64384.38
20070906,45607.816
20070905,52071.055
20070904,47298.292
20070831,56577.689999999995
20070830,87735.954
20070829,75986.375
20070828,81103.14000000001
20070827,83395.6882
20070824,118918.15200000002
20070823,87517.656
20070822,134321.136
20070821,98032.606
20070820,140024.775
20070817,81833.64
20070816,105887.81075
20070815,100615.062
20070814,93521.19807
20070813,79039.891
20070810,91992.618
20070809,107195.302
20070808,115847.04182
20070807,106214.07843
20070806,101629.46934
20070803,68916.35553
20070802,71050.94009999999
20070801,98123.562
20070731,103164.269
20070730,130085.713
20070727,126275.91
20070726,215068.24816
20070725,135531.2253
20070724,210053.89405
20070723,172835.22099
20070720,144475.7769
20070719,359056.98400000005
20070718,423109.8492
20070717,344526.624
20070716,96459.711
20070713,105130.93145999999
20070712,83205.91040000001
20070711,158738.65
20070710,91145.28499999999
20070709,73455.10344
20070706,82652.45197
20070705,177435.17585
20070703,58954.766
20070702,58384.81642
20070629,69548.55515999999
20070628,103765.35762
20070627,100035.98799999998
20070626,210253.27024
20070625,258448.97962
20070622,188597.2054
20070621,235883.1902
20070620,188617.37424
20070619,83707.504
20070618,102100.3837
20070615,184778.521
20070614,125226.36
20070613,118225.52
20070612,146131.128
20070611,238850.14700000003
20070608,209801.56078000003
20070607,193483.63619999998
20070606,148308.66327999998
20070605,135149.76
20070604,151113.79499999998
20070601,81190.912
20070531,126015.39170000001
20070530,135442.72454999998
20070529,90323.64600000001
20070525,71799.928
20070524,151909.50400000002
20070523,280106.90655
20070522,237716.21250000002
20070521,331748.3196
20070518,258705.349
20070517,53962.763
20070516,77213.77743999999
20070515,92125.618
20070514,46333.28
20070511,113595.186
20070510,51185.134
20070509,80513.636
20070508,67791.24
20070507,51740.635
20070504,73611.61499999999
20070503,50410.661
20070502,104977.38944000001
20070501,73991.01900000001
20070430,94950.02197
20070427,102204.542
20070426,83539.092
20070425,65376.90990999999
20070424,108066.08739999999
20070423,79041.69056
20070420,58180.044989999995
20070419,60849.98625
20070418,98215.4649
20070417,122632.86186
20070416,80375.061
20070413,74445.43509
20070412,222412.512
20070411,212151.59000000003
20070410,154761.61000000002
20070409,44444.61
20070405,52910.664
20070404,114995.17899999999
20070403,177246.56600000002
20070402,263047.7316
20070330,375299.3592
20070329,33229.449
20070328,52398.624
20070327,61653.081000000006
20070326,58941.938
20070323,73450.60800000001
20070322,54137.925559999996
20070321,58865.157
20070320,67596.29977
20070319,47749.641
20070316,73557.68
20070315,112680.548
20070314,67743.5
20070313,88688.49
20070312,39956.8
20070309,74805.338
20070308,75864.6
20070307,103115.08800000002
20070306,297200.43
20070305,90751.46526
20070302,94944.881
20070301,145425.3749
20070228,198500.373
20070227,353273.52
20070226,541521.76176
20070223,107986.38
20070222,128677.892
20070221,192833.55000000002
20070220,108195.015
20070216,272231.496
20070215,77221.95
20070214,87936.97484
20070213,111010.38705
20070212,80098.76112
20070209,40365.007
20070208,86896.137
20070207,77651.49
20070206,198749.616
20070205,90103.69200000001
20070202,94428.0
20070201,130157.79700000002
20070131,86736.915
20070130,189118.369
20070129,159529.08
20070126,135011.856
20070125,109732.70999999999
20070124,56628.675
20070123,133633.02
20070122,158982.766
20070119,87719.61
20070118,170829.54
20070117,93253.745
20070116,75238.86
20070112,71399.12999999999
20070111,38848.399999999994
20070110,77585.11
20070109,214097.50999999998
20070108,66376.863
20070105,144552.22499999998
20070104,77139.942
20070103,87948.378
20061229,52942.448000000004
20061228,90503.321
20061227,52586.257
20061226,32285.106000000003
20061222,41196.429
20061221,68627.746
20061220,54504.67
20061219,80818.35299999999
20061218,58063.638
20061215,56701.36
20061214,84995.58
20061213,44442.816
20061212,85503.104
20061211,50564.43
20061208,65962.746
20061207,111417.6
20061206,48794.202
20061205,99084.52399999999
20061204,191832.29
20061201,128278.50599999998
20061130,44777.106
20061129,127867.99900000001
20061128,153616.12800000003
20061127,138491.60299999997
20061124,29164.41
20061122,56145.645
20061121,68922.26
20061120,44445.872
20061117,81804.186
20061116,108999.484
20061115,117813.372
20061114,275064.42
20061113,174946.64
20061110,106129.744
20061109,105559.83799999999
20061108,123410.14600000001
20061107,57510.484000000004
20061106,40062.789
20061103,59676.584
20061102,59890.452000000005
20061101,57044.826
20061031,75620.996
20061030,61662.36
20061027,119674.44499999999
20061026,82679.034
20061025,95124.914
20061024,69181.008
20061023,79285.25
20061020,117924.086
20061019,196975.02000000002
20061018,58824.854999999996
20061017,50435.672
20061016,35950.992
20061013,54720.76500000001
20061012,61493.1
20061011,31518.99
20061010,27160.896
20061009,27380.719999999998
20061006,30826.425
20061005,31417.869999999995
20061004,57183.81
20061003,26922.105000000003
20061002,50566.256
20060929,57709.5
20060928,67521.99399999999
20060927,56672.332
20060926,57177.54899999999
20060925,62933.920000000006
20060922,64993.90899999999
20060921,67483.033
20060920,86498.711
20060919,42891.075
20060918,51796.08
20060915,71730.126
20060914,34277.422
20060913,66784.97
20060912,45202.93200000001
20060911,92079.248
20060908,74299.68
20060907,56177.248
20060906,51015.87
20060905,56137.2
20060901,34931.528000000006
20060831,43079.904
20060830,57231.708
20060829,62249.49999999999
20060828,59470.026
20060825,51093.888
20060824,35212.651999999995
20060823,30024.48
20060822,31647.115000000005
20060821,34645.352000000006
20060818,33359.26
20060817,50955.53799999999
20060816,36824.528
20060815,48441.302
20060814,36136.32
20060811,39807.555
20060810,41036.67
20060809,48152.712
20060808,47369.979999999996
20060807,42053.28
20060804,43756.764
20060803,40866.178
20060802,60072.672
20060801,50917.719999999994
20060731,62949.534
20060728,43823.395000000004
20060727,60650.152
20060726,55519.684
20060725,51830.856
20060724,60576.331
20060721,56614.675
20060720,26507.606999999996
20060719,69311.276
20060718,55783.017
20060717,84998.951
20060714,67362.568
20060713,80991.42799999999
20060712,47010.024
20060711,52883.94
20060710,40009.451
20060707,55337.78599999999
20060706,47386.356
20060705,86463.56400000001
20060703,56523.0
20060630,41831.136
20060629,56208.684
20060628,35590.443
20060627,96003.846
20060626,38719.95
20060623,58035.101
20060622,43212.456
20060621,57706.0
20060620,33118.256
20060619,96202.296
20060616,71974.056
20060615,67880.068
20060614,77605.74
20060613,142387.65
20060612,59195.350000000006
20060609,54755.686
20060608,78178.128
20060607,89515.33200000001
20060606,49946.543999999994
20060605,49655.969999999994
20060602,45351.24
20060601,76449.36
20060531,45515.791999999994
20060530,59859.422999999995
20060526,77284.31599999999
20060525,72448.425
20060524,132013.938
20060523,48731.25
20060522,63573.846000000005
20060519,71137.367
20060518,53265.056000000004
20060517,120167.45999999999
20060516,79426.273
20060515,84157.23999999999
20060512,50973.472
20060511,31990.047
20060510,52160.814999999995
20060509,35022.141
20060508,29025.093999999997
20060505,57357.299999999996
20060504,128735.475
20060503,77635.53199999999
20060502,55592.072
20060501,101099.128
20060428,60080.697
20060427,68245.853
20060426,60523.2
20060425,58975.10400000001
20060424,69355.815
20060421,62534.700000000004
20060420,54542.425
20060419,63451.01
20060418,48962.112
20060417,45094.065
20060413,33223.693
20060412,57943.577999999994
20060411,56743.835999999996
20060410,31195.826999999997
