20160408,1714337.2999999998
20160407,2010257.7767999999
20160406,4952013.4
20160405,8920279.872
20160404,1277701.9392
20160401,1452338.1723999998
20160331,1683197.5056
20160330,964946.3
20160329,1039148.232
20160328,927735.7444
20160324,960854.7648
20160323,1231084.4991000001
20160322,1235751.4624
20160321,1059124.9386
20160318,2412819.3575
20160317,1961655.9696
20160316,2648874.5976
20160315,1601284.8235999998
20160314,1407545.2300000002
20160311,1841363.0799999998
20160310,1719393.8234
20160309,2286960.4978
20160308,962320.9759999999
20160307,959114.9672999999
20160304,1094311.401
20160303,1102574.5485999999
20160302,1027892.1814
20160301,943184.8052000001
20160229,1041704.799
20160226,1297136.3493000001
20160225,1591534.3787
20160224,949034.5682
20160223,957821.4996
20160222,1181819.6220000002
20160219,1171399.4208
20160218,1423282.842
20160217,1158818.3369
20160216,970847.3104
20160212,955424.6056
20160211,1154517.4464
20160210,1318387.3125
20160209,1662359.034
20160208,1356965.8535999998
20160205,1129802.3132000002
20160204,1650905.3299999998
20160203,1333838.8827
20160202,1453013.232
20160201,1431453.9659
20160129,1729652.2699
20160128,1473191.938
20160127,870379.4316
20160126,795690.5187
20160125,876671.5650000001
20160122,965538.3692000001
20160121,1117698.3884
20160120,1515540.6630000002
20160119,1004604.3117000001
20160115,1441053.9467999998
20160114,1197863.4843
20160113,1232146.7366
20160112,1203291.97
20160111,1198388.8527
20160108,1024335.4800000001
20160107,1168128.042
20160106,816518.5422
20160105,878586.7268
20160104,1191540.744
20151231,681115.7472000001
20151230,534903.4575
20151229,559298.1177
20151228,852164.5630000001
20151224,258600.17133999997
20151223,682332.5696
20151222,829080.1644000001
20151221,993566.8416
20151218,2126355.1462999997
20151217,1238685.154
20151216,1431257.6448
20151215,1526607.0748
20151214,1230779.7714000002
20151211,1291141.4796000002
20151210,1708247.186
20151209,1277302.3109
20151208,837133.5260000001
20151207,684787.7721999999
20151204,1036925.0959999999
20151203,1533243.8105
20151202,1047142.845
20151201,1657471.7153999999
20151130,1393818.5349000003
20151127,528561.3561
20151125,2609252.8126
20151124,2685778.9195000003
20151123,3904278.8069999996
20151120,2077955.922
20151119,2927318.4047999997
20151118,1197147.4098000003
20151117,975761.0701999998
20151116,839552.8384
20151113,600909.0993000001
20151112,601025.6762999999
20151111,689936.7762000001
20151110,708515.478
20151109,908684.6
20151106,1059740.7795
20151105,699785.7494999999
20151104,1054107.6642
20151103,1032977.0815
20151102,1384813.904
20151030,1931825.1178000001
20151029,2503872.1911
20151028,1231967.617
20151027,1398715.8027000001
20151026,795592.8903999999
20151023,937528.614
20151022,1378727.7800999999
20151021,1110674.586
20151020,594650.48
20151019,544409.655
20151016,636613.9044
20151015,896172.1104
20151014,585722.2167999999
20151013,640315.6046
20151012,491716.7926
20151009,678313.3896000001
20151008,994633.4487000001
20151007,966558.505
20151006,1199278.5107999998
20151005,1070911.0332
20151002,1379035.4012
20151001,952981.3888
20150930,1007159.7653999999
20150929,958988.2631999999
20150928,1308876.3962
20150925,1097766.3717
20150924,992663.763
20150923,796019.6622
20150922,783422.4863999999
20150921,765001.1236
20150918,1207236.5145
20150917,838819.3032
20150916,709884.7727999999
20150915,692997.591
20150914,509345.7276
20150911,737690.5619999999
20150910,1019335.8559999999
20150909,683390.7724
20150908,843983.0427999999
20150904,707380.0109
20150903,668389.5258000001
20150902,1003700.0682
20150901,1222646.4319999998
20150831,1030696.5348
20150828,1092411.0267999999
20150827,1280998.5894
20150826,1415004.2451
20150825,1324535.5828
20150824,1678957.6482000002
20150821,1122259.8035999998
20150820,648166.9829999999
20150819,628782.979
20150818,473954.37120000005
20150817,492780.115
20150814,638132.4443999999
20150813,688523.9088000001
20150812,989313.048
20150811,675509.6696
20150810,552271.5744
20150807,515666.5182
20150806,860585.9844000001
20150805,868550.8230000001
20150804,928723.5619
20150803,613625.2829999999
20150731,1045896.1398000001
20150730,768262.887
20150729,1620660.7223999999
20150728,1296101.0335
20150727,1075406.2062000001
20150724,734122.2522
20150723,440762.07080000004
20150722,614701.7504000001
20150721,619083.5182
20150720,520555.4128
20150717,587531.217
20150716,529906.806
20150715,680922.4289999999
20150714,644612.5399999999
20150713,633764.3912
20150710,726589.6168000001
20150709,748583.652
20150708,675999.747
20150707,872014.6067
20150706,697993.6425000001
20150702,754971.2224999999
20150701,950678.5697999998
20150630,1173734.0797
20150629,968575.0398000001
20150626,1197397.3695999999
20150625,778500.072
20150624,788674.9457999999
20150623,636539.49
20150622,481731.61360000004
20150619,983458.7474
20150618,841746.3901
20150617,713360.4892
20150616,703557.4419999999
20150615,712151.8611999999
20150612,741851.0340999999
20150611,694557.8408
20150610,812248.078
20150609,788624.2200999999
20150608,600422.1826
20150605,784122.4986000002
20150604,707278.9024
20150603,591883.6571999999
20150602,643798.6176000001
20150601,952174.3104000001
20150529,1738787.835
20150528,544741.2684
20150527,756016.933
20150526,643395.7818
20150522,444730.5516
20150521,622334.1612
20150520,525259.5669999999
20150519,713398.235
20150518,836182.5584
20150515,570173.4126
20150514,607333.8996
20150513,796748.2425
20150512,604314.066
20150511,895690.5852
20150508,694408.0752
20150507,722137.8999999999
20150506,898646.931
20150505,763672.4751999999
20150504,808070.2344
20150501,734197.7088
20150430,939300.4763999999
20150429,1287264.7737
20150428,1591438.1919999998
20150427,1457053.9404
20150424,804202.2037000001
20150423,793955.76
20150422,508103.6562
20150421,769830.7539
20150420,784302.0722999999
20150417,1005769.9391999999
20150416,689018.4405
20150415,1041002.3113
20150414,559836.1486000001
20150413,1203646.653
20150410,863035.9431999999
20150409,1025782.0888
20150408,795834.2552
20150407,493418.0614
20150406,739121.2103999999
20150402,863345.403
20150401,1106157.5722999999
20150331,922164.9619
20150330,892599.05
20150327,788617.2033
20150326,848084.5128
20150325,1001748.307
20150324,1134911.6236
20150323,1765525.9819999998
20150320,1983062.67
20150319,696356.4065
20150318,1139034.1536
20150317,704999.5404
20150316,1000374.2027999999
20150313,954677.16
20150312,958031.94
20150311,861387.7221
20150310,1291040.1846
20150309,1026704.8374000001
20150306,1356217.9403
20150305,808339.4244
20150304,671548.0136000001
20150303,830525.1840000001
20150302,742410.0831
20150227,837025.6752
20150226,687992.6787
20150225,1289564.8124
20150224,664706.6742000001
20150223,793023.7708
20150220,908306.2656
20150219,917299.0271999999
20150218,745669.652
20150217,790677.9244
20150213,810204.6592
20150212,1505111.2449999999
20150211,1350899.46
20150210,2029218.6124999998
20150209,930940.6727
20150206,1159757.8702
20150205,1960591.7412
20150204,1176010.107
20150203,1055544.7434
20150202,731926.1895
20150130,1345028.125
20150129,927748.3733999999
20150128,1023757.2359999999
20150127,1321644.75
20150126,880146.9999999999
20150123,842333.5305000001
20150122,971409.6072000001
20150121,1084150.9824
20150120,1395765.103
20150116,782545.352
20150115,819326.016
20150114,993711.3088
20150113,1107640.4431999999
20150112,773147.1978000001
20150109,793174.6124999999
20150108,1512318.925
20150107,611676.0650000001
20150106,877377.1072000001
20150105,729261.4732
20150102,486548.0074
20141231,465049.2525
20141230,346218.0504
20141229,397569.7311
20141226,272377.14645
20141224,340059.60260000004
20141223,1094327.281
20141222,588992.0542000001
20141219,1435409.1520000002
20141218,1147335.2039
20141217,767326.7736
20141216,726123.2912000001
20141215,977349.4698
20141212,845562.666
20141211,834063.588
20141210,962677.6181999999
20141209,842183.1494999999
20141208,858941.8263999999
20141205,794686.6228
20141204,612804.6823
20141203,994312.21
20141202,800809.3555000001
20141201,715279.7538000001
20141128,631681.8165
20141126,854504.2220000001
20141125,776533.4346
20141124,921382.7174
20141121,839931.8865
20141120,501556.83600000007
20141119,482962.25760000007
20141118,618438.9477
20141117,795489.164
20141114,550152.186
20141113,436129.41060000006
20141112,661861.9332
20141111,456104.6696
20141110,687279.5199999999
20141107,516650.18240000005
20141106,495750.42039999994
20141105,595013.9955999999
20141104,737901.1928
20141103,651973.8811
20141031,754577.6710000001
20141030,657789.0808
20141029,804362.1623999999
20141028,941831.2213999999
20141027,665680.5434
20141024,826641.3276
20141023,879031.01
20141022,869563.912
20141021,1031200.7888
20141020,1081548.1929
20141017,902473.4664
20141016,1032331.0789999999
20141015,1149041.8778000001
20141014,658930.111
20141013,957437.2743
20141010,933637.4736
20141009,662106.3787
20141008,865868.2629999999
20141007,709939.2317
20141006,481137.2725
20141003,703554.7769999999
20141002,818090.4362
20141001,1044696.6475
20140930,758780.6893000001
20140929,594145.1945
20140926,706292.828
20140925,672569.821
20140924,668314.5861
20140923,876212.324
20140922,741132.6744
20140919,1064673.9679999999
20140918,806853.2999999999
20140917,792792.381
20140916,588473.6575000001
20140915,725796.3680000001
20140912,535764.0266999999
20140911,551797.1196
20140910,571762.7776
20140909,632026.5519
20140908,426953.268
20140905,520166.85049999994
20140904,656217.7281000001
20140903,620871.2579999999
20140902,605572.275
20140829,492930.25560000003
20140828,604704.4484
20140827,647041.8594
20140826,495288.8494
20140825,487576.4012
20140822,470828.5896
20140821,700250.2034
20140820,433270.5525
20140819,540570.5494
20140818,655396.21
20140815,622137.8415999999
20140814,572193.2879
20140813,491580.40750000003
20140812,573428.9807999999
20140811,604054.2125
20140808,852741.5312
20140807,855257.0127999999
20140806,660883.5212000001
20140805,785829.9753
20140804,680520.8375
20140801,858675.909
20140731,1086603.812
20140730,993589.135
20140729,1126269.0225
20140728,820731.5830000001
20140725,437801.7945
20140724,431425.0912
20140723,625925.8116
20140722,564453.1377
20140721,690256.7270000001
20140718,749494.8664
20140717,997387.5405
20140716,1094431.356
20140715,923277.0977
20140714,618784.488
20140711,552070.4657
20140710,603086.7
20140709,621413.566
20140708,675450.1485
20140707,535258.6578
20140703,453459.3423
20140702,560843.7011
20140701,768428.7935999999
20140630,603456.728
20140627,909969.4056
20140626,575754.2307
20140625,937378.6680000001
20140624,683661.588
20140623,740840.077
20140620,926882.5474
20140619,600905.4348
20140618,573684.3537000001
20140617,538229.3312
20140616,736073.5095
20140613,578441.0225000001
20140612,710277.1614999999
20140611,551621.7936
20140610,534553.275
20140609,716019.9585000001
20140606,788355.6778000001
20140605,576083.0688
20140604,693161.6328
20140603,711511.0794
20140602,594172.0726000001
20140530,777524.3855999999
20140529,723917.728
20140528,810403.4924999999
20140527,797380.1261999999
20140523,557986.188
20140522,635878.6638
20140521,634063.8917
20140520,727029.5175
20140519,1200198.3264
20140516,1039683.008
20140515,779379.3195999999
20140514,779318.3700000001
20140513,767592.956
20140512,630646.7307
20140509,1131714.8096
20140508,1052843.0195
20140507,1423033.7162
20140506,1610113.2399
20140505,1643821.312
20140502,1282216.575
20140501,1292967.97
20140430,1141706.5496
20140429,1259440.8944
20140428,2255082.8544
20140425,574088.0475
20140424,766638.9122
20140423,631627.8852
20140422,805219.7300000001
20140421,934219.5338000001
20140417,802737.595
20140416,887307.7614
20140415,899028.7299
20140414,861208.8530000001
20140411,1214338.4178000002
20140410,931913.7975
20140409,1206588.8511
20140408,1036867.7339999999
20140407,1697721.1679999998
20140404,844987.5984
20140403,649167.696
20140402,697960.2973
20140401,697678.731
20140331,593360.7899999999
20140328,699032.76
20140327,887436.921
20140326,1012961.3964
20140325,672579.6582
20140324,1316444.1735
20140321,1998981.6968
20140320,724224.2544
20140319,731929.9029000001
20140318,736558.3663
20140317,668121.4782
20140314,846724.3119
20140313,1427184.984
20140312,1039908.3708
20140311,783451.0214
20140310,516860.186
20140307,571118.8926
20140306,666108.0894
20140305,735284.0049999999
20140304,860567.1921
20140303,760865.9214
20140228,883589.1727
20140227,733337.8920999999
20140226,800498.8859
20140225,867301.1685
20140224,1240413.8495
20140221,581110.8731999999
20140220,708487.1155
20140219,873473.0416
20140218,627641.0068
20140214,604181.1922
20140213,598106.407
20140212,671982.4494
20140211,788723.952
20140210,710950.7286
20140207,871822.5586
20140206,726805.3548000001
20140205,1138948.1764999998
20140204,1484871.2712
20140203,1876105.8900000001
20140131,1258919.9359999998
20140130,989305.6654
20140129,879779.2724
20140128,1036621.7316000002
20140127,981545.4983999999
20140124,1090609.6428
20140123,775761.3549
20140122,698806.6377
20140121,751284.1827
20140117,672266.5316000001
20140116,578924.7738
20140115,898509.0712
20140114,1022274.2899999999
20140113,732391.956
20140110,666529.7166
20140109,636586.1042999999
20140108,709472.1114999999
20140107,683133.7903999999
20140106,732024.7415
20140103,458880.7132
20140102,530774.638
20131231,464499.6618
20131230,454184.379
20131227,366340.1128
20131226,368337.98949999997
20131224,332962.825
20131223,697705.224
20131220,1884620.98
20131219,1004310.6655
20131218,1072922.207
20131217,863090.547
20131216,853495.28
20131213,788950.5525
20131212,879787.6725
20131211,1073737.2364999999
20131210,711455.9214
20131209,671521.2254
20131206,574460.7288
20131205,645803.125
20131204,742225.0327
20131203,1158637.5766
20131202,597373.0263
20131129,375791.7166
20131127,543014.2716
20131126,742362.8454
20131125,816619.8694
20131122,804307.284
20131121,834827.4948
20131120,646749.9528000001
20131119,912366.4824
20131118,701570.5323
20131115,786025.8280000001
20131114,880718.08
20131113,865631.9058000001
20131112,791058.7337999999
20131111,528194.986
20131108,783615.7512
20131107,777314.7888
20131106,774841.8367
20131105,591092.9772
20131104,587881.1868
20131101,873132.1698
20131031,930764.1717000001
20131030,694314.7842
20131029,1077414.6875
20131028,781859.2966
20131025,747976.1648
20131024,783651.5076
20131023,762903.9
20131022,987009.9615999999
20131021,731606.4
20131018,1327635.9378
20131017,899074.5290000001
20131016,937158.744
20131015,918480.8052000001
20131014,850041.4505
20131011,700873.1152
20131010,708469.0179
20131009,889719.0855
20131008,704307.8592000001
20131007,555898.8528
20131004,566671.02
20131003,652711.0316999999
20131002,650151.5229000001
20131001,678379.0905
20130930,759450.8311
20130927,814547.404
20130926,726664.5024
20130925,745195.5510999999
20130924,536562.9126
20130923,716530.176
20130920,1173956.2348999998
20130919,968949.0160000001
20130918,880963.248
20130917,629742.9072
20130916,663588.8720999999
20130913,626060.2132
20130912,805139.2309999999
20130911,575715.3892
20130910,675871.856
20130909,622289.549
20130906,630119.1232
20130905,588511.2904
20130904,720672.6131000001
20130903,663421.6117
20130830,840160.0935
20130829,620327.451
20130828,824424.8376000001
20130827,688929.36
20130826,562091.007
20130823,524451.5380000001
20130822,640322.6368
20130821,655880.2128
20130820,578959.29
20130819,763663.1956000001
20130816,802123.1668
20130815,784513.44
20130814,694879.2077
20130813,586233.3169
20130812,568502.3967
20130809,576030.8393000001
20130808,656353.0818
20130807,626191.797
20130806,725900.0598
20130805,420122.0373
20130802,643222.0905
20130801,922787.5822
20130731,915206.2073
20130730,1309299.1224000002
20130729,1375860.0618
20130726,781145.9601
20130725,769205.5392
20130724,697613.2752
20130723,802506.992
20130722,844581.1765000001
20130719,1427139.6914
20130718,901867.7590999999
20130717,747368.3916
20130716,999634.5168000001
20130715,809799.9378
20130712,842765.9654999999
20130711,1033687.1117999998
20130710,772682.094
20130709,825863.5665000001
20130708,905377.8337
20130705,1023391.2533
20130703,609399.364
20130702,1697993.38
20130701,1882510.5888000003
20130628,3446524.062
20130627,4352096.656
20130626,2413602.2920000004
20130625,3312286.218
20130624,6122433.057000001
20130621,6226313.732000001
20130620,2740758.9296
20130619,3522325.1100000003
20130618,4714101.84
20130617,4434874.416
20130614,2380392.5195
20130613,2102927.4699999997
20130612,2501087.4579
20130611,2362552.0422
20130610,1886378.3236999998
20130607,2373136.6086
20130606,2318276.676
20130605,1956543.8484
20130604,1935392.8812000002
20130603,1598246.5425
20130531,2442036.2309000003
20130530,1217942.5325
20130529,1381779.4648000002
20130528,1098036.9129
20130524,1018724.9423999999
20130523,1505165.4442999999
20130522,2451374.538
20130521,1269373.8458
20130520,922465.068
20130517,1090027.4672
20130516,807585.1875
20130515,873090.0719999999
20130514,962181.4439999999
20130513,985315.3332
20130510,949762.3584
20130509,795814.4480000001
20130508,883343.2101
20130507,898488.6605
20130506,950870.0888
20130503,1269117.5552
20130502,932555.6642
20130501,1303120.363
20130430,2035835.4725999997
20130429,843771.5604
20130426,1625537.9277
20130425,1075759.0378
20130424,964399.0860000001
20130423,1029115.6764
20130422,807051.5412
20130419,908005.8658
20130418,972384.8252999999
20130417,995359.0059
20130416,973253.8998
20130415,1428548.6565
20130412,1197678.2216000003
20130411,1674671.4832
20130410,1226033.3360000001
20130409,801796.8158999999
20130408,756918.6588
20130405,885792.6510000001
20130404,890365.3164
20130403,1002495.893
20130402,713856.8138
20130401,556212.566
20130328,806392.5558
20130327,675208.0480000001
20130326,910650.0260000001
20130325,865006.4896000001
20130322,655210.1952
20130321,662919.8166
20130320,868410.7746
20130319,758771.3934
20130318,822200.6567999999
20130315,1768597.7424
20130314,781127.7075
20130313,693168.5669999999
20130312,830194.6312000001
20130311,720245.8975
20130308,762087.8962000001
20130307,782926.9073999999
20130306,762649.8312
20130305,873082.8239000001
20130304,690313.6383
20130301,796140.1998000001
20130228,823818.1147
20130227,668396.9615000001
20130226,810521.3097000001
20130225,953878.0327999999
20130222,813915.1294
20130221,672111.8388
20130220,718423.4712
20130219,787535.3802
20130215,807301.5127999999
20130214,655119.0822
20130213,645405.84
20130212,571116.2271
20130211,713832.7518
20130208,1006505.7408
20130207,1035750.8976
20130206,757813.0880000001
20130205,753870.285
20130204,838314.8631000001
20130201,961463.7666
20130131,899273.7424000001
20130130,1243369.7451000002
20130129,2105114.9609999997
20130128,1227764.934
20130125,1407164.1300000001
20130124,1193338.3155
20130123,829982.5365
20130122,860928.1155999999
20130118,1454019.6438
20130117,995926.1121
20130116,758654.0271
20130115,796880.8804
20130114,642615.6799999999
20130111,737725.6692
20130110,912122.3604000001
20130109,905803.6647
20130108,806855.2208
20130107,669759.9834
20130104,742590.7324
20130103,872615.8650000001
20130102,868551.6517
20121231,845724.1847999999
20121228,537854.7303
20121227,620486.1222
20121226,551693.9008
20121224,272150.8548
20121221,1547741.9759999998
20121220,650199.0717
20121219,742384.6365
20121218,847581.9927999999
20121217,725249.5911999999
20121214,652629.0889999999
20121213,670175.8206999999
20121212,761153.0944000001
20121211,786873.9084000001
20121210,683242.3752
20121207,786341.8979999999
20121206,805680.0999
20121205,1167462.0176
20121204,763156.917
20121203,709622.2263
20121130,930691.9583999999
20121129,785873.2980000001
20121128,729385.3256000001
20121127,748544.635
20121126,876025.1777
20121123,618797.4595000001
20121121,680846.6975
20121120,660042.5736
20121119,863350.6848
20121116,1000170.3994
20121115,648653.3326
20121114,747110.6562
20121113,628226.1635
20121112,566429.0083
20121109,785523.3081
20121108,862060.2080000001
20121107,1193831.227
20121106,736197.385
20121105,502082.141
20121102,763756.3920000001
20121101,1336427.8590000002
20121031,952142.4786
20121026,254299.97457
20121025,666551.7261
20121024,707000.1753
20121023,689784.8232
20121022,623232.512
20121019,1037879.6736000001
20121018,711300.828
20121017,560836.0112
20121016,664178.4299999999
20121015,790432.625
20121012,581982.9232000001
20121011,574468.7776
20121010,539848.3076000001
20121009,533723.8657
20121008,477214.438
20121005,629486.0176
20121004,634178.415
20121003,562886.8944
20121002,751671.0352
20121001,571441.596
20120928,628858.5730000001
20120927,576210.0864
20120926,719566.9442
20120925,850191.2279999999
20120924,655725.015
20120921,1114135.5916
20120920,663594.3935
20120919,665223.8559999999
20120918,602487.0117
20120917,681671.2664
20120914,1404886.6300000001
20120913,749554.89
20120912,480427.09060000005
20120911,486506.0867
20120910,412367.87000000005
20120907,552705.4512
20120906,573311.4186
20120905,565137.7472
20120904,826885.5318
20120831,625937.0364
20120830,470820.2128
20120829,440133.4596
20120828,436538.95200000005
20120827,462038.81139999995
20120824,554255.9638
20120823,500957.91899999994
20120822,455901.732
20120821,503893.6439000001
20120820,555371.1987
20120817,694970.8467
20120816,510470.63800000004
20120815,428998.84839999996
20120814,569138.4424
20120813,546458.988
20120810,474337.584
20120809,577499.0837
20120808,722835.1516999999
20120807,1338321.3713999998
20120806,620130.7236
20120803,801225.1892
20120802,720492.6456
20120801,1018547.649
20120731,1329663.9392000001
20120730,703948.4774
20120727,823591.0129999999
20120726,599160.8393999999
20120725,669608.3279999999
20120724,856422.7265999999
20120723,2471651.6
20120720,2661405.72
20120719,2551914.54
20120718,825968.2005000002
20120717,970879.5506
20120716,677270.6865
20120713,642255.6956
20120712,979466.1913000001
20120711,580802.4688
20120710,554553.8856
20120709,511830.20399999997
20120706,427923.2524
20120705,556754.5703
20120703,357241.5211
20120702,533279.61
20120629,747626.5
20120628,518570.75700000004
20120627,470044.26420000003
20120626,530952.6156
20120625,612303.0059999999
20120622,582649.9096
20120621,574398.888
20120620,493571.01330000005
20120619,508930.6458
20120618,522240.381
20120615,888765.8633
20120614,695121.4271999999
20120613,526781.9459
20120612,546577.6449
20120611,501290.1010000001
20120608,467117.469
20120607,609996.9424
20120606,762179.2262
20120605,665611.56
20120604,594822.8134999999
20120601,942698.5592
20120531,1193937.3189
20120530,474759.23199999996
20120529,681947.389
20120525,429695.5544
20120524,579228.0084
20120523,1150028.3736
20120522,789670.1717000001
20120521,831030.8664
20120518,943815.3325
20120517,866363.3327999999
20120516,893694.9824000001
20120515,844488.289
20120514,700669.2861
20120511,763858.3395
20120510,1217580.7466999998
20120509,1670212.4255000001
20120508,693888.2384
20120507,780740.2825
20120504,796041.1577999999
20120503,565812.018
20120502,752087.4393999999
20120501,983196.6455999999
20120430,1715263.586
20120427,2011324.8331999998
20120426,2556062.6399999997
20120425,702271.1695999999
20120424,804411.8638
20120423,549895.6229999999
20120420,853345.536
20120419,702615.5634
20120418,708265.3964999999
20120417,643614.7200999999
20120416,835353.4168000001
20120413,806912.4155
20120412,886882.5424000002
20120411,824984.8235
20120410,1058053.0281
20120409,496454.42699999997
20120405,492776.1668
20120404,679888.023
20120403,848355.3357999999
20120402,785111.8355999999
20120330,770017.1009999999
20120329,747802.9576000001
20120328,738880.7823
20120327,1378258.425
20120326,738833.4576
20120323,507560.47500000003
20120322,458491.91770000005
20120321,580522.7386
20120320,526762.774
20120319,487851.57719999994
20120316,1441972.493
20120315,677167.7689
20120314,805079.4669
20120313,982846.6455000001
20120312,775484.3723999999
20120309,845884.548
20120308,791948.2516
20120307,701610.6509
20120306,776405.8352999999
20120305,573399.625
20120302,529165.0639000001
20120301,1021747.4224999999
20120229,766321.0761
20120228,604750.4776
20120227,759360.0028
20120224,696885.7518000001
20120223,818094.1287000001
20120222,612126.7631999999
20120221,494345.15179999993
20120217,733807.3691
20120216,515908.28339999996
20120215,625197.7709
20120214,538252.5249
20120213,629216.91
20120210,566462.657
20120209,611801.7472
20120208,719414.9655000002
20120207,786761.4319999999
20120206,672369.2999999999
20120203,872322.76
20120202,1214007.3904
20120201,952385.2413999999
20120131,1188426.3159999999
20120130,1559427.3395999998
20120127,2854081.9680000003
20120126,2934401.505
20120125,755323.4256000001
20120124,549661.7046
20120123,732169.9671000001
20120120,871671.903
20120119,762084.5232
20120118,757034.5705
20120117,779547.2878
20120113,634643.1
20120112,601438.3746
20120111,629760.561
20120110,608290.4492
20120109,864933.0172
20120106,646791.549
20120105,1079221.968
20120104,658932.4007
20120103,1107150.0284
20111230,534181.0196
20111229,426953.4191
20111228,559292.3455
20111227,417210.51190000004
20111223,639419.2555
20111222,806447.5125
20111221,972966.5303999999
20111220,1244052.5096
20111219,899277.631
20111216,1449460.1535
20111215,1197864.9102
20111214,1185452.94
20111213,1434976.4568
20111212,818731.4962
20111209,893818.0384
20111208,727090.1541
20111207,978900.1686999999
20111206,1067920.0539
20111205,951608.1408
20111202,848691.5814
20111201,857306.6339
20111130,1461078.5391000002
20111129,769745.052
20111128,784413.2542999999
20111125,387351.66149999993
20111123,682400.1869999999
20111122,931207.5359999998
20111121,1027114.392
20111118,755482.5054
20111117,813435.183
20111116,692402.256
20111115,631932.7632
20111114,998125.8673
20111111,754388.0172999998
20111110,872663.0064000001
20111109,884134.6756
20111108,804550.5808
20111107,2895918.363
20111104,999676.0052
20111103,1356261.7096
20111102,741217.5981
20111101,1437750.9024999999
20111031,779542.722
20111028,721422.2339999999
20111027,1014387.2576
20111026,707282.5584
20111025,819726.3864000001
20111024,694422.872
20111021,889938.0839999999
20111020,786899.7440000001
20111019,578700.3716999999
20111018,679459.6822999999
20111017,569154.0477000001
20111014,602211.5904
20111013,570721.41
20111012,724523.7028
20111011,667714.502
20111010,597187.096
20111007,909490.1196
20111006,923414.0342
20111005,1338936.2582
20111004,1042927.1069
20111003,1174326.2045999998
20110930,800899.4032
20110929,1013374.7356
20110928,578184.7743999999
20110927,789399.655
20110926,689884.3546000001
20110923,871072.59
20110922,1088244.0657
20110921,957194.1392
20110920,945091.7375999999
20110919,836747.0706
20110916,1391562.6779999998
20110915,819539.1113
20110914,887381.1464
20110913,586373.9504999999
20110912,958906.2825
20110909,1038040.768
20110908,703465.4402000001
20110907,917285.5379000001
20110906,908826.4359999999
20110902,646399.052
20110901,750515.2080000001
20110831,841377.3264
20110830,832917.632
20110829,882960.3936
20110826,838504.2156
20110825,922927.2228000001
20110824,766052.7366000001
20110823,955815.0335999998
20110822,723148.4208
20110819,996132.8208000001
20110818,1306638.8412000001
20110817,817001.1738999999
20110816,782469.4273999999
20110815,934418.0482000001
20110812,1024692.3173999999
20110811,1474505.7508999999
20110810,1734048.085
20110809,2049509.4400000002
20110808,2015748.378
20110805,1511468.1351
20110804,1322157.3904
20110803,1172940.5682
20110802,1881370.146
20110801,1042015.8509
20110729,1337040.1275000002
20110728,1138557.7280000001
20110727,777898.4660000001
20110726,759480.3814
20110725,622645.9308999999
20110722,518148.79560000007
20110721,893475.552
20110720,703956.5299999999
20110719,689995.3852000001
20110718,681924.9572000001
20110715,941858.1449999999
20110714,701176.6420999999
20110713,842022.1782999999
20110712,852743.3999999999
20110711,941278.5996
20110708,843663.5424
20110707,1877617.105
20110706,586019.6892
20110705,649881.6164
20110701,637914.1375
20110630,954742.226
20110629,964447.9377
20110628,842576.5095
20110627,692053.8785000001
20110624,1269302.7832
20110623,1728091.9459999998
20110622,613235.7660000001
20110621,958509.2025
20110620,701618.6855
20110617,1249458.3094000001
20110616,832621.9879999999
20110615,853017.6069000001
20110614,806841.7812
20110613,908753.406
20110610,1154535.21
20110609,713981.9774999999
20110608,868926.4496
20110607,719021.5789999999
20110606,572851.244
20110603,748810.7927999999
20110602,662238.57
20110601,971034.1845
20110531,1186042.7865
20110527,582810.2917
20110526,804782.715
20110525,872732.3626
20110524,881414.8488
20110523,803564.0769000001
20110520,1108442.1289000001
20110519,1063792.2453
20110518,954459.7559999999
20110517,1230645.2284
20110516,962076.2934000001
20110513,768887.6132
20110512,751740.8552
20110511,889907.2361999999
20110510,697267.6116
20110509,639819.932
20110506,697641.0585
20110505,863733.2457
20110504,1047046.56
20110503,2224873.56
20110502,800587.4788
20110429,912349.5489
20110428,718579.3839
20110427,949068.2963999999
20110426,747885.2484
20110425,912522.6558000001
20110421,2749957.051
20110420,1321685.7131
20110419,678189.6624
20110418,948260.748
20110415,1017502.1116000001
20110414,997312.4336999998
20110413,602246.238
20110412,899885.8374000001
20110411,774622.719
20110408,716354.9316
20110407,894884.9234999999
20110406,916373.2991
20110405,651182.806
20110404,871301.8704
20110401,570010.0542
20110331,834170.8983
20110330,775262.3544000001
20110329,689492.4916
20110328,578747.8238
20110325,782131.086
20110324,1004817.52
20110323,686618.8944000001
20110322,916158.255
20110321,951496.7508
20110318,1611734.0202
20110317,1173210.248
20110316,1352208.759
20110315,1570126.8336000002
20110314,3357961.4039999996
20110311,781242.9009
20110310,829371.3648
20110309,573630.0432
20110308,741605.7696
20110307,893260.6007999999
20110304,1003700.6038
20110303,1159787.28
20110302,891739.3424000001
20110301,992108.8848
20110228,945161.5367999999
20110225,587477.1181999999
20110224,771216.5789999999
20110223,809243.3664
20110222,1170114.604
20110218,777979.1034
20110217,826611.0697
20110216,721499.6304
20110215,710084.7495
20110214,680276.6429999999
20110211,788916.9322999999
20110210,741692.5373000001
20110209,649225.905
20110208,483417.72119999997
20110207,775261.7712
20110204,837666.8990000001
20110203,1249918.6977000001
20110202,1386852.1416000002
20110201,2584484.57
20110131,765823.0399999999
20110128,849274.9815
20110127,790272.2520000001
20110126,998854.3188
20110125,1299568.7781999998
20110124,1153801.5614999998
20110121,729610.9776
20110120,917243.9999999999
20110119,699394.5791999999
20110118,575021.4245999999
20110114,551814.8369999999
20110113,836230.9504
20110112,486216.79260000004
20110111,593659.7091999999
20110110,2053249.3520000002
20110107,2396962.806
20110106,2123967.582
20110105,1174765.9996
20110104,756349.2524
20110103,571823.5327999999
20101231,417373.96320000006
20101230,522021.58139999997
20101229,417700.096
20101228,526513.0268
20101227,344933.9321999999
20101223,382176.4464
20101222,625940.9503999999
20101221,878661.3681999999
20101220,681098.7015
20101217,886840.1451000001
20101216,615978.8585999999
20101215,661182.0011999999
20101214,893344.9246
20101213,812037.5505
20101210,730539.248
20101209,531315.2964
20101208,716352.0143999999
20101207,1047078.7197
20101206,895922.2337999999
20101203,694384.108
20101202,560696.7113
20101201,748567.647
20101130,713668.116
20101129,647139.96
20101126,271756.68409999995
20101124,391141.83300000004
20101123,652847.2295
20101122,537172.6146
20101119,549673.152
20101118,495014.56289999996
20101117,623002.8336
20101116,714130.8380000001
20101115,610443.1975
20101112,687689.7825
20101111,751248.0078
20101110,907522.0703999999
20101109,790657.3436999999
20101108,642519.361
20101105,987455.2035999999
20101104,1009273.4586
20101103,887257.7176999999
20101102,1219178.6265
20101101,738149.9026000001
20101029,696269.7352
20101028,597548.3206000001
20101027,785842.56
20101026,619546.521
20101025,1180578.5878
20101022,1430970.1
20101021,1346106.7397
20101020,751215.6054
20101019,846292.3494000001
20101018,760022.264
20101015,706115.945
20101014,621671.0286
20101013,845110.5561
20101012,801904.7888
20101011,388383.5604
20101008,489353.8644
20101007,670102.411
20101006,615979.5402
20101005,769506.9624
20101004,687251.5129999999
20101001,610241.3309999999
20100930,680880.1274000001
20100929,735876.972
20100928,759184.3917
20100927,479216.9321000001
20100924,586539.558
20100923,645816.8520000001
20100922,896006.1935999999
20100921,752129.5956
20100920,542457.0899
20100917,909940.4796
20100916,664586.9993
20100915,953514.5213
20100914,871313.142
20100913,811255.7712999999
20100910,713925.0668999999
20100909,874974.75
20100908,912441.7583999999
20100907,651391.1259
20100903,543175.5558000001
20100902,594005.048
20100901,738616.9251999999
20100831,711638.5491000001
20100830,565575.0542
20100827,615445.5571
20100826,673769.0190000001
20100825,789639.6065999999
20100824,795370.9078
20100823,949473.5110000002
20100820,781341.3416
20100819,853354.3249000001
20100818,795517.1000000001
20100817,820383.8369999999
20100816,580976.5724000001
20100813,520910.31359999994
20100812,784360.5839999999
20100811,858772.96
20100810,954039.7881
20100809,789325.9842000001
20100806,838364.5031999999
20100805,1193576.3414
20100804,1202259.666
20100803,2599419.4880000004
20100802,846943.6176000001
20100730,660510.0
20100729,883094.2638
20100728,605005.3500000001
20100727,925991.4294
20100726,833395.6646
20100723,775397.3508
20100722,663170.3255
20100721,612383.4299999999
20100720,685595.1270000001
20100719,481638.74130000005
20100716,695661.6576
20100715,648626.426
20100714,675526.0008
20100713,739621.4258999999
20100712,572816.4733
20100709,481504.36319999996
20100708,885642.9036000001
20100707,791466.5656
20100706,1027799.2472999999
20100702,575778.9618
20100701,965718.9500000001
20100630,722442.4016
20100629,925933.1928
20100628,648670.4027999999
20100625,855255.4776
20100624,1243644.1572000002
20100623,718172.04
20100622,655181.8104000001
20100621,689602.353
20100618,1061751.6936
20100617,769132.3549
20100616,586352.5236
20100615,783119.1792
20100614,785340.57
20100611,1168255.3072000002
20100610,894887.0175
20100609,1256671.0067999999
20100608,920093.2575000001
20100607,998148.0695999999
20100604,1146052.746
20100603,518238.3681
20100602,752819.672
20100601,852187.9457
20100528,934333.086
20100527,1027098.4056
20100526,1392874.0997
20100525,1550053.512
20100524,823029.11
20100521,1577218.72
20100520,1708336.916
20100519,1297799.7116
20100518,1158839.3247
20100517,1591968.6126
20100514,1013164.848
20100513,1116151.9488
20100512,900127.7999999999
20100511,916562.2473000002
20100510,1380786.58
20100507,1756023.5780000002
20100506,1986892.362
20100505,1705928.6448
20100504,2082850.5000000002
20100503,1213193.9147
20100430,852916.6272
20100429,1137862.3482
20100428,1000541.5599000001
20100427,1500602.2360000003
20100426,1401907.473
20100423,1655370.4609
20100422,1147991.6912
20100421,1131767.0840000003
20100420,946548.3188
20100419,1103093.7655
20100416,1268224.4400000002
20100415,1010705.8771999999
20100414,1632369.6186
20100413,1133606.6661999999
20100412,850267.5635999999
20100409,756830.4675
20100408,900309.8662
20100407,1442917.0287000001
20100406,1312834.592
20100405,1160690.3099999998
20100401,1178905.8371999997
20100331,1012071.5779999999
20100330,721968.0222000001
20100329,842157.0432000001
20100326,924173.8881999999
20100325,833649.1238
20100324,1301911.3502999998
20100323,1289609.5568
20100322,1213601.228
20100319,1914430.139
20100318,876698.0661
20100317,974604.3652000001
20100316,915129.6876000001
20100315,758146.5356000001
20100312,1456632.2735999997
20100311,847749.4479999999
20100310,964870.8335
20100309,911932.5545999999
20100308,845316.8105
20100305,1130926.6336
20100304,981940.3289999999
20100303,1887452.196
20100302,1137564.384
20100301,808539.835
20100226,1038085.8345000001
20100225,945335.3793000001
20100224,1205795.5949
20100223,844885.0422000001
20100222,1040087.4404999999
20100219,911176.7692999999
20100218,1012037.7969
20100217,1029349.5936000001
20100216,1121252.1376
20100212,896082.972
20100211,977312.087
20100210,1063595.8457999998
20100209,1268936.2692
20100208,992291.4848
20100205,1623547.0024
20100204,1698791.2878
20100203,2122506.8340000003
20100202,1300384.6543999999
20100201,739664.0282999999
20100129,1045523.7186
20100128,948462.615
20100127,1037440.85
20100126,818816.6388000001
20100125,928778.1425000001
20100122,1169800.5264
20100121,1484517.034
20100120,1580120.9732000001
20100119,1566033.0
20100115,1493258.3135999998
20100114,915866.4354
20100113,1143124.6675
20100112,774654.7930000001
20100111,610896.2292999999
20100108,567934.9516
20100107,730595.6516000001
20100106,770134.302
20100105,809255.4636
20100104,985774.2603
20091231,466788.3239000001
20091230,337742.475
20091229,365007.45599999995
20091228,362332.6344
20091224,240596.02200000003
20091223,519555.69859999995
20091222,667985.1068
20091221,718716.8973
20091218,1133598.807
20091217,807020.8285999999
20091216,737160.1489
20091215,633003.3654
20091214,942643.776
20091211,565221.852
20091210,663615.9856
20091209,1332191.5968
20091208,1419745.7664
20091207,1373051.2319999998
20091204,925017.9049
20091203,764450.6320000001
20091202,893058.6353999999
20091201,1340123.031
20091130,1076784.9073
20091127,416652.79250000004
20091125,782813.0024
20091124,1071468.6082
20091123,1363955.6841000002
20091120,1119375.234
20091119,746390.2486
20091118,887017.5238
20091117,610870.0962000001
20091116,737011.6182
20091113,648284.5511
20091112,699067.1568
20091111,624023.5768
20091110,894752.5911999999
20091109,802510.1427
20091106,612069.6096000001
20091105,945788.1244
20091104,884886.5741000001
20091103,889942.3761
20091102,1034350.5284999999
20091030,1113107.8777
20091029,1001193.2775000001
20091028,1026676.8343000001
20091027,1020627.8130000002
20091026,1103594.2336000002
20091023,1047830.895
20091022,1005707.3827999999
20091021,1698893.0445
20091020,1615389.0059999998
20091019,1676194.6698
20091016,1199463.0941
20091015,2188545.522
20091014,2362452.012
20091013,1083382.4098
20091012,1015930.1520000001
20091009,811631.5884
20091008,746483.487
20091007,699902.9943
20091006,923043.9724000001
20091005,675615.8759999999
20091002,812654.1109999999
20091001,887136.7819999999
20090930,1029340.6555
20090929,1107655.6491
20090928,487038.8617
20090925,595467.9279999998
20090924,851020.5456000001
20090923,788206.5766
20090922,1001771.232
20090921,597971.3792
20090918,1107313.1524000003
20090917,688018.7232
20090916,746929.7084
20090915,650389.9396
20090914,550519.5623999999
20090911,503413.95
20090910,750739.3391999999
20090909,650345.7576
20090908,612186.6979
20090904,483326.51290000003
20090903,570055.1352
20090902,650020.1884
20090901,644776.2593999999
20090831,593034.0339999999
20090828,563351.1766
20090827,508099.5354
20090826,612494.3994
20090825,683053.728
20090824,519653.7087
20090821,1078279.1552000002
20090820,699065.2143000001
20090819,759886.0691000001
20090818,586240.3624
20090817,714830.26
20090814,532514.8942999999
20090813,590876.55
20090812,561395.4684
20090811,442676.2937
20090810,447065.1133
20090807,634240.1856000001
20090806,601544.2087
20090805,931737.222
20090804,786883.9414
20090803,808865.922
20090731,684184.5792
20090730,771073.59
20090729,957891.06
20090728,1206113.23
20090727,787985.6118000001
20090724,839132.76
20090723,946567.6499999999
20090722,1326952.4342999998
20090721,869741.2209999999
20090720,841332.4794000001
20090717,796341.4448
20090716,559763.8475
20090715,653273.2712
20090714,556101.525
20090713,780825.5496
20090710,552508.0839999999
20090709,875812.5221
20090708,739631.8343999999
20090707,888770.1301
20090706,800111.9871
20090702,597958.9848000001
20090701,696971.191
20090630,781471.2000000001
20090629,488319.5422
20090626,657283.452
20090625,786798.453
20090624,562760.0256
20090623,711446.7741
20090622,858619.5473999999
20090619,1268877.9
20090618,998168.7387999999
20090617,801953.2170000001
20090616,646815.4896
20090615,833282.4141
20090612,1095612.2172
20090611,1030468.0001000001
20090610,663396.1805
20090609,600559.7598
20090608,685742.6412
20090605,713377.9107
20090604,592510.0800000001
20090603,773673.0836
20090602,751065.8918000001
20090601,1040462.658
20090529,1047390.9054
20090528,625830.8719
20090527,518844.3744
20090526,747938.0227999999
20090522,505177.2088
20090521,731123.3007
20090520,544086.1684999999
20090519,515361.79199999996
20090518,608856.5168
20090515,761692.0564
20090514,747018.7296000001
20090513,1500124.6473
20090512,1741479.99
20090511,749784.8695
20090508,814333.392
20090507,1060675.7567999999
20090506,843640.2481000001
20090505,917545.2636
20090504,869966.8722
20090501,765532.7106
20090430,863175.0376
20090429,1049890.3842999998
20090428,908657.451
20090427,767673.6763
20090424,864175.3632
20090423,1143690.5984
20090422,938112.4655999999
20090421,895162.0392000001
20090420,711063.8622
20090417,1029888.0936000001
20090416,725045.823
20090415,816390.5904
20090414,773763.2215999999
20090413,563420.5944000001
20090409,745328.9965
20090408,565326.936
20090407,676492.7148000001
20090406,816756.5238000001
20090403,716642.969
20090402,831698.4987
20090401,898978.2337
20090331,780037.5576
20090330,818241.542
20090327,651793.9428
20090326,795979.4474000001
20090325,982624.515
20090324,594578.0448
20090323,925016.0464000001
20090320,975367.8430999999
20090319,920915.6439999999
20090318,791975.6699999999
20090317,770032.0144
20090316,1201639.6495
20090313,1208108.971
20090312,1571885.9479999999
20090311,1019965.5369
20090310,1255694.3783999998
20090309,890003.0094000001
20090306,1068972.8529
20090305,1287838.349
20090304,1131141.875
20090303,993174.7699999999
20090302,1235365.34
20090227,1234025.7980000002
20090226,940883.8179999999
20090225,976736.574
20090224,891052.2684
20090223,895013.7279999999
20090220,858833.4735000001
20090219,580078.2067999999
20090218,685316.2464000001
20090217,903057.1275000001
20090213,846499.0536
20090212,954847.8845
20090211,725198.6428
20090210,1068348.3258
20090209,703229.3491
20090206,947068.3208
20090205,1118342.66
20090204,956326.5733
20090203,963559.7679999999
20090202,1029759.7909
20090130,1001651.3945999999
20090129,1022736.9096
20090128,1679919.864
20090127,1765834.728
20090126,3292808.515
20090123,1893623.395
20090122,804082.5222
20090121,765282.9652
20090120,900584.776
20090116,1028250.65
20090115,1404137.4644000002
20090114,785635.9371999999
20090113,762722.1008
20090112,587461.3584
20090109,629300.2512
20090108,587132.3685
20090107,686754.9942
20090106,911722.942
20090105,765666.46
20090102,524768.2965
20081231,575282.2537
20081230,673614.985
20081229,549105.1566
20081226,254726.21700000003
20081224,242829.9972
20081223,549558.1000000001
20081222,814712.7088
20081219,1004090.0970000001
20081218,899490.2784000001
20081217,794120.1375
20081216,1153812.0888
20081215,833810.4059
20081212,741934.3860000002
20081211,1079506.3248
20081210,562049.429
20081209,717422.9885999999
20081208,850648.5272
20081205,993881.4530000001
20081204,791073.4319999999
20081203,1146031.4352000002
20081202,696471.102
20081201,702737.7432
20081128,346960.8536
20081126,714379.6368
20081125,867335.25
20081124,1185745.4512
20081121,1471991.8498
20081120,1315622.9365
20081119,857816.8872000001
20081118,961639.4249999999
20081117,680228.8048
20081114,815064.5492
20081113,1047406.4104
20081112,885382.1895
20081111,630291.0588
20081110,575712.734
20081107,666880.1028
20081106,930734.1933
20081105,1029665.18
20081104,861270.9798
20081103,736545.2064
20081031,1072855.5068
20081030,1016589.7712
20081029,1139258.3112
20081028,1507685.1570000001
20081027,1040721.8943
20081024,1076695.402
20081023,1136270.3760000002
20081022,1153198.8468
20081021,1234026.4164
20081020,934961.1822
20081017,1187228.9479
20081016,1389990.9784
20081015,1164330.6608
20081014,1451521.8558
20081013,1772665.332
20081010,2253343.732
20081009,1441758.9353
20081008,1922616.3839999998
20081007,1671732.4579999999
20081006,1959646.04
20081003,1474310.5099999998
20081002,1111616.0242
20081001,1293789.8848
20080930,1392732.6320000002
20080929,1245531.201
20080926,701126.7348
20080925,1073982.744
20080924,710474.9322999999
20080923,1101773.8167
20080922,811148.9282000001
20080919,1489002.7495000002
20080918,1720998.0584999998
20080917,1255689.8326
20080916,1478078.4369
20080915,1214186.678
20080912,805530.4334
20080911,612819.9006
20080910,696226.804
20080909,997716.8735999999
20080908,936782.418
20080905,759240.7737000001
20080904,867616.1838000001
20080903,581906.112
20080902,572911.5528000001
20080829,484067.9571
20080828,633546.1491
20080827,693976.4243999999
20080826,708463.6512000001
20080825,807819.9393000001
20080822,570565.255
20080821,523523.2561
20080820,583125.1424
20080819,666473.9994000001
20080818,735147.5896000001
20080815,785523.5445999999
20080814,716436.545
20080813,721678.674
20080812,703528.1564
20080811,901980.8475999999
20080808,856211.2703999999
20080807,748283.4801
20080806,811241.9429
20080805,1121910.7419
20080804,816459.2436
20080801,612164.316
20080731,888954.5002
20080730,801239.4463999999
20080729,601766.3825000001
20080728,657891.8604
20080725,809404.0092
20080724,770984.0918999999
20080723,1250986.2789999999
20080722,915959.5175000001
20080721,878880.2184
20080718,783147.5736000001
20080717,902927.6675999999
20080716,1022913.5136000001
20080715,1086327.2688
20080714,631551.947
20080711,909473.5273
20080710,837970.5738
20080709,922628.9964000001
20080708,1110409.6414
20080707,830462.4063
20080703,432211.435
20080702,675213.5532000001
20080701,942300.9198
20080630,774105.3085
20080627,1128612.4416
20080626,940645.9159
20080625,1037406.8975999999
20080624,862091.7232
20080623,808070.7602
20080620,1098432.4157
20080619,1123138.6339999998
20080618,1697071.4285
20080617,767100.5719999999
20080616,1047006.4453
20080613,870272.7263999999
20080612,858158.7723000001
20080611,1044020.0160000001
20080610,1025480.001
20080609,1031443.3561999999
20080606,1719476.9300000002
20080605,1551126.7508000003
20080604,1138033.7480000001
20080603,1015803.3421
20080602,1025822.161
20080530,718668.7552
20080529,869420.118
20080528,839132.155
20080527,907559.5438999999
20080523,817917.9624000001
20080522,1260194.0856
20080521,1211311.3530000001
20080520,1231653.054
20080519,1226309.6251
20080516,933185.682
20080515,724172.5496
20080514,831233.4415999999
20080513,771879.0421
20080512,720959.4172
20080509,698977.6545999999
20080508,935138.3852
20080507,1086055.5312
20080506,837628.8084
20080505,713155.5684
20080502,1002507.9101999999
20080501,990917.0964
20080430,884676.9079
20080429,1006113.6007999999
20080428,1141600.1415000001
20080425,1123456.7322
20080424,783604.4807999999
20080423,1060345.7227999999
20080422,1315602.7864
20080421,1015760.4339999999
20080418,1158555.3284
20080417,1581006.1199999999
20080416,812375.5310000001
20080415,692230.5074000001
20080414,760864.3311999999
20080411,617672.4134999999
20080410,759084.7104000001
20080409,781127.6538
20080408,802053.63
20080407,549554.6304
20080404,635793.606
20080403,766903.049
20080402,685578.1203000001
20080401,800816.3354
20080331,1014313.0088000001
20080328,639345.39
20080327,711231.0519999999
20080326,655271.3348
20080325,915626.6464
20080324,736290.189
20080320,1127630.2928
20080319,944860.7096999999
20080318,991235.28
20080317,957865.9112000001
20080314,968527.0464000001
20080313,934143.1218000001
20080312,885190.9696000001
20080311,808686.6419999999
20080310,726494.2515
20080307,903746.1405
20080306,745338.4001
20080305,1031375.079
20080304,801567.8528
20080303,728707.525
20080229,1052081.652
20080228,601905.9530000001
20080227,599591.4924999999
20080226,1052453.8679999998
20080225,879681.1364
20080222,734739.525
20080221,887712.6719999999
20080220,757254.2796
20080219,769568.0423000001
20080215,1258648.7606
20080214,1003800.564
20080213,1162994.0939999998
20080212,978419.0556
20080211,693147.936
20080208,674640.116
20080207,748916.3719
20080206,956512.557
20080205,903250.3032
20080204,699342.3738999999
20080201,1228895.5728
20080131,1231684.032
20080130,946273.251
20080129,808606.0203999999
20080128,868794.3989999999
20080125,1354371.3323
20080124,1353683.3965
20080123,2271846.4596
20080122,1581830.1135
20080118,1215330.5250000001
20080117,1224025.152
20080116,1284557.0399999998
20080115,794460.4815
20080114,842904.0911999999
20080111,1085814.4919999999
20080110,1315794.5303999998
20080109,1438994.1904000002
20080108,1218065.7747999998
20080107,1117751.6379000002
20080104,959389.1993999999
20080103,1054012.4486
20080102,1053469.1554
20071231,692738.8005
20071228,556519.4639999999
20071227,825480.5316000001
20071226,474394.75999999995
20071224,499569.7226999999
20071221,1430218.4175999998
20071220,769586.0327999999
20071219,820819.6971000001
20071218,1026274.1529
20071217,1002112.8790999999
20071214,1014654.1020000001
20071213,856470.8172
20071212,1033496.6218999999
20071211,1047279.8867999999
20071210,608984.367
20071207,903249.204
20071206,692830.1496000001
20071205,1107520.3766
20071204,694914.0767
20071203,807640.1849999999
20071130,1047066.6096000001
20071129,829142.3400000001
20071128,1125821.3248
20071127,1297698.9168
20071126,938077.375
20071123,887963.0562000001
20071121,987068.7525000001
20071120,1270151.6031999998
20071119,1324797.6153
20071116,904651.7554
20071115,832022.4404999999
20071114,999216.0453
20071113,893008.2285
20071112,776568.6503999999
20071109,1106736.5307
20071108,1396892.7318
20071107,909378.3248
20071106,828587.0184999999
20071105,774336.5928000001
20071102,947867.517
20071101,1060198.003
20071031,774354.8805
20071030,759681.0599999999
20071029,865002.0180000002
20071026,670763.9509999999
20071025,1123720.9829999998
20071024,1080983.6290000002
20071023,771730.83
20071022,917321.398
20071019,1120168.6972
20071018,1056454.362
20071017,801795.8805
20071016,1095247.0863
20071015,1061445.25
20071012,855232.6194000001
20071011,798498.331
20071010,748446.8905999999
20071009,801654.628
20071008,606740.725
20071005,1239177.0559999999
20071004,788102.59
20071003,807506.5284
20071002,901980.5388
20071001,783684.51
20070928,999870.5514000001
20070927,687779.235
20070926,805664.8049999999
20070925,956836.9127999999
20070924,980383.8792000001
20070921,1327235.4139999999
20070920,946309.6775999999
20070919,1100655.3728
20070918,998049.162
20070917,982403.4834999999
20070914,852141.78
20070913,764320.812
20070912,680974.3833
20070911,739946.7005
20070910,873579.204
20070907,872015.2075
20070906,753021.9036
20070905,1001901.5440000001
20070904,715043.34
20070831,868736.7720000001
20070830,681643.025
20070829,917994.1365
20070828,1177122.0089999998
20070827,669728.7832000001
20070824,791526.612
20070823,818645.2826000002
20070822,1005251.6499999999
20070821,910320.8375999999
20070820,1020198.7810000002
20070817,1153953.486
20070816,1544408.0184
20070815,1245102.4209
20070814,896812.4808
20070813,1091433.762
20070810,1191196.1014
20070809,1315383.0478
20070808,1269590.7701
20070807,1260369.8795
20070806,1259465.1719
20070803,1295277.1023000001
20070802,949527.1710000001
20070801,1354281.8510999999
20070731,1467201.0303
20070730,1206944.3232
20070727,1266246.3021
20070726,1605885.4034999998
20070725,1124910.1542
20070724,1062628.5211
20070723,1002251.26
20070720,1203250.4189999998
20070719,1291275.2832
20070718,2847216.435
20070717,914063.8012000001
20070716,597175.6671999999
20070713,782280.1611
20070712,1380409.8888
20070711,1117160.326
20070710,1111854.1408
20070709,639925.1844
20070706,589944.6432
20070705,746490.5769999999
20070703,445570.935
20070702,852979.0895
20070629,1133746.1844
20070628,869030.0025
20070627,834009.8819
20070626,1033122.2949
20070625,899296.6519999999
20070622,1582564.5702
20070621,1360430.6400000001
20070620,1507849.3356
20070619,1290689.4336
20070618,960611.2828
20070615,1425787.4915999998
20070614,955902.8024000002
20070613,1132724.0505
20070612,903918.8004
20070611,723871.0035
20070608,780285.7608
20070607,1356216.1833
20070606,1399852.7799
20070605,1114258.6928
20070604,780977.4208
20070601,981147.2176
20070531,950393.3517
20070530,1063622.5738000001
20070529,731280.0716
20070525,739646.3076
20070524,859639.1760000001
20070523,923514.8526
20070522,892052.0721000001
20070521,1162835.5860000001
20070518,893269.412
20070517,659756.304
20070516,928970.1560000001
20070515,941065.1150000001
20070514,698607.7063000001
20070511,629793.5072
20070510,819506.48
20070509,941815.6412
20070508,912114.2949999999
20070507,1600223.5524
20070504,1131450.3316
20070503,1194306.7433
20070502,885210.2280000001
20070501,972055.6821000001
20070430,938298.8538
20070427,728452.4754
20070426,1221079.4176
20070425,1424664.4888
20070424,1054074.8584999999
20070423,1259542.9115
20070420,1700594.4287999999
20070419,1263289.4957
20070418,783646.2686
20070417,906765.1059999999
20070416,926451.5136000001
20070413,1178304.0696
20070412,1215604.4166
20070411,910736.5007999999
20070410,719011.54
20070409,568039.94
20070405,567490.8448000001
20070404,720442.2729999999
20070403,806803.2227
20070402,764143.4108
20070330,762897.7206000001
20070329,720448.4595
20070328,878991.2457999999
20070327,905128.7432999999
20070326,734224.3781000001
20070323,760640.4064
20070322,1068001.8113
20070321,770210.5730000001
20070320,648629.9302000001
20070319,701387.86
20070316,1241484.9573
20070315,953584.6635
20070314,1237483.5659999999
20070313,829357.254
20070312,624408.912
20070309,654345.3609000001
20070308,767511.591
20070307,1141804.734
20070306,1028373.9411
20070305,934573.4060000001
20070302,981651.7729999999
20070301,1358792.8456
20070228,1435409.664
20070227,1184254.896
20070226,834653.9639999999
20070223,974533.56
20070222,937792.674
20070221,705081.399
20070220,687910.69
20070216,804987.77
20070215,781775.428
20070214,784671.6354
20070213,631884.0073
20070212,571122.9911999999
20070209,632046.3339999999
20070208,564568.032
20070207,713369.436
20070206,642836.068
20070205,1032019.9679999999
20070202,946766.28
20070201,817630.638
20070131,901787.456
20070130,689055.66
20070129,881343.988
20070126,869303.8254999999
20070125,924685.0759999999
20070124,1017481.0680000001
20070123,1354716.5580000002
20070122,1290503.4449999998
20070119,919105.076
20070118,1038730.8360000001
20070117,915857.2660000001
20070116,834798.357
20070112,793861.3439999999
20070111,985428.612
20070110,905168.08
20070109,819230.9140000001
20070108,1130726.76
20070105,824597.05
20070104,850654.7559999999
20070103,1068551.7920000001
20061229,258999.9741
20061228,626018.91
20061227,645408.1499999999
20061226,462191.87799999997
20061222,530156.774
20061221,877860.3239999999
20061220,1166787.949
20061219,1275733.02
20061218,988984.2059999999
20061215,1278636.0320000001
20061214,943486.0559999999
20061213,1024171.664
20061212,1063452.6360000002
20061211,1411335.005
20061208,1100054.85
20061207,1264993.642
20061206,1219262.2400000002
20061205,2943359.124
20061204,7190450.189999999
20061201,1119027.5459999999
20061130,1631594.727
20061129,1156598.234
20061128,849894.77
20061127,1052029.578
20061124,301775.71400000004
20061122,526786.0599999999
20061121,775321.855
20061120,926189.295
20061117,1303641.9840000002
20061116,884086.176
20061115,1053458.5459999999
20061114,1111535.25
20061113,1065679.002
20061110,1209658.071
20061109,2146456.448
20061108,1412342.734
20061107,1239132.4689999998
20061106,881220.801
20061103,724209.66
20061102,770404.1810000001
20061101,1049550.8399999999
20061031,2149343.82
20061030,919610.2399999999
20061027,1079629.582
20061026,1120130.44
20061025,990922.465
20061024,1384987.916
20061023,872557.726
20061020,1346919.872
20061019,1393084.576
20061018,888552.91
20061017,692872.488
20061016,552472.542
20061013,676595.088
20061012,735650.37
20061011,884441.61
20061010,824523.544
20061009,575814.0149999999
20061006,744039.9899999999
20061005,810428.058
20061004,779766.252
20061003,575623.5329999999
20061002,625687.803
20060929,679672.924
20060928,584205.39
20060927,678268.863
20060926,716918.2399999999
20060925,722105.6849999999
20060922,545873.152
20060921,767873.3790000001
20060920,776832.4199999999
20060919,601314.24
20060918,596690.688
20060915,773295.532
20060914,582894.0
20060913,622133.567
20060912,1062804.55
20060911,568241.796
20060908,496862.79199999996
20060907,722209.5
20060906,829382.4
20060905,561568.992
20060901,657244.536
20060831,634932.792
20060830,715361.902
20060829,585912.12
20060828,783433.134
20060825,445531.814
20060824,605918.388
20060823,575083.03
20060822,668356.654
20060821,643446.576
20060818,717950.28
20060817,819123.3
20060816,760767.3250000001
20060815,580396.08
20060814,583834.7039999999
20060811,420767.884
20060810,612105.1089999999
20060809,870047.11
20060808,915924.3840000001
20060807,714400.41
20060804,822747.63
20060803,724504.408
20060802,1558727.04
20060801,867330.4829999999
20060731,1348932.98
20060728,1226073.38
20060727,921750.7049999998
20060726,714010.3829999999
20060725,741671.4240000001
20060724,1175534.363
20060721,884714.9629999999
20060720,793770.4930000001
20060719,783287.75
20060718,604588.532
20060717,528692.238
20060714,636384.974
20060713,584493.164
20060712,390439.284
20060711,647276.346
20060710,339343.081
20060707,413725.12
20060706,478459.136
20060705,711259.584
20060703,372064.10399999993
20060630,737328.826
20060629,607233.3119999999
20060628,452932.23
20060627,490521.48
20060626,719025.6840000001
20060623,503755.84800000006
20060622,527570.595
20060621,854727.7620000001
20060620,1094116.005
20060619,641323.9659999999
20060616,725833.284
20060615,632333.4550000001
20060614,671842.365
20060613,706853.376
20060612,467549.07899999997
20060609,716827.332
20060608,825295.926
20060607,642815.568
20060606,632434.672
20060605,613211.13
20060602,522320.1560000001
20060601,598412.98
20060531,565282.354
20060530,571258.512
20060526,552621.6000000001
20060525,569879.055
20060524,599354.2880000001
20060523,707676.2119999999
20060522,662158.0319999999
20060519,824181.528
20060518,764219.5989999999
20060517,745224.9119999999
20060516,563081.13
20060515,617237.154
20060512,693205.45
20060511,720278.958
20060510,673929.0639999999
20060509,423221.10400000005
20060508,522402.822
20060505,503011.278
20060504,671038.628
20060503,629232.381
20060502,580290.726
20060501,665074.608
20060428,696121.5929999999
20060427,592950.776
20060426,771882.628
20060425,728723.352
20060424,565254.143
20060421,620852.1930000001
20060420,622684.635
20060419,815463.5819999999
20060418,638813.799
20060417,421594.88800000004
20060413,448423.5
20060412,434092.362
20060411,574981.42
20060410,450774.55
