20160408,141883.59468
20160407,199333.7225
20160406,141576.94566
20160405,288034.46567999996
20160404,247116.375
20160401,382096.74965
20160331,243010.45875999998
20160330,351791.72554
20160329,245597.51412
20160328,99930.54138
20160324,189881.57713999998
20160323,179010.45432
20160322,184298.81043
20160321,139532.98732000001
20160318,281445.50005
20160317,185980.4704
20160316,183825.66671000002
20160315,87903.88225000001
20160314,71177.14273
20160311,127598.139
20160310,249345.24852
20160309,81630.76261
20160308,97784.37725
20160307,202626.7474
20160304,248439.71432
20160303,173652.64562
20160302,303001.73274
20160301,167130.32691
20160229,140108.78149999998
20160226,278596.43321999995
20160225,233221.1544
20160224,193172.48577
20160223,123911.18686
20160222,99739.12324999999
20160219,158352.306
20160218,171473.1395
20160217,285714.7425
20160216,160142.94996000003
20160212,130393.66744
20160211,190764.12916
20160210,138892.58956000002
20160209,330755.70651
20160208,351337.33292
20160205,246516.3792
20160204,253522.86201000004
20160203,414178.0456
20160202,146169.80547999998
20160201,182473.29705999998
20160129,285688.38584000006
20160128,258780.3181
20160127,225165.63460000002
20160126,147133.45468
20160125,139877.32863
20160122,162132.40751999998
20160121,196240.99065999998
20160120,408416.6207
20160119,393632.30592
20160115,447353.73514999996
20160114,232016.84337
20160113,385730.90411999996
20160112,147506.44999999998
20160111,210017.81946
20160108,265307.41484000004
20160107,244351.63259
20160106,195424.84775000002
20160105,129814.02869999998
20160104,164456.87998
20151231,95758.375
20151230,80996.52371
20151229,85925.95629
20151228,110513.9464
20151224,37149.44225
20151223,281952.82979999995
20151222,97363.3575
20151221,148899.60126
20151218,259191.99199999997
20151217,279491.53905
20151216,287557.57818
20151215,268714.01616
20151214,331955.17039999994
20151211,530640.7528
20151210,142092.1941
20151209,159667.40774000002
20151208,323184.3238
20151207,208034.0302
20151204,161487.02300000002
20151203,183625.77670000002
20151202,149010.75384
20151201,156677.1668
20151130,207063.26094
20151127,77396.1848
20151125,276640.35036
20151124,199578.21994
20151123,177647.99507
20151120,175573.96425
20151119,119906.34062999999
20151118,139712.56712000002
20151117,259675.14918
20151116,185136.04847
20151113,115511.24176
20151112,127567.41948000001
20151111,341573.89388999995
20151110,144104.73525
20151109,75803.31169999999
20151106,149603.02535999997
20151105,240168.2985
20151104,140599.54958
20151103,230374.60977
20151102,177996.02604
20151030,250887.26778
20151029,181020.77588
20151028,166122.38553
20151027,147887.72493
20151026,116355.6279
20151023,188992.98924
20151022,204419.78685
20151021,154735.39966
20151020,169377.46119
20151019,104809.41533999999
20151016,150800.45190000001
20151015,293314.8006
20151014,452297.79539000004
20151013,480575.80358999997
20151012,212246.63472
20151009,180753.66364
20151008,140295.03671000001
20151007,220229.19152
20151006,135909.0416
20151005,118948.6025
20151002,299863.51164000004
20151001,151482.06699999998
20150930,181542.56952
20150929,386157.7116
20150928,411094.12296
20150925,268477.56326
20150924,235564.21433999998
20150923,247604.53283999997
20150922,338497.07683
20150921,474611.71464
20150918,521657.60688
20150917,288114.89133
20150916,1255407.4456
20150915,340983.63948
20150914,252150.44400000002
20150911,183586.45185
20150910,490929.6634
20150909,286047.13884
20150908,82997.76449999999
20150904,80388.69
20150903,109474.96224
20150902,121165.67460000001
20150901,173566.47772999998
20150831,135563.10866
20150828,147310.95158999998
20150827,239638.7588
20150826,260924.53464
20150825,215707.07538
20150824,548495.07534
20150821,343768.69103999995
20150820,227272.98435
20150819,202016.60334
20150818,311868.4554
20150817,289429.3584
20150814,165168.25808
20150813,63633.13152
20150812,189192.74219999998
20150811,118448.75400000002
20150810,106656.61635
20150807,89611.0104
20150806,96862.3263
20150805,98383.41936
20150804,103507.10600999999
20150803,230823.16875
20150731,246954.67410000003
20150730,472759.8249
20150729,139699.88655000002
20150728,121741.0822
20150727,172802.54684000002
20150724,138834.29119000002
20150723,177706.4638
20150722,108909.98559000001
20150721,196596.92718
20150720,131904.07761
20150717,108505.0145
20150716,234589.46742000003
20150715,134974.09912000003
20150714,258689.55419999998
20150713,198059.12862
20150710,438105.03792
20150709,201108.5748
20150708,98223.38603
20150707,279948.58320000005
20150706,260047.77924
20150702,85179.3032
20150701,142415.21024
20150630,280643.18436
20150629,187743.06819999998
20150626,73299.85068
20150625,191493.42200000002
20150624,130593.68262
20150623,127434.72808
20150622,163900.77168
20150619,156787.97441999998
20150618,153463.1058
20150617,128925.99533
20150616,72318.95919
20150615,187392.8476
20150612,148917.60072
20150611,134015.0499
20150610,111104.45722
20150609,112308.04530000001
20150608,336681.49168000004
20150605,591568.2239999999
20150604,185599.17434000003
20150603,197054.7612
20150602,177798.652
20150601,107127.1916
20150529,122874.99312
20150528,76410.64536
20150527,175319.60082
20150526,95207.21982
20150522,72780.1822
20150521,75560.93754999999
20150520,77317.01040000001
20150519,117599.3532
20150518,134185.394
20150515,114024.5964
20150514,123685.17637
20150513,96081.28029
20150512,141171.47099
20150511,132334.40159999998
20150508,251350.32247
20150507,162185.45574
20150506,283125.87072
20150505,190006.1636
20150504,205318.73059
20150501,96942.29678
20150430,101431.39920000001
20150429,237852.01111999998
20150428,96284.38248
20150427,112284.46668000001
20150424,98151.65364
20150423,163579.0275
20150422,106857.84318000001
20150421,70413.7676
20150420,127709.47759999998
20150417,84609.72256
20150416,99962.04552
20150415,75544.4816
20150414,62711.049479999994
20150413,57250.919879999994
20150410,92675.80357
20150409,108594.91904000001
20150408,158746.33432000002
20150407,89645.89488
20150406,76473.5082
20150402,117458.64701999999
20150401,149120.10252
20150331,99206.82260999999
20150330,93485.21944999999
20150327,147832.065
20150326,211191.98133
20150325,181361.8008
20150324,75191.50974
20150323,130778.39202
20150320,126496.4337
20150319,141866.9595
20150318,158992.49124
20150317,92688.783
20150316,136797.25256999998
20150313,208061.67078999997
20150312,174000.28506000002
20150311,223713.88904
20150310,395584.90551
20150309,166326.09045000002
20150306,255727.68
20150305,114426.58432000001
20150304,205838.31368
20150303,303869.13381
20150302,184376.06277999998
20150227,230628.98766
20150226,211073.97388
20150225,200186.13024
20150224,267587.82204
20150223,202859.23152
20150220,168559.3656
20150219,143443.04676
20150218,120356.98395000001
20150217,185868.72160999998
20150213,153596.03360000002
20150212,177648.97668
20150211,132717.7548
20150210,175185.73189
20150209,267412.67579999997
20150206,262848.77190000005
20150205,192272.69666
20150204,272642.10552
20150203,269141.66055
20150202,159999.71680000002
20150130,374962.90728
20150129,438170.95334999997
20150128,264216.99175
20150127,276115.42654
20150126,435306.33751
20150123,444979.82888000004
20150122,154363.91295
20150121,200852.41575
20150120,139002.20126
20150116,176032.06719000003
20150115,139139.40768
20150114,101353.9075
20150113,398116.95902999997
20150112,133523.13179999997
20150109,108484.3739
20150108,141916.79968
20150107,201000.1632
20150106,185248.66035
20150105,217327.69962
20150102,100853.84224
20141231,75201.048
20141230,110685.082
20141229,47931.87928
20141226,33343.50084
20141224,20723.53359
20141223,78025.99756
20141222,126826.66275999999
20141219,103409.66492999998
20141218,227182.31728
20141217,207806.47784
20141216,326373.56061000004
20141215,228045.41760000002
20141212,231654.60516
20141211,119425.03054
20141210,176982.81447
20141209,248042.5962
20141208,239297.58216
20141205,127847.544
20141204,162775.73884
20141203,101271.88365
20141202,102684.98100000001
20141201,388876.70440000005
20141128,78514.91374999999
20141126,86029.49922
20141125,122333.37732
20141124,202373.89302
20141121,132194.73744
20141120,156294.48543
20141119,136868.7408
20141118,107490.96687999999
20141117,67492.47615999999
20141114,84198.04931999999
20141113,87278.822
20141112,97059.13752
20141111,98680.8192
20141110,60923.12848
20141107,79175.73872000001
20141106,158137.99049999999
20141105,160487.9591
20141104,180089.0288
20141103,147773.3096
20141031,256805.83334000004
20141030,161368.27851000003
20141029,102973.93536
20141028,80443.21779000001
20141027,155146.212
20141024,67296.8925
20141023,111608.85075000001
20141022,219640.19895999998
20141021,180457.93988000002
20141020,98000.47263999999
20141017,141964.70059999998
20141016,398608.38965
20141015,255655.76886
20141014,122991.28697000002
20141013,150221.71355000001
20141010,272553.39342000004
20141009,224133.05388
20141008,308406.31124999997
20141007,205836.88008
20141006,106534.68462
20141003,179863.3487
20141002,218785.44474
20141001,300301.1895
20140930,165572.6544
20140929,123524.06274
20140926,97155.28206
20140925,81942.99564
20140924,95331.34622
20140923,222183.834
20140922,123341.94047999999
20140919,121686.31533000001
20140918,118838.18348
20140917,102666.2259
20140916,351012.65064
20140915,431770.75095
20140912,96635.78575000001
20140911,66989.98518
20140910,72368.75417
20140909,72751.29060000001
20140908,68200.82445
20140905,65653.1092
20140904,163156.9384
20140903,87539.62473
20140902,95440.1952
20140829,104741.2134
20140828,54270.6996
20140827,103522.53048
20140826,89116.72414
20140825,77774.3643
20140822,62035.14346000001
20140821,57690.106640000005
20140820,90070.19775
20140819,46955.5386
20140818,92236.09686
20140815,95074.00448
20140814,55544.6482
20140813,96477.0716
20140812,136849.82244
20140811,79951.39301
20140808,99498.79664000002
20140807,79815.37995
20140806,110656.40749000001
20140805,189915.78759999998
20140804,157436.39943000002
20140801,206099.41872000002
20140731,186618.37864
20140730,90090.93264000001
20140729,134079.90057
20140728,141527.98341000002
20140725,116857.09727999999
20140724,78125.62116000001
20140723,57527.995899999994
20140722,72076.29801999999
20140721,96746.0736
20140718,83559.60195000001
20140717,132979.288
20140716,79251.36024
20140715,99056.98096
20140714,62112.60198
20140711,102431.90776
20140710,93319.60096
20140709,70930.647
20140708,93229.371
20140707,81880.7588
20140703,50893.28595
20140702,119613.41795999999
20140701,127949.74242000001
20140630,110801.12554
20140627,84305.62014
20140626,228819.87627
20140625,159181.21188000002
20140624,145526.84266999998
20140623,287642.05027
20140620,595334.5402800001
20140619,89681.37075
20140618,87906.56777
20140617,89196.84609
20140616,83868.5491
20140613,88627.5808
20140612,145008.27696
20140611,160322.6868
20140610,358357.97734
20140609,107746.51406999999
20140606,92161.26381
20140605,74108.62732999999
20140604,78482.9765
20140603,43517.21585
20140602,82554.93675000001
20140530,127559.52192000001
20140529,149850.9573
20140528,145061.20954
20140527,91868.17905
20140523,60447.05345
20140522,59434.193
20140521,61157.922
20140520,88063.74134
20140519,205076.65464
20140516,150791.13945
20140515,129958.59696000001
20140514,73612.85634
20140513,109428.66906
20140512,71821.51697
20140509,80551.436
20140508,120018.5137
20140507,153098.07984
20140506,74945.7108
20140505,69754.47752
20140502,74918.0817
20140501,105657.45418
20140430,301525.83603999997
20140429,191061.44749999998
20140428,175660.27002
20140425,86134.2318
20140424,86581.19856
20140423,79876.27440000001
20140422,60092.656520000004
20140421,56826.62415999999
20140417,106002.5148
20140416,113163.67679999999
20140415,219666.20552000002
20140414,185824.30797000002
20140411,116131.5936
20140410,112148.41948
20140409,136291.83542
20140408,188817.39065000002
20140407,260242.91300000003
20140404,145572.3423
20140403,131166.53178
20140402,69714.72069999999
20140401,138332.502
20140331,142048.96289999998
20140328,127341.80595
20140327,107733.8265
20140326,86677.54105999999
20140325,74986.58572
20140324,89508.4855
20140321,117953.2449
20140320,87964.25265
20140319,160217.47378
20140318,165248.07110000003
20140317,136795.1922
20140314,152554.4796
20140313,211250.29244000002
20140312,140497.99183999997
20140311,78057.48775
20140310,66813.21152
20140307,110014.81764000001
20140306,104671.88599000001
20140305,122506.326
20140304,82183.00424
20140303,194182.2012
20140228,163734.21206999998
20140227,88528.97477999999
20140226,304398.1425
20140225,206191.52474000002
20140224,228016.9947
20140221,97292.32632000001
20140220,83525.81235
20140219,93237.21231999999
20140218,134485.41111999998
20140214,124287.01496999999
20140213,76738.7685
20140212,112310.55248000001
20140211,156344.11701
20140210,96743.8468
20140207,131147.66126999998
20140206,121897.84416000001
20140205,161602.3119
20140204,255676.38534
20140203,297771.28177
20140131,228788.26605
20140130,146452.17275
20140129,262886.4108
20140128,176997.03827999998
20140127,147310.32481
20140124,276121.9387
20140123,152907.11964
20140122,99328.64196
20140121,198530.70875
20140117,276108.90083
20140116,94289.60595000001
20140115,158983.04058
20140114,153177.64689
20140113,153436.35006
20140110,82882.97720000001
20140109,115573.04990000001
20140108,101304.14385000001
20140107,138601.28736000002
20140106,185115.35946
20140103,53134.5906
20140102,142870.52375
20131231,52496.384139999995
20131230,103686.8832
20131227,92418.94992
20131226,63578.21466
20131224,25814.348749999997
20131223,92177.89278
20131220,90718.33896
20131219,136801.61572
20131218,77766.95969
20131217,77096.16807
20131216,83244.98879999999
20131213,111822.3348
20131212,84397.85695
20131211,110473.21452000001
20131210,99813.23229999999
20131209,85287.15598999998
20131206,83284.55289
20131205,164149.02432
20131204,130240.537
20131203,152187.2703
20131202,109224.98752
20131129,35445.035859999996
20131127,71580.63743999999
20131126,81895.98528
20131125,108110.54080000002
20131122,120608.61343999999
20131121,48312.80575
20131120,75655.22844
20131119,119398.52871
20131118,154222.01729
20131115,116836.05892000001
20131114,149504.30974
20131113,107947.85736000001
20131112,185026.8449
20131111,272321.67325
20131108,178886.5976
20131107,86988.36575
20131106,89564.868
20131105,68090.1155
20131104,142934.52198
20131101,118337.41638000001
20131031,306878.98120000004
20131030,222801.00512000002
20131029,106891.84338000002
20131028,128542.41047999999
20131025,147097.65509999997
20131024,65597.30408
20131023,116826.85785999999
20131022,91436.22687
20131021,81045.98733
20131018,97573.8322
20131017,109885.98
20131016,48021.245
20131015,66192.83684999999
20131014,63458.24345
20131011,98020.98527
20131010,103014.25008000001
20131009,282289.91536000004
20131008,118827.47264
20131007,105456.39468000001
20131004,49913.9396
20131003,29745.1728
20131002,96301.42735999999
20131001,162201.25866999998
20130930,117397.74399999999
20130927,145825.75287
20130926,302926.61277999997
20130925,163454.45374
20130924,109724.97833000001
20130923,124521.22154999999
20130920,140902.35912
20130919,273429.77258999995
20130918,162177.82872000002
20130917,128774.47307999998
20130916,142666.40192
20130913,104310.51642
20130912,323731.144
20130911,123733.48680000001
20130910,71722.9496
20130909,100904.46384
20130906,138520.48299
20130905,82970.40726
20130904,81058.08095999999
20130903,85041.70024
20130830,99323.2798
20130829,94231.4742
20130828,123082.096
20130827,99435.09284000001
20130826,55983.07715
20130823,64585.508480000004
20130822,52639.05811
20130821,120622.59648000001
20130820,126265.3285
20130819,121149.9684
20130816,94183.17285
20130815,130294.57216
20130814,118878.3321
20130813,67272.1739
20130812,105262.66932999999
20130809,127232.29688000001
20130808,265718.01711
20130807,136688.00016
20130806,96353.47526
20130805,85029.68404000001
20130802,158729.25965000002
20130801,239017.96682
20130731,452467.39793
20130730,136822.41732
20130729,87648.69334
20130726,101588.30924999999
20130725,111631.85748
20130724,248252.00051999997
20130723,260678.21976000004
20130722,104435.75723999999
20130719,143075.21151000002
20130718,269568.85395
20130717,140343.45437000002
20130716,220517.06185000003
20130715,103698.51088000002
20130712,196402.26516
20130711,199277.88391000003
20130710,86398.40725
20130709,75265.722
20130708,116784.92945999998
20130705,85301.83200000001
20130703,168262.19496
20130702,101746.02214000002
20130701,214073.42032
20130628,215104.65342000002
20130627,136754.82292
20130626,185263.28519
20130625,191234.77808
20130624,398899.13736
20130621,198216.95712
20130620,352893.09528
20130619,120074.10792000001
20130618,176245.9306
20130617,222521.835
20130614,71936.36905000001
20130613,90692.39027999999
20130612,72775.5798
20130611,70415.78568000002
20130610,67281.02568
20130607,151614.05751
20130606,108323.658
20130605,135708.54385000002
20130604,67009.05148
20130603,92233.10577000001
20130531,144182.49480000001
20130530,90561.8076
20130529,72001.01319
20130528,54336.01539
20130524,59627.750159999996
20130523,90681.57119999999
20130522,90364.73823999999
20130521,99927.81199999999
20130520,79543.71964
20130517,129638.46592
20130516,56400.62376
20130515,92641.09088
20130514,84202.25267999999
20130513,87546.14914000001
20130510,43405.04925
20130509,74503.98862
20130508,117736.49163
20130507,75626.41855999999
20130506,58235.861999999994
20130503,198058.0992
20130502,14462.94476
20130501,124456.86998999999
20130430,471619.16326
20130429,370255.59032
20130426,325739.02999
20130425,155143.62791999997
20130424,145399.36016
20130423,125429.04368
20130422,93848.38344
20130419,117378.05376
20130418,130325.22469999999
20130417,175931.46074
20130416,70840.14872
20130415,103985.00101
20130412,151593.97638
20130411,90541.61584
20130410,210891.90144
20130409,88693.89804
20130408,120883.77214000002
20130405,128349.1728
20130404,98595.01685
20130403,391916.98388
20130402,163316.92403999998
20130401,48441.442919999994
20130328,98663.10905
20130327,112669.93590000001
20130326,133405.88523
20130325,232446.55640000003
20130322,217205.2701
20130321,197195.48235
20130320,110641.40027999999
20130319,108500.86224
20130318,130321.9323
20130315,118748.89308000001
20130314,71569.69504
20130313,95529.3651
20130312,92256.59513
20130311,116117.35434000002
20130308,197667.36894000001
20130307,123546.61241999999
20130306,67628.5142
20130305,126722.89970000001
20130304,185110.06394999998
20130301,177230.73456
20130228,219802.28828999997
20130227,226460.53494
20130226,172954.5966
20130225,293065.41072
20130222,88549.63936
20130221,175097.38352
20130220,222264.65656
20130219,164071.96281
20130215,230142.69234000004
20130214,469973.92008
20130213,147492.69816
20130212,182347.04479999997
20130211,170521.45454
20130208,210673.98324
20130207,193289.6736
20130206,105354.41554000002
20130205,214976.76792
20130204,392796.22965000005
20130201,437039.74104
20130131,1195325.2815999999
20130130,122499.39258000001
20130129,93070.20996
20130128,167934.62874000001
20130125,101100.73715999999
20130124,55971.21886
20130123,68449.83492000001
20130122,54379.82172000001
20130118,42150.9046
20130117,162493.60528999998
20130116,118346.9111
20130115,44662.42151
20130114,45142.4808
20130111,66812.52
20130110,68708.49248999999
20130109,210244.79987000002
20130108,115912.23523
20130107,114762.56999999999
20130104,90315.14709
20130103,60899.133149999994
20130102,92078.57904000001
20121231,38948.58485
20121228,37574.14592
20121227,46115.141039999995
20121226,23580.55688
20121224,20023.19928
20121221,77086.3625
20121220,95373.1317
20121219,44474.42727
20121218,100766.39043000001
20121217,69406.81479
20121214,88037.99424
20121213,63169.87776
20121212,107022.87371999999
20121211,115366.93772999999
20121210,28005.88111
20121207,103720.06124999998
20121206,37302.98102
20121205,58191.8916
20121204,99036.91799999999
20121203,86413.48434000001
20121130,76023.674
20121129,89775.87816000001
20121128,53878.329840000006
20121127,66945.89872
20121126,40390.818649999994
20121123,23517.391460000003
20121121,50374.43439999999
20121120,66804.21132
20121119,75450.62238
20121116,47214.497240000004
20121115,99182.08884000001
20121114,66255.58926
20121113,98623.93871999999
20121112,43852.825280000005
20121109,60405.37008
20121108,38338.25108
20121107,55334.75706
20121106,46499.68512
20121105,67866.74429
20121102,69348.2356
20121101,135204.24288
20121031,136336.3988
20121026,76733.73525
20121025,42199.903289999995
20121024,82897.65282
20121023,52108.38302
20121022,73334.69864
20121019,92220.50039999999
20121018,94817.33148000001
20121017,183950.4051
20121016,166135.44427
20121015,144573.13371
20121012,95316.6393
20121011,60368.5476
20121010,63507.90536
20121009,100743.60391
20121008,44076.4225
20121005,225415.0224
20121004,94086.31828
20121003,251791.08479999998
20121002,124855.64345
20121001,68420.40904999999
20120928,103856.51309
20120927,92695.52235999999
20120926,80514.82746000001
20120925,89730.78179999998
20120924,34669.48332
20120921,62973.748530000004
20120920,68973.687
20120919,120632.26484999999
20120918,125267.14473999999
20120917,164976.24891
20120914,88752.78625
20120913,85193.02527000001
20120912,101792.32596000002
20120911,128025.24944
20120910,109544.08986
20120907,182052.25809999998
20120906,181818.04134000003
20120905,126428.31124000001
20120904,139854.73194
20120831,82295.79906
20120830,88889.52434999999
20120829,108728.47301
20120828,106116.72744
20120827,75987.51426
20120824,107831.85439999998
20120823,75685.13238
20120822,84010.81911
20120821,105421.99842
20120820,76862.31614
20120817,41156.38442
20120816,34322.3802
20120815,40878.1618
20120814,29730.99024
20120813,48551.649600000004
20120810,68974.18092
20120809,76408.0317
20120808,73818.26707999999
20120807,86893.20975
20120806,84945.42903
20120803,223866.40725000002
20120802,96944.74296
20120801,597136.949
20120731,156011.35246
20120730,123933.41146999999
20120727,140323.85872
20120726,145651.96422000002
20120725,74735.1128
20120724,86690.2272
20120723,71835.33129999999
20120720,65147.36579
20120719,71895.42432
20120718,81500.91696
20120717,61505.29728
20120716,83070.95638
20120713,89378.30105
20120712,89706.50087
20120711,155462.0518
20120710,88753.92141
20120709,139797.09667
20120706,86971.5308
20120705,129226.34783999999
20120703,75986.51435
20120702,168330.0307
20120629,418567.75920000003
20120628,90834.45694000002
20120627,163862.1396
20120626,144185.85506
20120625,153018.85429999998
20120622,64638.68400000001
20120621,46494.76095
20120620,90979.92705
20120619,45341.58064
20120618,79224.32574
20120615,78047.27034
20120614,122182.29827999999
20120613,225287.93039999998
20120612,115191.69903
20120611,137300.4192
20120608,106676.31887999999
20120607,118128.63399999999
20120606,78411.97832000001
20120605,95236.55681999998
20120604,96145.66915
20120601,222763.51823
20120531,89781.032
20120530,107192.92896
20120529,89953.8248
20120525,127392.18096
20120524,289500.16318000003
20120523,243929.47122
20120522,145030.69152000002
20120521,122693.65007999999
20120518,175300.27334999997
20120517,208311.76377000002
20120516,209501.561
20120515,123231.16728
20120514,129956.95266
20120511,36188.76345
20120510,72057.19888
20120509,103725.43147
20120508,93092.70880000001
20120507,118860.87968
20120504,117824.73000000001
20120503,170984.42086
20120502,64914.69656
20120501,98702.16125999998
20120430,152049.79526
20120427,57860.084480000005
20120426,64869.33030000001
20120425,81870.0218
20120424,79921.112
20120423,52721.157060000005
20120420,79295.92062
20120419,127839.99360000002
20120418,202066.11414
20120417,180823.85872
20120416,88999.05008
20120413,66030.46584
20120412,89221.11319
20120411,64638.51141000001
20120410,103954.45059999998
20120409,64067.301900000006
20120405,94585.8836
20120404,141376.11930000002
20120403,68595.11576
20120402,43785.338560000004
20120330,83251.74672
20120329,128336.832
20120328,61625.28856
20120327,92825.26922
20120326,76074.28488
20120323,59415.01995000001
20120322,70861.21622
20120321,59510.745859999995
20120320,55926.433639999996
20120319,71148.72867
20120316,124417.9277
20120315,115702.84320000002
20120314,139122.92526000002
20120313,139178.24910000002
20120312,98684.12586
20120309,72030.14516
20120308,129718.54864000001
20120307,78575.32602000001
20120306,144856.81223999997
20120305,98154.603
20120302,58260.1712
20120301,99733.30246
20120229,74183.27325
20120228,62845.952399999995
20120227,30786.380689999998
20120224,49861.869999999995
20120223,75307.782
20120222,73295.60149999999
20120221,34055.4549
20120217,41071.90563
20120216,97603.35867
20120215,45403.09509
20120214,63898.018919999995
20120213,68716.15506
20120210,56689.35349999999
20120209,87447.528
20120208,54094.4318
20120207,149268.14419999998
20120206,137467.0563
20120203,126056.82168000001
20120202,100130.13614999999
20120201,99784.26834000001
20120131,63926.09279999999
20120130,54288.9018
20120127,64743.275550000006
20120126,75948.06594
20120125,57110.72974
20120124,77087.10912
20120123,89370.84474
20120120,91589.76617999999
20120119,90269.7264
20120118,52064.80212
20120117,37946.403900000005
20120113,61883.83102
20120112,59547.76947
20120111,52615.01826
20120110,76489.82945
20120109,77649.0916
20120106,46617.97536
20120105,40835.1823
20120104,49753.21888
20120103,48532.746139999996
20111230,51816.92103
20111229,37083.28277
20111228,25869.521699999998
20111227,48514.75733
20111223,26685.556109999998
20111222,29946.47456
20111221,88797.9508
20111220,61580.3408
20111219,75031.52721
20111216,150814.06451999999
20111215,68870.67158
20111214,43913.22108
20111213,74619.9156
20111212,50956.10094
20111209,61569.47372
20111208,71691.98064
20111207,47175.506290000005
20111206,53875.429200000006
20111205,53680.5206
20111202,70925.71161
20111201,137317.1809
20111130,92508.06
20111129,53461.7886
20111128,56042.16446
20111125,29629.375020000003
20111123,87362.04477
20111122,91313.66827
20111121,44616.7416
20111118,71456.69301999999
20111117,73632.80032000001
20111116,64414.85408
20111115,54364.92888
20111114,82015.956
20111111,105743.65571
20111110,111572.15056000001
20111109,95698.98646
20111108,98540.175
20111107,69811.83038
20111104,34348.09068
20111103,54119.23053
20111102,62218.22879999999
20111101,68502.0567
20111031,71207.50464
20111028,78808.6115
20111027,126758.2786
20111026,75092.80658
20111025,52379.39583
20111024,47850.432
20111021,62157.717860000004
20111020,99543.9537
20111019,50162.29288
20111018,77079.72224
20111017,124774.617
20111014,73458.54844999999
20111013,47729.58917
20111012,75447.33148000001
20111011,56433.9776
20111010,50232.28446
20111007,126869.66064
20111006,104451.07104
20111005,102256.04244
20111004,120866.11098
20111003,109366.53264
20110930,97483.41191999998
20110929,63014.543900000004
20110928,70039.11936
20110927,95404.01974
20110926,97704.97716
20110923,57963.175690000004
20110922,83219.5
20110921,55655.93460000001
20110920,65141.37952
20110919,74360.24674999999
20110916,115144.35445
20110915,91489.4925
20110914,76656.34997
20110913,161073.89554
20110912,148735.51938
20110909,95481.59984
20110908,90554.19168
20110907,77858.98461
20110906,146540.47185
20110902,43236.1114
20110901,76119.4118
20110831,56933.825399999994
20110830,44484.26334
20110829,46613.39616
20110826,52038.932389999994
20110825,68444.60238
20110824,92855.49944999999
20110823,67981.4234
20110822,76857.09486
20110819,197642.88882
20110818,294245.98188000004
20110817,113589.75521999999
20110816,95764.92992000001
20110815,85279.57800000001
20110812,184688.84102
20110811,262548.89096999995
20110810,294823.78904
20110809,183070.95372
20110808,291846.38854
20110805,255934.65519999998
20110804,298617.82028
20110803,90459.4552
20110802,67466.2854
20110801,91219.51072
20110729,75844.60631999999
20110728,75658.284
20110727,81312.18702000001
20110726,103098.57161999999
20110725,84466.6656
20110722,119539.719
20110721,91075.08927
20110720,93615.375
20110719,131307.15096
20110718,129225.0428
20110715,115005.54086
20110714,133449.93828
20110713,126187.92725000001
20110712,218927.88111999998
20110711,139062.21615
20110708,64165.84517
20110707,88717.0059
20110706,38683.31544
20110705,83685.32304
20110701,72497.72378
20110630,55641.27767
20110629,78912.008
20110628,55699.097499999996
20110627,79796.33042
20110624,113621.0502
20110623,64536.75988
20110622,61972.66488
20110621,52946.008499999996
20110620,31048.419599999997
20110617,52273.6092
20110616,56514.04038
20110615,89519.92716
20110614,54094.84736
20110613,28954.717279999997
20110610,52271.01
20110609,30906.651960000003
20110608,44759.383200000004
20110607,22643.37285
20110606,38409.6492
20110603,51087.406149999995
20110602,59935.02832
20110601,61866.52056000001
20110531,60624.910079999994
20110527,31314.51902
20110526,39199.24736
20110525,34049.33672
20110524,34116.2949
20110523,48479.31108
20110520,45946.66931999999
20110519,59839.367139999995
20110518,50690.47018
20110517,67968.54
20110516,70847.54765000001
20110513,94858.9815
20110512,48420.76361
20110511,94905.21049999999
20110510,39050.6085
20110509,69753.584
20110506,131002.30540000001
20110505,163958.2425
20110504,170530.50901999997
20110503,55027.147469999996
20110502,65361.96807
20110429,50216.577939999996
20110428,83556.71488
20110427,52013.96235
20110426,66476.68308999999
20110425,39193.21406
20110421,38256.66048
20110420,89244.97858
20110419,141225.19478
20110418,215629.97329
20110415,73783.32146
20110414,96006.8461
20110413,44676.1275
20110412,49117.290389999995
20110411,32545.87892
20110408,40001.26629
20110407,71920.43475
20110406,28561.642069999998
20110405,39424.98560000001
20110404,40643.41095
20110401,91219.57991999999
20110331,58411.44655
20110330,56143.9911
20110329,138755.25890000002
20110328,37780.41111
20110325,51178.01199
20110324,45095.12717
20110323,45418.39833
20110322,35832.496
20110321,41242.14784
20110318,79873.38752
20110317,65834.72696999999
20110316,121304.69889999999
20110315,131111.34884999998
20110314,44909.23085
20110311,49314.818699999996
20110310,84810.64199999999
20110309,47664.33225000001
20110308,56161.678199999995
20110307,76433.23943999999
20110304,112375.94524
20110303,205018.44509999998
20110302,73128.3135
20110301,71185.83048
20110228,39804.60848
20110225,79726.24320000001
20110224,107295.94008
20110223,133342.3462
20110222,182735.78084999998
20110218,92768.9769
20110217,99678.2517
20110216,128259.92806
20110215,48828.09196
20110214,118855.32415999999
20110211,97850.30761
20110210,51031.77503999999
20110209,105669.75185
20110208,145768.32627
20110207,40232.82718
20110204,67699.11411
20110203,64408.231999999996
20110202,63855.39375
20110201,46880.2637
20110131,53089.74598
20110128,99293.85336
20110127,53380.30041999999
20110126,38872.436980000006
20110125,72228.29333999999
20110124,41640.216459999996
20110121,68522.3628
20110120,91494.28672
20110119,38494.6131
20110118,36025.746100000004
20110114,54912.23094
20110113,35920.140479999995
20110112,45627.27468
20110111,21871.7028
20110110,30026.84976
20110107,71643.31779999999
20110106,104381.37242
20110105,64528.71258000001
20110104,31773.470160000004
20110103,47573.16159
20101231,25649.50938
20101230,19497.01572
20101229,23108.06806
20101228,17287.815000000002
20101227,16839.68699
20101223,32850.2619
20101222,30023.700839999998
20101221,35665.24758
20101220,48863.772320000004
20101217,30792.260159999998
20101216,30915.43364
20101215,41247.323039999996
20101214,28403.38116
20101213,38484.59538
20101210,41769.76296
20101209,84107.56640000001
20101208,34684.01874
20101207,90437.67081
20101206,64642.327620000004
20101203,72064.6113
20101202,125420.4512
20101201,218018.57472
20101130,184167.83521999998
20101129,196998.36344000002
20101126,44253.828720000005
20101124,47288.07430000001
20101123,79948.4805
20101122,44875.870200000005
20101119,36967.76378
20101118,41114.32425
20101117,59076.66266
20101116,32691.91856
20101115,35560.47474
20101112,63131.263000000006
20101111,56916.66764
20101110,42200.564699999995
20101109,64761.898499999996
20101108,74666.29014
20101105,91273.53456
20101104,71138.19859999999
20101103,114046.29599999999
20101102,41159.94186
20101101,30055.377520000002
20101029,26674.317499999997
20101028,38484.33837
20101027,108283.83312000001
20101026,70136.38912
20101025,64074.834
20101022,51106.52625
20101021,73742.7182
20101020,67168.94572999999
20101019,95482.85076000002
20101018,105704.31628
20101015,129656.22656
20101014,77537.82440000001
20101013,106214.9088
20101012,95801.08565
20101011,92618.20066
20101008,94794.7616
20101007,106241.89378
20101006,38294.56435
20101005,69452.0414
20101004,33127.265340000005
20101001,35588.84602
20100930,30956.373750000002
20100929,46474.16268
20100928,33809.888249999996
20100927,39112.74588
20100924,46016.1062
20100923,25350.18304
20100922,26321.976799999997
20100921,37425.67486
20100920,19882.8864
20100917,26696.03136
20100916,25085.03511
20100915,35535.98958
20100914,28219.273650000003
20100913,34460.18144
20100910,29957.0776
20100909,31265.2071
20100908,43622.30985
20100907,22149.7977
20100903,24696.5009
20100902,28951.176800000005
20100901,43654.6908
20100831,23981.452559999998
20100830,20780.17098
20100827,16275.22292
20100826,26377.97112
20100825,30411.90695
20100824,13524.54969
20100823,18955.91445
20100820,29231.024900000004
20100819,25129.90017
20100818,17715.97399
20100817,20778.922779999997
20100816,19564.96832
20100813,25863.03368
20100812,38774.3511
20100811,37895.91165
20100810,24374.017409999997
20100809,28823.18992
20100806,41241.36168
20100805,31995.74844
20100804,32885.5656
20100803,16472.67468
20100802,17359.464320000003
20100730,31343.072600000003
20100729,17427.28888
20100728,16068.31374
20100727,24939.4257
20100726,23345.440000000002
20100723,29413.498730000003
20100722,29356.077869999997
20100721,23969.43204
20100720,20440.7175
20100719,12284.54819
20100716,29315.94785
20100715,27408.86805
20100714,47624.45939999999
20100713,36142.18305
20100712,20554.768399999997
20100709,24512.358399999997
20100708,23535.654000000002
20100707,24897.35985
20100706,20253.86836
20100702,26030.653599999998
20100701,41980.75574
20100630,29529.174629999998
20100629,22825.226319999998
20100628,15824.71299
20100625,21211.477830000003
20100624,27925.44768
20100623,29882.842340000003
20100622,30869.11
20100621,16437.10533
20100618,18432.0625
20100617,18544.05872
20100616,21078.64044
20100615,68755.51574999999
20100614,31838.49112
20100611,25380.223920000004
20100610,27049.307580000004
20100609,43898.645
20100608,36756.38736000001
20100607,42408.967020000004
20100604,42329.10202
20100603,31305.010100000003
20100602,23285.98558
20100601,12973.17091
20100528,18313.26213
20100527,27034.81088
20100526,39081.504
20100525,35068.211839999996
20100524,19174.560899999997
20100521,53219.36445000001
20100520,41135.951
20100519,47801.929840000004
20100518,37114.73929
20100517,46975.7634
20100514,36628.589140000004
20100513,14144.29137
20100512,16667.90496
20100511,35613.634320000005
20100510,54921.905399999996
20100507,68372.39259999999
20100506,62476.22248
20100505,61561.94919
20100504,35166.09873
20100503,11275.84576
20100430,18015.696450000003
20100429,19250.51445
20100428,36535.11576
20100427,37200.523349999996
20100426,11998.532
20100423,14548.4
20100422,13832.154000000002
20100421,67155.7926
20100420,16607.6757
20100419,28015.0208
20100416,35670.551799999994
20100415,20100.797039999998
20100414,26017.455560000002
20100413,19212.1515
20100412,11031.034950000001
20100409,24256.44205
20100408,10352.151530000001
20100407,6279.7568
20100406,8591.731810000001
20100405,7605.9753
20100401,9870.0776
20100331,15762.14395
20100330,16620.5235
20100329,10859.622839999998
20100326,11775.3832
20100325,12198.93584
20100324,14623.110319999998
20100323,21835.734800000002
20100322,18036.00414
20100319,31333.718850000005
20100318,55697.293999999994
20100317,33950.70146
20100316,31357.439469999998
20100315,12727.40401
20100312,8019.4422
20100311,12914.262900000002
20100310,47127.431249999994
20100309,26995.399900000004
20100308,16136.68
20100305,37657.4608
20100304,61778.26172
20100303,14843.806
20100302,8665.06906
20100301,13580.611200000001
20100226,12001.986
20100225,10544.631300000001
20100224,13939.167220000001
20100223,13765.5882
20100222,19191.87137
20100219,22995.78712
20100218,19549.20804
20100217,14878.710000000001
20100216,5796.4432400000005
20100212,5795.8332199999995
20100211,9176.10836
20100210,9236.4573
20100209,12610.15392
20100208,9949.00704
20100205,26241.35383
20100204,42745.75198
20100203,10292.892389999999
20100202,14861.92192
20100201,12637.3776
20100129,16481.73475
20100128,10308.920020000001
20100127,13970.84782
20100126,7674.65153
20100125,20292.73675
20100122,36739.75536
20100121,47225.67192
20100120,22094.392450000003
20100119,10482.499029999999
20100115,20761.185060000003
20100114,7682.079120000001
20100113,11550.36117
20100112,23312.896
20100111,6141.84988
20100108,24698.98055
20100107,15914.426640000001
20100106,9067.0528
20100105,7463.529850000001
20100104,7465.438830000001
20091231,1840.8214000000003
20091230,3112.2936799999998
20091229,5038.89001
20091228,6800.5746
20091224,2125.3518
20091223,9854.68272
20091222,7515.74264
20091221,5155.94105
20091218,15745.07466
20091217,6794.7773099999995
20091216,14370.530400000001
20091215,5076.425700000001
20091214,7147.079240000001
20091211,4848.12816
20091210,3794.30445
20091209,6238.57828
20091208,13172.779120000001
20091207,11574.675
20091204,21217.81536
20091203,9089.8752
20091202,28871.253399999998
20091201,23844.287500000002
20091130,16672.140799999997
20091127,40907.25276
20091125,18254.8884
20091124,12434.0662
20091123,23300.46036
20091120,38160.539730000004
20091119,37270.442
20091118,20311.434989999998
20091117,17997.83193
20091116,21595.6914
20091113,28384.9555
20091112,101190.18699
20091111,20632.26112
20091110,20905.59968
20091109,4610.48588
20091106,12249.99272
20091105,8283.768970000001
20091104,10017.5534
20091103,11555.1408
20091102,10308.04963
20091030,8747.26636
20091029,36929.79485
20091028,8156.54997
20091027,11505.3092
20091026,9650.89643
20091023,16659.763499999997
20091022,42448.3013
20091021,23190.92424
20091020,18003.498949999997
20091019,9576.82996
20091016,24043.26855
20091015,6950.387780000001
20091014,8564.420199999999
20091013,4774.8759
20091012,1044.6989999999998
20091009,8671.75462
20091008,17543.37674
20091007,7369.986559999999
20091006,8544.19256
20091005,22705.448
20091002,17607.347999999998
20091001,11278.85764
20090930,4895.50422
20090929,4278.64304
20090928,4355.69211
20090925,4452.56024
20090924,6640.08224
20090923,9338.5845
20090922,33398.8965
20090921,26658.3852
20090918,72550.845
20090917,16751.25025
20090916,53441.729550000004
20090915,1686.5987499999999
20090914,512.39466
20090911,2156.19345
20090910,806.49
20090909,468.4141
20090908,167.91
20090904,242.8328
20090903,458.3796
20090902,856.83525
20090901,464.13599999999997
20090831,300.67519999999996
20090828,407.6142
20090827,492.21229
20090826,632.7825
20090825,1438.6872
20090824,496.85020000000003
20090821,549.46735
20090820,570.836
20090819,253.58007999999998
20090818,126.3922
20090817,1102.11165
20090814,749.2320000000001
20090813,9628.551
20090812,560.3735499999999
20090811,385.05240000000003
20090810,154.176
20090807,295.36215000000004
20090806,242.507
20090805,1463.1584
20090804,1509.7905
20090803,664.8113199999999
20090731,949.4671999999999
20090730,1537.3944
20090729,669.9337499999999
20090728,813.9061800000001
20090727,292.7232
20090724,970.6473000000001
20090723,299.7288
20090722,5880.57085
20090721,1165.9875
20090720,1456.0332499999997
20090717,802.3125
20090716,338.03385
20090715,218.53740000000002
20090714,242.3448
20090713,8711.175
20090710,736.658
20090709,1770.8999999999999
20090708,1751.7
20090707,7379.618399999999
20090706,6114.884
20090702,12633.9072
20090701,13145.979000000001
