20160408,517937.45439999993
20160407,748134.7385
20160406,503490.788
20160405,639037.7069999999
20160404,688225.28
20160401,585655.653
20160331,578384.0325000001
20160330,542492.7331999999
20160329,495417.5618000001
20160328,364689.732
20160324,452725.6484
20160323,600425.6
20160322,717512.08
20160321,702345.567
20160318,1623395.34
20160317,730125.4662
20160316,832234.5406000001
20160315,535661.058
20160314,547896.2461
20160311,724129.588
20160310,924386.5625
20160309,453024.0414
20160308,582968.672
20160307,584130.4924
20160304,620260.563
20160303,783403.027
20160302,726336.1794
20160301,774393.0893999999
20160229,677168.6294999999
20160226,593075.13
20160225,520393.48380000005
20160224,629750.6061
20160223,767080.8
20160222,701201.7305
20160219,1195853.6106
20160218,606086.4214
20160217,815979.8003
20160216,883468.8696
20160212,564163.608
20160211,802721.2864
20160210,768749.7618
20160209,659282.8542
20160208,827857.382
20160205,809817.5711999999
20160204,870834.7193
20160203,1310267.7738
20160202,744572.966
20160201,585885.4262
20160129,1188160.3008
20160128,660180.0591
20160127,786018.4541
20160126,741046.7364
20160125,781162.352
20160122,757811.1385
20160121,894289.6342
20160120,1171562.788
20160119,858696.834
20160115,2264124.7296
20160114,1574750.4558
20160113,1095968.4151
20160112,934143.0939999999
20160111,888430.0488000001
20160108,943726.7057
20160107,1199138.3391999998
20160106,837403.3292
20160105,564520.1951
20160104,943892.7828
20151231,507645.8985
20151230,404651.65220000007
20151229,502814.9232
20151228,330067.19269999996
20151224,206164.73921999996
20151223,437882.2
20151222,639013.2457999999
20151221,614867.1968
20151218,1376404.9955999998
20151217,870652.2580999999
20151216,820107.2499999999
20151215,851122.7566
20151214,672232.9059
20151211,728034.6216000001
20151210,605019.2097000001
20151209,784537.6851
20151208,464956.04250000004
20151207,620333.8611
20151204,870010.1928
20151203,1025081.9216
20151202,649756.4364
20151201,826054.7427000001
20151130,734002.3494000001
20151127,228154.73222
20151125,618012.6745000001
20151124,735258.9883999999
20151123,694400.6503999999
20151120,1348468.7892
20151119,1556047.2829999998
20151118,614310.2224
20151117,738762.0096
20151116,950271.066
20151113,759528.9767
20151112,752666.904
20151111,651454.1004
20151110,745619.9606999999
20151109,806010.1370000001
20151106,801995.1408
20151105,560515.84
20151104,709019.5679999999
20151103,621900.6583
20151102,740512.7505
20151030,835809.3822
20151029,725270.8407
20151028,759150.0462000001
20151027,780009.5655
20151026,781908.3336000001
20151023,1493490.3579999998
20151022,1357727.4079999998
20151021,1067287.3927999998
20151020,815961.4143999999
20151019,1261679.3644000003
20151016,949760.9016
20151015,1228334.9275000002
20151014,2490538.1119999997
20151013,1127268.7667999999
20151012,604697.9781000001
20151009,777687.7232
20151008,901509.0336000001
20151007,1193482.256
20151006,1126271.9993999999
20151005,1086597.0607
20151002,848024.5347000001
20151001,893400.6
20150930,1237280.4554
20150929,996119.3724
20150928,1209624.6051999999
20150925,840278.7982
20150924,928828.4928
20150923,741972.2453999999
20150922,810966.7875000001
20150921,705598.8084000001
20150918,1754713.4532
20150917,878232.3536
20150916,772317.7514
20150915,885424.5087
20150914,707235.6698
20150911,641647.9524
20150910,736690.1906
20150909,898993.1568
20150908,819656.91
20150904,829791.3964
20150903,1123197.2611999998
20150902,988996.866
20150901,1227436.7612
20150831,1209636.7914
20150828,1234070.2920000001
20150827,1068907.8708
20150826,1292763.654
20150825,1532463.2596
20150824,2182462.5374999996
20150821,1382585.5807999999
20150820,875828.6833
20150819,865190.1476
20150818,554403.8899
20150817,452142.23759999993
20150814,414686.2234
20150813,542282.8207
20150812,989607.9468
20150811,686999.2152
20150810,675236.25
20150807,739491.7496
20150806,810727.6749000001
20150805,686533.9936
20150804,729242.7504
20150803,759699.6225
20150731,786229.6005
20150730,767379.8125
20150729,767547.4503
20150728,960211.3712
20150727,1193827.5720000002
20150724,886911.7814
20150723,951353.26
20150722,1040338.5636
20150721,1289368.0296
20150720,980335.6410000001
20150717,1283887.073
20150716,2425310.0949999997
20150715,1389513.0799
20150714,1169709.1039999998
20150713,784605.0246
20150710,916487.5628000001
20150709,1363717.3835999998
20150708,1333720.665
20150707,1300666.146
20150706,974856.2775999999
20150702,828055.5936
20150701,820252.2605999999
20150630,1037283.3666000002
20150629,1069071.8799
20150626,1927188.2256
20150625,725898.5258
20150624,742592.9268
20150623,577331.1900000001
20150622,761121.7936
20150619,1244700.84
20150618,895392.8070000001
20150617,900756.1259999999
20150616,640820.4236000001
20150615,726903.2524
20150612,989750.5236
20150611,772949.4955000001
20150610,1060760.1113999998
20150609,1061066.875
20150608,1192584.1490000002
20150605,881593.2432
20150604,1085540.7177
20150603,1247809.6481999997
20150602,1207883.3196000003
20150601,1584291.1376999998
20150529,1493659.0512
20150528,920095.6568
20150527,1016998.6755
20150526,945957.287
20150522,696899.9760000001
20150521,713121.0185
20150520,712646.383
20150519,721662.9029999999
20150518,791106.7034
20150515,565310.042
20150514,695360.7087
20150513,668101.9584
20150512,790563.2775
20150511,600127.5965999999
20150508,883119.9919999999
20150507,691788.8328000001
20150506,1029927.1211999999
20150505,971292.96
20150504,713700.7473
20150501,904079.1768000001
20150430,690309.6584999999
20150429,716808.9357
20150428,975266.5026000001
20150427,840591.375
20150424,730080.1688
20150423,767970.884
20150422,690309.753
20150421,616258.5339
20150420,673351.3442999999
20150417,967181.2923999999
20150416,947678.2569999999
20150415,2004137.5535999998
20150414,1230752.3259
20150413,744680.2544
20150410,893517.3059
20150409,1066103.1128
20150408,570876.4824
20150407,727011.0066000001
20150406,667065.4304
20150402,644184.1068
20150401,969509.9778
20150331,1003623.4707
20150330,1615766.4094
20150327,2354237.44
20150326,1366715.1808
20150325,1126068.3875
20150324,870761.2135000001
20150323,922273.5599999999
20150320,2012465.2788
20150319,841835.4957999999
20150318,1230426.2339
20150317,893955.1243
20150316,1019163.6499
20150313,1483136.4927
20150312,3306869.7199999997
20150311,1604975.9715
20150310,1593179.551
20150309,1081588.3935999998
20150306,1074395.4814
20150305,714993.3614999999
20150304,783680.1019999998
20150303,930275.28
20150302,861559.2804
20150227,811711.3025
20150226,872430.09
20150225,838087.3235
20150224,1017459.6551999999
20150223,857880.424
20150220,721013.3759999999
20150219,376910.0434
20150218,685114.1882000001
20150217,672494.8356
20150213,619714.5548
20150212,684052.2315
20150211,615915.597
20150210,680617.332
20150209,945238.5264
20150206,976050.972
20150205,695038.2535999999
20150204,841714.272
20150203,1214285.8140000002
20150202,1302341.817
20150130,1277124.856
20150129,1010536.3741
20150128,1178122.0896
20150127,1998237.9689999998
20150126,1104540.1126
20150123,999666.0360000001
20150122,1173522.8146999998
20150121,1000600.4352
20150120,1295483.3919000002
20150116,2288852.964
20150115,1690838.0565999998
20150114,1244743.955
20150113,1146249.65
20150112,1075737.6840000001
20150109,839821.1656
20150108,1164667.9143
20150107,997043.3254000001
20150106,1086053.8752000001
20150105,1172846.4610000001
20150102,858124.7244000001
20141231,739324.1943
20141230,558769.6448
20141229,452930.478
20141226,526897.0939999999
20141224,453365.4528
20141223,829789.7873
20141222,1086278.2278
20141219,2790376.9578
20141218,1187218.8132000002
20141217,1145067.6696000001
20141216,1101600.4384
20141215,1099138.3504
20141212,1061386.1094
20141211,920735.4720000001
20141210,1001005.1568000001
20141209,1050350.525
20141208,1046544.6240000001
20141205,773130.7926
20141204,876417.906
20141203,1147313.7175
20141202,1066162.2880000002
20141201,1148190.9642
20141128,712536.9974999999
20141126,887800.7159999999
20141125,1055458.4736
20141124,1205634.4
20141121,1968877.2372000003
20141120,2227826.8925
20141119,730994.106
20141118,1064657.0532
20141117,603999.0784
20141114,614514.6910000001
20141113,890679.7248
20141112,762667.2414
20141111,654254.0347
20141110,1017948.9079999999
20141107,926913.777
20141106,853612.0652000001
20141105,1171539.52
20141104,1197282.8164000001
20141103,981873.6301000001
20141031,1770828.2587
20141030,1788834.5478
20141029,834872.9600000001
20141028,735952.4004
20141027,787722.1240000001
20141024,922466.0466
20141023,727376.0368
20141022,861616.4221000001
20141021,1085201.1236999999
20141020,963148.946
20141017,1150312.6638
20141016,1463662.825
20141015,2875730.2408000003
20141014,2195344.2338
20141013,1324945.8489
20141010,2578911.3148
20141009,946914.3601999999
20141008,1197948.974
20141007,865410.6957
20141006,829357.7030999999
20141003,877927.7192
20141002,1106765.0360000003
20141001,1192592.8542000002
20140930,1221717.8494
20140929,1010917.937
20140926,886711.1532
20140925,1179767.7864
20140924,654228.1725
20140923,883941.0526
20140922,883279.9482
20140919,1630156.4494
20140918,822752.5603
20140917,919236.2717999999
20140916,728308.6636
20140915,773768.534
20140912,925407.1403999999
20140911,768637.1704000001
20140910,698784.8776000001
20140909,779610.4690999999
20140908,876775.4242
20140905,729445.8500000001
20140904,964637.6582999999
20140903,921916.9084
20140902,1107947.7580000001
20140829,1127909.7144
20140828,655191.999
20140827,583955.0205999999
20140826,681542.34
20140825,646971.3499
20140822,740576.3603999999
20140821,1300851.587
20140820,936279.975
20140819,1004940.1828000001
20140818,936384.5336999999
20140815,975617.3979
20140814,863854.1166
20140813,1236229.346
20140812,821792.963
20140811,913737.3648000001
20140808,1156776.4440000001
20140807,907687.9804
20140806,917130.2805
20140805,1635366.1187999998
20140804,926818.8674999998
20140801,1107177.7626
20140731,1200222.8225
20140730,1126084.3710000003
20140729,887088.2696
20140728,1060008.2829
20140725,1082202.3875
20140724,1118513.21
20140723,898436.925
20140722,1492140.6647
20140721,1092674.7728000002
20140718,1568013.82
20140717,2376476.146
20140716,4705081.919999999
20140715,1917758.0141999999
20140714,763018.445
20140711,626391.875
20140710,1013978.1192
20140709,874259.5915
20140708,1157955.5543
20140707,688932.4042
20140703,636427.7982000001
20140702,519817.13759999996
20140701,874868.6942
20140630,665830.7279999999
20140627,944551.1655
20140626,822492.3870000001
20140625,1367705.1536
20140624,1628585.0150000001
20140623,801965.3217000001
20140620,1194342.352
20140619,817443.8967
20140618,1029930.209
20140617,851796.2695
20140616,1088104.9808
20140613,3647963.3600000003
20140612,857335.8024
20140611,774993.5403
20140610,960344.4071999999
20140609,1114525.5643999998
20140606,979730.064
20140605,734255.445
20140604,596490.3720000001
20140603,919823.0658
20140602,552419.811
20140530,1191493.2268
20140529,556343.0552
20140528,729794.688
20140527,727842.6922
20140523,451458.18960000004
20140522,416462.80799999996
20140521,489982.18200000003
20140520,580472.2224
20140519,590447.1048
20140516,775043.5876
20140515,824070.4083000001
20140514,468552.882
20140513,542336.8835
20140512,543421.8846000001
20140509,533548.1
20140508,633798.0846
20140507,648048.2877
20140506,571289.428
20140505,541497.3401
20140502,640047.4064
20140501,521182.43799999997
20140430,686210.8429
20140429,583666.3343999999
20140428,881038.1353999999
20140425,882655.3216000001
20140424,678832.8775000001
20140423,683826.2999999999
20140422,794486.5456
20140421,548822.4665
20140417,1030433.5599999999
20140416,1429049.8754999998
20140415,1199808.1101
20140414,713067.2096
20140411,945637.8316
20140410,1067519.8577999999
20140409,929919.66
20140408,1522147.1967
20140407,1316380.5500999999
20140404,1251218.9352
20140403,1013995.0476
20140402,579273.216
20140401,618001.9155
20140331,754732.4066
20140328,583405.5738
20140327,685817.9832
20140326,668389.1526
20140325,818237.8082
20140324,928197.0623999999
20140321,1399074.9534
20140320,938871.0226
20140319,849718.4813999999
20140318,652476.3506
20140317,456025.479
20140314,528299.135
20140313,644715.0801
20140312,526021.248
20140311,659218.7072
20140310,618710.7456
20140307,625193.9232000001
20140306,551003.8875
20140305,515336.43
20140304,582301.3936999999
20140303,630317.135
20140228,581432.3948
20140227,516589.17360000004
20140226,491409.5200000001
20140225,530279.8396000001
20140224,594702.9261
20140221,746745.7734000001
20140220,499589.9114
20140219,629306.755
20140218,439195.35599999997
20140214,509840.34040000004
20140213,566159.321
20140212,635149.7440000001
20140211,438204.3554
20140210,596387.0262
20140207,747363.4263
20140206,671920.3165
20140205,763818.8208
20140204,1210424.0189999999
20140203,1266178.062
20140131,702403.2666
20140130,608826.4126
20140129,669955.1355999999
20140128,808098.873
20140127,804977.6303999999
20140124,872504.9307
20140123,1011212.8550999999
20140122,1233854.1476999999
20140121,1080103.7436
20140117,2888887.43
20140116,1290783.2506
20140115,1553975.2893
20140114,1964729.7978
20140113,1026922.485
20140110,780931.0427999999
20140109,528334.3542999999
20140108,753038.7546
20140107,503229.6531
20140106,730225.1342000001
20140103,716600.2150000001
20140102,820979.2596
20131231,592076.4696
20131230,511496.0180000001
20131227,331985.66400000005
20131226,435781.02199999994
20131224,309174.8884
20131223,710683.026
20131220,1379959.2226
20131219,801477.027
20131218,1073415.581
20131217,694388.61
20131216,612684.4815
20131213,501132.81960000005
20131212,533667.2088
20131211,602337.3708
20131210,451425.41540000006
20131209,738294.471
20131206,1337089.1408000002
20131205,1101358.3912000002
20131204,1031569.9467999999
20131203,825804.3
20131202,608722.887
20131129,329060.4208
20131127,679022.661
20131126,723709.1565
20131125,1029391.7374999999
20131122,1847442.0426
20131121,1109489.7545999999
20131120,498175.28559999994
20131119,613953.3269999999
20131118,606533.172
20131115,559167.8112
20131114,485548.07129999995
20131113,561201.03
20131112,923784.0493000001
20131111,464944.99650000007
20131108,758503.7625
20131107,616683.3036
20131106,618771.73
20131105,548817.8058000001
20131104,645907.2162
20131101,688587.1734
20131031,756008.7251
20131030,590248.12
20131029,734305.5891999999
20131028,1594165.1712
20131025,1444436.8752
20131024,1129639.175
20131023,748279.3398
20131022,696997.6377000001
20131021,849705.3084
20131018,693425.5295999999
20131017,685354.6440000001
20131016,1126074.453
20131015,996311.7857
20131014,637078.344
20131011,570663.166
20131010,898123.611
20131009,912968.5248
20131008,811145.1656000001
20131007,486762.53939999995
20131004,514351.12969999993
20131003,743172.524
20131002,531167.9436
20131001,590348.4135
20130930,743336.1684000001
20130927,664674.4392
20130926,748932.72
20130925,469533.26099999994
20130924,570378.1923999999
20130923,524083.63060000003
20130920,1114253.4542
20130919,674607.6272
20130918,760378.022
20130917,883893.1402
20130916,707423.533
20130913,1431446.1088
20130912,667988.9454999999
20130911,1045036.2723
20130910,728794.495
20130909,630745.5195
20130906,625824.6195
20130905,509240.15
20130904,858883.2656
20130903,583249.8489
20130830,744577.995
20130829,621959.1987999999
20130828,626125.2084
20130827,835001.7116
20130826,494546.70920000004
20130823,517957.38720000006
20130822,385412.3112
20130821,717672.8295
20130820,722463.6696
20130819,967223.816
20130816,659332.1184
20130815,890896.9451
20130814,523332.1699
20130813,587750.606
20130812,532466.9904
20130809,566022.2787
20130808,781043.8065000001
20130807,529696.328
20130806,657376.6680000001
20130805,478288.14240000007
20130802,838627.6842
20130801,876781.128
20130731,646032.7614
20130730,674635.0436
20130729,1987969.8187999998
20130726,2569508.94
20130725,2641612.934
20130724,766020.2170000001
20130723,648731.265
20130722,816966.6516
20130719,1056750.1056
20130718,1807666.6944
20130717,1044592.3109999999
20130716,836372.3150000001
20130715,614053.0998
20130712,825996.189
20130711,990985.1574
20130710,1164172.3725
20130709,803658.9106000001
20130708,1595577.5145
20130705,428972.2362
20130703,431651.72160000005
20130702,670907.6284
20130701,709474.2306
20130628,1948417.1665999999
20130627,614728.101
20130626,807779.9548000002
20130625,825498.8843999999
20130624,1158676.1622
20130621,1639486.112
20130620,1537550.9917000001
20130619,720939.0
20130618,926987.0175
20130617,1070186.943
20130614,616379.2544000001
20130613,692382.936
20130612,600066.4176
20130611,669047.9600000001
20130610,744727.0217
20130607,873876.961
20130606,984022.5769999999
20130605,1317364.867
20130604,1737420.1935999999
20130603,1927384.7044
20130531,1159961.4608
20130530,636562.4876999999
20130529,767831.9316
20130528,748516.4456
20130524,736800.8232
20130523,917072.1950000001
20130522,1193963.2253
20130521,915414.444
20130520,754223.1648
20130517,872019.2672
20130516,712062.5022000001
20130515,812360.8459999999
20130514,873057.5136000001
20130513,686785.4392
20130510,552573.49
20130509,763034.1264000001
20130508,603811.4199999999
20130507,928069.7684999999
20130506,740838.6777
20130503,720557.2264
20130502,807272.4778999999
20130501,919956.5249999999
20130430,990760.0075
20130429,2426801.2560000005
20130426,2372184.36
20130425,2552569.9499999997
20130424,1284272.3712
20130423,1458887.2172
20130422,1207196.6191999998
20130419,1101820.6056000001
20130418,1695463.7312
20130417,1742527.9752
20130416,1409346.6192
20130415,821416.3929999999
20130412,737668.7207999999
20130411,1294370.1194
20130410,1491129.2844000002
20130409,1336749.78
20130408,721506.4047000001
20130405,768882.4584
20130404,606699.1854000001
20130403,768162.915
20130402,604048.569
20130401,720988.5627
20130328,728071.3439999999
20130327,989965.1771999998
20130326,860864.1719999999
20130325,692388.1845
20130322,652578.552
20130321,684917.4344
20130320,632183.3934000001
20130319,899300.6736
20130318,745870.3202
20130315,1132042.9922
20130314,624193.5314999999
20130313,532756.5078
20130312,619229.682
20130311,914189.6862000001
20130308,970832.6238
20130307,927057.9175
20130306,807635.5725
20130305,834387.957
20130304,1009649.0394
20130301,960610.443
20130228,726753.0384
20130227,982405.2238
20130226,1381693.2485999998
20130225,839551.8781999999
20130222,705149.9744000001
20130221,1228317.21
20130220,955604.4918000001
20130219,655182.1509
20130215,714016.0896000001
20130214,748586.1471
20130213,451835.9875
20130212,601539.8129
20130211,397377.2019
20130208,591104.01
20130207,851571.2124999999
20130206,679216.0397
20130205,636913.5227999999
20130204,810771.6383999999
20130201,680623.584
20130131,768012.6
20130130,729580.9891
20130129,2249219.392
20130128,2218602.64
20130125,2255346.304
20130124,1223224.829
20130123,894157.7477
20130122,1081565.7735000001
20130118,3028292.875
20130117,2249035.6644
20130116,812681.1296999999
20130115,743669.6928
20130114,785327.3999999999
20130111,988714.98
20130110,972711.422
20130109,735479.1015
20130108,1026124.0377
20130107,772393.2999999999
20130104,637717.7524
20130103,875229.7060000001
20130102,1018156.4358
20121231,848215.6596000001
20121228,523039.3672
20121227,650228.7351
20121226,464321.6515
20121224,293104.3056
20121221,1287320.6537
20121220,714770.3739
20121219,1114176.4270000001
20121218,871853.2080000001
20121217,717216.4527
20121214,701003.6249
20121213,852539.1092999999
20121212,999400.7010000001
20121211,1053874.1955
20121210,547643.4464
20121207,840255.2928
20121206,932812.0704000001
20121205,909803.1135000001
20121204,1157075.5792999999
20121203,988978.0199999999
20121130,1006310.5356000001
20121129,1267126.9065
20121128,867488.6108
20121127,894450.428
20121126,1332981.8541
20121123,1019748.808
20121121,1850786.5728
20121120,1672236.2425000002
20121119,1405085.5350000001
20121116,1026728.1270000001
20121115,915914.0133000001
20121114,1176227.2312
20121113,1143029.6748000002
20121112,566306.7197
20121109,728210.704
20121108,792938.1096
20121107,1480452.4647
20121106,1083386.7429000002
20121105,1065246.2184000001
20121102,1140893.1238
20121101,1120955.5014
20121031,878394.2999999999
20121026,219499.97804999998
20121025,1718408.2527
20121024,712840.4682
20121023,1018886.7226999999
20121022,783271.5444
20121019,1182667.9401
20121018,929684.3897000002
20121017,2158227.1572
20121016,1778927.9115
20121015,1075546.5589
20121012,993924.9228000001
20121011,797373.4896
20121010,1025147.9808000001
20121009,1451943.282
20121008,668095.4494
20121005,869641.4664
20121004,1190265.7851
20121003,1122228.4865
20121002,822232.9196
20121001,1257732.1664
20120928,1085666.2057999999
20120927,1012618.6461
20120926,1125784.275
20120925,1115710.841
20120924,1113006.624
20120921,1300003.146
20120920,766804.3674
20120919,911739.6
20120918,980276.8515
20120917,788589.8874
20120914,1121372.5254
20120913,1237630.0864
20120912,1040318.9373
20120911,1265827.395
20120910,1873489.9582000002
20120907,2087011.3601
20120906,1008559.6660000002
20120905,941303.5137
20120904,993583.8660000002
20120831,1078255.4133
20120830,902408.1108
20120829,1491478.3839
20120828,827903.2499999999
20120827,854965.7244000001
20120824,1125193.6676
20120823,1286687.4112
20120822,864552.4434999999
20120821,826572.6252
20120820,671507.6725
20120817,799821.144
20120816,683273.9235
20120815,684975.8015000001
20120814,726933.4615999999
20120813,630335.5948
20120810,670109.7984
20120809,700075.068
20120808,719112.912
20120807,717155.72
20120806,647486.9951999999
20120803,803078.1394
20120802,888958.6268000001
20120801,757313.6544
20120731,682578.122
20120730,665849.1168000001
20120727,867609.5789999999
20120726,964029.285
20120725,864541.8613999999
20120724,840788.1808000001
20120723,918689.5284
20120720,1246488.4168
20120719,952542.514
20120718,1768599.1663
20120717,1605448.1934
20120716,929361.4295
20120713,908284.92
20120712,1314487.6591999999
20120711,883613.6396
20120710,1207145.6352
20120709,729919.7699000001
20120706,850589.5224
20120705,539565.2955
20120703,336269.47239999997
20120702,579591.6399000001
20120629,933833.056
20120628,1037465.8245
20120627,619549.4957999999
20120626,908620.5951000002
20120625,1087612.2475
20120622,2634879.3618
20120621,1270419.4824
20120620,778348.4808
20120619,826923.6402
20120618,834385.6644
20120615,1417073.21
20120614,1032989.1956000001
20120613,809958.0706
20120612,772554.6504
20120611,728756.2213
20120608,706463.0103000001
20120607,766051.2604
20120606,874113.5436000001
20120605,749645.6297
20120604,999010.3632
20120601,1011611.2254
20120531,1089657.5544
20120530,864421.9466999999
20120529,913356.8937
20120525,492112.50659999996
20120524,952301.9069999999
20120523,1576066.2576000001
20120522,1197673.8787
20120521,1082254.0984999998
20120518,1132070.1975
20120517,825028.4754
20120516,1182056.615
20120515,959465.2032
20120514,1065515.0562
20120511,965309.3099999999
20120510,986402.3496
20120509,1103701.3742
20120508,1452970.9362
20120507,1037254.6208000001
20120504,964443.573
20120503,1176941.3207999999
20120502,1174095.2340000002
20120501,1253919.7455
20120430,818146.916
20120427,937273.6229999999
20120426,1315925.1268
20120425,1138191.0469999998
20120424,955549.59
20120423,1036456.002
20120420,1050302.2680000002
20120419,1191558.0183
20120418,2019274.3024999998
20120417,1734228.1281
20120416,1063733.4702
20120413,968545.7281
20120412,1055214.4736
20120411,742687.0900000001
20120410,995280.1785
20120409,636115.4032000001
20120405,618121.6104
20120404,861047.2668
20120403,959242.2248999999
20120402,818850.4104
20120330,1209436.7008
20120329,1115529.6768
20120328,977143.312
20120327,686851.3233
20120326,924400.8420000002
20120323,694197.2236
20120322,652702.3649999999
20120321,617033.8032
20120320,629378.6025
20120319,747219.8969999999
20120316,1515463.0791
20120315,948602.115
20120314,1283177.7908
20120313,928043.9817
20120312,647114.6690999999
20120309,795728.6054
20120308,1000022.4344000001
20120307,880508.9241
20120306,989392.2642
20120305,857953.0066
20120302,797684.5564
20120301,1057526.8166
20120229,1124663.7696
20120228,893872.7004
20120227,1235796.6372
20120224,1049317.2089999998
20120223,900957.6376
20120222,1389209.6889
20120221,948064.6140000001
20120217,2031328.5958
20120216,1138453.7796
20120215,951409.5702
20120214,679979.5496
20120213,660051.768
20120210,897546.933
20120209,960323.4311999999
20120208,994802.703
20120207,881785.8648
20120206,982514.44
20120203,1128151.241
20120202,920637.4334999999
20120201,1229399.874
20120131,1200419.3842000002
20120130,1621298.8778
20120127,1352023.1802
20120126,1649348.29
20120125,1472624.629
20120124,1510982.953
20120123,1860596.1636
20120120,2671011.9319999996
20120119,1660645.1025999999
20120118,1591393.9122000001
20120117,1513024.2216
20120113,1591257.4176
20120112,1143599.73
20120111,1474631.766
20120110,1049906.0082
20120109,1208558.1222
20120106,915532.1749999999
20120105,1255060.99
20120104,1188226.0413
20120103,1100042.0646
20111230,525973.0425
20111229,545713.8485
20111228,574092.7781
20111227,592397.2696
20111223,605682.4199999999
20111222,768634.9558
20111221,1070488.0256
20111220,1084435.8272
20111219,975621.3390000002
20111216,2196587.6829
20111215,901333.8306
20111214,1310961.8591999998
20111213,1847457.4
20111212,2273716.8
20111209,1101944.1014
20111208,1426224.135
20111207,1405738.4516
20111206,1254814.86
20111205,1062667.8972
20111202,1021988.3520000001
20111201,1290515.3436
20111130,1826546.6744
20111129,1041589.9079999999
20111128,932226.9702000001
20111125,644323.4459
20111123,1195753.826
20111122,1126104.6579999998
20111121,1379854.2674
20111118,1109133.8664
20111117,1510623.6428
20111116,1851162.2722000002
20111115,1959987.6772
20111114,1216285.8027
20111111,1088671.7905000001
20111110,1094743.9548
20111109,1354250.272
20111108,1384134.84
20111107,1240880.1452
20111104,1102657.7149999999
20111103,1410087.052
20111102,1350333.5760000001
20111101,1623986.5969999998
20111031,1057370.1948
20111028,1120682.4862000002
20111027,2123935.5809
20111026,1438073.2729999998
20111025,1499652.7211999998
20111024,3399727.335
20111021,2961702.306
20111020,2092639.0598999998
20111019,3387295.1759999995
20111018,1982020.716
20111017,1114968.5951999999
20111014,1054661.2
20111013,1199274.3005
20111012,1384404.5608
20111011,1162960.1852
20111010,917718.4016
20111007,1302091.0797
20111006,1287753.7365
20111005,1542888.806
20111004,1651898.9104000002
20111003,1972472.9088
20110930,1375333.7641999999
20110929,1895525.5539
20110928,1666351.748
20110927,1981701.9235999999
20110926,1434857.1904
20110923,1642090.1264
20110922,2031912.6761999999
20110921,1460603.5022000002
20110920,1586406.894
20110919,1261026.5355
20110916,1979301.9063999997
20110915,1146186.9108
20110914,1231057.7664
20110913,1246765.674
20110912,1080081.9744000002
20110909,1209476.7719999999
20110908,855220.609
20110907,924319.9495999999
20110906,864523.4611999999
20110902,840075.8608
20110901,809876.0593999999
20110831,1111665.159
20110830,791140.3104
20110829,824477.5980000001
20110826,1061536.1133
20110825,998900.3256000001
20110824,1059115.4640000002
20110823,1068045.2829
20110822,942589.1297999999
20110819,1518283.4393000002
20110818,1821029.9229000001
20110817,1043275.8765
20110816,930084.7248
20110815,966158.1131000001
20110812,1118386.0344999998
20110811,1558725.5712000001
20110810,1900692.0126999998
20110809,2401438.8200000003
20110808,2759582.684
20110805,2113476.057
20110804,1806397.9215
20110803,1470338.598
20110802,1227494.94
20110801,1146732.6528
20110729,1158155.9451
20110728,828042.7650000001
20110727,1332881.5590000001
20110726,1043152.0209999998
20110725,936984.0711000001
20110722,1041035.0399999999
20110721,1827286.2899999998
20110720,1298613.5997999997
20110719,1276942.1962
20110718,1006084.8148000002
20110715,1117074.3599
20110714,1060598.9512
20110713,971198.7192
20110712,1144567.452
20110711,786978.9064999999
20110708,823517.7803999999
20110707,1230751.8822
20110706,983372.6174999999
20110705,748408.7820000001
20110701,805341.1584
20110630,1193518.9856
20110629,676596.5016
20110628,784404.9857
20110627,963842.44
20110624,2626554.92
20110623,1175460.3783000002
20110622,805759.4339999999
20110621,1197656.5665
20110620,796651.1838
20110617,2044914.4625000001
20110616,1147742.0766000003
20110615,1038834.4428
20110614,1132677.7274
20110613,931450.8650999999
20110610,1137371.5296
20110609,804609.9456
20110608,1079296.1884
20110607,1329367.8076
20110606,1084311.3809999998
20110603,1165354.6931999999
20110602,1180290.5691
20110601,1228379.6800000002
20110531,1337049.2051000001
20110527,1490498.2193
20110526,999485.7749999999
20110525,1119326.4936
20110524,1169604.4471999998
20110523,1482735.9474
20110520,1464414.3468
20110519,2313141.622
20110518,1563279.6036
20110517,2027026.9215000002
20110516,1759312.44
20110513,1242459.7649
20110512,1570449.3954000003
20110511,2004912.9304
20110510,1527608.6875
20110509,1669188.3568
20110506,2324652.645
20110505,2223652.8386999997
20110504,3220176.8
20110503,2563753.397
20110502,1648297.0642
20110429,2876767.1599999997
20110428,1249959.384
20110427,1550410.4926999998
20110426,2368187.0719999997
20110425,1793443.8334000001
20110421,1665267.6727999998
20110420,3734167.343
20110419,1578473.1972
20110418,911265.2226000001
20110415,875161.4075
20110414,1033573.5717999999
20110413,770245.6614
20110412,1028140.2664000001
20110411,868482.8180000001
20110408,929410.482
20110407,1033133.1787
20110406,1122105.9045
20110405,1233548.9703000002
20110404,1350826.5629999998
20110401,1628041.5908
20110331,1766175.5961999998
20110330,1115876.5332
20110329,1207195.5948
20110328,754254.1854
20110325,1068200.5593
20110324,1005462.9925999999
20110323,769260.4511999999
20110322,926112.941
20110321,875359.0533
20110318,1474057.0796
20110317,1174986.1469999999
20110316,1679009.6246
20110315,1625915.5152
20110314,1019920.4367999999
20110311,951934.7533
20110310,1436908.9581
20110309,1281941.3159999999
20110308,1204567.4185
20110307,1219824.8538
20110304,1392711.5356
20110303,1099044.8916
20110302,1121026.0648999999
20110301,1225793.5215
20110228,1423066.5961
20110225,1165593.3438
20110224,1159694.8286
20110223,1765973.1824999999
20110222,1404439.0287
20110218,1218517.6302
20110217,1101768.0374999999
20110216,1200042.33
20110215,1085964.1649999998
20110214,972970.0691999999
20110211,950907.8656
20110210,1234409.74
20110209,956201.5894
20110208,1042348.3788
20110207,946399.5531
20110204,852680.4704
20110203,858927.5379
20110202,1011450.1011999999
20110201,1307823.9768
20110131,1948715.8594
20110128,1183220.4914
20110127,1262303.01
20110126,1243327.4400000002
20110125,1558599.2245
20110124,1745051.0004
20110121,1324734.3354
20110120,1176251.3675
20110119,909231.7014
20110118,1162417.3912
20110114,3263183.9999999995
20110113,2180575.025
20110112,1135016.082
20110111,1355888.177
20110110,1063554.5532
20110107,1544612.6704
20110106,2421310.521
20110105,1286472.3528000002
20110104,1589881.4549999998
20110103,1206338.466
20101231,330997.6893
20101230,396716.55580000003
20101229,436278.8274
20101228,441941.06879999995
20101227,387484.58040000004
20101223,582528.8496
20101222,1027580.1445
20101221,717609.523
20101220,725205.9726999999
20101217,1209746.5536000002
20101216,739835.478
20101215,905817.4608000001
20101214,894962.9944999999
20101213,1677580.7149999999
20101210,1139938.3002
20101209,1737435.8535
20101208,1498107.9592
20101207,998228.2179999999
20101206,677420.401
20101203,936988.0452
20101202,1043669.312
20101201,1126957.866
20101130,1107651.7284
20101129,996546.132
20101126,408639.0198
20101124,907989.2435999999
20101123,940943.8476
20101122,854208.1375
20101119,1028183.4318000001
20101118,1439640.0411999999
20101117,932713.9012
20101116,1315412.5313
20101115,1065875.004
20101112,2159592.486
20101111,1471983.9687
20101110,1009188.0184
20101109,984949.7552
20101108,1123145.9756
20101105,1187323.2215999998
20101104,1379149.2980999998
20101103,1084655.2064
20101102,1239121.5462
20101101,1060818.1441
20101029,1217786.6745
20101028,1456004.2843
20101027,970371.78
20101026,1128761.8176
20101025,908655.8948
20101022,994182.7967999999
20101021,1465019.0464
20101020,1666185.7176
20101019,1638796.0713
20101018,1053338.3324
20101015,1236939.2364
20101014,1142269.4976000001
20101013,3301358.8919999995
20101012,1844712.8013
20101011,1029910.0883999999
20101008,906959.9072
20101007,1003763.5659999999
20101006,1060607.1568
20101005,1165802.5929999999
20101004,1264455.4899000002
20101001,796977.6276
20100930,1443720.384
20100929,1201446.4175999998
20100928,1190297.4911000002
20100927,981752.5535999999
20100924,1081076.4440000001
20100923,985334.7426000001
20100922,1168609.334
20100921,1323112.0254000002
20100920,848848.0806
20100917,1323730.9898999997
20100916,1309961.2092
20100915,1049470.7184
20100914,1207208.4993999999
20100913,1362353.3695999999
20100910,1236041.2920000001
20100909,1168957.6199999999
20100908,1818971.15
20100907,1059506.2980000002
20100903,1089209.314
20100902,971487.4924000001
20100901,1331401.4446
20100831,1970728.0320000004
20100830,1320706.9192000001
20100827,2480984.231
20100826,1263471.6402
20100825,1157942.3856000002
20100824,1380217.5828
20100823,1344648.558
20100820,1790730.1032
20100819,3017080.7099999995
20100818,1102931.4966
20100817,1186473.6702
20100816,947067.1386
20100813,1097682.7874999999
20100812,1683098.9425
20100811,1919907.8336
20100810,2698869.58
20100809,950907.72
20100806,1048905.8055
20100805,923119.5129000001
20100804,1774097.2395
20100803,1269640.2242
20100802,1060897.7475
20100730,1386673.9620000003
20100729,1761498.8772000002
20100728,1097465.8275
20100727,1164723.9603999997
20100726,1104406.5877
20100723,1346507.6085
20100722,1621103.2596000002
20100721,1537325.0568
20100720,1565665.6479999998
20100719,1366851.0255
20100716,1688495.611
20100715,2548294.0020000003
20100714,4247908.056
20100713,2094119.225
20100712,1158056.2367
20100709,1068304.4415999998
20100708,1314567.7380000001
20100707,1443247.7064
20100706,1181368.496
20100702,1114462.848
20100701,1699565.3675
20100630,1249627.101
20100629,1557747.6852
20100628,1107970.4328
20100625,1859244.6900000002
20100624,1258859.1536
20100623,1276593.4039
20100622,1229151.064
20100621,1032214.4846
20100618,1383437.8819999998
20100617,801750.6264
20100616,935735.4167
20100615,1332372.18
20100614,1437852.2241
20100611,1021434.1775999999
20100610,1172133.1605
20100609,1174792.3849
20100608,1843215.3696
20100607,1326332.9733
20100604,1418235.809
20100603,1195820.154
20100602,1336655.2935
20100601,1210388.9214
20100528,1557013.374
20100527,1809218.0096000002
20100526,1769247.0089999998
20100525,1998968.1045000001
20100524,1165597.0092000002
20100521,2336309.847
20100520,2211775.335
20100519,1933042.32
20100518,1639137.1971
20100517,1422501.2484
20100514,1827583.8416000002
20100513,1396369.125
20100512,1922702.4527999999
20100511,2287458.636
20100510,2537797.295
20100507,2969150.0029999996
20100506,3453652.053
20100505,2145482.0187000004
20100504,2045268.6192
20100503,1289449.7336000002
20100430,1868542.2272
20100429,1384389.0225
20100428,2535556.3180000004
20100427,1842714.9855000002
20100426,1373968.566
20100423,1369309.5051999998
20100422,1766528.8395
20100421,1754945.8360000001
20100420,1589671.2924000002
20100419,1709660.16
20100416,2462162.1440000003
20100415,2679494.9299999997
20100414,3737328.0
20100413,2749955.67
20100412,1109036.0707999999
20100409,1025934.3490000002
20100408,900436.2851
20100407,1403575.5714999998
20100406,1048983.264
20100405,789278.3352
20100401,1018386.3122
20100331,1024977.3417
20100330,842644.4705999999
20100329,768933.9965999998
20100326,1014781.176
20100325,1171312.3185
20100324,1227419.3946
20100323,1465763.7618000002
20100322,1052139.4832
20100319,1713821.2160999998
20100318,1207764.36
20100317,1729478.2543999997
20100316,2706290.1730000004
20100315,726936.5185000001
20100312,841890.4224
20100311,1142517.5125
20100310,1238211.1625
20100309,1741316.5842
20100308,741691.9228999999
20100305,953324.4104999999
20100304,1288086.4851
20100303,1022607.6336
20100302,1227525.9389999998
20100301,1065863.4572
20100226,980070.3785
20100225,1000722.3093
20100224,1056822.9749999999
20100223,1268475.5613
20100222,808005.007
20100219,848557.617
20100218,886246.4248
20100217,971187.5526
20100216,1424953.7679999997
20100212,1809248.7248999998
20100211,1179581.5602
20100210,1107101.5571
20100209,1359427.4789999998
20100208,1209301.47
20100205,1726724.2079999999
20100204,1728008.6538
20100203,895296.9264
20100202,1232512.2238
20100201,983479.3473
20100129,1856305.102
20100128,1532012.34
20100127,1516015.6704
20100126,1304973.8
20100125,1446531.2192
20100122,2314099.48
20100121,1531188.9904
20100120,1382962.6752
20100119,1730444.5095000002
20100115,4116852.4800000004
20100114,3181383.4680000003
20100113,1494861.3312000001
20100112,1440826.9631999999
20100111,1069243.167
20100108,1002469.7874999999
20100107,1112391.76
20100106,832419.536
20100105,1088867.4147
20100104,995768.8704
20091231,538619.9759999999
20091230,540391.1388
20091229,597902.58
20091228,555430.533
20091224,247805.41949999996
20091223,613669.6830000001
20091222,721845.2088
20091221,1142249.094
20091218,1939318.368
20091217,996359.4436000001
20091216,1872138.6204
20091215,853765.506
20091214,712958.7276000001
20091211,778525.213
20091210,870602.3104999999
20091209,1072664.6643
20091208,1278882.4389
20091207,958463.9064000001
20091204,1765463.1192
20091203,988220.5410000001
20091202,704987.0419999999
20091201,928413.4202
20091130,932776.1279999999
20091127,683137.2093
20091125,902943.2124
20091124,1016587.0638
20091123,833995.718
20091120,945111.7052
20091119,2095873.85
20091118,865598.0124
20091117,763203.3504
20091116,1310200.4006
20091113,866544.8686
20091112,1510598.2271999998
20091111,1216794.5408
20091110,1159874.43
20091109,998448.8150000001
20091106,835238.3571
20091105,1248360.5731
20091104,1594780.33
20091103,1878501.1
20091102,1209231.9931
20091030,1761310.2234
20091029,1484061.3445999997
20091028,1664898.3527
20091027,1342942.9943999997
20091026,1248949.9155
20091023,1634141.3152
20091022,1339692.8156
20091021,1749859.0392
20091020,1367398.0108
20091019,1388180.4352
20091016,1527696.8317999998
20091015,1662018.6843
20091014,3426301.7039999994
20091013,2335462.494
20091012,1325120.352
20091009,1127055.2260000003
20091008,1474570.9692
20091007,977578.1925
20091006,1455473.0241999999
20091005,1081082.92
20091002,1103695.8464
20091001,1333578.1409999998
20090930,1266434.9756
20090929,818339.216
20090928,746157.9846
20090925,764298.7482
20090924,1021654.762
20090923,1433678.2068
20090922,745043.7204
20090921,705137.8306
20090918,1046081.7096
20090917,1253338.0557
20090916,966287.7674999998
20090915,941534.0605
20090914,1013501.6144
20090911,1158429.0767
20090910,977324.8576000001
20090909,971666.8214
20090908,902265.606
20090904,927975.6627999999
20090903,921356.2656
20090902,808949.4897
20090901,1467462.2223999999
20090831,1084657.216
20090828,2128001.625
20090827,1000079.6652
20090826,1194109.3157
20090825,1184519.161
20090824,725795.1344000001
20090821,1041652.2145000001
20090820,839068.0987000001
20090819,905491.096
20090818,796626.3919
20090817,891164.889
20090814,817846.2522999999
20090813,839265.6570000001
20090812,995778.2636999999
20090811,610876.7904
20090810,879179.5208
20090807,1099057.805
20090806,1248668.377
20090805,1130577.788
20090804,905214.6432
20090803,856997.5635
20090731,914478.18
20090730,1170256.9501
20090729,976362.036
20090728,1162009.2055000002
20090727,823800.6216
20090724,1000578.0399999999
20090723,1694175.7948
20090722,2699928.594
20090721,1204087.815
20090720,1470680.253
20090717,1582003.1931
20090716,1664725.8299999998
20090715,3357325.27
20090714,1573839.4418999997
20090713,1017864.8731
20090710,820062.8044
20090709,1051057.4616
20090708,1288386.5243999998
20090707,1123816.5250000001
20090706,782501.1148
20090702,917586.2431999999
20090701,1575413.0928
20090630,1116249.174
20090629,971422.1243999999
20090626,1144300.4982
20090625,904813.8861999998
20090624,857859.3590000002
20090623,1116306.6303
20090622,1110038.3168
20090619,1144168.8989000001
20090618,918668.2769999999
20090617,956944.3122
20090616,857477.244
20090615,964585.7188
20090612,776147.2319999998
20090611,870088.9575
20090610,802906.6196000001
20090609,1050170.4918000002
20090608,700192.9624
20090605,999638.292
20090604,791442.3224
20090603,793512.9656
20090602,945005.1192000001
20090601,1243287.8699999999
20090529,1214665.536
20090528,928590.4608
20090527,935063.1604
20090526,994699.2888
20090522,666420.6220000001
20090521,887939.5272
20090520,917592.5132
20090519,923615.5805
20090518,693344.2048
20090515,938611.8217
20090514,1106180.4012
20090513,1147178.8411
20090512,1114254.7884
20090511,1067837.3590999998
20090508,1437819.1553
20090507,1423535.3489
20090506,1066050.7416
20090505,1004844.96
20090504,1371921.3452
20090501,803840.6361
20090430,1226281.6314
20090429,932224.227
20090428,834902.6630000001
20090427,983289.2392
20090424,1056235.8025999998
20090423,1152668.7471
20090422,1491369.5285
20090421,1305565.44
20090420,996953.25
20090417,1049614.8
20090416,1092526.3251
20090415,2384428.9259999995
20090414,1446413.2036000001
20090413,724314.1142000001
20090409,934853.0112000001
20090408,1042789.0635
20090407,813454.551
20090406,755395.94
20090403,815582.834
20090402,1218759.2859999998
20090401,1127905.1576999999
20090331,932337.954
20090330,814823.5392
20090327,704108.04
20090326,1225051.1252000001
20090325,1406159.8218
20090324,892121.25
20090323,995705.9312
20090320,1239961.6430000002
20090319,1005960.7575000001
20090318,1392307.0452
20090317,967017.897
20090316,1035234.9975
20090313,979307.826
20090312,1231896.402
20090311,1145891.8024000002
20090310,1286669.8656
20090309,1092188.85
20090306,982291.5843
20090305,935405.1402
20090304,1077032.1716
20090303,939286.8848
20090302,793725.6572
20090227,888669.5272
20090226,877067.5310000001
20090225,1408922.173
20090224,949645.7792
20090223,1059100.7119999998
20090220,940444.5438
20090219,711715.9735999999
20090218,685208.8823999999
20090217,801152.1540000001
20090213,776495.78
20090212,1069056.24
20090211,807891.5328
20090210,1322814.0288
20090209,964627.2006000001
20090206,922581.1440000001
20090205,869502.7949999999
20090204,1077614.6072000002
20090203,777723.493
20090202,952012.5655000001
20090130,598693.644
20090129,686306.2997
20090128,793829.4363
20090127,629549.9793
20090126,663021.2808000001
20090123,826933.3951999999
20090122,929816.5238
20090121,743506.3662
20090120,905577.4089999999
20090116,1153861.4298
20090115,969651.0254999999
20090114,909691.6331999999
20090113,896206.7037
20090112,745012.1965999999
20090109,644535.7545
20090108,912617.7585000001
20090107,1897186.404
20090106,947190.083
20090105,854613.7656
20090102,793563.12
20081231,499362.5538
20081230,544591.2056
20081229,451298.2113
20081226,210049.6162
20081224,162516.1341
20081223,475633.95810000005
20081222,607846.071
20081219,1045573.3972
20081218,1056806.0332000002
20081217,1014870.7253999999
20081216,1570792.452
20081215,868167.2993
20081212,1030584.565
20081211,1016211.5672999999
20081210,1068541.1675
20081209,1260091.833
20081208,1086971.9182
20081205,1131930.9627
20081204,1000949.5053
20081203,1055102.7712
20081202,847709.8095999999
20081201,763953.836
20081128,391365.378
20081126,998319.3902000001
20081125,1105560.9682
20081124,1330522.5228000002
20081121,1364727.402
20081120,1393903.243
20081119,920448.5516
20081118,1269557.7168
20081117,782633.15
20081114,995761.9079999999
20081113,2069837.757
20081112,963224.1527999999
20081111,1181720.3468
20081110,758347.275
20081107,1074048.8682000001
20081106,1506897.8279999997
20081105,1037745.2934000001
20081104,1159951.002
20081103,845556.5808
20081031,1517404.6090000002
20081030,2179817.871
20081029,1485539.478
20081028,1623255.14
20081027,1147494.7874999999
20081024,1370632.956
20081023,1233537.9045
20081022,1143205.8443999998
20081021,1197407.7349999999
20081020,1187448.8991999999
20081017,1454912.4600000002
20081016,1918599.3680000002
20081015,2114192.598
20081014,1977126.4619999998
20081013,1685803.1873999997
20081010,2533262.123
20081009,1652155.44
20081008,2018500.25
20081007,1442951.5176000001
20081006,1881041.51
20081003,1443621.6303
20081002,1386693.584
20081001,1377903.3716
20080930,1575566.6635
20080929,1606490.4581
20080926,1311568.5119999999
20080925,1293008.1158999999
20080924,1269166.008
20080923,1204156.9431
20080922,904103.6950000001
20080919,2070332.5680000002
20080918,2435989.392
20080917,1709815.828
20080916,2020835.72
20080915,1461622.5008
20080912,1231245.792
20080911,1727364.7374000002
20080910,1333994.0544
20080909,1447740.3666
20080908,1326950.145
20080905,1387565.9829
20080904,1802857.0355999998
20080903,1589767.6697999998
20080902,994752.1906
20080829,1224541.9033
20080828,714820.1697000001
20080827,912250.9463000001
20080826,914791.4645
20080825,972237.1782999999
20080822,1056415.0653
20080821,1267564.2170000002
20080820,1263139.526
20080819,1560575.4549
20080818,1096122.7676000001
20080815,1044860.9754000001
20080814,1228352.5128000001
20080813,1115545.4172
20080812,1272564.2156
20080811,1255835.9858000001
20080808,1440561.6972
20080807,2682331.74
20080806,1138334.46
20080805,1255702.3264
20080804,934180.0447999999
20080801,883791.6375000001
20080731,1448221.0302000002
20080730,1169611.443
20080729,1053245.8404
20080728,1080451.2477
20080725,882282.7354000001
20080724,1325581.8543000002
20080723,1262129.602
20080722,1509170.0235
20080721,1073793.3537
20080718,1209003.5929
20080717,2067173.4684
20080716,1825229.718
20080715,2056821.7269000001
20080714,1004452.0508999999
20080711,1533766.4496
20080710,1927122.7242
20080709,1344108.6981
20080708,1222633.2084000001
20080707,979461.2252000001
20080703,854599.867
20080702,999653.0089
20080701,1442112.8238
20080630,1077215.7708
20080627,1278610.0859
20080626,1219192.2657
20080625,1238165.6475
20080624,1033660.8018000001
20080623,1033893.0836
20080620,1588658.3432
20080619,1108677.887
20080618,925380.1936000001
20080617,993301.1997999998
20080616,1023486.5484
20080613,974447.0736
20080612,1328086.2735
20080611,1304096.6711999997
20080610,1282640.8644
20080609,1302282.5904
20080606,1597323.5479999997
20080605,1237309.8045
20080604,1350335.2696
20080603,1502144.2336000002
20080602,1172958.824
20080530,1279243.932
20080529,1269662.4122000001
20080528,1180251.8495999998
20080527,1246249.448
20080523,1382875.52
20080522,980711.9591999999
20080521,1524689.439
20080520,1778209.6134
20080519,1523751.964
20080516,1499533.25
20080515,1933711.7579999997
20080514,1405908.6912
20080513,931969.6056
20080512,813808.8912000001
20080509,935841.6009000001
20080508,1171800.8639999998
20080507,1256384.4454
20080506,1079496.4086
20080505,898140.99
20080502,1388310.4638
20080501,1664930.3668
20080430,1256898.2118000002
20080429,919802.2626000001
20080428,1068702.6228
20080425,1073359.0032
20080424,1163932.7873
20080423,1397458.896
20080422,1237331.7807
20080421,1073446.9512
20080418,1539716.2550000001
20080417,1276218.6063
20080416,2412280.65
20080415,1913874.7356
20080414,1242170.4956
20080411,1314578.646
20080410,1590300.7392
20080409,1358182.8666
20080408,1164079.3384
20080407,862270.2675
20080404,902851.1181
20080403,987955.0527
20080402,956429.1250000001
20080401,1218828.5914999999
20080331,1015851.045
20080328,1235053.0269
20080327,1505981.2224
20080326,1124556.2215999998
20080325,1074155.3683
20080324,1177998.4892
20080320,1464859.8900000001
20080319,1459930.9965000001
20080318,1571391.1724999999
20080317,1402312.4115000002
20080314,1651635.809
20080313,1417757.4432
20080312,1120094.7648
20080311,1633354.0
20080310,1347635.1856000002
20080307,1479196.7316
20080306,1302312.5855
20080305,1256924.194
20080304,2481932.0
20080303,1510826.2356
20080229,1525850.5858
20080228,1149533.0535
20080227,1680013.2281
20080226,1630531.5199000002
20080225,1636678.3904000001
20080222,2660811.216
20080221,1589216.3560000001
20080220,1461792.5916000002
20080219,1324420.8768
20080215,1526756.6297
20080214,1458085.5828
20080213,1054443.9087
20080212,1206394.189
20080211,1111989.6568
20080208,1097991.6437
20080207,1542265.0475
20080206,1458393.5976000002
20080205,1721659.9496000002
20080204,1393352.4039999999
20080201,1431177.4337
20080131,2115321.42
20080130,1982534.0072
20080129,1604139.9649999999
20080128,1392272.2056
20080125,2087314.0
20080124,1865787.9925000002
20080123,3466260.27
20080122,2736884.8619999997
20080118,2725352.4
20080117,3327562.8499999996
20080116,6149094.727999999
20080115,2878174.313
20080114,1958974.0847999998
20080111,1667765.3601
20080110,1828688.9082
20080109,1665894.4575
20080108,1788808.2576
20080107,2549907.36
20080104,3944931.3850000002
20080103,2100240.978
20080102,2134798.2825
20071231,621634.4192
20071228,935387.2368000001
20071227,793522.2019
20071226,584064.9045
20071224,614102.2185
20071221,1580411.1064
20071220,1058210.9337
20071219,878540.1453000001
20071218,1158158.3448
20071217,1615059.108
20071214,1806950.6091999998
20071213,1451919.5516000001
20071212,1543197.6824
20071211,1815225.8062
20071210,1262801.8494000002
20071207,1310966.253
20071206,1692582.3884
20071205,1864023.1502
20071204,1170935.7585
20071203,1471766.0999999999
20071130,1708088.4752
20071129,1138917.1038
20071128,1562164.6203
20071127,1578902.2362
20071126,1294978.6651
20071123,917161.8828
20071121,1713031.0317
20071120,1905766.7376
20071119,1316641.6932
20071116,2052023.1245000002
20071115,1710554.1669
20071114,1633107.0965000002
20071113,1623508.8708000001
20071112,1843844.5845
20071109,1802479.6254999998
20071108,2368877.1566
20071107,1921823.963
20071106,1905601.8518
20071105,1472589.4832000001
20071102,1552493.716
20071101,2293833.6399999997
20071031,1742407.957
20071030,1088438.6052
20071029,1396895.1854
20071026,1598241.22
20071025,1486997.328
20071024,2332650.4083000002
20071023,1796379.8800000001
20071022,1672676.8488
20071019,2123309.723
20071018,1772173.0785
20071017,4993652.704
20071016,2695088.396
20071015,1912654.1225
20071012,1242636.7695
20071011,2281461.8591
20071010,991144.2172000001
20071009,1127553.9816
20071008,886420.3378000001
20071005,1843962.9708
20071004,1134793.472
20071003,1963491.8785
20071002,1203109.4944
20071001,1432511.4861
20070928,1109430.9798
20070927,1222114.1632
20070926,1776889.6630000002
20070925,1299012.8858999999
20070924,1306265.8266
20070921,1820870.5567
20070920,1326725.3673999999
20070919,1774645.4184
20070918,1830149.9138999998
20070917,1149756.321
20070914,1659233.1023999997
20070913,1647483.8250000002
20070912,1547532.8886000002
20070911,1583748.5432
20070910,2719887.69
20070907,1663760.5092
20070906,1294197.7565
20070905,1548888.8643
20070904,2030310.8364
20070831,1463593.1775
20070830,1739492.7840000002
20070829,2060142.9108
20070828,1345797.0204
20070827,1119054.2504999998
20070824,1281341.8014999998
20070823,935441.3102
20070822,1232083.734
20070821,1370811.5446
20070820,1382552.2672
20070817,2235892.602
20070816,2725324.14
20070815,1468307.6442
20070814,1311836.246
20070813,1211879.6188
20070810,1645021.7652000003
20070809,1704860.2064
20070808,1867640.9836000002
20070807,1443569.7697
20070806,1539928.8225999998
20070803,1845261.4230000002
20070802,1819073.4570000002
20070801,2206384.7120000003
20070731,1455497.9404
20070730,1656447.6105
20070727,1859961.5473999998
20070726,2071797.3599999999
20070725,1242442.53
20070724,1681266.8213000002
20070723,1394210.7192
20070720,2343724.67
20070719,1566569.1228
20070718,3367683.0879999995
20070717,3183963.1489999997
20070716,1297782.5955
20070713,1666137.8125
20070712,3501690.4
20070711,1376584.8642
20070710,1620482.8343
20070709,1902823.8528
20070706,1176160.1988000001
20070705,880519.6080000001
20070703,717847.2635
20070702,1184147.6193
20070629,1201730.67
20070628,1140026.004
20070627,1208163.255
20070626,1138975.404
20070625,1176048.3952
20070622,1668242.763
20070621,1363329.4451
20070620,1508208.2694
20070619,1618407.544
20070618,1380624.9631
20070615,3859192.224
20070614,1990133.1486000002
20070613,1714131.0677
20070612,1325416.368
20070611,923125.1481
20070608,1331148.2119
20070607,1394236.1578
20070606,1483402.9090999998
20070605,1227982.3380000002
20070604,1062159.6024
20070601,1085447.8647999999
20070531,1093476.8834
20070530,1286865.4559999998
20070529,1074072.587
20070525,842789.5632
20070524,1911011.4569
20070523,1441193.5624000002
20070522,1527616.9898
20070521,1157357.4906
20070518,1548171.3260000001
20070517,1289842.6203
20070516,1348011.4582
20070515,1263526.3092
20070514,1110406.0828000002
20070511,1030268.4180000001
20070510,1455206.7514
20070509,1632167.5461
20070508,1096914.7364999999
20070507,811964.1924
20070504,1161522.5639999998
20070503,1546295.3276
20070502,1505578.7112
20070501,1314000.4924
20070430,1299163.515
20070427,1067678.5284
20070426,1382450.9594
20070425,1533426.6234
20070424,1869708.5898
20070423,1221867.0205
20070420,2667651.824
20070419,2128692.2046
20070418,2403918.1950000003
20070417,2164374.426
20070416,1171998.0847
20070413,900323.886
20070412,1305461.5250000001
20070411,1856807.2937
20070410,1960276.846
20070409,2363554.9800000004
20070405,718225.3364
20070404,924440.3411999999
20070403,1027767.9915
20070402,1034204.3383000001
20070330,1150906.712
20070329,1355202.1544
20070328,966532.1878000001
20070327,957678.6582
20070326,756147.5526
20070323,723892.7733
20070322,975212.7692000001
20070321,1190117.4572
20070320,1193673.0402
20070319,1130134.6328999999
20070316,1081194.2545
20070315,995628.5394
20070314,1343810.2839
20070313,1265839.9824
20070312,1328805.9928000001
20070309,973550.684
20070308,893523.6806999999
20070307,1305984.5256
20070306,1296399.374
20070305,1675903.2381
20070302,1837403.7466
20070301,2121138.594
20070228,2025684.2519999999
20070227,1982810.1606000003
20070226,1506446.277
20070223,1572648.2652000003
20070222,1099382.8661999998
20070221,1448032.5936
20070220,1015183.6632
20070216,1008526.9040000001
20070215,946005.2405
20070214,1195842.6578
20070213,1154426.5544
20070212,995843.056
20070209,1690775.1975
20070208,859105.8215999999
20070207,1239934.7007000002
20070206,1191008.0152999999
20070205,1345637.3952
20070202,1173829.4161
20070201,1063005.4494
20070131,1002367.1456
20070130,1290710.1934999998
20070129,2082183.8019
20070126,1275238.6058
20070125,1178218.03
20070124,1165618.2952
20070123,1372375.6485000001
20070122,1599166.8
20070119,1341733.2408
20070118,2090959.115
20070117,4049053.32
20070116,2928224.15
20070112,2007127.0443
20070111,2174712.7920000004
20070110,1642618.5872
20070109,1143075.9762000002
20070108,1108968.3088
20070105,1359526.8050000002
20070104,1877845.4738
20070103,1403809.9515
20061229,202499.97975
20061228,605726.628
20061227,650106.7919999999
20061226,615278.4365
20061222,709423.9903999999
20061221,996285.7002000001
20061220,639604.25
20061219,973545.8916000001
20061218,1020406.0088
20061215,1703226.1583999998
20061214,1027479.2302999999
20061213,988229.799
20061212,958210.0455
20061211,780250.068
20061208,862571.2788000001
20061207,1152467.4139999999
20061206,980020.8549999999
20061205,712440.5376000002
20061204,1329629.0728
20061201,1362492.1401
20061130,1015137.0339999999
20061129,1172624.7167999998
20061128,1130580.1006
20061127,1105785.0566
20061124,498690.3539
20061122,904762.0142000001
20061121,1887645.9192
20061120,1465121.03
20061117,1252206.1110000003
20061116,1463740.4319999998
20061115,2327272.92
20061114,1627166.8076
20061113,962371.62
20061110,655352.8128
20061109,1078097.1788
20061108,1096305.1813
20061107,1008277.2960000001
20061106,995788.1208
20061103,982839.2000000001
20061102,1410465.1308
20061101,1216704.8639999998
20061031,1183526.4298
20061030,870260.0290000001
20061027,2107439.937
20061026,958292.3238
20061025,1154647.146
20061024,1358471.5124
20061023,1138413.0615
20061020,1304249.5125
20061019,1549255.2846000001
20061018,2421851.083
20061017,2446324.0999999996
20061016,2023155.6447
20061013,1704966.4080000003
20061012,1759757.8620999998
20061011,2232558.169
20061010,1545027.5335
20061009,958338.0068000001
20061006,1311105.8168
20061005,1115101.7628000001
20061004,1642294.9248
20061003,1657231.1008000001
20061002,1057421.2936000002
20060929,1507955.0222000002
20060928,2036119.4475
20060927,2687746.591
20060926,1915880.9592000002
20060925,1086178.5533999999
20060922,929959.8012999999
20060921,1134293.8421
20060920,1185377.5122
20060919,1203951.2506000001
20060918,1062535.8254999998
20060915,1393133.7914
20060914,1057257.2196
20060913,1268016.0639
20060912,1156995.4875
20060911,1109799.6979999999
20060908,971228.7479999999
20060907,1467317.0728
20060906,1479600.3642999998
20060905,1602563.1176
20060901,1357579.5548
20060831,902702.0631
20060830,1405729.6704
20060829,1468562.7311999998
20060828,1325650.7214
20060825,1267325.5139999997
20060824,894048.0064
20060823,1073048.294
20060822,1235678.9578
20060821,1007069.4924999999
20060818,1138879.224
20060817,1185634.5151999998
20060816,1272911.1590999998
20060815,905997.799
20060814,1097010.8867000001
20060811,721123.2446
20060810,1003303.8400000001
20060809,989145.1079999999
20060808,787584.8343999999
20060807,569008.764
20060804,926746.8275999998
20060803,1012590.8602
20060802,732844.9580999999
20060801,698864.3014
20060731,770384.7000000001
20060728,1223473.4586
20060727,950066.9918999999
20060726,1018288.25
20060725,830681.7712
20060724,957611.3848000001
20060721,1416178.2285
20060720,2318848.9200000004
20060719,1564767.0975
20060718,1256839.2678
20060717,1139180.5144
20060714,1169590.6979999999
20060713,1391302.8112
20060712,1371438.3756
20060711,1430322.8892
20060710,782720.811
20060707,1067945.9264
20060706,659853.4865
20060705,967829.0625
20060703,484932.3776
20060630,990561.3899999999
20060629,1480617.18
20060628,1225496.6195999999
20060627,1100237.3890000002
20060626,661056.1668
20060623,880018.92
20060622,828977.5975
20060621,991747.4879999999
20060620,919825.4834999999
20060619,1103571.2544
20060616,1528332.369
20060615,1295689.9884000001
20060614,2084826.375
20060613,1983381.104
20060612,1090004.2266
20060609,1431458.7144
20060608,1956643.1369999999
20060607,1895442.1790000002
20060606,1463513.2074
20060605,1149158.2572
20060602,1298874.1921
20060601,1389002.0671999997
20060531,1369627.2189999998
20060530,1167416.6478
20060526,1107482.4758
20060525,1231235.4445000002
20060524,1948061.779
20060523,1603714.389
20060522,1515810.7495000002
20060519,3472946.388
20060518,1404293.7125
20060517,1555938.1626
20060516,1278327.7066
20060515,1206526.0788
20060512,1266694.072
20060511,1100212.5376
20060510,1184736.6541999998
20060509,1319020.5559999999
20060508,2066288.423
20060505,991873.1822000002
20060504,820785.3452
20060503,1287097.1416
20060502,1034319.0888
20060501,1478463.8443999998
20060428,1793242.9619999998
20060427,2699633.5119999996
20060426,1663292.192
20060425,1727878.839
20060424,1277944.9858000001
20060421,1756895.3353999997
20060420,2470659.59
20060419,2021997.396
20060418,1494712.0825
20060417,1463583.8795
20060413,1504930.3295
20060412,841745.9544
20060411,1151610.842
20060410,1006353.128
