20160408,1205927.0646000002
20160407,1046790.3642000001
20160406,1161496.908
20160405,1050913.9872
20160404,1048087.0689999999
20160401,1354996.0963
20160331,1455507.6711
20160330,1265714.5544999999
20160329,1308332.2045
20160328,911150.1447999999
20160324,1028228.7170999999
20160323,1086081.486
20160322,1249294.9198
20160321,1288339.8176
20160318,3617128.5948000005
20160317,1541029.9266
20160316,1721760.7155000002
20160315,1126005.2132
20160314,1280321.3709
20160311,1712428.7952
20160310,1997970.4799999997
20160309,1492110.1868
20160308,1746954.851
20160307,1960890.0066000002
20160304,1718707.5103000002
20160303,1278557.6609999998
20160302,1549806.2580000001
20160301,1735133.6903999997
20160229,1609444.3008
20160226,1843993.3769999999
20160225,1401832.297
20160224,1690700.8368
20160223,1477386.4464
20160222,1315830.3794999998
20160219,1737606.4756
20160218,1410014.6205
20160217,2137665.5836
20160216,1862761.8360000001
20160212,1727916.08
20160211,2427649.1741
20160210,1899938.5695
20160209,2295928.096
20160208,2885201.5886999997
20160205,3072929.0064
20160204,2442289.1999999997
20160203,3000600.496
20160202,2935580.96
20160201,2416701.0003
20160129,4603282.3879
20160128,3189981.7060000002
20160127,1877075.2181999998
20160126,1500858.9054
20160125,1794777.271
20160122,1928524.7457
20160121,2027909.3143999998
20160120,3212448.7076999997
20160119,2198582.8928
20160115,3622197.026
20160114,2773775.9699999997
20160113,3452798.0904
20160112,1903339.6928
20160111,1929305.1599999997
20160108,2549463.7001
20160107,2947498.0515
20160106,2134909.059
20160105,1874950.152
20160104,2915893.752
20151231,1516264.5163999998
20151230,1221379.1037
20151229,1568007.6555
20151228,1214340.4785
20151224,532762.0113400001
20151223,1522166.744
20151222,1566698.9085000001
20151221,2040877.3253000001
20151218,4554580.477600001
20151217,2297325.3340000003
20151216,2103383.0646
20151215,2190241.608
20151214,2589593.3058
20151211,2137269.6684
20151210,1756028.4914000002
20151209,1999060.7044
20151208,1827282.0594
20151207,1713644.9338
20151204,2457505.0406
20151203,2093495.0540000002
20151202,2608618.9463
20151201,2203958.3104
20151130,2956833.486
20151127,485862.48876
20151125,1126836.0558
20151124,1333982.0025
20151123,1529139.3809
20151120,2010810.4472999999
20151119,1517969.7707999998
20151118,1568432.4075
20151117,1671031.3475
20151116,1717647.1618000001
20151113,1944320.1908000002
20151112,1882427.942
20151111,1824670.2994999997
20151110,2957395.4958999995
20151109,1760138.7991999998
20151106,1803303.692
20151105,1711125.4304000002
20151104,2017412.032
20151103,1981029.015
20151102,1609393.0248
20151030,2453166.128
20151029,1606618.908
20151028,2534272.4728
20151027,2736019.8501999998
20151026,3501392.1075
20151023,7145533.822999999
20151022,2684314.0884
20151021,1190514.2719999999
20151020,1471034.1570000001
20151019,1398011.7692
20151016,1227922.0805
20151015,1276580.5251
20151014,1152690.7127999999
20151013,937112.1237000001
20151012,928551.7399999999
20151009,1346483.4159
20151008,1600671.6570000001
20151007,1296154.548
20151006,1285828.83
20151005,1564253.7104000002
20151002,1904352.5277
20151001,1274275.2819
20150930,1546624.5381999998
20150929,1422599.6184
20150928,1188494.0496
20150925,1290871.517
20150924,1223640.4090999998
20150923,750159.4519999999
20150922,1231857.706
20150921,1150595.2348
20150918,2739247.8263999997
20150917,1323452.895
20150916,1033856.5659999999
20150915,1267988.6993999998
20150914,1018089.2496000001
20150911,1151148.2179999999
20150910,1355562.2808
20150909,1440630.3406
20150908,1422548.6352000001
20150904,1577384.2771
20150903,1226978.835
20150902,1631386.6128
20150901,2077710.0222
20150831,1498588.5696000003
20150828,1240725.0939
20150827,2221893.579
20150826,2703427.683
20150825,2847870.6624
20150824,3688259.4488
20150821,2991810.173
20150820,1651813.5107999998
20150819,1466912.7166
20150818,1114295.2373000002
20150817,995596.7112
20150814,1008659.0100000001
20150813,1056689.1345
20150812,1410833.3454
20150811,1334640.6801
20150810,1090744.9349
20150807,895472.4966000001
20150806,1274779.1448
20150805,1284837.9492
20150804,1583372.4694
20150803,1119664.3054
20150731,1456686.4810000001
20150730,1863747.216
20150729,1894381.6809
20150728,1555573.6872000003
20150727,1790097.3755
20150724,1484048.9758
20150723,1554285.102
20150722,2688643.3464
20150721,1995746.0088
20150720,1436116.5684
20150717,1373179.9788
20150716,1225021.9052
20150715,1218122.5056
20150714,1043136.4273999999
20150713,1269458.0118
20150710,1131556.2933
20150709,1442630.5320000001
20150708,1759046.9904
20150707,1613416.189
20150706,1022113.0425
20150702,965400.2999999999
20150701,1259695.6645000002
20150630,1586885.216
20150629,1508775.228
20150626,2252004.9882
20150625,940389.5435
20150624,1590526.6160000002
20150623,1188235.7334999999
20150622,938491.1904
20150619,2938096.3710000003
20150618,1522440.3456
20150617,1318570.8413
20150616,1232641.3885
20150615,1511163.96
20150612,1099422.1976
20150611,1267352.244
20150610,1324471.1583
20150609,1113668.27
20150608,1011003.4129999998
20150605,1173564.9017999999
20150604,1273717.82
20150603,1311817.3344999999
20150602,1008060.2472
20150601,1351254.0784
20150529,1710263.0094
20150528,914969.3345000001
20150527,1301358.8853
20150526,1377034.0737
20150522,1205341.256
20150521,1062165.322
20150520,1191181.0014
20150519,1340866.254
20150518,1148304.1402
20150515,1382750.271
20150514,1605628.9872
20150513,1628124.3825
20150512,1417051.026
20150511,1165724.0666999999
20150508,1674135.5325
20150507,1538336.294
20150506,2425847.6528000003
20150505,2397338.3000000003
20150504,1639496.2175999999
20150501,1772813.7221999997
20150430,3119150.8992
20150429,2338466.4864000003
20150428,2942750.5371999997
20150427,2831408.8452
20150424,6265474.523999999
20150423,1969608.4034000002
20150422,1076127.8295
20150421,1108849.7888
20150420,1976058.7083999997
20150417,1744396.1689999998
20150416,945450.6479999999
20150415,1154005.2301999999
20150414,1009544.3539999999
20150413,1264106.52
20150410,1162184.4444
20150409,1066974.6924
20150408,1023061.9882
20150407,1196431.1252000001
20150406,1627171.128
20150402,1510190.07
20150401,1500165.9272
20150331,1418413.5283999997
20150330,1433593.856
20150327,1392177.3977
20150326,1544711.519
20150325,1800490.8828
20150324,1091938.419
20150323,1124364.3812
20150320,3076841.536
20150319,1430928.669
20150318,1877587.0999999999
20150317,1320611.4780000001
20150316,1465302.1156000001
20150313,2398886.3256
20150312,2460572.394
20150311,1352376.4644
20150310,1645822.9287
20150309,1375764.8105
20150306,1530067.3451999999
20150305,999122.1021
20150304,1108658.9304
20150303,1371352.768
20150302,1393893.3964
20150227,1481444.6245000002
20150226,1168660.658
20150225,1308662.4691
20150224,1113805.1072000002
20150223,1435340.7825
20150220,1303086.7404
20150219,1200515.175
20150218,1179908.5092
20150217,1468335.2746000001
20150213,1759716.9496
20150212,1432225.4200000002
20150211,1620971.4300000002
20150210,1263314.928
20150209,1161353.6208
20150206,1467912.7321999997
20150205,1551251.199
20150204,1739929.3704000001
20150203,2166047.52
20150202,2075321.04
20150130,3150527.744
20150129,2669818.6798
20150128,3478630.6032
20150127,7214445.899999999
20150126,1927207.8569999998
20150123,1233129.0341999999
20150122,1689270.6927000002
20150121,1704262.9408
20150120,1675690.3020000001
20150116,1649999.4912
20150115,1489208.9448
20150114,1365618.2124
20150113,1634574.7880000002
20150112,1100877.002
20150109,1129858.3725
20150108,1410283.4877
20150107,1345474.2215999998
20150106,1663256.837
20150105,1837790.642
20150102,1301964.8656
20141231,1001048.1305000001
20141230,770226.1564000001
20141229,684094.7165000001
20141226,631878.1056000001
20141224,550855.9106000001
20141223,1146045.5055
20141222,1274439.0023999999
20141219,3074268.2656
20141218,1902295.9296000004
20141217,1599402.4724
20141216,2157035.788
20141215,1363393.5783000002
20141212,1607909.796
20141211,1370777.1812
20141210,1420351.961
20141209,1157678.6231000002
20141208,1271329.4970000002
20141205,1293069.1734
20141204,1481905.722
20141203,1131232.4904
20141202,1248722.126
20141201,1516345.0015999998
20141128,1029561.0983000001
20141126,1297026.0875
20141125,1326839.6664
20141124,1630759.8674
20141121,2056805.2005999999
20141120,1046383.2970000001
20141119,1261734.164
20141118,1166741.0444
20141117,1499114.2998000002
20141114,1441535.5251999998
20141113,1300175.4073
20141112,1108346.4774000002
20141111,1083960.0576
20141110,1777877.0276
20141107,1362441.236
20141106,1608710.509
20141105,1074321.0776
20141104,1012663.9759
20141103,1094825.0639999998
20141031,1682076.7110000004
20141030,1383381.1424999998
20141029,1411407.4464
20141028,1348276.0158
20141027,1391986.609
20141024,2816379.9643
20141023,1973895.5972000002
20141022,1489846.8074000003
20141021,1626221.8632
20141020,1521814.8344
20141017,1773775.0322000002
20141016,2094564.3088000002
20141015,2601337.8938
20141014,1665994.929
20141013,1615952.682
20141010,2284170.728
20141009,1578255.5775000001
20141008,1542687.9178000002
20141007,1166351.5713
20141006,946339.6987000001
20141003,1491090.7748000002
20141002,1157609.024
20141001,1746504.639
20140930,1529732.5752
20140929,1210124.6964
20140926,1255453.1534999998
20140925,1515973.8128
20140924,1249215.5411999999
20140923,1554488.9424
20140922,1819130.1830000002
20140919,9623470.032000002
20140918,1656839.3808
20140917,1779276.0260000003
20140916,1302976.752
20140915,1740021.8352000003
20140912,1785100.495
20140911,1372450.29
20140910,1278629.8888
20140909,1881998.818
20140908,2124132.0825
20140905,1684307.9747
20140904,1198263.4786
20140903,1513462.8528
20140902,1035098.2143000001
20140829,980285.8141999999
20140828,792427.7592000001
20140827,934323.523
20140826,668428.6566999999
20140825,759569.686
20140822,825960.1035
20140821,1007140.2921999999
20140820,1112393.8320000002
20140819,1273214.0810999998
20140818,1212685.3635
20140815,1862070.7944
20140814,854598.2621
20140813,1007278.2511999999
20140812,932328.0896000001
20140811,856615.3920000001
20140808,1250319.024
20140807,1309893.2088
20140806,1052485.322
20140805,1131232.5504
20140804,1483274.3839
20140801,1325500.3608
20140731,1360734.2371999999
20140730,1391008.23
20140729,1218203.8176
20140728,1303734.2438
20140725,1188186.0450000002
20140724,1362735.0119999999
20140723,2349046.3548999997
20140722,1909306.1135999998
20140721,1684622.2092
20140718,1939369.9213999999
20140717,3657964.9424
20140716,2790478.2287999997
20140715,1220153.085
20140714,921973.0534000001
20140711,1013642.9475000001
20140710,911093.6768999998
20140709,765682.4997
20140708,1304296.8138
20140707,919441.5932
20140703,667517.1579999999
20140702,846718.971
20140701,1127012.6964999998
20140630,1283955.51
20140627,2973784.8400000003
20140626,984775.1508
20140625,842211.4302000001
20140624,1106352.455
20140623,786532.7457000001
20140620,1990676.396
20140619,823068.1669
20140618,1126788.271
20140617,936677.1408
20140616,1001287.515
20140613,1084592.257
20140612,1209798.9601999999
20140611,720577.5408
20140610,616743.3197
20140609,619530.3828
20140606,997263.4043999999
20140605,1312122.279
20140604,935344.1664
20140603,726886.7973
20140602,754368.2205
20140530,1415065.3078
20140529,802247.2276000001
20140528,1028714.7143999999
20140527,1051388.4855
20140523,722693.5959999999
20140522,810060.5009999999
20140521,902930.5109999999
20140520,845934.7455999999
20140519,939724.9800000001
20140516,1189603.8048999999
20140515,1493601.912
20140514,756666.5216000001
20140513,1091099.0968000002
20140512,909781.9513999999
20140509,1172206.794
20140508,1272008.3564
20140507,1645037.2026
20140506,1058748.642
20140505,884744.9291
20140502,1722723.8112
20140501,1151496.0
20140430,1431039.104
20140429,1200121.3081
20140428,2067971.7298999997
20140425,2269669.3279
20140424,1667772.295
20140423,974639.1501
20140422,1081839.0726
20140421,886690.3664
20140417,1467886.88
20140416,1223417.444
20140415,1350164.7975
20140414,1253972.3556
20140411,1346046.3636000003
20140410,1808077.5648
20140409,1106111.0661
20140408,1430279.4484
20140407,1494250.404
20140404,2047005.9387
20140403,1229738.9832
20140402,1183213.2965
20140401,1350468.4492
20140331,1919994.9643
20140328,1749600.3199999998
20140327,1386084.8351999999
20140326,1665407.6647
20140325,1739952.5446000001
20140324,1865921.265
20140321,3241293.1184
20140320,2389155.6528
20140319,1379970.5766000003
20140318,2529818.1229999997
20140317,775706.325
20140314,1024868.4680000001
20140313,1218828.4695
20140312,1167011.1205000002
20140311,958726.3874
20140310,718825.83
20140307,1007781.466
20140306,899658.2595
20140305,782011.4835
20140304,1029476.3429999999
20140303,1122704.482
20140228,1578902.5935
20140227,1283394.5598
20140226,1537642.5261
20140225,1153735.2146
20140224,1204169.1169999999
20140221,1444015.5516
20140220,1039110.2749999999
20140219,1115937.1289
20140218,1228620.215
20140214,1617114.1337999997
20140213,1415471.9071999998
20140212,1013624.2013999999
20140211,1194392.9025
20140210,983880.0159999998
20140207,1217737.9208000002
20140206,1279187.3159999999
20140205,1999239.57
20140204,1988224.3180000002
20140203,2337002.5535999998
20140131,3525105.9096000004
20140130,1287707.0488
20140129,1933664.694
20140128,1312964.5698
20140127,1600250.4717
20140124,2835795.6513
20140123,1581585.1092
20140122,787011.7979
20140121,1141708.9436
20140117,1683210.1948000002
20140116,1402328.7131
20140115,1646854.2492
20140114,1488922.4428
20140113,1605648.1121999999
20140110,1461379.1124
20140109,1297423.4284
20140108,2143851.6936
20140107,1298421.7432999997
20140106,1575367.3575000002
20140103,1149185.4679999999
20140102,1138286.2347999997
20131231,654806.6832
20131230,606964.8552
20131227,543054.6429
20131226,659422.4831999999
20131224,528130.44
20131223,919156.5069999999
20131220,2305469.9519999996
20131219,1238302.1749999998
20131218,2310018.5865999996
20131217,1664010.7924000002
20131216,1170576.8795
20131213,1469971.6416
20131212,1339795.6852000002
20131211,1498713.7440999998
20131210,1440699.7692
20131209,1171634.0216
20131206,1395797.2644
20131205,4419540.6
20131204,2021504.6808
20131203,1995921.5013000004
20131202,1650570.8340000003
20131129,842308.0959000001
20131127,977645.8720000001
20131126,1287258.4125
20131125,1153524.85
20131122,1050862.5803
20131121,861669.82
20131120,1195086.5459999999
20131119,1625882.0402000002
20131118,1980908.5560000003
20131115,1914744.8672000002
20131114,1755892.1076
20131113,1713710.6495999997
20131112,1189923.0984
20131111,1008673.1445
20131108,1387938.2164
20131107,2266382.625
20131106,3393539.1952
20131105,1891960.2608
20131104,1008476.0406
20131101,1430593.7767
20131031,1475958.9118
20131030,1314885.4636
20131029,1126062.4992
20131028,1361241.8465999998
20131025,4054204.494
20131024,1748753.2572
20131023,1972349.3391999998
20131022,1395079.2673999998
20131021,959898.5149
20131018,1460982.2456
20131017,1094143.4712
20131016,1210983.9168
20131015,1624354.8360000001
20131014,955939.959
20131011,1024949.4975
20131010,1441628.6352
20131009,1185224.5009
20131008,1351880.3166
20131007,1167138.693
20131004,1117558.5652
20131003,1310509.3136
20131002,1591690.5728
20131001,1231184.8434000001
20130930,1323688.7040000001
20130927,1840846.0677000002
20130926,932561.7783000001
20130925,937136.5109999999
20130924,1303561.4646
20130923,1303905.2044
20130920,3363558.852
20130919,1412264.388
20130918,2133286.344
20130917,2788352.0309
20130916,1804289.2959999999
20130913,1350811.7253
20130912,1074199.9379999998
20130911,1279053.9074000001
20130910,1842299.7974
20130909,1559937.273
20130906,2349796.512
20130905,2237150.1328
20130904,4438393.44
20130903,4925051.936
20130830,1426934.5059999998
20130829,1512437.3549999997
20130828,1461373.4044
20130827,1946247.8142
20130826,2477654.5565
20130823,7833046.149999999
20130822,1007968.3786
20130821,1182133.3945
20130820,726612.1061999999
20130819,875852.8831000001
20130816,1036360.41
20130815,1054378.6120999998
20130814,1569562.1525
20130813,1271927.9429999997
20130812,837979.2338
20130809,876363.27
20130808,1941613.1306
20130807,1219664.6714
20130806,1146731.3809999998
20130805,982174.4139999999
20130802,928640.3079
20130801,1345955.9980000001
20130731,1397726.3296
20130730,1458713.438
20130729,910571.1544
20130726,1221526.449
20130725,1984059.2547000002
20130724,1687454.1224000002
20130723,2094046.5166000002
20130722,2527727.268
20130719,7772573.88
20130718,1719645.9055999997
20130717,1332393.2758
20130716,1319433.6870000002
20130715,1234764.5877
20130712,1266304.9752
20130711,1913299.1427
20130710,1035601.3740000001
20130709,869690.4750000001
20130708,1110821.3028
20130705,892388.3759999999
20130703,543968.8637999999
20130702,1277139.1208
20130701,1066987.952
20130628,2264557.2925
20130627,1003616.1438
20130626,1671657.864
20130625,1483193.4663
20130624,1891857.5652
20130621,2839173.3018
20130620,1759444.7058
20130619,1065732.0819
20130618,986207.5806
20130617,1738451.05
20130614,1829688.184
20130613,1584443.0336
20130612,1307991.3
20130611,1373931.078
20130610,1276622.4067
20130607,1453811.1075000002
20130606,1315116.54
20130605,1600709.8508000001
20130604,2292842.2150000003
20130603,1823947.9951000002
20130531,1959945.6099999999
20130530,1791112.2743
20130529,1338961.5808
20130528,1688321.9044
20130524,1136883.2610000002
20130523,1745122.7135
20130522,2285590.7545
20130521,1696953.141
20130520,1894391.914
20130517,2115374.9507
20130516,2021321.2655999998
20130515,1567355.8730000001
20130514,1905866.6592
20130513,1189951.0011000002
20130510,1189723.129
20130509,1514839.7126
20130508,1703599.9711000002
20130507,1429523.9656000002
20130506,1382936.2875
20130503,1566497.0943
20130502,1527059.1183999998
20130501,1777595.1456
20130430,2486214.4820000003
20130429,1923286.6023
20130426,1519535.9322
20130425,3531982.6920000003
20130424,2886835.0456
20130423,1806214.266
20130422,4251435.419
20130419,2970713.1714000003
20130418,1632542.1321999999
20130417,1523384.1191999998
20130416,1529429.1435
20130415,1615969.7011000002
20130412,1810380.2654
20130411,3788031.8440000005
20130410,2147821.8684
20130409,2301610.7646
20130408,993771.8178
20130405,1461545.491
20130404,1294482.046
20130403,1000914.9024
20130402,815602.176
20130401,832133.0079
20130328,1586523.4906
20130327,1018329.5182999999
20130326,783471.7440000001
20130325,1243371.8528
20130322,810456.6224999999
20130321,962282.6025
20130320,1003856.7744
20130319,1462369.2566
20130318,1259474.877
20130315,2598728.1328000003
20130314,1573287.9834
20130313,810718.0656000001
20130312,1095450.4749
20130311,1020705.3060000001
20130308,1054601.24
20130307,821589.2286
20130306,1445181.3425
20130305,1174526.892
20130304,1053308.255
20130301,974037.6555
20130228,996264.708
20130227,1011288.4019999999
20130226,1366221.7212
20130225,1314041.6373
20130222,872372.7128
20130221,1347652.1664
20130220,1229091.2469000001
20130219,1088449.956
20130215,1389067.9986
20130214,915870.8004
20130213,1169252.6699
20130212,1003382.5204
20130211,898411.4496
20130208,917919.4404999999
20130207,1036832.3240000001
20130206,1141467.9656
20130205,972601.0249999999
20130204,1385957.9048
20130201,1551479.6598
20130131,1386904.9364999998
20130130,1213458.1985
20130129,1379046.5808
20130128,1564483.0487
20130125,2280981.5687999995
20130124,2799510.2819999997
20130123,1388477.3573
20130122,1592140.8885
20130118,1421497.6125
20130117,1407386.745
20130116,1110338.3824
20130115,1312187.0124000001
20130114,1298879.2327
20130111,1489349.1296999997
20130110,1889261.199
20130109,1024636.797
20130108,1185184.566
20130107,989881.389
20130104,1403342.2074
20130103,1315957.2725
20130102,1461018.1782
20121231,1141536.5207
20121228,749067.0975
20121227,1061525.736
20121226,849590.1266
20121224,563993.4498000001
20121221,2711199.9915
20121220,1452268.2911999999
20121219,1461558.0092
20121218,1391206.4764
20121217,1137179.956
20121214,1127780.3446
20121213,1221780.4671999998
20121212,1197000.7824
20121211,1428118.5768
20121210,1266816.3228000002
20121207,1220580.2196000002
20121206,1047187.5776999999
20121205,1816728.3960000002
20121204,1312019.3088
20121203,1403448.3294
20121130,2227024.1422
20121129,1873099.3819999998
20121128,1449827.7408
20121127,1218712.382
20121126,2332581.1542
20121123,1602325.059
20121121,1787877.5529999998
20121120,1256369.2211000002
20121119,1526671.6542
20121116,1699379.5884
20121115,1357911.3706
20121114,2041982.6372
20121113,3566409.3359999997
20121112,1722940.4936
20121109,1247884.9275
20121108,1435333.7907999998
20121107,1682874.7215999998
20121106,1295967.2969999998
20121105,1128020.6186
20121102,1685374.825
20121101,2125820.2176
20121031,1982489.1461999998
20121026,282099.97179
20121025,1507407.7548
20121024,1487215.917
20121023,1806725.4645
20121022,2334169.3200000003
20121019,2590679.3152
20121018,1733703.2
20121017,1307966.77
20121016,1407574.5092999998
20121015,1252374.2998000002
20121012,1356688.356
20121011,1200839.0520000001
20121010,1368103.1994
20121009,1321040.9856
20121008,886013.6666000001
20121005,1227796.17
20121004,1310083.3746
20121003,1392775.5071999999
20121002,1267871.2744
20121001,1592120.2752
20120928,1613723.2032
20120927,1418940.2344
20120926,1648942.2551
20120925,1648170.6522000001
20120924,1438605.4896
20120921,3190025.8680000002
20120920,1432220.42
20120919,1517327.802
20120918,1076369.457
20120917,1138743.3529
20120914,1603988.9503000001
20120913,1393293.4834
20120912,1007899.7184
20120911,775178.5849
20120910,1244841.6768
20120907,1319861.5119999999
20120906,1515581.892
20120905,1022595.8450999999
20120904,1475602.5567
20120831,1127335.8092
20120830,726405.6504
20120829,715578.8069999999
20120828,733243.2999
20120827,1064660.9589
20120824,700978.2511999999
20120823,857979.3308000001
20120822,1017975.7716
20120821,887692.344
20120820,729687.3685999999
20120817,1006977.543
20120816,1101345.0282
20120815,735399.596
20120814,1041016.8091999999
20120813,700334.8149
20120810,845989.0218000001
20120809,748408.6950000001
20120808,796354.4889
20120807,847325.0874000001
20120806,822761.5414999999
20120803,1064478.8
20120802,1153406.6544
20120801,932935.197
20120731,1106152.9135999999
20120730,856423.4952
20120727,1316632.3968
20120726,1320940.71
20120725,1314017.7762
20120724,1390481.818
20120723,1611833.256
20120720,1928309.2068
20120719,1424368.1658
20120718,1251013.89
20120717,1001338.8028000001
20120716,821268.8384
20120713,1148553.2647000002
20120712,1817570.6829
20120711,1147914.228
20120710,1116192.1631999998
20120709,920412.3
20120706,1156111.2569000002
20120705,884163.6839999999
20120703,644158.6944
20120702,933871.7328
20120629,1688360.9057
20120628,1354954.7045999998
20120627,1018556.3969
20120626,1153381.6088
20120625,1260621.8307
20120622,1382187.373
20120621,1460290.8364000001
20120620,1119805.4943000001
20120619,2324096.8359999997
20120618,1744693.4752
20120615,1870033.1582000002
20120614,1157654.0034
20120613,960794.4986999999
20120612,1034834.4456
20120611,1339530.606
20120608,1260856.4655
20120607,1104645.545
20120606,1373917.8185
20120605,1302804.6491000003
20120604,1368258.1790000002
20120601,1610713.8199999998
20120531,1140054.5646
20120530,1220088.9366
20120529,1115990.504
20120525,857474.8729999999
20120524,1528331.994
20120523,1896845.7341
20120522,1174810.2240000002
20120521,1153776.4000000001
20120518,1644736.6203
20120517,1440833.03
20120516,1795994.031
20120515,1867591.263
20120514,1242831.1531999998
20120511,1354180.2588
20120510,1347262.5758
20120509,1546728.7652
20120508,1412965.875
20120507,1490728.9540000001
20120504,1794466.0026
20120503,997594.3040000001
20120502,1188256.926
20120501,1402909.9523999998
20120430,1142443.5012
20120427,1312241.736
20120426,1294147.6327
20120425,2012348.982
20120424,1299004.5096
20120423,1971912.646
20120420,3437625.5220000003
20120419,1688280.8411
20120418,1262654.4438
20120417,1072433.8056
20120416,1184704.9536
20120413,1224041.5551
20120412,1186477.3066
20120411,1305435.1415000001
20120410,1642469.8102999998
20120409,963083.9630000001
20120405,1611395.3839999998
20120404,1542585.46
20120403,1364289.9510000001
20120402,1157453.1324
20120330,1024230.4824
20120329,1189676.2987999998
20120328,1330864.9695
20120327,1179253.8984
20120326,1197263.0667
20120323,1149522.6336
20120322,1015975.04
20120321,1210300.9878
20120320,1328745.2772999997
20120319,1442166.516
20120316,2138944.028
20120315,1611865.404
20120314,1375803.5551
20120313,1597960.5939
20120312,1091688.3468
20120309,1107762.516
20120308,1176216.0927
20120307,1093383.6896000002
20120306,1635731.13
20120305,1437814.422
20120302,1517602.7855999998
20120301,2495935.9521
20120229,1882586.3675999998
20120228,1440847.1618000001
20120227,1080329.151
20120224,1119668.9923999999
20120223,1098789.4612
20120222,1539539.9878999998
20120221,1597998.0504
20120217,2188357.5
20120216,2962241.1966
20120215,1301380.4585
20120214,1804167.475
20120213,1018325.3146
20120210,1363071.5350000001
20120209,1552097.5707
20120208,1522353.0084
20120207,1190929.1439999999
20120206,845608.4559999999
20120203,1264956.1343999999
20120202,1563346.872
20120201,2014710.9401999998
20120131,1498007.5849000001
20120130,1509097.338
20120127,1291524.0424
20120126,1448511.95
20120125,1750393.3307999999
20120124,1515498.4332
20120123,2261701.7229
20120120,4926868.72
20120119,2070627.1668
20120118,1830181.3884
20120117,2045506.5594000001
20120113,1699194.56
20120112,1382167.92
20120111,1817528.6052
20120110,1666420.5503999998
20120109,1655968.9818
20120106,2792438.6859
20120105,1548789.8351999999
20120104,2198074.5799999996
20120103,1731962.2476
20111230,711151.6148000001
20111229,585010.5222
20111228,769190.71
20111227,553958.2944
20111223,603536.2654
20111222,923468.3788000001
20111221,1651804.6160000002
20111220,1580841.9862000002
20111219,1333554.1887
20111216,2633069.4
20111215,1180613.3328
20111214,1220013.486
20111213,1403606.7584
20111212,990367.5872000001
20111209,1382087.9179999998
20111208,1536470.13
20111207,1602469.12
20111206,1184115.0843999998
20111205,1459160.676
20111202,1318760.105
20111201,1226587.6224
20111130,2076058.2193999996
20111129,1016201.4191999999
20111128,1162288.2585000002
20111125,635795.1630000001
20111123,1201252.3654
20111122,1219228.2254
20111121,1546045.75
20111118,1204639.26
20111117,1810440.9546
20111116,1386128.0829
20111115,1172928.4406
20111114,914313.4692
20111111,1019488.3101
20111110,854420.0904000001
20111109,1646649.564
20111108,1297967.9804
20111107,1139717.704
20111104,958961.5875
20111103,1703419.1384
20111102,1392359.2569000002
20111101,1589635.2066
20111031,1245727.1667
20111028,1556795.1036
20111027,2027720.1875
20111026,1675244.7178999998
20111025,1434788.6252
20111024,1545885.0029000002
20111021,2079828.3324
20111020,2058096.872
20111019,1162654.7935
20111018,1432462.2083
20111017,1063586.674
20111014,1388489.1372
20111013,1190628.5976
20111012,1414579.3376
20111011,1047564.36
20111010,1125916.8900000001
20111007,1384247.0250000001
20111006,1450365.4782
20111005,2422867.4946
20111004,2114418.7596
20111003,1583368.3272
20110930,1345311.7181
20110929,1613188.7155
20110928,1553375.9402
20110927,1427472.2486
20110926,1297087.1472
20110923,1622127.535
20110922,2410772.0
20110921,1887483.7254
20110920,1318731.6776
20110919,1422714.0324000001
20110916,2405017.8720000004
20110915,1828092.3479000002
20110914,1767043.055
20110913,1270243.6992000001
20110912,1424644.6287
20110909,1660198.0824
20110908,1724925.7008
20110907,1089526.62
20110906,1400957.1596000001
20110902,1132234.0320000001
20110901,1585704.7379
20110831,1575006.482
20110830,1502883.2605
20110829,1002527.6584000001
20110826,1816394.605
20110825,1183675.2290999999
20110824,1127496.153
20110823,1473941.1239999998
20110822,1309099.6138
20110819,1860943.5455
20110818,2606745.6820000005
20110817,1273737.765
20110816,1374014.8695
20110815,1437378.807
20110812,1625702.402
20110811,2282173.4441
20110810,3086054.1799999997
20110809,3228976.19
20110808,3279918.5280000004
20110805,2877580.104
20110804,2408808.8926
20110803,1738062.0724000002
20110802,1710053.864
20110801,1685281.6368
20110729,2857513.12
20110728,2320783.8192
20110727,1952255.1443999996
20110726,2094756.768
20110725,2998968.574
20110722,2100466.8714
20110721,2198436.552
20110720,1341922.989
20110719,2377757.3328
20110718,1182643.1641
20110715,1314250.9952
20110714,1227251.3742
20110713,1087968.65
20110712,1255030.6857999999
20110711,1163933.1216999998
20110708,1568957.3624000002
20110707,1386005.2389
20110706,1282171.7359
20110705,982436.2338
20110701,1376503.0146
20110630,1365276.64
20110629,1691827.2042000003
20110628,2088278.832
20110627,2316871.872
20110624,2455549.02
20110623,1464432.3138
20110622,1091513.0924999998
20110621,1229065.6016000002
20110620,1315941.2977999998
20110617,2021302.2006
20110616,1369851.3599999999
20110615,1169769.2706
20110614,1038118.851
20110613,1143302.2532
20110610,1168539.5257
20110609,1027178.3780000001
20110608,1010121.9660000001
20110607,988109.313
20110606,1315019.0564000001
20110603,1440989.2302
20110602,1245353.8902
20110601,1803399.8801000002
20110531,1502306.1822000002
20110527,1244037.4784
20110526,1923278.8741000001
20110525,840166.1124
20110524,1150740.4965
20110523,1271901.2938
20110520,1112444.5356
20110519,1032417.9456
20110518,1331249.7402000001
20110517,1737988.6339999998
20110516,2242645.6689
20110513,1671231.0736
20110512,1958420.4696
20110511,1988457.0584
20110510,3100019.5810000002
20110509,997816.5162
20110506,1448321.602
20110505,1430688.9023999998
20110504,1908811.608
20110503,1851460.4762999997
20110502,2303455.861
20110429,6992306.2080000015
20110428,2125948.5283
20110427,1389211.4252
20110426,1811915.0793
20110425,858068.9403
20110421,1196238.516
20110420,1584105.7904
20110419,977037.5115
20110418,1455499.4915999998
20110415,1649279.0911
20110414,1403701.0428
20110413,858322.0447999999
20110412,944024.5452
20110411,888805.9368000001
20110408,1039440.3590999999
20110407,1206785.362
20110406,1714684.7879999997
20110405,1898233.9911999998
20110404,905327.2025000001
20110401,1606886.008
20110331,1605321.5967
20110330,932897.0066
20110329,1039035.6152
20110328,1243256.4144
20110325,1460104.5522
20110324,998190.1355
20110323,1122600.7394
20110322,781595.4299999999
20110321,1186768.5056999999
20110318,2119311.2800000003
20110317,1548073.7538
20110316,2494295.4299999997
20110315,1929873.588
20110314,1399349.4571
20110311,1281301.2888
20110310,1690874.9087999999
20110309,1029918.9573
20110308,1309167.7841
20110307,1671133.5947999998
20110304,1826862.354
20110303,1787996.7299999997
20110302,1268048.4592
20110301,1555349.34
20110228,1364863.3307999999
20110225,1404645.0075
20110224,1726294.5032000002
20110223,1424083.8208
20110222,1616988.6869
20110218,1856912.4023999998
20110217,1555352.9868
20110216,1912901.9756
20110215,1189123.9112
20110214,1545095.5520000001
20110211,2286615.3525
20110210,2108076.025
20110209,1478228.2052999998
20110208,986054.5967999999
20110207,1944356.1600000001
20110204,1122168.4826
20110203,1667716.6624999999
20110202,1280211.3588
20110201,1755285.0884999998
20110131,1802720.0902
20110128,3918272.25
20110127,4219439.997
20110126,2147034.3358
20110125,1206478.581
20110124,1470202.9122
20110121,1625890.4814
20110120,1661663.2410000002
20110119,1423077.2205
20110118,1524958.7626
20110114,1774053.137
20110113,1887995.6505
20110112,1502304.997
20110111,1413901.5167999999
20110110,1623731.1082
20110107,2108931.9680000003
20110106,2535823.0942
20110105,1641239.88
20110104,1527912.8532
20110103,1493755.1094
20101231,690808.7829999999
20101230,578606.03
20101229,545040.7614
20101228,645310.6258
20101227,607398.5897
20101223,704738.4859999999
20101222,1191040.1855
20101221,1069247.2119
20101220,1464534.9477
20101217,2433936.015
20101216,1613279.7828
20101215,1936111.1125
20101214,1769340.2382
20101213,1305927.91
20101210,1028050.9829999999
20101209,1271371.6084
20101208,1132676.7795
20101207,1552788.2804
20101206,972883.1684000001
20101203,1421142.2988
20101202,2467191.6503000003
20101201,1927724.274
20101130,1899922.3116000001
20101129,1431303.0259
20101126,539252.3825
20101124,1441584.5417000002
20101123,1751809.2656000003
20101122,1366127.4029
20101119,1345483.4358
20101118,1538207.1376
20101117,1484564.7945
20101116,1681664.2292999998
20101115,1354428.3879999998
20101112,1705829.0522999999
20101111,1655603.6548
20101110,1404510.165
20101109,1578563.9100000001
20101108,1920546.9507
20101105,2978185.89
20101104,2538828.3982
20101103,2978405.967
20101102,1488331.7889
20101101,1668453.2094999999
20101029,3044479.179
20101028,2104021.7388000004
20101027,1685105.9885000002
20101026,1793669.5349999997
20101025,1281324.1122
20101022,655650.1692
20101021,1270471.7724000001
20101020,1422022.8613
20101019,1658768.8910000003
20101018,1246881.8824
20101015,1760150.3959999997
20101014,1310141.9262
20101013,1889170.9928
20101012,1241298.3804
20101011,677451.7951
20101008,1015257.2157000001
20101007,1227121.5902
20101006,1231495.7788
20101005,1898164.316
20101004,2344945.5143999998
20101001,1526588.0758
20100930,1492463.4575
20100929,1084772.0450000002
20100928,1382395.4104
20100927,1078455.516
20100924,1286665.5690000001
20100923,1127545.6402
20100922,2318455.6807
20100921,1324631.889
20100920,1266177.501
20100917,1772574.0812000001
20100916,1125601.875
20100915,1408423.1360000002
20100914,2180236.8985
20100913,2875135.176
20100910,1389641.9535
20100909,1103761.7892
20100908,1563165.9892
20100907,1242221.2948
20100903,1557668.8771
20100902,1167871.9626
20100901,1549496.2719999999
20100831,1550610.3271999997
20100830,1072389.594
20100827,1454837.7508
20100826,1168525.3536
20100825,1141179.8260000001
20100824,1597940.002
20100823,1255124.9784000001
20100820,1195650.9147
20100819,1320314.788
20100818,1141071.9498
20100817,1304801.9131
20100816,1002774.22
20100813,1103985.5639999998
20100812,1719522.0026999998
20100811,1904710.8014
20100810,2186926.296
20100809,1461570.6390999998
20100806,1429991.3425
20100805,1646146.4035000002
20100804,2019443.4934999999
20100803,1483069.7832
20100802,1445688.6715999998
20100730,2155475.692
20100729,1807174.1377
20100728,1815520.3875
20100727,1586576.532
20100726,1754439.651
20100723,2800279.1789999995
20100722,1878159.728
20100721,1833578.6336
20100720,1158995.0008
20100719,944357.3862000001
20100716,1618979.0104
20100715,1451861.8544
20100714,1850393.9184
20100713,1547461.1712
20100712,1237834.5953999998
20100709,1305709.2537
20100708,1238964.2122
20100707,1990001.358
20100706,1752434.5416
20100702,1453900.9900999998
20100701,2135593.3272
20100630,1863255.9192000001
20100629,2788384.158
20100628,1791844.6403
20100625,3697664.4650000003
20100624,2128764.0
20100623,1553998.5659999999
20100622,1439446.4864999999
20100621,1417188.147
20100618,1376868.8168000001
20100617,1265456.4813
20100616,1279319.9216
20100615,2169599.145
20100614,1298390.1300000001
20100611,1744805.3294
20100610,1952351.5
20100609,2160909.0982
20100608,2189422.7586
20100607,2031492.3380999998
20100604,2308418.7991
20100603,1821053.4742
20100602,1726766.8991999999
20100601,1970767.512
20100528,1741347.5219999999
20100527,3543633.6
20100526,4411954.076
20100525,2559318.7521
20100524,1934384.6198000002
20100521,3156080.708
20100520,2383075.0001
20100519,1743221.5943999998
20100518,1505920.702
20100517,1332740.539
20100514,1831785.6898
20100513,1323907.0824
20100512,1386445.5936
20100511,1841786.4775999999
20100510,2507104.6128
20100507,4899495.874
20100506,3724014.042
20100505,1990326.6585000001
20100504,2472031.2163
20100503,1357349.9432
20100430,1930569.9138
20100429,1628102.95
20100428,1992665.0788
20100427,2120125.528
20100426,1980020.838
20100423,3923563.896
20100422,2615502.3781
20100421,1697121.3493
20100420,1636170.0544
20100419,1999510.5088
20100416,2720398.0233000005
20100415,1627977.6072
20100414,2123710.3498
20100413,1258905.312
20100412,1123886.9032
20100409,1660744.8520000002
20100408,1897191.8944
20100407,1711590.449
20100406,1382353.5584
20100405,1004733.728
20100401,2179803.0204000003
20100331,1867472.6986999998
20100330,1040562.1225999999
20100329,986184.9887999999
20100326,1648904.9896
20100325,2195542.1035
20100324,1007656.436
20100323,1253255.6448
20100322,1115861.0960000001
20100319,2406553.2205
20100318,1297017.1934999998
20100317,1492618.0649
20100316,1078485.7842
20100315,1098248.7601
20100312,927802.5089
20100311,1031446.7614000001
20100310,1300496.9052000002
20100309,1427347.584
20100308,1128407.6461
20100305,1600511.6568
20100304,1227885.1578
20100303,1377832.2724000001
20100302,2650258.9504000004
20100301,1270292.46
20100226,1157378.9433
20100225,1392638.6760000002
20100224,1235535.6664
20100223,1480303.6928
20100222,1054587.8005
20100219,1278873.9705
20100218,1240247.7064999999
20100217,1308169.4721000001
20100216,1472340.807
20100212,2166254.7102
20100211,1855277.1768
20100210,1342102.0265999998
20100209,1655899.1014
20100208,1463934.2256
20100205,2264010.6762
20100204,2165716.1952
20100203,1755355.9751
20100202,1540667.87
20100201,2436206.3652
20100129,5462526.738
20100128,3397912.74
20100127,1896828.6162
20100126,1965489.715
20100125,1858061.4692
20100122,2951073.232
20100121,2192002.7241
20100120,1677487.9961
20100119,1448427.764
20100115,2462069.1254
20100114,1956624.0119999999
20100113,1567077.332
20100112,1981754.9304
20100111,2080617.531
20100108,1569684.9966
20100107,1539526.7264999999
20100106,1789940.7474
20100105,1540174.86
20100104,1188401.0775
20091231,972520.4832
20091230,1300262.7240000002
20091229,932502.1022
20091228,790851.7857
20091224,343599.97000000003
20091223,875597.8164
20091222,1115847.9624
20091221,1217880.4567999998
20091218,2854484.5428
20091217,1291893.1840000001
20091216,1677636.4430000002
20091215,1484221.822
20091214,1042448.2463
20091211,1305763.4745
20091210,1371648.322
20091209,1328430.0633
20091208,1105376.2776
20091207,1133357.2730999999
20091204,1763083.9266
20091203,1285464.7865999998
20091202,1080763.2524
20091201,1497589.3301000001
20091130,1293787.9563
20091127,857837.5458
20091125,954276.1775999999
20091124,1114982.5872
20091123,1252409.3616
20091120,1263024.6428
20091119,1545133.5132000002
20091118,1789152.7605
20091117,2263434.0
20091116,1590364.181
20091113,1571161.2689
20091112,1623832.0167999999
20091111,1446055.8112
20091110,1909606.1679
20091109,1663755.5232999998
20091106,1100406.2684
20091105,1497983.4986999999
20091104,1786510.3306
20091103,1383533.0891
20091102,1738854.4112
20091030,2029992.9518000002
20091029,1840006.3661999998
20091028,2058504.4307999997
20091027,1961199.6659999997
20091026,3554128.848
20091023,7891138.104
20091022,1628106.4977
20091021,1638466.1556
20091020,1439642.7252
20091019,1267746.2415999998
20091016,1496275.33
20091015,1750994.6167000001
20091014,1176701.3808000002
20091013,967099.9257
20091012,749535.8408
20091009,1009271.7565
20091008,1552922.3087000002
20091007,965405.9890000001
20091006,1221146.7578999999
20091005,1497778.6208000001
20091002,1278453.4464
20091001,1885770.8919999998
20090930,1633810.2739999997
20090929,1004977.1799999999
20090928,1145821.1246999998
20090925,1280240.7485
20090924,1459412.4152000002
20090923,1557602.8134
20090922,1579954.8344999999
20090921,730263.5009999999
20090918,1717456.449
20090917,1073098.488
20090916,1252139.364
20090915,1126773.396
20090914,1069722.5
20090911,1349954.9294
20090910,1156345.0
20090909,1236452.8638
20090908,1333219.2064
20090904,1107593.9734
20090903,822411.6290999999
20090902,971723.3144
20090901,1501723.2000000002
20090831,1222219.7174999998
20090828,1376888.3152
20090827,1121763.9786
20090826,1008023.2455000001
20090825,1083210.8672000002
20090824,1334485.152
20090821,1684185.037
20090820,935028.4356000001
20090819,988908.668
20090818,915649.5996
20090817,987262.1925
20090814,1097523.1126
20090813,920046.0038
20090812,1457360.4331
20090811,777440.7027
20090810,825764.6089999999
20090807,1087647.6356
20090806,1399528.587
20090805,1268192.9823999999
20090804,1167496.3525999999
20090803,1116285.6093
20090731,1276133.3424
20090730,1612266.2922999999
20090729,1751394.4000000001
20090728,1648465.4411
20090727,1869275.46
20090724,5039672.33
20090723,2670158.628
20090722,1640068.144
20090721,1290841.1828
20090720,1170928.0209000001
20090717,1283464.8967
20090716,1577166.4792000002
20090715,1620579.6252000001
20090714,1047899.3778
20090713,1569221.345
20090710,967900.2207
20090709,1053867.2232000001
20090708,1647121.3919999998
20090707,1189644.3804000001
20090706,1135572.256
20090702,1528216.8825
20090701,1319109.6579999998
20090630,1579058.9275
20090629,1498034.1138
20090626,1519941.631
20090625,1373214.9444
20090624,1273794.1162999999
20090623,1324487.817
20090622,1659277.5768
20090619,2778539.7060000002
20090618,1379946.32
20090617,2041859.6223999998
20090616,2468640.125
20090615,1617310.9586000002
20090612,1187759.9290999998
20090611,1486769.7333
20090610,1379906.209
20090609,1054656.4992
20090608,1080211.8599999999
20090605,1304757.1368
20090604,924041.4151
20090603,1213058.3449
20090602,1047021.9639999999
20090601,1225962.7719999999
20090529,961537.454
20090528,929970.7029999999
20090527,863395.4274
20090526,915003.6462
20090522,737006.01
20090521,1153920.0036000002
20090520,966807.4313999999
20090519,1041999.0663
20090518,947678.486
20090515,1238114.0729999999
20090514,1091636.3136
20090513,973293.6275000001
20090512,1430210.7378000002
20090511,1231584.6984
20090508,1312480.6974000002
20090507,1326755.0184
20090506,1179530.1107
20090505,1322642.2873
20090504,1095924.5064
20090501,1277977.4832
20090430,1695637.8062
20090429,1556082.0899999999
20090428,1480727.4513
20090427,1391469.72
20090424,3507234.3
20090423,1608217.7848000003
20090422,1111139.7336000002
20090421,1154106.345
20090420,1171246.0318
20090417,1177735.2959999999
20090416,1337379.7216000003
20090415,1365266.1371999998
20090414,1230052.023
20090413,865333.5939
20090409,1094093.0014
20090408,1079092.2719
20090407,1234196.9500000002
20090406,888999.8180000001
20090403,1526428.125
20090402,1910538.1196999997
20090401,1856274.7412999999
20090331,1691666.4798
20090330,864111.5640000001
20090327,860040.062
20090326,1193814.6563
20090325,1321653.1248
20090324,897376.4184
20090323,1304641.0493999997
20090320,1394026.5096
20090319,1008410.9892000001
20090318,1198528.9408
20090317,1055736.409
20090316,1086834.775
20090313,1379056.0635
20090312,1592379.5832000002
20090311,1442487.4659
20090310,1562478.8528
20090309,1006764.4650000001
20090306,1418006.156
20090305,1363258.2629999998
20090304,1109740.1328
20090303,1268357.0380000002
20090302,1272190.1944
20090227,1508542.7529999998
20090226,1365909.8508000001
20090225,1794288.2880000002
20090224,2105910.802
20090223,1218077.1609
20090220,1249439.7600000002
20090219,872858.1780000001
20090218,995511.7128000001
20090217,1371651.0948
20090213,904783.3402999999
20090212,1449922.8456000001
20090211,1125397.1032
20090210,1577790.1879999998
20090209,1014127.6464
20090206,1704707.0006000001
20090205,1431076.1024
20090204,1407890.5244999998
20090203,1597923.995
20090202,1584002.2227999999
20090130,1058605.254
20090129,864404.0861
20090128,1157169.486
20090127,1088927.7854
20090126,1641625.9123999998
20090123,2009168.12
20090122,3804218.579
20090121,1323082.8713999998
20090120,1651340.8296
20090116,1569408.3558
20090115,1849936.3895999996
20090114,1531886.0223
20090113,1304476.6875999998
20090112,1015442.2739999999
20090109,972249.6224
20090108,1401095.2328
20090107,1418506.5464
20090106,1205692.6368000002
20090105,1261199.214
20090102,1018174.5821
20081231,902306.2392000001
20081230,835718.5327999999
20081229,1109338.7928000002
20081226,441918.68659999996
20081224,323859.32190000004
20081223,915922.6208
20081222,1123199.5964000002
20081219,2169330.344
20081218,1557925.143
20081217,1538069.0372
20081216,1957922.4704
20081215,1140596.912
20081212,1512101.9584
20081211,1624561.4444999998
20081210,1267446.3687
20081209,1657927.14
20081208,2252742.624
20081205,1827914.2229000002
20081204,1503982.0340999998
20081203,1608430.4016
20081202,1525890.5754999998
20081201,1481515.6738
20081128,634340.6268
20081126,1632557.9615999998
20081125,1857859.8054
20081124,2591877.68
20081121,3089393.952
20081120,2444756.589
20081119,1883555.412
20081118,2137236.0300000003
20081117,1879350.8748
20081114,1935030.3278
20081113,3151568.375
20081112,1827288.869
20081111,1653643.6719999998
20081110,1428988.671
20081107,1531830.0650000002
20081106,1992383.7983999997
20081105,1791045.4752
20081104,1696808.3015
20081103,1400680.6164000002
20081031,2070978.6558999997
20081030,2155838.3506
20081029,2570153.4
20081028,3096615.0600000005
20081027,2491685.094
20081024,3379536.396
20081023,3439659.3120000004
20081022,3229090.93
20081021,2342424.0
20081020,2310622.1544
20081017,3198278.002
20081016,3896556.647
20081015,2566247.2660000003
20081014,3992432.5100000002
20081013,3694330.35
20081010,4910638.7
20081009,2941740.18
20081008,3947954.5560000003
20081007,3389919.055
20081006,3645934.7129999995
20081003,3007952.2479999997
20081002,2462233.2
20081001,2354458.608
20080930,2861210.7040000004
20080929,3359673.3320000004
20080926,2759580.04
20080925,2558482.314
20080924,2063968.7863999999
20080923,2342832.1824000003
20080922,2670672.84
20080919,3394627.4560000002
20080918,3340642.5779999997
20080917,2544206.301
20080916,2902001.8159999996
20080915,2207618.2998
20080912,2087250.0288000002
20080911,1993073.6970000002
20080910,1984111.2732000002
20080909,2236602.177
20080908,1622291.5204
20080905,2109005.3294999995
20080904,1742749.2115000002
20080903,1536714.1479999998
20080902,1790515.4279999998
20080829,1384240.4944
20080828,1351508.0920000002
20080827,936298.0848
20080826,1220960.5281
20080825,1420975.5204
20080822,1333335.2736
20080821,1185432.0533999999
20080820,1132076.8009
20080819,1101211.828
20080818,1053355.5669000002
20080815,1314486.0927
20080814,1385511.2901
20080813,1427939.5139000001
20080812,1765834.7680000002
20080811,1917546.633
20080808,2273283.4737
20080807,2260665.6963
20080806,2580769.0958
20080805,2209047.2081
20080804,1527043.9616
20080801,2021209.0176
20080731,1538036.4527999999
20080730,1363087.3279000001
20080729,1731889.6160999998
20080728,1522178.1300000001
20080725,1530279.1656000002
20080724,2058267.7200000002
20080723,2059017.7851000002
20080722,2280680.526
20080721,1986381.8236000002
20080718,3885105.546
20080717,2647598.2016
20080716,2236297.5436
20080715,2424308.9699999997
20080714,1287990.854
20080711,1719664.3800000001
20080710,1443887.6805
20080709,1366750.4772
20080708,1694451.99
20080707,1859884.8877
20080703,963245.6514
20080702,2190776.4204
20080701,2684940.9518999998
20080630,1589919.5424
20080627,2010220.9262999997
20080626,1860045.0374999999
20080625,1821177.918
20080624,1808465.4689
20080623,1598348.447
20080620,2751788.1312
20080619,1794744.875
20080618,1413794.3284
20080617,1274447.8080000002
20080616,2161617.4877
20080613,3834155.673
20080612,3217295.6559999995
20080611,1575689.3568
20080610,2158549.6179
20080609,1850173.7007
20080606,2156992.1289
20080605,2150935.8400000003
20080604,2191121.2314
20080603,2364639.6272
20080602,2140116.2800000003
20080530,1784793.5184000002
20080529,1349402.6613
20080528,1466244.5702
20080527,1343692.1664
20080523,1371359.4510000001
20080522,1485941.5428
20080521,1697517.075
20080520,2174684.2364000003
20080519,1756251.7134
20080516,2445183.9669
20080515,1624663.0995
20080514,1997224.1112
20080513,2111398.4264
20080512,1927720.9120999998
20080509,1515762.2112
20080508,2036751.4864999999
20080507,2592981.9235
20080506,2777822.289
20080505,3477322.4239999996
20080502,1928313.9644
20080501,2105474.5319999997
20080430,2127523.8372
20080429,2416832.2240000004
20080428,2818362.8655
20080425,4328607.436
20080424,3665016.7800000003
20080423,3085339.0355
20080422,2035419.0450000002
20080421,1652699.7396
20080418,2206739.4
20080417,1423704.7607999998
20080416,1564932.201
20080415,961278.8525
20080414,1216253.685
20080411,1386031.6456
20080410,1909281.8172000002
20080409,1324281.1986
20080408,1285917.6375
20080407,1294078.8096
20080404,1277099.2332
20080403,1128234.85
20080402,1443256.4124
20080401,1938696.9299999997
20080331,1324965.1404
20080328,1373738.0148
20080327,1337544.8954999999
20080326,1280162.5872
20080325,1432006.0392
20080324,1396186.1709
20080320,1754359.6682
20080319,1758427.9686
20080318,2451344.7138
20080317,2351803.297
20080314,2937488.784
20080313,2419400.5722
20080312,2165060.723
20080311,2782207.56
20080310,2011823.1375
20080307,2160877.5966
20080306,2511206.8331999998
20080305,2992876.276
20080304,2397493.748
20080303,2064390.0677999998
20080229,3192863.84
20080228,2317245.1281
20080227,2124461.3256
20080226,3071706.462
20080225,3060381.6
20080222,3478758.736
20080221,2763593.974
20080220,2619645.1036
20080219,1922659.9667999998
20080215,1881766.3550000002
20080214,1943430.39
20080213,2576836.7632
20080212,2389810.176
20080211,4422817.399
20080208,3565124.8079999997
20080207,4636071.288
20080206,3928952.2759999996
20080205,3997212.21
20080204,3622440.7390000005
20080201,8857637.040000001
20080131,3368975.2800000003
20080130,3416477.9600000004
20080129,2216847.9220000003
20080128,2649223.88
20080125,6471553.805999999
20080124,5151352.675
20080123,4374643.089
20080122,3475793.4749999996
20080118,3787253.8049999997
20080117,3098095.0847
20080116,4013433.0019999994
20080115,2082512.58
20080114,1815448.4439
20080111,1870624.4648999998
20080110,2487054.0149999997
20080109,2558323.7399999998
20080108,2638233.6120000007
20080107,2774308.8737
20080104,2478287.457
20080103,1754292.2247
20080102,2218461.3096
20071231,1235207.148
20071228,1185668.6183999998
20071227,1198180.8431999998
20071226,1105415.1535
20071224,1083536.9116
20071221,3001427.4156
20071220,2105712.9792
20071219,2033157.8673
20071218,1805725.0998
20071217,1922875.5820000002
20071214,2511208.0059
20071213,2603664.2106
20071212,2182272.6051
20071211,1867616.08
20071210,1253799.8044
20071207,1397162.1831
20071206,1700073.8645
20071205,2898102.5265
20071204,1795842.8611
20071203,2031541.5924000002
20071130,2379745.8720000004
20071129,1800307.7786000003
20071128,2971399.0960000004
20071127,2778631.5084
20071126,2647829.6019
20071123,1141597.2321
20071121,3064265.1500999997
20071120,3405835.3784
20071119,2138966.5248
20071116,2424194.7849000003
20071115,2104383.6864
20071114,2844310.1661
20071113,3592799.6
20071112,2827919.8862000005
20071109,4219916.450999999
20071108,4264178.67
20071107,2658398.4960000003
20071106,3674475.3539999994
20071105,2768542.8496
20071102,3572185.9756
20071101,5597957.472000001
20071031,6830629.245
20071030,3815853.561
20071029,3962399.572
20071026,1.0062356991E7
20071025,5321581.285999999
20071024,2427082.1875
20071023,1541238.234
20071022,1793087.0397
20071019,2265694.592
20071018,1504775.604
20071017,2646074.1216
20071016,1694564.4856
20071015,1415886.7352
20071012,938143.3908
20071011,1494940.9821
20071010,974389.9865
20071009,1911785.8480000002
20071008,903097.4544
20071005,1343161.6608000002
20071004,1122911.7325
20071003,1107377.4275
20071002,996277.5899999999
20071001,1298328.6446
20070928,1349036.1498
20070927,1207400.8128
20070926,1779633.815
20070925,2231330.0968
20070924,3036129.388
20070921,3863796.3
20070920,1908092.0852
20070919,2700947.9472000003
20070918,2239947.4878000002
20070917,1135255.3199
20070914,972368.1
20070913,1006690.9716
20070912,1223180.0724
20070911,993758.8078
20070910,1060617.9840000002
20070907,1482551.604
20070906,1312692.9529000001
20070905,1357596.0320000001
20070904,1315396.8965
20070831,1221595.5778
20070830,954754.4034999999
20070829,1308100.2843
20070828,1224387.7989
20070827,933922.4278999999
20070824,1300644.7359999998
20070823,958885.787
20070822,1223989.4464
20070821,1396302.0099
20070820,1381860.306
20070817,2167841.7199999997
20070816,2250339.3135
20070815,1351923.5960000001
20070814,1201037.0977
20070813,1577425.3922000001
20070810,2190843.4482
20070809,2099227.8972
20070808,1582945.2
20070807,1423089.8805
20070806,1751614.179
20070803,1779614.5888
20070802,1415127.9888
20070801,2344057.4280000003
20070731,1929399.0104999999
20070730,1975289.8619999997
20070727,2019368.6782000002
20070726,2608164.6636
20070725,1687394.731
20070724,1839630.408
20070723,1520423.9204000002
20070720,3056880.1319999998
20070719,3804312.585
20070718,1991260.9864
20070717,2386175.1768
20070716,1441650.21
20070713,1256169.5874
20070712,1632035.4178
20070711,1414646.2113
20070710,1935306.0272
20070709,1007489.1131
20070706,1574870.4531
20070705,1429263.42
20070703,1056505.2676
20070702,1407175.7582
20070629,2096376.1517999999
20070628,1373825.7211
20070627,1597186.2375
20070626,1425919.0248
20070625,1589619.5232
20070622,2528298.0192
20070621,1709387.9538
20070620,1401665.066
20070619,1425606.2822
20070618,1389548.9655000002
20070615,3077224.593
20070614,1790762.526
20070613,1958197.2762000002
20070612,1700904.939
20070611,1452972.8032000002
20070608,1843452.4085
20070607,2131763.2479999997
20070606,1157605.046
20070605,1353612.6912
20070604,1272866.6112
20070601,1199501.5039
20070531,2617376.7015000004
20070530,1784990.3813999998
20070529,1304570.4526
20070525,1454686.0415999999
20070524,1932278.6812000002
20070523,1416375.0832
20070522,1227583.1205
20070521,1299020.22
20070518,1797502.4544
20070517,1271581.2254
20070516,1424048.3985000001
20070515,2317928.2739999997
20070514,2173730.4121999997
20070511,1344265.4598
20070510,1694031.3917999999
20070509,1592344.818
20070508,1861956.165
20070507,1839177.6776
20070504,3189971.9839999997
20070503,2540533.2079000003
20070502,2468919.3408
20070501,2220729.6055
20070430,2029481.403
20070427,3864359.856
20070426,1993060.746
20070425,1141705.6326
20070424,985673.1535
20070423,1201251.298
20070420,1759054.8452
20070419,1286130.8126
20070418,1194488.438
20070417,956947.5760000001
20070416,882013.5857
20070413,1027482.9461999999
20070412,1248968.9070000001
20070411,1238137.5576000002
20070410,1097463.1879999998
20070409,896656.0221
20070405,860245.4745
20070404,1802441.46
20070403,1107782.6127
20070402,1159792.2011999998
20070330,1311587.8404
20070329,1182857.07
20070328,1354884.8836
20070327,1634959.6956
20070326,1335398.6199999999
20070323,1415554.7088000001
20070322,1355115.3825
20070321,2076485.5860000001
20070320,1333467.2352
20070319,1375112.5828
20070316,1777436.613
20070315,1411478.6576
20070314,2072606.1439999999
20070313,2003185.3071999997
20070312,1000867.9632
20070309,2181356.8128
20070308,1969786.4796
20070307,1414245.4942
20070306,1373537.4048
20070305,1546630.2765
20070302,1755915.2168
20070301,2252072.2105
20070228,2431792.4337
20070227,2428127.2071
20070226,1846552.8537
20070223,1842142.933
20070222,1697263.3891
20070221,2012542.414
20070220,1555846.9874999998
20070216,3142118.334
20070215,1868059.1892
20070214,1634333.358
20070213,1460596.6404000001
20070212,1521108.105
20070209,2023050.33
20070208,1424361.8774
20070207,1913114.5143000002
20070206,2326096.8302
20070205,2934160.0155
20070202,1823482.3399
20070201,1643178.8064000001
20070131,2279973.832
20070130,1886216.3952
20070129,1758638.5186
20070126,2940125.724
20070125,2921456.1284999996
20070124,1819058.8005
20070123,1511400.3428
20070122,1693889.4335999999
20070119,2358644.7819
20070118,1736197.16
20070117,1819215.648
20070116,1940529.8196
20070112,3244600.963
20070111,3049407.668
20070110,1631714.3502
20070109,1336877.5168
20070108,1500935.0274
20070105,1319493.3648
20070104,1362494.9657
20070103,2296288.9424
20061229,298599.97014
20061228,800181.1900000001
20061227,938012.1248
20061226,1112457.4571999998
20061222,1125482.9664
20061221,963788.0460000001
20061220,945483.7674
20061219,1609642.7735
20061218,1700895.8302
20061215,3100956.793
20061214,2531678.3981
20061213,1349221.086
20061212,2025047.9871
20061211,3178409.472
20061208,3200257.62
20061207,1351079.543
20061206,1406483.1885
20061205,1327663.2534
20061204,1616902.7735
20061201,2104021.6288
20061130,1561767.6192
20061129,1737977.0457000001
20061128,1545746.4770000002
20061127,2143409.73
20061124,609177.9744
20061122,1313703.7232000001
20061121,1988055.6432000003
20061120,2561661.4744
20061117,1447558.686
20061116,1895638.5945
20061115,1855176.6688
20061114,1841835.7909000001
20061113,1387368.9235
20061110,1079790.8020000001
20061109,2616062.5722000003
20061108,2242291.275
20061107,1635803.8275
20061106,1742730.2536
20061103,1181189.4185
20061102,1687951.4358
20061101,2186563.4719000002
20061031,1773578.0502000002
20061030,1349296.1082000001
20061027,2522881.7796
20061026,1973470.7160000002
20061025,1146213.5814
20061024,1731928.5676
20061023,1378065.3675
20061020,1389879.5854
20061019,1265451.306
20061018,1154925.956
20061017,1140950.232
20061016,1414902.7119999998
20061013,3680896.8570000003
20061012,3389600.1479999996
20061011,1025101.5911999999
20061010,958012.2513
20061009,924901.362
20061006,1015747.5117000001
20061005,2270375.1072000004
20061004,2296421.8486
20061003,1077063.4189000002
20061002,1448130.3264
20060929,937897.1400000001
20060928,1210381.574
20060927,1816836.4256000002
20060926,1486937.504
20060925,1829192.7115000002
20060922,1272008.3184
20060921,1573084.8309999998
20060920,1945160.3465999998
20060919,1155849.4582
20060918,1316261.2824
20060915,3381467.52
20060914,1956888.5179
20060913,979608.8945999999
20060912,1354681.2153999999
20060911,1440616.2098
20060908,943727.616
20060907,1303692.0913
20060906,1283950.4353
20060905,1132059.5740999999
20060901,816347.616
20060831,676254.38
20060830,782077.206
20060829,1103656.6328
20060828,887255.1524999999
20060825,852130.5155000001
20060824,924798.3029999998
20060823,1130791.4803
20060822,2276838.8958
20060821,2308910.0500000003
20060818,3311686.1629999997
20060817,1119409.187
20060816,1291653.155
20060815,1206198.5506
20060814,1143550.3332000002
20060811,739131.3600999999
20060810,776614.2948
20060809,1083153.1828
20060808,1414932.6365999999
20060807,892946.3507999999
20060804,1109747.9176
20060803,1044417.9474000001
20060802,1128662.343
20060801,1175902.4764
20060731,968279.5422
20060728,1253695.6575
20060727,2038022.5096000002
20060726,1338897.7917000002
20060725,1454788.1054
20060724,1417219.2000000002
20060721,4187666.8680000002
20060720,1722453.565
20060719,1923126.192
20060718,1479152.862
20060717,832939.3008
20060714,1504415.8494
20060713,1621826.6484
20060712,1751760.4912
20060711,2048075.5680000002
20060710,1188267.395
20060707,1471825.584
20060706,1051282.4844
20060705,1239444.1520000002
20060703,609360.891
20060630,1646366.35
20060629,2848159.604
20060628,1665233.1815999998
20060627,1936611.1889999998
20060626,1080178.0822
20060623,1361456.55
20060622,1753607.6272
20060621,2102480.678
20060620,2036815.6128
20060619,2923138.46
20060616,3253411.7200000007
20060615,2673484.762
20060614,1883062.5972
20060613,2426543.1
20060612,1613176.9641000002
20060609,1152163.8624000002
20060608,2300815.242
20060607,1627058.4792
20060606,2801664.639
20060605,1437493.725
20060602,1682486.7972000001
20060601,1830660.335
20060531,2711895.8249999997
20060530,1212678.7195
20060526,1111532.4832
20060525,1971649.0198
20060524,2522612.1999999997
20060523,1822411.4659999998
20060522,1997908.3695999999
20060519,2257331.04
20060518,2176261.0746
20060517,2230850.6245
20060516,1888978.3380000002
20060515,1558299.4224999999
20060512,1925593.1289000001
20060511,2151454.6728
20060510,1819889.9119
20060509,1779199.8838000002
20060508,1914809.5322999998
20060505,3123233.54
20060504,4013699.176
20060503,4898745.0540000005
20060502,4570361.124
20060501,4244633.778
20060428,1.4266107764999999E7
20060427,2558546.645
20060426,1061713.502
20060425,1332625.3953
20060424,1147206.2792
20060421,1588971.126
20060420,1233752.9952
20060419,1219300.3245
20060418,1513669.3584
20060417,960688.4144000001
20060413,762292.5535
20060412,874839.584
20060411,1164513.4697999998
20060410,1076098.7342
