20160408,352322.43200000003
20160407,599179.4521999999
20160406,678023.54
20160405,439196.12625000003
20160404,451545.94511000003
20160401,659166.6921999999
20160331,539409.3905999999
20160330,486584.9536
20160329,481525.5195
20160328,447194.40693000006
20160324,592979.8735100001
20160323,500357.59949999995
20160322,464962.93282999995
20160321,367726.79328000004
20160318,1117050.6527999998
20160317,640341.4500000001
20160316,551241.19605
20160315,470500.866
20160314,383328.2678
20160311,416598.15323999996
20160310,525384.57595
20160309,462012.44584
20160308,611604.3276000001
20160307,636715.5256
20160304,461275.18146
20160303,582157.07424
20160302,537677.04312
20160301,667102.6403999999
20160229,656655.0806999999
20160226,537466.82161
20160225,378439.7622
20160224,540158.4192
20160223,420084.23436
20160222,539805.8103499999
20160219,508144.00431999995
20160218,679876.5324
20160217,758765.386
20160216,738197.2464
20160212,680165.3487999999
20160211,980344.1460000001
20160210,1214474.7128
20160209,1059074.4863
20160208,1651513.6439999999
20160205,1487591.3480999998
20160204,1638396.7051000001
20160203,1619050.3392
20160202,875292.7846000001
20160201,543605.5849
20160129,1066157.9244
20160128,690669.7798
20160127,662931.0336
20160126,863227.6656000001
20160125,579022.431
20160122,545612.83711
20160121,833546.9184000001
20160120,1208692.1322
20160119,668856.3875
20160115,826451.1121
20160114,716636.4959999999
20160113,860226.6645
20160112,546092.52273
20160111,622039.4496
20160108,770401.4395000001
20160107,885322.0292
20160106,597778.588
20160105,774851.679
20160104,735531.3108
20151231,437982.79932
20151230,366701.09421
20151229,415989.57360000006
20151228,291847.89031999995
20151224,200171.99189999996
20151223,413103.38809
20151222,599147.2752
20151221,789680.613
20151218,1139581.74
20151217,577739.794
20151216,943313.109
20151215,1022709.1875
20151214,1553628.9382
20151211,1119049.9815
20151210,797179.266
20151209,745846.5987000001
20151208,841932.5148
20151207,433013.60494
20151204,742941.5175
20151203,693299.5168
20151202,560756.77056
20151201,484927.50475
20151130,609347.3608
20151127,174676.6308
20151125,373755.98339999997
20151124,524193.42597999994
20151123,379124.90199
20151120,578841.6529999999
20151119,491387.40583999996
20151118,549635.3939200001
20151117,499513.52516
20151116,472271.87055000005
20151113,469178.02778999996
20151112,547753.47341
20151111,372439.78859999997
20151110,543837.28153
20151109,523399.36545000004
20151106,787041.2577
20151105,569004.81148
20151104,859302.99
20151103,528424.17568
20151102,477072.51314000005
20151030,680275.5009999999
20151029,573711.49302
20151028,721006.3759999999
20151027,974698.8283999999
20151026,662923.3648
20151023,626192.6172
20151022,633966.883
20151021,501631.27371
20151020,416766.19054999994
20151019,399669.43536
20151016,390791.99208
20151015,425937.34935000003
20151014,580719.87882
20151013,474153.44639999996
20151012,528286.8007199999
20151009,575830.44168
20151008,787583.5312
20151007,491782.98870000005
20151006,570334.0161199999
20151005,575936.59288
20151002,700431.5376
20151001,682508.4511999999
20150930,688401.5760000001
20150929,821136.0576000001
20150928,943658.2890000001
20150925,663715.1444
20150924,611600.8206
20150923,391660.05617999996
20150922,587102.8743
20150921,758939.0578000001
20150918,4436633.2428
20150917,1005257.1144
20150916,704004.7658
20150915,492487.54582
20150914,597632.625
20150911,639087.5053
20150910,676022.7716000001
20150909,786076.3704
20150908,628338.4974999999
20150904,661491.6732000001
20150903,685053.1919
20150902,948502.6495999999
20150901,884417.3394
20150831,597266.99
20150828,689101.953
20150827,906351.7841
20150826,909860.238
20150825,893381.1930000001
20150824,1419906.2121999997
20150821,1334126.1598
20150820,1095332.8958
20150819,959120.8648000001
20150818,638976.0778999999
20150817,806853.4789
20150814,818809.4208000001
20150813,820877.2068
20150812,847997.5464999999
20150811,969986.7922
20150810,661724.871
20150807,935962.0742
20150806,2243506.1583999996
20150805,1709974.4791
20150804,483165.19454
20150803,600609.59973
20150731,606422.9291899999
20150730,614281.66992
20150729,550231.93192
20150728,740660.6606
20150727,732196.7982000001
20150724,639295.3534
20150723,1310779.2738
20150722,723924.1349999999
20150721,605795.2019499999
20150720,446940.19103999995
20150717,684993.5162
20150716,687445.0847999998
20150715,588081.44625
20150714,652931.4984
20150713,679996.2636
20150710,775203.5458
20150709,692870.5953
20150708,949209.2244
20150707,857229.6348
20150706,830823.7315
20150702,1220871.5472000001
20150701,1348905.21
20150630,759397.4024
20150629,689200.19
20150626,1887338.4101000002
20150625,735382.3047999999
20150624,476249.03148
20150623,536725.16128
20150622,1001415.1784000001
20150619,1393911.3854999999
20150618,873326.9663999999
20150617,776911.7971999999
20150616,585304.1766400001
20150615,542493.56718
20150612,581752.78308
20150611,665169.076
20150610,600532.3953
20150609,655779.501
20150608,1017198.9297
20150605,653665.1571
20150604,786772.0485
20150603,817023.8512
20150602,668031.0922
20150601,753872.3096
20150529,767497.3714000001
20150528,681679.0303
20150527,862483.7574000001
20150526,1537399.8423000001
20150522,696915.0999
20150521,1087484.1347999999
20150520,881098.4874
20150519,684822.1921999999
20150518,795208.3389
20150515,979850.4768
20150514,790738.4737999999
20150513,1443501.5196
20150512,731871.9135
20150511,698580.8365000001
20150508,871129.0764
20150507,776862.4256000001
20150506,966549.3905999999
20150505,934865.4613999999
20150504,1256814.5625999998
20150501,909246.8582999998
20150430,1331356.4479999999
20150429,855028.1230000001
20150428,989651.25
20150427,1550402.8416000002
20150424,2645260.0356
20150423,3665765.4305
20150422,738823.5608
20150421,1107286.4239999999
20150420,1133944.3767
20150417,2475573.789
20150416,653688.4302
20150415,851360.0414999999
20150414,587128.61886
20150413,701218.3612
20150410,949141.6368000001
20150409,696496.2626
20150408,860513.8916000001
20150407,722116.4904
20150406,619923.6938
20150402,1190352.3858
20150401,899431.6446
20150331,982528.3063999999
20150330,761062.5756
20150327,815952.5874
20150326,989533.1988
20150325,1056321.2759
20150324,1144060.4006999999
20150323,497125.83207999996
20150320,1269409.692
20150319,621596.7375
20150318,1120891.4062
20150317,881847.0810000001
20150316,554437.75675
20150313,722261.2175
20150312,712920.5527
20150311,742230.331
20150310,929445.821
20150309,481383.70920000004
20150306,1070136.1273
20150305,668539.0521
20150304,740343.0375
20150303,714571.5011999999
20150302,698957.7032999999
20150227,579146.6192600001
20150226,697487.336
20150225,1011493.2453999999
20150224,1191034.7051
20150223,1021294.4500000001
20150220,790791.885
20150219,596990.0170000001
20150218,701825.2161999999
20150217,926503.368
20150213,863494.8848
20150212,682741.2564000001
20150211,647031.4182000001
20150210,517016.31843999994
20150209,490993.4676900001
20150206,602806.1372
20150205,673437.8123999999
20150204,2279280.285
20150203,1010294.9628
20150202,993099.6026999999
20150130,1498317.1024999998
20150129,1122701.4378
20150128,1085752.5198000001
20150127,536735.94964
20150126,490591.57514999993
20150123,611066.5473
20150122,760602.3181
20150121,776289.9573
20150120,768889.3471
20150116,880898.3869
20150115,902718.32
20150114,1362238.5366
20150113,990659.2444000001
20150112,631441.7954000001
20150109,625546.2668
20150108,888717.3762
20150107,610391.2276
20150106,937485.066
20150105,910711.5068
20150102,606901.787
20141231,715998.8668
20141230,482085.42921
20141229,421144.91136
20141226,332274.19239
20141224,278781.99144
20141223,655503.8489999999
20141222,1097275.8968
20141219,1216702.8022999999
20141218,981023.2458
20141217,708608.2242
20141216,864758.1978
20141215,710405.5157999999
20141212,628902.1980000001
20141211,587282.605
20141210,677349.9541
20141209,572641.2803999999
20141208,539437.059
20141205,430504.41924
20141204,848341.403
20141203,593045.7748
20141202,566466.4444400001
20141201,655434.226
20141128,315743.89328
20141126,523158.62519999995
20141125,993454.5199999999
20141124,710467.758
20141121,1021667.4624
20141120,502493.65894000005
20141119,907629.9338
20141118,751965.2202
20141117,706968.8624999999
20141114,542004.637
20141113,1126879.755
20141112,1549189.544
20141111,2064048.2112
20141110,3501306.042
20141107,966347.124
20141106,554610.7632
20141105,518830.84393000003
20141104,744157.2951000001
20141103,655788.6560000001
20141031,979304.2289999999
20141030,718327.1015
20141029,913739.13
20141028,795206.1026
20141027,717079.7285
20141024,1214750.6334
20141023,1164466.3728
20141022,1152452.2694
20141021,1467506.0806999998
20141020,728227.6109999999
20141017,1481776.772
20141016,2220757.7283
20141015,2097436.392
20141014,1384761.7475
20141013,1142365.6208000001
20141010,1451121.2093999998
20141009,1011392.4219999999
20141008,1242502.9091000003
20141007,660221.7744
20141006,438776.21158
20141003,778002.256
20141002,956417.7384
20141001,845820.8707
20140930,791562.0056
20140929,668727.6015999999
20140926,571485.1152
20140925,747721.1346
20140924,883249.8402
20140923,731464.9014
20140922,833987.5656
20140919,1184592.7544000002
20140918,828336.9045
20140917,573807.0228
20140916,521959.9196999999
20140915,744003.8024
20140912,644309.3364
20140911,552526.7409199999
20140910,770505.6282
20140909,1135399.0310999998
20140908,659683.5168000001
20140905,791090.3900000001
20140904,723562.0672
20140903,491094.56589
20140902,522332.06586
20140829,369830.64671999996
20140828,303733.97312
20140827,443831.19616
20140826,504111.86672
20140825,514592.8161
20140822,441272.04407999996
20140821,406918.25836
20140820,400984.98344000004
20140819,400418.4215
20140818,415573.53734
20140815,584957.8269
20140814,355501.07223999995
20140813,493803.47709
20140812,446938.927
20140811,419707.8425
20140808,633559.84
20140807,618443.1816
20140806,530823.463
20140805,726932.3104000001
20140804,588398.4870000001
20140801,531233.86357
20140731,820099.7955
20140730,718199.4855
20140729,1003339.2914999999
20140728,480647.4526099999
20140725,542140.64667
20140724,722404.2245
20140723,726080.4824000001
20140722,868019.8941
20140721,951757.7238
20140718,632610.5508
20140717,832213.358
20140716,1022766.7934999999
20140715,541088.87855
20140714,754088.112
20140711,384824.33874999994
20140710,551990.466
20140709,867686.6835
20140708,779081.9358000001
20140707,609017.8752
20140703,419156.77859999996
20140702,501236.99120000005
20140701,608233.1948
20140630,842719.0992
20140627,864515.1017
20140626,503202.5888
20140625,715449.9538
20140624,616775.5104
20140623,417863.79691
20140620,918587.8746000001
20140619,497482.89752
20140618,516113.65622
20140617,417289.7754
20140616,369622.5147
20140613,512836.21818
20140612,514827.07593
20140611,533606.5224
20140610,537579.1376
20140609,618872.7165000001
20140606,487881.73433999997
20140605,386917.01706
20140604,718069.2876
20140603,408093.384
20140602,539709.7320000001
20140530,565422.0480000001
20140529,494334.04308000003
20140528,448690.55995
20140527,488810.23777999997
20140523,474276.97272
20140522,577614.1140000001
20140521,646045.647
20140520,632870.2305
20140519,712672.2779999999
20140516,638965.8786
20140515,829731.1346999999
20140514,788211.4383
20140513,1255585.7249
20140512,752422.971
20140509,783684.36
20140508,968967.909
20140507,739819.3946000001
20140506,830623.101
20140505,710661.9804
20140502,696303.4419
20140501,703389.1176
20140430,778432.6152
20140429,882987.5779999999
20140428,1116306.4000000001
20140425,834338.1240000001
20140424,866678.6809999999
20140423,855916.2585
20140422,1859045.2374
20140421,789010.3196
20140417,742607.058
20140416,1031014.2612000001
20140415,871269.6252
20140414,787320.7464
20140411,816147.31
20140410,923974.65
20140409,1016490.7324000001
20140408,1149648.1125
20140407,1078680.7307999998
20140404,915230.511
20140403,734559.1272
20140402,811300.699
20140401,697619.9628
20140331,868885.5528
20140328,789693.0048
20140327,615974.23
20140326,962025.6132
20140325,911660.5645
20140324,924387.747
20140321,1198048.0
20140320,782012.5614
20140319,1065491.1692000001
20140318,818984.2446
20140317,651672.435
20140314,803047.0944
20140313,763287.2268000001
20140312,566155.841
20140311,610836.915
20140310,512237.65152
20140307,670761.9873
20140306,670352.4198
20140305,860830.7117
20140304,663044.76
20140303,854272.44
20140228,992177.1443999999
20140227,905969.6932
20140226,773287.6032
20140225,1036419.2877
20140224,837830.3505000001
20140221,1227873.999
20140220,1332228.3832
20140219,2073193.4178000002
20140218,1085091.6416
20140214,1924599.945
20140213,4409507.7786
20140212,442691.03992
20140211,436098.90499999997
20140210,376993.4487
20140207,533699.7516000001
20140206,426888.49059000006
20140205,486533.55802000005
20140204,750623.8872000001
20140203,1010690.0898000002
20140131,874475.1675
20140130,785692.6815
20140129,807359.3682
20140128,880396.1045
20140127,994856.0925
20140124,755103.388
20140123,490741.5856
20140122,439988.29648
20140121,457407.05016000004
20140117,650530.8098
20140116,542438.3683999999
20140115,787978.331
20140114,464434.85169000004
20140113,600928.0576
20140110,570406.5936
20140109,553105.2344
20140108,784172.005
20140107,981619.9659
20140106,458871.0739
20140103,341437.6776
20140102,502216.26105000003
20131231,484501.2386999999
20131230,289835.86632
20131227,290243.12348999997
20131226,209814.91035
20131224,163348.28631999998
20131223,401023.70448
20131220,856235.6873999999
20131219,552016.1772
20131218,618400.9293000001
20131217,357776.14454999997
20131216,478544.30716
20131213,557014.8232999999
20131212,374839.40284
20131211,485919.73319999996
20131210,470620.61618
20131209,365283.36936
20131206,537467.2147
20131205,517641.85199999996
20131204,473558.33616000006
20131203,539506.9079000001
20131202,560425.3071999999
20131129,279251.35382
20131127,412169.19070000004
20131126,623544.7778
20131125,890087.9526
20131122,1345805.5352
20131121,335877.2924
20131120,391108.25075
20131119,297588.72276
20131118,397350.56956
20131115,477951.51449999993
20131114,306092.97141
20131113,350604.39442
20131112,393332.2982999999
20131111,423699.5428
20131108,478883.61642
20131107,453066.41588
20131106,356522.75575
20131105,372033.40512000007
20131104,356211.603
20131101,604805.6105
20131031,741945.9600000001
20131030,633241.3623
20131029,642451.4096
20131028,452449.63309
20131025,442797.4263
20131024,419172.42192
20131023,408822.81832
20131022,461748.11264
20131021,330532.57403
20131018,469464.51551999996
20131017,458980.35697
20131016,714235.0607999999
20131015,461864.45319
20131014,375245.20102000004
20131011,439595.48850000004
20131010,396119.09849999996
20131009,440863.13557
20131008,458384.8296
20131007,360890.06470000005
20131004,527564.17
20131003,431859.15737999993
20131002,431276.5044
20131001,581181.7762
20130930,822169.4208
20130927,480916.971
20130926,412254.4734000001
20130925,415813.1985
20130924,468089.41719999997
20130923,341182.80742
20130920,595087.4280000001
20130919,349297.44008
20130918,556218.9048
20130917,323455.93805000006
20130916,379958.99643999996
20130913,312807.28479
20130912,308000.74645
20130911,460024.392
20130910,466821.91080000007
20130909,472140.3329999999
20130906,446175.936
20130905,440707.5936
20130904,425924.2868400001
20130903,401915.03554
20130830,418097.73198000004
20130829,415011.93247999996
20130828,534238.9600000001
20130827,487274.722
20130826,427215.31999999995
20130823,330189.00096
20130822,239122.41562
20130821,589488.4384
20130820,301417.48358999996
20130819,275347.38154
20130816,443281.2636
20130815,520402.9358
20130814,510704.5242
20130813,310219.51155
20130812,227736.3026
20130809,276675.41248
20130808,331540.62564
20130807,428990.24448
20130806,506720.1205000001
20130805,353457.14391000004
20130802,529580.7036
20130801,641257.1352000001
20130731,1219296.3412
20130730,574524.2425
20130729,346982.3924
20130726,610592.3694
20130725,459076.9197
20130724,441776.60032
20130723,534499.1288000001
20130722,460156.4359
20130719,447756.9055
20130718,438299.39244
20130717,332305.68634
20130716,377866.13781
20130715,394962.50045
20130712,489852.7544
20130711,1001032.9056
20130710,380992.69789
20130709,480919.4889
20130708,504746.43189999997
20130705,325158.75240000006
20130703,270433.06775
20130702,504317.925
20130701,588370.5299999999
20130628,2031059.845
20130627,526401.421
20130626,444558.87169999996
20130625,544272.9708
20130624,669773.871
20130621,920733.5642
20130620,590140.9661999999
20130619,462433.09450000006
20130618,381934.90825
20130617,394820.74535999994
20130614,475284.04160000006
20130613,487512.285
20130612,469687.6912
20130611,400049.6232
20130610,418486.9794
20130607,511169.8108
20130606,449273.96640000003
20130605,541529.3036999999
20130604,546624.5004
20130603,471842.49700000003
20130531,582575.8692000001
20130530,302630.9013
20130529,704392.3125
20130528,335656.18584000005
20130524,324429.72180000006
20130523,450126.6426
20130522,490006.7028
20130521,539605.6494
20130520,790008.0984
20130517,625377.4280000001
20130516,380391.04023
20130515,345463.37041
20130514,429897.25177
20130513,427024.66961
20130510,275010.74376
20130509,336325.248
20130508,310769.14024
20130507,394292.0226
20130506,309769.5522
20130503,330673.84229999996
20130502,327331.68383
20130501,561350.9720000001
20130430,366526.4729
20130429,347559.40656
20130426,569247.8903999999
20130425,489369.6025
20130424,465731.28489999997
20130423,489040.89099999995
20130422,551271.8178
20130419,593995.5216000001
20130418,646989.8121000001
20130417,732287.6111999999
20130416,680403.1549
20130415,557354.529
20130412,712696.74
20130411,552777.5358000001
20130410,551009.6771999999
20130409,477844.89600000007
20130408,396449.02590999997
20130405,580791.4412
20130404,327099.2868
20130403,539686.6818
20130402,614080.098
20130401,415399.75080000004
20130328,570544.3028
20130327,466142.5075
20130326,537649.0119
20130325,911331.6799999999
20130322,394023.50514
20130321,485523.16
20130320,518398.2294
20130319,651524.9968000001
20130318,525893.5308
20130315,718519.6941
20130314,584002.3644
20130313,351583.15203
20130312,586676.6576
20130311,348110.75882
20130308,467041.66000000003
20130307,271090.7715
20130306,319929.43850000005
20130305,505891.7955
20130304,394575.9966
20130301,489835.5013
20130228,491338.45910000004
20130227,374408.98824999994
20130226,508828.18139999994
20130225,711175.1255
20130222,568826.0552
20130221,522844.8024
20130220,639961.686
20130219,708395.422
20130215,822858.0084
20130214,879962.2376
20130213,2290138.4387000003
20130212,663601.0347
20130211,283739.23872
20130208,596497.7375
20130207,503266.87499999994
20130206,445281.13379999995
20130205,641867.1228
20130204,617579.2736999999
20130201,592565.198
20130131,952551.0176
20130130,586934.7012
20130129,582598.204
20130128,386496.49284
20130125,413278.5608
20130124,499465.95699999994
20130123,381561.16000000003
20130122,539110.2048000001
20130118,474044.3455
20130117,443574.438
20130116,346914.88266
20130115,487726.792
20130114,335755.99008
20130111,268364.22654
20130110,404163.375
20130109,377051.80532
20130108,639055.98
20130107,360692.6324
20130104,362330.73008999997
20130103,434368.07570000004
20130102,678842.1972
20121231,500875.8064
20121228,277242.8652
20121227,497630.16900000005
20121226,323073.87539999996
20121224,127040.17688
20121221,973891.7516999999
20121220,439423.7614
20121219,518849.42339999997
20121218,525651.618
20121217,564069.5199000001
20121214,450634.30019999994
20121213,393908.5817999999
20121212,369954.06486
20121211,437998.506
20121210,344080.485
20121207,437807.9118
20121206,306855.95388
20121205,419641.6616
20121204,383214.312
20121203,311933.72015999997
20121130,435173.784
20121129,422915.05299999996
20121128,486618.97439999995
20121127,311688.02376999997
20121126,260210.65554
20121123,135165.37965999998
20121121,218239.64743
20121120,404336.05120000005
20121119,385107.5045999999
20121116,565621.4115
20121115,407840.4624
20121114,480503.316
20121113,452979.0062
20121112,298280.46242
20121109,437681.9328
20121108,419594.56200000003
20121107,636279.836
20121106,506689.91730000003
20121105,494660.65660000005
20121102,532102.519
20121101,453480.4604999999
20121031,608078.6991
20121026,375599.96244000003
20121025,396006.5772
20121024,463320.3078
20121023,511545.6884
20121022,390408.4009
20121019,545652.474
20121018,522003.31919999997
20121017,375766.5024
20121016,357283.98741
20121015,430012.43399999995
20121012,429458.395
20121011,492393.6729
20121010,587493.3623999999
20121009,433565.362
20121008,370030.3521
20121005,307879.17048
20121004,342123.114
20121003,376167.2320000001
20121002,448170.24000000005
20121001,402889.04240000003
20120928,369049.8104
20120927,455129.8294
20120926,488726.40799999994
20120925,617914.1849999999
20120924,373077.4442
20120921,875608.8138
20120920,529421.27
20120919,599883.1134
20120918,303283.44930000004
20120917,370797.01420000003
20120914,445942.42899999995
20120913,418207.76249999995
20120912,457181.56440000003
20120911,240440.30766000002
20120910,328497.12204
20120907,345403.9518
20120906,477458.98199999996
20120905,434200.6437
20120904,397167.8795
20120831,406130.7838
20120830,331739.63748000003
20120829,235838.69960000002
20120828,340916.39400000003
20120827,297838.83693999995
20120824,476600.62450000003
20120823,261214.55920000002
20120822,382518.8453
20120821,407248.43279999995
20120820,272028.516
20120817,360733.4514
20120816,347989.7028
20120815,362760.68659999996
20120814,428154.201
20120813,399635.7039999999
20120810,274267.60273999994
20120809,400808.67649999994
20120808,460823.0732
20120807,645794.089
20120806,434656.39519999997
20120803,742545.7826
20120802,816369.4503999999
20120801,743329.103
20120731,634434.9794999999
20120730,312316.92112
20120727,487234.32
20120726,553108.6190000001
20120725,271460.03136
20120724,428337.762
20120723,443984.9429
20120720,398476.895
20120719,366606.03620000003
20120718,365945.45900000003
20120717,431927.5068
20120716,318331.82999999996
20120713,333535.485
20120712,552056.411
20120711,446357.01550000004
20120710,401287.52400000003
20120709,333221.5629
20120706,325304.8064
20120705,308016.73975
20120703,257244.33268
20120702,379160.1676
20120629,515991.96359999996
20120628,381496.49919999996
20120627,435058.81279999996
20120626,317865.9506
20120625,351832.24619999994
20120622,560475.5264999999
20120621,437515.5148
20120620,479144.21090000006
20120619,419129.74950000003
20120618,379018.39920000004
20120615,653303.8079
20120614,473827.35390000005
20120613,420468.6006
20120612,753730.677
20120611,355391.39280000003
20120608,460644.92490000004
20120607,506698.14310000004
20120606,393781.344
20120605,399330.874
20120604,614972.691
20120601,591592.8557
20120531,381697.8627
20120530,298178.631
20120529,289369.72157999995
20120525,269146.9584
20120524,368786.62149999995
20120523,293691.68429999996
20120522,345575.6256
20120521,301686.1155
20120518,468523.80960000004
20120517,277944.90255
20120516,328667.5665
20120515,328337.5225
20120514,412293.23459999997
20120511,317088.6446
20120510,354536.57979999995
20120509,434372.2202
20120508,458563.854
20120507,375306.0246
20120504,471781.0485
20120503,408495.62159999995
20120502,860928.5880000001
20120501,667889.37
20120430,262186.82125
20120427,439322.2248
20120426,553040.6112
20120425,325673.5245
20120424,346677.2105
20120423,431903.208
20120420,414769.088
20120419,341806.4496
20120418,271002.91024
20120417,262032.35583000001
20120416,272416.66647
20120413,341597.01999999996
20120412,429761.94800000003
20120411,264186.69354
20120410,355983.69899999996
20120409,306517.5645
20120405,333716.73319999996
20120404,327070.1708
20120403,380862.2804
20120402,356112.0325
20120330,295348.2166
20120329,365251.64519999997
20120328,406714.528
20120327,357157.2872
20120326,409925.61350000004
20120323,251494.94039999996
20120322,362864.3011
20120321,327992.7551
20120320,311295.66130000004
20120319,292809.13076000003
20120316,616174.465
20120315,340107.102
20120314,332616.0744
20120313,344736.9372
20120312,259843.05836999998
20120309,272535.91144
20120308,301720.5756
20120307,376029.9088
20120306,418306.11000000004
20120305,388327.278
20120302,325584.1836
20120301,385639.50399999996
20120229,501439.9118
20120228,402247.99559999997
20120227,353708.65739999997
20120224,470820.10500000004
20120223,596671.5941999999
20120222,617147.4432
20120221,419163.81840000005
20120217,686315.5521000001
20120216,571812.171
20120215,1005758.9408
20120214,455775.325
20120213,220058.80033
20120210,290967.0642
20120209,383093.9108
20120208,346579.3975
20120207,330074.8542
20120206,350537.8275
20120203,370182.37649999995
20120202,462652.73390000005
20120201,431760.0825
20120131,429193.6392
20120130,480998.56440000003
20120127,378277.844
20120126,487857.9108
20120125,472539.532
20120124,259171.2474
20120123,351294.45399999997
20120120,398645.49450000003
20120119,259586.30620000002
20120118,378812.90479999996
20120117,306056.03599999996
20120113,255335.23619999998
20120112,282055.245
20120111,299124.2576
20120110,493829.08599999995
20120109,496920.8646
20120106,237348.64880999998
20120105,556644.2305
20120104,426868.73409999994
20120103,510130.42500000005
20111230,134328.55451
20111229,168225.19220999998
20111228,183627.89496
20111227,145582.00579999998
20111223,217396.65008
20111222,282256.56919999997
20111221,323546.5219
20111220,440665.524
20111219,303588.50110000005
20111216,692569.7139999999
20111215,373573.4632
20111214,354943.0546
20111213,418523.844
20111212,469039.89339999994
20111209,316587.852
20111208,328717.8993
20111207,333424.03859999997
20111206,475471.527
20111205,491221.00749999995
20111202,769344.08
20111201,272830.22260000004
20111130,520637.4064
20111129,415251.0
20111128,371687.05500000005
20111125,116059.881
20111123,354621.5848
20111122,386278.5876
20111121,456658.2736
20111118,361235.6522
20111117,474666.77499999997
20111116,405151.17480000004
20111115,275268.30100000004
20111114,264685.0098
20111111,399899.3504
20111110,369638.8581
20111109,681079.3446
20111108,356680.83640000003
20111107,382402.66799999995
20111104,449505.6475
20111103,488521.1188
20111102,569401.7718
20111101,651790.932
20111031,425867.946
20111028,894412.4445000001
20111027,936940.7209000001
20111026,634729.464
20111025,363487.7295
20111024,373105.62620000006
20111021,426884.4479999999
20111020,353833.5471
20111019,431290.9348
20111018,420828.0016000001
20111017,287698.7744
20111014,339511.5738
20111013,352196.084
20111012,455043.16400000005
20111011,299448.4734
20111010,269899.5955
20111007,408695.47239999997
20111006,344376.91479999997
20111005,440553.7836
20111004,695505.8429000002
20111003,528879.3004
20110930,463904.9748
20110929,444292.53750000003
20110928,449196.44
20110927,368034.3513
20110926,359771.88599999994
20110923,445015.56799999997
20110922,582253.1592
20110921,429131.25539999997
20110920,424585.90719999996
20110919,314202.69899999996
20110916,548008.8426000001
20110915,302730.2642
20110914,592615.3086
20110913,536085.5136000001
20110912,425179.09560000006
20110909,624178.3461
20110908,471058.78680000006
20110907,289345.0968
20110906,313530.3468
20110902,345091.74
20110901,460808.68
20110831,331455.54870000004
20110830,303657.77520000003
20110829,271944.4284
20110826,456993.8164
20110825,396224.9823
20110824,505995.259
20110823,512940.0174
20110822,342591.3802
20110819,397956.8912
20110818,529139.4732
20110817,325864.3824
20110816,346883.7644
20110815,388375.7364
20110812,409703.38080000004
20110811,661891.2875
20110810,955804.4128
20110809,1078665.2317
20110808,871927.0668
20110805,697567.6576
20110804,731730.7339999999
20110803,819307.1799
20110802,658829.2773
20110801,366101.316
20110729,429672.64239999995
20110728,513988.10180000006
20110727,437568.273
20110726,438900.3792
20110725,418594.71160000004
20110722,320856.4905
20110721,365758.7572
20110720,381385.89389999997
20110719,338238.5326
20110718,525772.674
20110715,611320.0371999999
20110714,552587.3003
20110713,471528.5211
20110712,524149.45960000006
20110711,507961.0727
20110708,578133.8953
20110707,434631.3148
20110706,446473.66359999997
20110705,336836.6134
20110701,300584.0352
20110630,350790.2356
20110629,501930.96760000003
20110628,567365.2484
20110627,448438.9743
20110624,910814.9921999999
20110623,456628.99319999997
20110622,335310.56
20110621,359734.60900000005
20110620,345707.22239999997
20110617,469540.24149999995
20110616,397471.84560000006
20110615,417108.00840000005
20110614,372850.2191
20110613,421209.3355
20110610,519508.1176
20110609,367325.80169999995
20110608,395879.8716
20110607,641480.7622
20110606,428804.272
20110603,485403.7091
20110602,382536.6579
20110601,419030.8876
20110531,612089.6871999999
20110527,348575.24069999997
20110526,484708.7547
20110525,337829.4764
20110524,358333.4898
20110523,400179.9755
20110520,369102.7296
20110519,306023.4108
20110518,367160.7288
20110517,516520.386
20110516,486977.76120000007
20110513,344360.9134
20110512,352910.8032
20110511,485998.91810000007
20110510,441705.322
20110509,345980.0576
20110506,454312.09920000006
20110505,515115.792
20110504,769512.5504000001
20110503,391491.642
20110502,495855.804
20110429,506354.39730000007
20110428,435658.6962
20110427,282278.4856
20110426,269807.9091
20110425,225783.88496999998
20110421,408915.381
20110420,422062.0551
20110419,346764.7687
20110418,416425.03959999996
20110415,491591.4435
20110414,342996.85000000003
20110413,470041.682
20110412,401484.0258
20110411,256123.0305
20110408,299109.5068
20110407,287132.8768
20110406,369521.5498
20110405,296199.1192
20110404,246530.57772
20110401,439500.29970000003
20110331,278674.24559999997
20110330,281173.685
20110329,313386.1968
20110328,312569.14639999997
20110325,313243.1442
20110324,371541.047
20110323,313239.99100000004
20110322,282896.9988
20110321,387709.51980000007
20110318,568188.917
20110317,423411.40239999996
20110316,674502.6424
20110315,463412.4768
20110314,371709.22
20110311,353292.7485
20110310,504731.97119999997
20110309,340770.04349999997
20110308,417345.72479999997
20110307,356825.8782
20110304,272898.7835
20110303,438792.2325
20110302,348177.6754
20110301,424341.2320000001
20110228,487623.6624000001
20110225,327737.3856
20110224,426001.387
20110223,396544.6552
20110222,477275.2425
20110218,534170.8805000001
20110217,450247.616
20110216,937740.2740999999
20110215,487801.0304
20110214,308068.607
20110211,313239.36
20110210,273202.71280000004
20110209,312967.824
20110208,244639.43140000003
20110207,251051.9814
20110204,233577.51169999997
20110203,263839.4429
20110202,314131.73219999997
20110201,356379.426
20110131,386531.145
20110128,424195.4432
20110127,338828.33249999996
20110126,270804.8992
20110125,342547.176
20110124,266487.424
20110121,405576.96270000003
20110120,442207.25740000006
20110119,805013.9789999999
20110118,362694.7314
20110114,220626.12703999996
20110113,274796.63539999997
20110112,230833.59330000004
20110111,264659.786
20110110,297707.43039999995
20110107,304132.557
20110106,389774.55919999996
20110105,352045.899
20110104,286051.4316
20110103,462657.9059
20101231,172650.27831999998
20101230,116289.79583999998
20101229,131912.41014999998
20101228,223375.19039999996
20101227,164005.0724
20101223,205296.97100000002
20101222,193029.7548
20101221,397641.765
20101220,378904.5663
20101217,602872.326
20101216,486761.713
20101215,493266.40239999996
20101214,682342.8831
20101213,372710.0572
20101210,529989.9288
20101209,212768.62050000002
20101208,186191.62253999998
20101207,298369.5561
20101206,285574.504
20101203,312739.22479999997
20101202,339838.66559999995
20101201,663236.9900999999
20101130,366577.4916
20101129,267353.03750000003
20101126,84343.70622000001
20101124,241748.3752
20101123,361991.12299999996
20101122,286887.444
20101119,337673.328
20101118,355643.36939999997
20101117,239197.53680000003
20101116,390780.1476
20101115,342119.11610000004
20101112,329099.51519999997
20101111,341567.424
20101110,288303.9261
20101109,229098.5002
20101108,239797.97100000002
20101105,236874.2112
20101104,449939.1078
20101103,345619.1427000001
20101102,345481.114
20101101,370376.37
20101029,535281.4525
20101028,708768.564
20101027,958856.5394
20101026,496863.32560000004
20101025,676258.7487
20101022,344216.4586
20101021,728814.7796
20101020,801633.5447999999
20101019,905487.0279
20101018,572595.2674000001
20101015,872428.8169999999
20101014,369436.162
20101013,266772.8262
20101012,238510.017
20101011,274590.3818
20101008,287720.00669999997
20101007,347493.7499
20101006,489871.0608000001
20101005,457255.5676
20101004,404884.9922
20101001,403173.5796
20100930,505334.91519999993
20100929,363647.77349999995
20100928,463700.1236
20100927,356197.247
20100924,373415.95920000004
20100923,323758.84800000006
20100922,357071.81100000005
20100921,363515.565
20100920,395553.056
20100917,544255.5636
20100916,501088.1421
20100915,821449.4156
20100914,558453.3618
20100913,350968.4172
20100910,320706.296
20100909,179410.8229
20100908,184912.71680000002
20100907,253450.46200000003
20100903,204882.71310000002
20100902,399732.1664
20100901,769332.5016000001
20100831,374485.896
20100830,224880.08
20100827,300643.35
20100826,340880.995
20100825,450794.02549999993
20100824,403048.3779000001
20100823,351412.288
20100820,298190.3366
20100819,369246.968
20100818,419459.1114
20100817,407917.3632
20100816,218173.5925
20100813,263226.3509
20100812,421508.02340000006
20100811,412184.4242
20100810,420694.1241
20100809,352919.83770000003
20100806,814078.1408
20100805,394232.31200000003
20100804,335121.9792
20100803,277061.0275
20100802,500575.612
20100730,525778.5885
20100729,458762.6516
20100728,584709.4271999999
20100727,420001.27349999995
20100726,297729.78839999996
20100723,380047.3908
20100722,391074.895
20100721,645111.3155
20100720,419332.8628
20100719,403316.92040000006
20100716,501267.4632
20100715,441119.37789999996
20100714,323050.7982
20100713,554675.6952
20100712,559987.8426
20100709,350557.2772
20100708,688282.364
20100707,475255.81600000005
20100706,695793.1
20100702,326204.6562
20100701,554455.5396
20100630,502278.91020000004
20100629,546237.3903999999
20100628,779956.7714
20100625,547652.3178000001
20100624,412177.8474
20100623,307617.417
20100622,490198.35839999997
20100621,213400.59100000001
20100618,333718.45590000006
20100617,251471.00999999998
20100616,279267.78150000004
20100615,321114.2079999999
20100614,278816.307
20100611,482006.98740000004
20100610,389068.60329999996
20100609,333923.4574000001
20100608,364365.9579
20100607,358117.18319999997
20100604,436648.0782
20100603,317662.56799999997
20100602,402552.1432
20100601,452753.76139999996
20100528,384982.15410000004
20100527,477423.7298999999
20100526,751995.5123999999
20100525,858575.5815000001
20100524,272158.8207
20100521,600677.2213
20100520,474441.9139
20100519,388706.10599999997
20100518,390016.91390000004
20100517,433444.501
20100514,526932.3840000001
20100513,1027315.4784
20100512,853373.3814000001
20100511,765420.4159999999
20100510,853649.4618
20100507,778814.8596
20100506,1079774.3715000001
20100505,481724.8926
20100504,478355.1488000001
20100503,711036.8176
20100430,809236.1181
20100429,962058.6
20100428,736097.373
20100427,522014.8336
20100426,352509.4872
20100423,284475.6504
20100422,290453.79600000003
20100421,267489.2591
20100420,314483.08139999997
20100419,354371.69499999995
20100416,496214.2376
20100415,419259.8746
20100414,387972.62159999995
20100413,433975.3751
20100412,233415.27
20100409,265117.95
20100408,296650.7544
20100407,562020.9728
20100406,213006.668
20100405,249344.86260000002
20100401,366610.4872
20100331,515193.50749999995
20100330,525946.3455999999
20100329,272204.56
20100326,239897.28699999998
20100325,468302.0556000001
20100324,322229.4102
20100323,376775.08290000004
20100322,276271.3296
20100319,423712.02040000004
20100318,273379.4613
20100317,242672.91359999997
20100316,347521.9275
20100315,220178.0271
20100312,251496.7208
20100311,184730.98
20100310,329785.40390000003
20100309,295888.5326
20100308,293395.114
20100305,284934.6591
20100304,268603.8743
20100303,390387.6544
20100302,374562.384
20100301,387164.38859999995
20100226,357369.92520000006
20100225,372475.3692
20100224,441890.44240000006
20100223,278266.512
20100222,320382.9386
20100219,414517.92
20100218,199842.8861
20100217,207261.0396
20100216,316432.6151
20100212,402544.9168
20100211,279557.2668
20100210,332281.1974
20100209,372174.67710000003
20100208,238249.44
20100205,411953.1642
20100204,352575.28959999996
20100203,466119.58400000003
20100202,312399.3573
20100201,259494.433
20100129,430468.5143
20100128,285669.1816
20100127,323180.0735
20100126,334169.31899999996
20100125,244096.94530000002
20100122,449068.6985
20100121,526179.36
20100120,358288.5684
20100119,212805.1864
20100115,358432.7094
20100114,290254.0392
20100113,264409.7391
20100112,299478.52220000006
20100111,320307.3217
20100108,215339.99400000004
20100107,256395.8269
20100106,230527.87620000003
20100105,297076.07519999996
20100104,230340.0889
20091231,136949.24466
20091230,150930.41364
20091229,148148.05991999997
20091228,138319.30248
20091224,53860.21243000001
20091223,196886.1388
20091222,222418.53199999998
20091221,207415.17
20091218,555339.8796
20091217,376231.6189
20091216,300042.9552
20091215,321884.157
20091214,303605.2075
20091211,354004.98840000003
20091210,584007.0726
20091209,629364.3164
20091208,970545.1728000001
20091207,1339697.2809
20091204,851327.2056
20091203,1336010.1117999998
20091202,270889.6896
20091201,430649.4808
20091130,242050.82020000002
20091127,112433.89008000001
20091125,164671.2463
20091124,402436.49039999995
20091123,560366.2446
20091120,504863.45139999996
20091119,415307.79199999996
20091118,351721.058
20091117,301258.3299
20091116,563626.1585
20091113,405908.6778
20091112,488616.156
20091111,332633.37
20091110,341986.293
20091109,450847.941
20091106,412417.5726
20091105,461569.012
20091104,628916.454
20091103,383174.4211
20091102,349362.9289
20091030,358742.76
20091029,290269.68419999996
20091028,341266.9155
20091027,266617.42610000004
20091026,293658.372
20091023,358807.51200000005
20091022,328446.3456
20091021,237797.25139999998
20091020,397930.9056
20091019,363454.512
20091016,404720.5316
20091015,468107.65260000003
20091014,387486.5664
20091013,397383.78239999997
20091012,230277.3928
20091009,276817.368
20091008,353426.29750000004
20091007,286684.2659
20091006,400905.93720000004
20091005,454370.1864
20091002,691350.7128
20091001,1077906.393
20090930,460065.5816
20090929,515889.14959999995
20090928,274991.69039999996
20090925,296105.3012
20090924,389487.21679999994
20090923,625200.4928
20090922,287541.9264
20090921,249342.96540000004
20090918,555010.0374
20090917,425566.636
20090916,411704.397
20090915,432384.08460000006
20090914,376088.1936
20090911,335155.2845
20090910,435199.9435
20090909,447901.9820000001
20090908,331441.4565
20090904,471156.426
20090903,322276.4172
20090902,341270.65979999996
20090901,549431.7180000001
20090831,324139.1812
20090828,321187.96510000003
20090827,407952.2285
20090826,361477.64379999996
20090825,402855.71040000004
20090824,282808.65499999997
20090821,395322.72010000004
20090820,364557.525
20090819,365276.29799999995
20090818,313167.1014
20090817,250224.37440000003
20090814,245823.1926
20090813,346130.02449999994
20090812,330547.63499999995
20090811,263831.6052
20090810,320834.1
20090807,469804.73760000005
20090806,374244.5875
20090805,336160.28400000004
20090804,515989.012
20090803,261749.0
20090731,254016.24559999997
20090730,343946.735
20090729,240726.3919
20090728,276862.4265
20090727,279025.7946
20090724,169866.05
20090723,278548.2252
20090722,200359.6135
20090721,229752.774
20090720,189975.375
20090717,176098.8725
20090716,161580.468
20090715,221707.554
20090714,171619.97040000002
20090713,228449.8736
20090710,188469.1536
20090709,216134.8189
20090708,352434.77999999997
20090707,344353.226
20090706,203564.944
20090702,254602.86659999998
20090701,218548.9473
20090630,262560.0528
20090629,182028.3652
20090626,450189.558
20090625,285086.4952
20090624,376104.7755
20090623,290288.73929999996
20090622,317582.988
20090619,313424.551
20090618,226013.73049999998
20090617,356263.67699999997
20090616,376978.40729999996
20090615,326272.3722
20090612,244903.41399999996
20090611,296930.7537
20090610,267125.54219999997
20090609,247089.74399999998
20090608,233626.7535
20090605,248594.3541
20090604,266084.1996
20090603,250239.9405
20090602,407769.9756
20090601,343094.03520000004
20090529,567143.3376
20090528,263739.597
20090527,344723.665
20090526,307634.5204
20090522,157516.50420000002
20090521,303816.30749999994
20090520,233400.26349999997
20090519,296423.4
20090518,297966.9196
20090515,332134.418
20090514,339170.7326
20090513,332691.4008
20090512,323601.16
20090511,228231.8083
20090508,388781.19
20090507,587786.4680999999
20090506,367255.84
20090505,385064.7125
20090504,429071.66549999994
20090501,425144.7024
20090430,535526.2062
20090429,481817.7816
20090428,276874.00289999996
20090427,329922.41919999995
20090424,264089.8755
20090423,368933.6194
20090422,275789.136
20090421,292722.3651
20090420,281777.5723
20090417,384410.696
20090416,376321.2552
20090415,334386.049
20090414,325225.8702
20090413,194652.01
20090409,315227.0832
20090408,317599.2904
20090407,353629.4112
20090406,268626.3452
20090403,341758.04
20090402,438490.9979
20090401,349254.4704
20090331,404312.9244
20090330,315334.929
20090327,394859.58119999996
20090326,356873.08800000005
20090325,330417.8684
20090324,298890.75399999996
20090323,316000.256
20090320,421513.452
20090319,290929.914
20090318,264917.0682
20090317,229078.28489999997
20090316,258416.3226
20090313,262355.141
20090312,191024.3964
20090311,214339.44319999998
20090310,347744.21880000003
20090309,253017.3954
20090306,401467.83259999997
20090305,309229.32
20090304,364801.4916
20090303,386918.75
20090302,360195.9971
20090227,335674.65
20090226,612972.8666
20090225,476696.4085
20090224,401358.10520000005
20090223,324022.0185
20090220,389546.0832
20090219,522595.6239
20090218,549194.5991999999
20090217,390260.0891
20090213,258966.0068
20090212,332136.4462
20090211,222870.5589
20090210,419638.8562
20090209,327442.6089
20090206,366034.33879999997
20090205,496592.2887
20090204,431957.4552
20090203,301101.1864
20090202,212766.47699999998
20090130,299677.0305
20090129,311156.8425
20090128,359506.6608
20090127,258240.4328
20090126,250179.16000000003
20090123,359679.6536
20090122,334825.7814
20090121,332219.5063
20090120,327769.5142
20090116,365674.4616
20090115,323423.6221
20090114,286895.7656
20090113,366694.8264
20090112,327812.703
20090109,322737.6284
20090108,281303.4303
20090107,333876.608
20090106,300777.0457
20090105,595467.4037
20090102,324025.26589999994
20081231,345709.65839999996
20081230,240629.7276
20081229,208003.0739
20081226,111878.208
20081224,75477.66948000001
20081223,251680.2671
20081222,304275.3855
20081219,540736.0016000001
20081218,326089.6293
20081217,394303.808
20081216,521580.14999999997
20081215,339807.312
20081212,498922.1565
20081211,339163.5138
20081210,391008.933
20081209,385384.9116
20081208,523583.082
20081205,485345.23840000003
20081204,457624.10279999994
20081203,581042.7699999999
20081202,432268.0
20081201,378913.5675
20081128,161660.29979999998
20081126,324139.36950000003
20081125,519314.081
20081124,789037.808
20081121,779754.7569
20081120,545701.128
20081119,387585.7047
20081118,387754.8666
20081117,358834.1295
20081114,428612.0041
20081113,542827.905
20081112,452864.20650000003
20081111,378992.2846
20081110,320427.9314
20081107,324014.55030000006
20081106,451195.256
20081105,547437.475
20081104,604030.1989
20081103,400929.8619
20081031,447930.87759999995
20081030,442956.235
20081029,616999.6767999999
20081028,610111.0688
20081027,401574.123
20081024,449224.6569
20081023,488639.44260000007
20081022,463182.41599999997
20081021,312025.8048
20081020,359241.4769
20081017,557623.9096
20081016,658632.0384
20081015,482050.64180000004
20081014,504210.6368
20081013,618399.1881
20081010,1084322.6112
20081009,841195.5894999999
20081008,824877.7521999999
20081007,630261.1279999999
20081006,761158.5722
20081003,615492.8796
20081002,526857.493
20081001,566494.0830000001
20080930,665271.6928
20080929,846209.9356000001
20080926,579358.431
20080925,461842.38399999996
20080924,325189.6116
20080923,412710.59880000004
20080922,362037.662
20080919,802930.842
20080918,791142.2596
20080917,798126.3114
20080916,703892.4489999999
20080915,613722.6858
20080912,525172.2814
20080911,475260.9708
20080910,521994.9504
20080909,560034.6425000001
20080908,613557.62
20080905,437961.8817
20080904,348326.14650000003
20080903,441138.1975
20080902,400962.7444
20080829,307204.67459999997
20080828,294043.164
20080827,264574.87840000005
20080826,229580.0457
20080825,379806.96
20080822,302625.24240000005
20080821,285418.31539999996
20080820,353170.7536
20080819,338063.488
20080818,322287.2914
20080815,408117.91040000005
20080814,387124.54
20080813,346145.8862
20080812,458519.7213
20080811,439488.621
20080808,417003.5832
20080807,405417.7842
20080806,374632.60679999995
20080805,515448.6535
20080804,269760.261
20080801,430964.77050000004
20080731,659635.862
20080730,732397.2498
20080729,660550.7607999999
20080728,346655.862
20080725,421881.20820000005
20080724,454477.76720000006
20080723,410815.27700000006
20080722,387572.59079999995
20080721,315749.7824
20080718,552567.9896
20080717,520126.20450000005
20080716,406979.9569
20080715,385357.0154
20080714,344698.827
20080711,359560.05309999996
20080710,393155.93700000003
20080709,384818.09520000004
20080708,431257.7392
20080707,465570.2454000001
20080703,214827.96659999999
20080702,492853.9936
20080701,434094.096
20080630,387256.4255
20080627,736577.4770999999
20080626,421608.4334
20080625,395840.57220000005
20080624,631517.7440000001
20080623,503769.66649999993
20080620,756957.5279999999
20080619,480089.30549999996
20080618,466827.84060000005
20080617,341697.6483
20080616,486837.8816
20080613,433969.09719999996
20080612,375439.75
20080611,525076.01
20080610,462082.61299999995
20080609,413043.6636
20080606,472928.3282
20080605,304472.99199999997
20080604,432626.08309999993
20080603,471321.3892
20080602,538845.0480000001
20080530,454261.725
20080529,422215.99049999996
20080528,317328.34479999996
20080527,269460.8653
20080523,355625.0018
20080522,324052.068
20080521,341956.4416
20080520,333563.061
20080519,322107.6774
20080516,580974.7007999999
20080515,466853.4388
20080514,343882.825
20080513,312418.6491
20080512,333769.35199999996
20080509,285516.49439999997
20080508,474789.42000000004
20080507,439270.89300000004
20080506,413028.5835
20080505,356590.44959999993
20080502,434218.15579999995
20080501,1038819.8607
20080430,601603.9215
20080429,251433.69100000002
20080428,306090.17600000004
20080425,273048.5394
20080424,282694.771
20080423,258367.73040000003
20080422,244706.64239999998
20080421,242075.05319999997
20080418,360182.94
20080417,327734.6688
20080416,353012.11799999996
20080415,216422.5014
20080414,224832.7434
20080411,328704.02099999995
20080410,310045.8656
20080409,267135.43200000003
20080408,229422.19370000003
20080407,333012.19800000003
20080404,313085.2508
20080403,556743.0848
20080402,390089.1136
20080401,439519.65080000006
20080331,477399.9706
20080328,386205.60939999996
20080327,257341.31059999997
20080326,459637.7913
20080325,397435.4436
20080324,435871.091
20080320,604779.4896
20080319,472706.304
20080318,586105.8515999999
20080317,450832.99950000003
20080314,599297.8112000001
20080313,539067.4119999999
20080312,311695.975
20080311,472783.1769
20080310,422233.53760000004
20080307,422594.0173
20080306,473810.8581
20080305,513222.2788
20080304,538379.4815999999
20080303,397478.6
20080229,576112.475
20080228,345902.03400000004
20080227,422899.74380000005
20080226,384927.70889999997
20080225,386617.50419999997
20080222,351505.86899999995
20080221,409217.66490000003
20080220,597647.9924999999
20080219,575895.2013999999
20080215,797358.0168000001
20080214,1186870.386
20080213,617006.6123
20080212,301473.4823
20080211,240741.5296
20080208,455698.18999999994
20080207,379327.36379999993
20080206,377327.5392
20080205,418878.97760000004
20080204,232991.3472
20080201,341022.6435
20080131,441003.06960000005
20080130,387201.111
20080129,300144.10760000005
20080128,336234.8914
20080125,367007.27699999994
20080124,548187.5088000001
20080123,618967.7640000001
20080122,586075.1714999999
20080118,709449.0234000001
20080117,512590.61710000003
20080116,638633.5848
20080115,565145.0877
20080114,428569.06350000005
20080111,386994.5184
20080110,409667.4162
20080109,463840.07499999995
20080108,406224.5442
20080107,344601.73
20080104,387345.26
20080103,419313.279
20080102,455021.157
20071231,357059.87460000004
20071228,343662.31999999995
20071227,314775.73789999995
20071226,245625.7121
20071224,158619.73350000003
20071221,631299.7032999999
20071220,392720.01480000006
20071219,429902.27160000004
20071218,640825.5312
20071217,560806.2370000001
20071214,550872.799
20071213,477762.5203999999
20071212,1388012.7208
20071211,785509.5542
20071210,669964.3720000001
20071207,813681.5536000001
20071206,1004253.492
20071205,2130225.1380000003
20071204,485925.2964
20071203,556206.4655
20071130,545300.6442
20071129,439194.61049999995
20071128,681663.968
20071127,498575.6886
20071126,520867.505
20071123,196861.0058
20071121,397645.7769
20071120,433616.4326
20071119,521553.90150000004
20071116,449638.9092
20071115,545186.7416
20071114,576307.3829999999
20071113,763376.2320000001
20071112,572956.4022
20071109,627347.6544
20071108,707078.5
20071107,654508.6947
20071106,519203.5498
20071105,491835.09900000005
20071102,807937.8405
20071101,820142.2380000001
20071031,810838.001
20071030,766501.4389999999
20071029,827866.7416000002
20071026,1965197.4100000001
20071025,2740566.08
20071024,555010.488
20071023,389552.22000000003
20071022,348041.635
20071019,667152.8994
20071018,478461.2937
20071017,512503.3437999999
20071016,690228.7699999999
20071015,347332.247
20071012,411961.17900000006
20071011,488239.6864
20071010,502253.007
20071009,442221.93899999995
20071008,376307.274
20071005,459481.0108
20071004,414692.0316
20071003,580267.4322
20071002,419290.55999999994
20071001,404863.06700000004
20070928,853761.2226
20070927,513535.21749999997
20070926,623731.6656
20070925,909687.0617999999
20070924,864009.4410000001
20070921,1010022.2902
20070920,984298.6403999999
20070919,1419049.1391999999
20070918,788890.25
20070917,456084.8578
20070914,420483.9792
20070913,413185.11
20070912,531285.5288
20070911,423288.9792
20070910,342947.1069
20070907,522072.99999999994
20070906,323851.17980000004
20070905,336432.7617
20070904,438960.3116
20070831,374818.5933
20070830,381200.5902
20070829,503514.74409999995
20070828,450084.3564
20070827,369445.0744
20070824,301456.428
20070823,500178.84119999997
20070822,700199.0
20070821,580327.5904
20070820,577513.1564999999
20070817,910185.2350000001
20070816,753035.3393999999
20070815,628727.0483
20070814,581749.605
20070813,488967.81919999997
20070810,737867.6112
20070809,766692.8250000001
20070808,999381.7211999999
20070807,510075.38999999996
20070806,596788.0416
20070803,622546.6532
20070802,668673.3492999999
20070801,1045550.2275
20070731,678131.6784
20070730,578771.3934000001
20070727,669335.0244
20070726,1479499.3977
20070725,666884.7618
20070724,630160.4999
20070723,553851.0485
20070720,582691.0745999999
20070719,547545.1673999999
20070718,856426.0516
20070717,457119.33379999996
20070716,403872.6396
20070713,568470.9507
20070712,503322.5736
20070711,502168.16250000003
20070710,631466.748
20070709,404749.27349999995
20070706,327741.14999999997
20070705,397984.12289999996
20070703,196887.40797
20070702,340579.23840000003
20070629,418984.34440000006
20070628,400177.69
20070627,483489.80240000004
20070626,447094.38539999997
20070625,349487.853
20070622,617746.6112
20070621,515436.6323
20070620,724058.6108
20070619,679243.597
20070618,449443.8592
20070615,1044205.5761999999
20070614,822404.9280000001
20070613,567782.7151
20070612,587256.826
20070611,354887.98740000004
20070608,576942.96
20070607,826743.9796000001
20070606,404082.4107
20070605,446868.7694
20070604,358061.7872
20070601,312956.751
20070531,500574.8509
20070530,421995.78819999995
20070529,373623.8432
20070525,337550.7252
20070524,512956.16400000005
20070523,318317.976
20070522,390977.9568
20070521,422422.0146
20070518,545512.456
20070517,329010.134
20070516,455451.75999999995
20070515,556602.6202
20070514,379670.5806
20070511,379688.1188
20070510,372901.62
20070509,632324.394
20070508,600746.9475
20070507,354697.47719999996
20070504,477464.21800000005
20070503,490647.69719999994
20070502,698096.7084
20070501,586498.074
20070430,674945.0882
20070427,662232.3984000001
20070426,910176.264
20070425,568972.2197
20070424,352928.5434
20070423,317079.14
20070420,486947.1655
20070419,247582.53155999997
20070418,255334.90664
20070417,291846.52
20070416,424353.8803
20070413,415477.74779999995
20070412,395663.7012
20070411,741905.682
20070410,331724.57790000003
20070409,201430.11042
20070405,250159.38593999998
20070404,378339.0172
20070403,455012.6207999999
20070402,267398.9604
20070330,335954.92799999996
20070329,384860.157
20070328,438187.6464
20070327,276102.17919999996
20070326,356914.407
20070323,304389.4106
20070322,267924.6801
20070321,398326.99950000003
20070320,356965.18200000003
20070319,302711.171
20070316,505436.3232
20070315,341979.2928
20070314,445660.7463
20070313,504408.7198
20070312,271968.3229
20070309,325594.68080000003
20070308,342436.8841
20070307,482318.2778
20070306,640692.2676
20070305,660221.463
20070302,513706.104
20070301,638433.8513999999
20070228,644112.6471999999
20070227,808283.135
20070226,562270.446
20070223,499069.6437
20070222,401986.035
20070221,354652.53404
20070220,435756.84686999995
20070216,432929.10975
20070215,291224.94908
20070214,427200.01728
20070213,594305.7175200001
20070212,678575.1986
20070209,679731.7583400001
20070208,683931.0097399999
20070207,399282.13189
20070206,450597.8072
20070205,450159.55628
20070202,547195.05819
20070201,1125602.02838
20070131,529548.1057300001
20070130,304704.78123
20070129,428549.16912
20070126,453688.70108
20070125,646518.4267099999
20070124,551850.7200000001
20070123,319263.96281
20070122,418920.18322
20070119,450065.79926
20070118,402524.65778
20070117,601398.91096
20070116,623888.15435
20070112,746183.1214599999
20070111,436175.15836999996
20070110,397879.8422
20070109,459609.76830999996
20070108,437984.40634
20070105,364334.83109
20070104,521459.0248
20070103,562169.18556
20061229,208767.27056
20061228,135429.42699
20061227,165063.99480000001
20061226,201263.07888
20061222,208051.25157
20061221,332631.8611
20061220,335011.24489
20061219,442013.06995
20061218,525052.02125
20061215,713821.8840199999
20061214,404851.35387
20061213,395887.40464
20061212,485414.21048
20061211,406463.21552
20061208,317522.11372
20061207,310925.33164
20061206,344285.17788000003
20061205,608114.7871600001
20061204,305316.58694
20061201,420885.82178
20061130,491039.52663
20061129,324040.836
20061128,321974.08139999997
20061127,373544.1337
20061124,154752.5005
20061122,400448.17182
20061121,241813.63584000003
20061120,371400.01046
20061117,450362.80184000003
20061116,232228.51002000002
20061115,277054.00724999997
20061114,451903.67456
20061113,324652.37289
20061110,272122.86182000005
20061109,471943.32349
20061108,555712.9442200001
20061107,721224.89901
20061106,416407.39567
20061103,270346.67912
20061102,355387.95425
20061101,589528.75663
20061031,471702.99334000004
20061030,414300.02864000003
20061027,539140.60892
20061026,1023542.27346
20061025,329711.65576
20061024,418666.03749
20061023,498644.64316000004
20061020,347951.82036
20061019,303411.68148999993
20061018,305711.11224
20061017,244613.86800000002
20061016,255366.90647999998
20061013,382293.12121
20061012,625267.05801
20061011,451354.62757
20061010,418410.47455999994
20061009,260874.97146
20061006,279842.9535
20061005,421090.37998
20061004,529302.1028900001
20061003,367035.46626
20061002,326009.23475
20060929,350809.57920000004
20060928,301488.88752
20060927,335674.80655000004
20060926,512768.55162000004
20060925,667788.90741
20060922,304104.63193
20060921,381301.10692999995
20060920,438688.06203000003
20060919,172203.02034000002
20060918,180571.14098
20060915,554212.44208
20060914,259187.51971999998
20060913,304675.69987
20060912,303648.05514
20060911,302511.67585
20060908,156893.53043
20060907,305770.27698
20060906,250105.38390000002
20060905,258313.38496
20060901,180751.4628
20060831,190349.91776
20060830,244142.26327999998
20060829,358493.08612
20060828,275258.9917
20060825,241349.42380999998
20060824,258413.28471
20060823,243803.82152
20060822,287462.73730000004
20060821,229479.50305000003
20060818,321707.88863999996
20060817,384144.17692000006
20060816,430830.04864
20060815,223332.06194999997
20060814,225183.22416
20060811,232302.70345
20060810,389372.76488
20060809,363382.01644
20060808,400569.90627
20060807,264569.46856
20060804,329969.21089
20060803,389098.41152
20060802,546116.60207
20060801,317656.3639
20060731,386393.70288000006
20060728,435827.12938
20060727,1146044.25936
20060726,297434.46736
20060725,300847.69957
20060724,203841.57623
20060721,282328.39593999996
20060720,330433.02534
20060719,496891.77825
20060718,273707.38742
20060717,290015.19613
20060714,223869.6099
20060713,263850.342
20060712,236106.76555
20060711,264302.9784
20060710,211476.56975999998
20060707,226742.42912000002
20060706,205653.90016
20060705,247066.46155
20060703,94638.37651999999
20060630,572181.1964199999
20060629,502560.372
20060628,401019.88121
20060627,227309.69515
20060626,189318.8585
20060623,210327.39096000002
20060622,300466.19456000003
20060621,271725.3432
20060620,279921.56805
20060619,355430.80895000004
20060616,656497.0716799999
20060615,566376.64564
20060614,409175.36782000004
20060613,463783.62240000005
20060612,377684.87784999993
20060609,287466.88474
20060608,685338.5105600001
20060607,429785.4184
20060606,470361.92709
20060605,502240.93665999995
20060602,697664.5923000001
20060601,494694.83667999995
20060531,392002.04358
20060530,300911.0214
20060526,373363.37048
20060525,248283.11088
20060524,399514.87675
20060523,329086.84796
20060522,476244.03656000004
20060519,446493.18536
20060518,368218.62825999997
20060517,427650.23021999997
20060516,347540.68632000004
20060515,366436.19773
20060512,400477.95201999997
20060511,399688.49312
20060510,547477.98354
20060509,336778.92895000003
20060508,258658.02133
20060505,241532.09639999998
20060504,242859.65372
20060503,363392.82342000003
20060502,455038.09994000004
20060501,474672.33646
20060428,784079.10809
20060427,1781767.3573
20060426,293826.22862999997
20060425,297325.78887999995
20060424,180805.41785
20060421,225543.31884999995
20060420,241782.19995
20060419,252221.62688000003
20060418,611786.39996
20060417,337552.75007999997
20060413,342118.46158
20060412,243069.6632
20060411,246119.12607
20060410,316251.3393
