20160408,676063.465
20160407,859989.3411000001
20160406,860341.6248
20160405,974376.6590999999
20160404,709419.5231999999
20160401,1082640.944
20160331,1061187.3728
20160330,1013017.2652999999
20160329,1021377.069
20160328,841643.5958
20160324,691460.1936000001
20160323,801853.605
20160322,850825.75
20160321,804618.0688
20160318,1585721.7744
20160317,1083992.1191999998
20160316,815834.7838
20160315,568645.3368
20160314,675399.1968
20160311,799234.0524
20160310,965866.3566
20160309,833005.4652
20160308,937148.0768000002
20160307,838893.1731
20160304,786640.5111
20160303,1052204.0913
20160302,810552.8481999999
20160301,729395.8942
20160229,1077330.8275000001
20160226,822911.4474000001
20160225,851941.8276
20160224,844137.042
20160223,755937.6242000001
20160222,788125.4074
20160219,903546.6923999999
20160218,809697.4137
20160217,952609.5887999999
20160216,1014445.9785
20160212,964507.8667
20160211,1529807.322
20160210,979058.4358000001
20160209,1290947.139
20160208,1522586.5611
20160205,1278149.4224000003
20160204,1133874.7615
20160203,1394777.6208
20160202,1051034.3292
20160201,1206414.1404
20160129,1560483.8790000002
20160128,930128.5004
20160127,1782933.1543999999
20160126,1471876.068
20160125,1058367.1
20160122,1157724.8998
20160121,1415163.5542000001
20160120,1712773.4309999999
20160119,1268044.4126
20160115,1525604.7807
20160114,1245955.7319999998
20160113,1357501.2332000001
20160112,817011.0179999999
20160111,897430.9050000001
20160108,941512.0728
20160107,1175551.2411
20160106,916462.638
20160105,1061579.2065
20160104,1091391.9015
20151231,697133.1801
20151230,477734.0580000001
20151229,501858.8708
20151228,484055.94159999996
20151224,237849.39759999997
20151223,671540.5872000001
20151222,702886.1879999998
20151221,694582.3864000001
20151218,1716375.36
20151217,942500.3248000001
20151216,1072528.36
20151215,857356.0086000001
20151214,886101.8880000002
20151211,893732.4800000001
20151210,932496.7106000001
20151209,840975.498
20151208,961740.7840000001
20151207,1163647.1029
20151204,1217133.8271
20151203,951535.2990000001
20151202,867528.6848000002
20151201,566024.7109
20151130,826351.0255000001
20151127,313112.92905000004
20151125,487772.2485
20151124,590994.3186000001
20151123,510994.7626
20151120,688483.9961999999
20151119,603386.8812
20151118,745090.0938
20151117,676938.4517999999
20151116,779715.9160000001
20151113,761536.3608
20151112,569077.9807999999
20151111,462159.9296
20151110,631614.7518
20151109,670975.3860000002
20151106,712609.3947999999
20151105,537998.9116
20151104,578931.4728
20151103,595260.7527000001
20151102,857929.5322
20151030,823725.3947999999
20151029,598270.981
20151028,929170.5786000001
20151027,812087.7831
20151026,855198.6102
20151023,1559792.1024000002
20151022,1129389.042
20151021,915205.8720000001
20151020,677885.2875000001
20151019,949963.7613
20151016,1124369.8203999999
20151015,641492.9124
20151014,787793.3433000001
20151013,735572.189
20151012,472591.935
20151009,641172.5046
20151008,577904.836
20151007,696789.8208
20151006,927419.6848000002
20151005,931538.3162
20151002,929560.4352000001
20151001,1001888.8676
20150930,1134202.3272
20150929,1083073.1712000002
20150928,1145625.976
20150925,875173.7466
20150924,794333.3268
20150923,506645.748
20150922,823079.9108000001
20150921,646954.8272
20150918,1448834.6775
20150917,1233950.652
20150916,774006.003
20150915,735076.8855999999
20150914,602128.4535
20150911,576615.3984000001
20150910,837984.4025000001
20150909,739013.6270000001
20150908,623597.3684
20150904,954361.2760000001
20150903,754055.4
20150902,790430.9724
20150901,1064422.032
20150831,739819.172
20150828,803976.4700999999
20150827,1418053.6304
20150826,1621473.6888
20150825,1603907.412
20150824,2499661.2497999994
20150821,1388475.1476
20150820,1302322.3395000002
20150819,725978.6959999999
20150818,705076.6875
20150817,720086.2409999999
20150814,774936.4589999999
20150813,1200826.7271000003
20150812,2115924.5898
20150811,1226635.6409999998
20150810,1014820.2306
20150807,876677.4334999999
20150806,1120087.984
20150805,788881.1774
20150804,903056.3542000001
20150803,1027905.3812
20150731,1037650.1022
20150730,903297.684
20150729,1491178.0957999998
20150728,1816197.4096999997
20150727,1733153.1360000002
20150724,2987871.4943999997
20150723,1255535.8802999998
20150722,1774284.699
20150721,962803.1931
20150720,775343.9839999999
20150717,712065.2391
20150716,648170.7323999999
20150715,1008483.4885999999
20150714,882959.6464
20150713,934161.0432000001
20150710,1074117.0825
20150709,1136979.1387
20150708,1098916.9485
20150707,966281.4798000001
20150706,912933.2139000001
20150702,795077.1800999999
20150701,1314999.7795
20150630,1113986.0544000003
20150629,1036672.9051000001
20150626,1079637.2748
20150625,1720868.4144000001
20150624,1196579.8059999999
20150623,2511343.2266999995
20150622,825996.8688
20150619,1247420.0924000002
20150618,1307323.9156000002
20150617,1059772.4039999999
20150616,1030728.699
20150615,841728.4734
20150612,895775.958
20150611,1061289.9232
20150610,1086717.5984
20150609,827550.8352999999
20150608,896868.1986000001
20150605,1268358.4349
20150604,1982636.7424000003
20150603,1369835.1889
20150602,670297.9724
20150601,968473.518
20150529,1030583.1052
20150528,681285.168
20150527,1280231.781
20150526,1408920.1534
20150522,914178.096
20150521,1457884.449
20150520,944452.641
20150519,1315347.4614
20150518,2078631.0369
20150515,970272.5663
20150514,815904.6127
20150513,1177913.13
20150512,1388741.2506
20150511,719350.7993000001
20150508,932463.3975
20150507,755447.0786999998
20150506,1024335.0642000001
20150505,1072347.5916
20150504,735366.0732
20150501,1175928.6662
20150430,1028192.7936000001
20150429,1415468.5644
20150428,1697187.6852
20150427,833933.7839
20150424,1428828.1199999999
20150423,3126210.4965
20150422,975481.3028
20150421,643818.7415999998
20150420,798101.5679
20150417,965591.2136
20150416,576306.6625000001
20150415,653021.4119
20150414,596107.7072999999
20150413,747380.8128000001
20150410,493571.5813000001
20150409,688886.5039
20150408,697383.757
20150407,795534.9279999998
20150406,765132.1457999999
20150402,638439.6162
20150401,833874.6416
20150331,910811.9095
20150330,623168.6076
20150327,681697.4724999999
20150326,1004511.5658
20150325,950973.1434
20150324,664164.3213
20150323,797800.1408
20150320,1282393.2189
20150319,660143.488
20150318,1606314.108
20150317,786283.3509999999
20150316,678656.3412
20150313,877726.5588
20150312,894905.5722
20150311,946537.1496
20150310,1064107.9658000001
20150309,649061.702
20150306,1330902.6515999998
20150305,493716.72
20150304,795078.44
20150303,693397.9746
20150302,749450.9487999999
20150227,686265.5232
20150226,798864.75
20150225,610182.5598
20150224,659810.004
20150223,792630.5845000001
20150220,725280.336
20150219,644642.2409
20150218,589690.7056
20150217,667922.4474
20150213,557344.931
20150212,687244.1941000001
20150211,1097077.4534
20150210,692564.6405
20150209,696418.8408
20150206,965763.3557
20150205,658840.138
20150204,1026944.4275999999
20150203,1428940.9704
20150202,1250563.7312
20150130,1852571.354
20150129,1023498.9696
20150128,1497995.644
20150127,1009206.071
20150126,946324.4574
20150123,847292.3308
20150122,1173974.4175
20150121,1184347.84
20150120,686126.4445000001
20150116,1266498.1679999998
20150115,857445.1281999999
20150114,734066.9193
20150113,812430.5610000001
20150112,674571.6552
20150109,716828.796
20150108,763378.235
20150107,1049899.1619
20150106,991869.648
20150105,1020700.3729999999
20150102,695703.6867
20141231,811274.4134000001
20141230,421507.9152
20141229,432753.2289
20141226,392297.5692
20141224,299932.81824
20141223,660121.0863
20141222,767795.5165
20141219,1346603.4971999999
20141218,1259100.0485999999
20141217,945288.4815000001
20141216,930332.1536000001
20141215,966939.8175
20141212,965855.1695999999
20141211,915672.9456999999
20141210,1129280.5971000001
20141209,1948218.7582
20141208,578138.1452
20141205,639751.6906
20141204,779731.6265
20141203,1043612.32
20141202,1264292.5310999998
20141201,698665.8632000001
20141128,447573.2748
20141126,496841.4822
20141125,1021691.2256000001
20141124,1272651.995
20141121,995794.5816
20141120,432130.2552
20141119,683768.5956
20141118,611611.7707999999
20141117,464015.87100000004
20141114,737392.1029999999
20141113,742563.9348
20141112,663316.7039999999
20141111,431506.764
20141110,626936.2511999999
20141107,626951.8319
20141106,605522.008
20141105,544292.4528000001
20141104,620483.4769
20141103,772238.3552
20141031,836953.3068000001
20141030,636677.4057
20141029,778032.368
20141028,865095.402
20141027,863773.3287
20141024,1010471.1447
20141023,1878209.4869999997
20141022,859166.955
20141021,753640.3565999999
20141020,521088.2232
20141017,830602.1904
20141016,982857.1888
20141015,1643876.7243
20141014,766004.2704000002
20141013,798721.1906000001
20141010,991226.5099999999
20141009,748900.3529999999
20141008,884024.2575
20141007,755277.3207
20141006,785140.3014000001
20141003,734694.168
20141002,868160.6738999999
20141001,1007638.096
20140930,705347.6296000001
20140929,527498.4376999999
20140926,506314.2168
20140925,733296.534
20140924,471218.25
20140923,592229.7808000001
20140922,580738.465
20140919,776021.1728000001
20140918,605576.8535999999
20140917,600142.9930000001
20140916,547143.648
20140915,509067.77129999996
20140912,697216.02
20140911,558464.977
20140910,614876.366
20140909,650994.5179999999
20140908,377599.3047
20140905,625633.0925
20140904,435679.4384
20140903,455526.56369999994
20140902,441554.14680000005
20140829,444296.8512
20140828,365213.2824
20140827,516153.91250000003
20140826,509397.32999999996
20140825,597221.0874000001
20140822,492838.365
20140821,551875.4736
20140820,433335.27090000006
20140819,705657.6807999999
20140818,639827.4959999999
20140815,936314.5644000001
20140814,509257.65429999994
20140813,553310.0096999999
20140812,530783.524
20140811,506887.5546
20140808,646488.9863999999
20140807,709814.3954
20140806,1243554.9005999998
20140805,684818.0923
20140804,755299.0638
20140801,846523.4051
20140731,1230636.3585
20140730,743426.3772
20140729,3382118.7133
20140728,733981.0944999999
20140725,663292.2603999999
20140724,1583730.615
20140723,542935.8012
20140722,653582.1978
20140721,752181.7928
20140718,583459.7168
20140717,689112.6624
20140716,737118.5085
20140715,1267933.9536000001
20140714,450552.5706
20140711,413362.35599999997
20140710,520648.80000000005
20140709,567196.4909999999
20140708,715497.426
20140707,705163.1798000002
20140703,418652.77440000005
20140702,507381.1377
20140701,772564.2272
20140630,676039.0
20140627,741425.9112
20140626,556747.6428
20140625,538592.9739999999
20140624,746952.3748
20140623,513050.5995
20140620,1025737.0359
20140619,689485.3472
20140618,714581.12
20140617,606217.5622
20140616,492676.85939999996
20140613,699287.0756
20140612,663943.7403
20140611,568431.6355
20140610,612219.0293999999
20140609,618240.1895999999
20140606,599295.8592000001
20140605,781492.023
20140604,941035.0179999999
20140603,783096.16
20140602,574928.2352
20140530,573361.909
20140529,501321.9996
20140528,724580.2608
20140527,789972.6163
20140523,613239.6148
20140522,637749.2660000001
20140521,1151961.2294
20140520,1418409.5999999999
20140519,2823351.7550000004
20140516,882439.3226000001
20140515,741746.0336000001
20140514,879892.005
20140513,1239211.432
20140512,876211.3488
20140509,547097.7703999999
20140508,1326972.5559999999
20140507,724746.8472
20140506,762599.5377
20140505,569935.3704
20140502,568061.9168
20140501,990456.1151999999
20140430,804165.7050000001
20140429,734322.4812
20140428,1038561.6416
20140425,758240.2315
20140424,1262608.575
20140423,2081410.7904000003
20140422,1157171.6091
20140421,676347.4902
20140417,911724.7832000001
20140416,874228.285
20140415,944876.3328
20140414,546531.9392
20140411,1216217.376
20140410,1241290.0599999998
20140409,1063874.1168000002
20140408,1033117.2009
20140407,1158988.0575
20140404,1043398.899
20140403,904121.2264
20140402,993254.6808
20140401,1009669.4839000001
20140331,1068620.0742000001
20140328,867782.2503000001
20140327,1164624.9272
20140326,1335756.6833
20140325,1156804.7792
20140324,1853727.1113999998
20140321,1749392.9529999997
20140320,2132757.3295000005
20140319,1047841.9072
20140318,856153.2146
20140317,775699.7962999999
20140314,714807.9414
20140313,701584.4785000001
20140312,810288.7768000001
20140311,668179.1457
20140310,810657.9815
20140307,881931.2946
20140306,631659.7056000001
20140305,775767.2832000001
20140304,914468.1699999999
20140303,971148.5549999999
20140228,1387931.6435
20140227,1770162.1662999997
20140226,1175750.08
20140225,1320518.6638
20140224,1087721.6216
20140221,633933.144
20140220,679821.702
20140219,637647.7365
20140218,732275.2452
20140214,606890.9729999999
20140213,939801.7384
20140212,545311.818
20140211,864238.9600000001
20140210,668892.3627999999
20140207,948568.3119999999
20140206,1450304.64
20140205,955776.7631999999
20140204,1166256.245
20140203,2172919.5
20140131,1139940.5080000001
20140130,969716.2825000001
20140129,2769377.7443000004
20140128,857862.4820000001
20140127,1098666.2322
20140124,1112263.7196
20140123,962057.85
20140122,580506.0780000001
20140121,987578.0379
20140117,806160.953
20140116,551475.4212
20140115,871323.8076
20140114,766142.9279999998
20140113,975055.9679999999
20140110,852000.7296
20140109,1210179.2118
20140108,1291803.6384000003
20140107,899092.5945000001
20140106,726871.1895999999
20140103,856692.132
20140102,707035.704
20131231,647838.1187999999
20131230,508586.84800000006
20131227,496445.7362
20131226,387618.95879999996
20131224,278202.80385
20131223,690222.0734
20131220,1166510.758
20131219,690479.9720000001
20131218,888713.7174000001
20131217,794002.525
20131216,728684.8454999999
20131213,841604.426
20131212,742701.3834
20131211,932559.3095000001
20131210,632583.664
20131209,625657.7392
20131206,674884.0158
20131205,859905.8450000001
20131204,940517.96
20131203,609045.3522
20131202,824889.1079999999
20131129,326913.82927
20131127,406137.82779999997
20131126,499751.07840000006
20131125,497607.4430999999
20131122,569569.1848
20131121,812523.3979999999
20131120,617424.144
20131119,445639.148
20131118,535338.204
20131115,626597.9736
20131114,487009.24679999996
20131113,783015.9561
20131112,700188.979
20131111,432921.75800000003
20131108,1045671.6264
20131107,1027251.1888
20131106,747065.8602
20131105,1195295.2858
20131104,729873.7065000001
20131101,1503543.24
20131031,1042162.5240000001
20131030,792174.3956
20131029,1640078.9847000001
20131028,844902.0354
20131025,748497.2822999998
20131024,1173887.0474000003
20131023,961593.444
20131022,843623.2167999999
20131021,1036222.0602
20131018,1054440.7196
20131017,766275.1908
20131016,639519.4800000001
20131015,550227.4298
20131014,629853.0176
20131011,808716.4560000001
20131010,813387.432
20131009,1127476.8
20131008,1085564.6571
20131007,2153704.5
20131004,2352518.1
20131003,720860.7952
20131002,730047.0242
20131001,569888.5140000001
20130930,704121.2394
20130927,475650.0012
20130926,564596.466
20130925,650257.9575
20130924,643092.8504000001
20130923,794592.1642
20130920,1260079.0488
20130919,546246.8744
20130918,797502.381
20130917,617166.6024999999
20130916,551165.0665000001
20130913,488324.5224
20130912,847026.2484
20130911,713253.1432
20130910,940669.3846
20130909,638717.4387
20130906,657840.5613
20130905,660446.0628
20130904,631584.121
20130903,1025151.7752
20130830,689761.8998
20130829,748346.7245
20130828,559407.8768
20130827,628991.2893
20130826,470776.09099999996
20130823,1019286.3663
20130822,876471.6795999999
20130821,687998.9339999999
20130820,547103.8034999999
20130819,713739.412
20130816,839492.5874
20130815,611214.2820000001
20130814,605128.3875000001
20130813,562733.4272
20130812,558304.452
20130809,749648.0279999999
20130808,633679.2386
20130807,473013.52170000004
20130806,454293.3707999999
20130805,365225.13
20130802,776635.3784
20130801,658558.924
20130731,716988.6639
20130730,676212.4292
20130729,596517.9168
20130726,504060.75600000005
20130725,783105.3774
20130724,1095219.36
20130723,821221.4194000001
20130722,683558.6904
20130719,703811.5305
20130718,699677.6912000001
20130717,604561.318
20130716,631588.1052000001
20130715,610579.071
20130712,682912.4564
20130711,828020.5691
20130710,634178.5369
20130709,515758.56000000006
20130708,564057.5676
20130705,614084.6372
20130703,413191.2876
20130702,662153.7791
20130701,702568.1339999998
20130628,846860.0399999999
20130627,650349.7581
20130626,774419.1146999999
20130625,2352485.8896000003
20130624,2454223.6254000003
20130621,3359342.4453000003
20130620,1091865.2445
20130619,861864.9675
20130618,555282.9251
20130617,835498.7856
20130614,860847.8066999998
20130613,731188.3589999999
20130612,603939.2372
20130611,929790.7535999999
20130610,786487.3106
20130607,923490.9340000001
20130606,825397.2235
20130605,806157.1372
20130604,1443528.8733
20130603,1043774.0313
20130531,1252275.6547
20130530,890691.4500000001
20130529,1032036.1632
20130528,1064880.8748
20130524,530283.0225
20130523,663855.06
20130522,1047289.8869999999
20130521,918611.7297999999
20130520,545408.1085999999
20130517,626011.4016
20130516,510912.45660000003
20130515,865491.3396000001
20130514,725228.1140999999
20130513,686640.8200000001
20130510,679323.9783999999
20130509,881178.3829999999
20130508,573972.6486
20130507,551288.8640000001
20130506,448694.42050000007
20130503,755691.7742000001
20130502,618346.8996
20130501,820225.5144000001
20130430,904851.1698
20130429,705650.725
20130426,1230087.288
20130425,1334851.0351999998
20130424,2264062.592
20130423,975719.55
20130422,832742.2506
20130419,938932.6056
20130418,762346.8678000001
20130417,849033.3402
20130416,928899.8165999999
20130415,1109953.251
20130412,761202.4142000001
20130411,982512.9382000001
20130410,728197.2132
20130409,851374.3424
20130408,888479.8164
20130405,2908312.9058
20130404,2761783.3055
20130403,905485.7184
20130402,985272.1229000001
20130401,901822.1275000001
20130328,1372159.4037000001
20130327,636308.3875999999
20130326,677078.8882
20130325,862719.2001
20130322,871087.2017999999
20130321,749248.5149999999
20130320,1081551.5403
20130319,717493.9252
20130318,748035.6825
20130315,1860613.7981
20130314,719549.9576
20130313,551258.2200000001
20130312,720343.584
20130311,732693.936
20130308,788407.9896000001
20130307,699808.0841999999
20130306,742060.8232000001
20130305,827498.916
20130304,675968.8332999999
20130301,846430.8943999999
20130228,1144136.0510999998
20130227,843420.7230000001
20130226,932098.3581
20130225,1144725.7733999998
20130222,743072.0367999999
20130221,891295.8579
20130220,1264906.6656999998
20130219,602094.2619
20130215,879205.5375999999
20130214,924788.9188999999
20130213,616665.742
20130212,603725.4480000001
20130211,482218.3755999999
20130208,644563.4824
20130207,672057.8582
20130206,1238342.9826
20130205,739812.577
20130204,994865.6068
20130201,1036191.3877
20130131,912818.9763
20130130,833684.3343999999
20130129,1074313.572
20130128,807583.3774
20130125,921635.4798000001
20130124,903646.125
20130123,859774.6404
20130122,999378.2255
20130118,1292743.5839999998
20130117,1289957.7800000003
20130116,1122996.6268
20130115,821665.3968
20130114,747474.8526000001
20130111,927852.0252
20130110,813307.9647
20130109,671689.1616
20130108,996511.0185
20130107,972927.7239999999
20130104,744961.9540999999
20130103,1013135.2538000001
20130102,1341246.9
20121231,906775.7401
20121228,679773.9816
20121227,816212.2517999999
20121226,452365.20780000003
20121224,326383.72130000003
20121221,1863440.5608
20121220,857676.5676
20121219,854658.1451999999
20121218,1196050.5244000002
20121217,849254.5152
20121214,890746.0471
20121213,649961.0832
20121212,829093.0385000001
20121211,810295.491
20121210,703007.0687
20121207,753673.998
20121206,787904.3184999999
20121205,989177.7588
20121204,722137.8048
20121203,669573.1398
20121130,1235052.4123
20121129,1002367.1853
20121128,1036388.9471999999
20121127,890941.4308
20121126,1183646.9433
20121123,745528.8488
20121121,943360.9110000001
20121120,690087.0336
20121119,734963.3883999999
20121116,1072114.7912
20121115,870761.442
20121114,849546.3942
20121113,781578.567
20121112,677217.102
20121109,1068961.3896
20121108,1217369.964
20121107,1545959.1672
20121106,667411.1039999999
20121105,615609.4526999999
20121102,989548.0377999999
20121101,838500.8148000002
20121031,712255.4883000001
20121026,346299.96537
20121025,770755.53
20121024,1250169.8547
20121023,830663.4
20121022,733401.6532
20121019,974165.1584
20121018,969312.9682000001
20121017,809485.2111999999
20121016,1001691.144
20121015,1627800.552
20121012,1321042.1084
20121011,1066636.4884
20121010,734503.8324000001
20121009,868520.0142
20121008,565475.4447999999
20121005,788434.5
20121004,779018.5746
20121003,823356.6726
20121002,758825.9045000001
20121001,2020413.975
20120928,2258615.294
20120927,1083610.4243
20120926,940106.8544
20120925,673392.5351999999
20120924,769808.4075
20120921,1374957.9871999999
20120920,882416.108
20120919,796498.112
20120918,867522.579
20120917,1087314.544
20120914,1531954.2149999999
20120913,1010800.6545
20120912,886751.936
20120911,706177.8108
20120910,684036.1032
20120907,776271.561
20120906,911468.9376
20120905,842917.6482
20120904,876964.3848000001
20120831,738252.7648
20120830,579184.3041
20120829,586310.6340000001
20120828,743815.4495999999
20120827,811352.0025
20120824,857641.2770000001
20120823,689740.9600000001
20120822,792526.8408
20120821,911107.4655000002
20120820,932781.3572
20120817,662527.7442
20120816,860553.4644
20120815,780802.148
20120814,755266.845
20120813,490461.08160000003
20120810,621927.2335000001
20120809,777157.2627
20120808,840181.8525
20120807,815049.7056
20120806,615387.9835
20120803,910024.5027999999
20120802,925556.9588
20120801,1054058.8916
20120731,1391383.392
20120730,931694.8338
20120727,1692385.4922000002
20120726,1259953.3979999998
20120725,1128272.0292
20120724,1337543.2329000002
20120723,963712.2820000001
20120720,941580.9596000001
20120719,1076785.7131999999
20120718,921011.9764999999
20120717,763981.1388
20120716,626624.7834000001
20120713,678361.5510000001
20120712,841608.7207
20120711,729336.8804
20120710,765730.4615999999
20120709,618883.6088
20120706,781448.8104
20120705,815600.7125
20120703,557295.48
20120702,897920.366
20120629,1084703.3838
20120628,758277.1109000001
20120627,569078.6039999999
20120626,716684.232
20120625,3068155.6500000004
20120622,3061853.4239000003
20120621,994971.1020000001
20120620,826925.1266999999
20120619,951957.3386
20120618,806208.9175000001
20120615,1485338.1666
20120614,1128215.1487999998
20120613,928566.4871999999
20120612,972887.5463999999
20120611,905776.1613
20120608,965916.0774999999
20120607,1448989.6568
20120606,958270.3488
20120605,831518.0198000001
20120604,911818.66
20120601,986235.0719999999
20120531,1102231.941
20120530,1020598.8336000001
20120529,777695.0508
20120525,750751.3289999999
20120524,810136.3092
20120523,858162.3144
20120522,939849.495
20120521,829571.0517000001
20120518,1308560.4378
20120517,778948.7152
20120516,748170.3076
20120515,933756.3115
20120514,1006101.5153
20120511,1410260.0268
20120510,791445.883
20120509,708697.9686000001
20120508,880804.7696
20120507,850359.84
20120504,627978.9164
20120503,818149.4244
20120502,922831.98
20120501,936330.2790000001
20120430,877070.9169
20120427,727268.8302000001
20120426,1127236.474
20120425,903266.7594
20120424,1646312.408
20120423,836599.4611999999
20120420,681072.7936
20120419,514705.6416
20120418,395475.75
20120417,664369.1462000001
20120416,451065.28679999994
20120413,764398.4868
20120412,606882.4728
20120411,657522.684
20120410,1047537.5438
20120409,588926.5376
20120405,664347.0834
20120404,839880.0718
20120403,691257.9051
20120402,682178.176
20120330,679115.7126
20120329,895827.4962
20120328,984299.7696
20120327,882858.5136000001
20120326,2402290.1892
20120323,2451238.8496
20120322,2544962.154
20120321,671349.9024
20120320,576518.6438000001
20120319,624940.644
20120316,905556.4127999999
20120315,632898.4004
20120314,770680.6775
20120313,750727.9284
20120312,646735.2624
20120309,598716.4892
20120308,581110.5
20120307,510823.44479999994
20120306,781927.6157
20120305,1217011.6989
20120302,726703.5699
20120301,660539.6255999999
20120229,811965.9709
20120228,619635.6588
20120227,927737.5403999999
20120224,554345.4774
20120223,684216.5834
20120222,476348.9116
20120221,770263.7282
20120217,939012.5999000001
20120216,706856.6238
20120215,687603.8156000001
20120214,649521.9231
20120213,692066.0260000001
20120210,745941.5136000001
20120209,542033.5619
20120208,603819.8783999999
20120207,726383.1211999999
20120206,706309.5834
20120203,787414.252
20120202,765531.8019
20120201,906217.616
20120131,863623.7677000001
20120130,862807.8348000001
20120127,1060188.1992000001
20120126,1649217.081
20120125,850052.6052
20120124,731861.9187
20120123,583213.36
20120120,806740.5384000001
20120119,776270.0322
20120118,667687.6529999999
20120117,710776.99
20120113,663822.9144
20120112,797101.1016
20120111,710471.4972
20120110,864048.8640000001
20120109,793337.6718
20120106,1351590.9904
20120105,1043583.36
20120104,1130930.0371
20120103,1000212.5882
20111230,474362.17919999996
20111229,533311.4696000001
20111228,498055.92100000003
20111227,492561.6744
20111223,539705.4976
20111222,899972.4902
20111221,807898.569
20111220,974309.4816
20111219,544319.793
20111216,1294922.441
20111215,743019.5175
20111214,652001.7029
20111213,632638.7232
20111212,745013.6427000001
20111209,705641.2093000001
20111208,649421.2842
20111207,1197656.0399999998
20111206,496244.7072
20111205,635531.798
20111202,641030.7584
20111201,629009.6288
20111130,964429.4772
20111129,508771.0124
20111128,675591.4685
20111125,329927.5916
20111123,831173.3065000001
20111122,1048588.632
20111121,630257.042
20111118,631658.9232000001
20111117,786145.0078
20111116,761561.3944
20111115,838008.6975
20111114,639503.8608
20111111,443614.47140000004
20111110,579470.436
20111109,783531.5403999999
20111108,612965.382
20111107,441288.2304
20111104,533960.424
20111103,608723.8144
20111102,631954.928
20111101,904036.224
20111031,770159.2323
20111028,723229.5133999999
20111027,1103619.9671
20111026,804188.1
20111025,955689.9561
20111024,698838.5288
20111021,878790.6357
20111020,909263.2328
20111019,573215.5410000001
20111018,580943.6692
20111017,535156.0787999999
20111014,692935.1002000001
20111013,581965.371
20111012,750469.0582999999
20111011,636266.0997
20111010,606678.5351
20111007,636442.2648
20111006,628520.3961
20111005,911804.5166
20111004,1226661.8253
20111003,905133.0815999999
20110930,791600.5496
20110929,983527.0591999999
20110928,617424.584
20110927,842615.0271000001
20110926,1859409.7885999999
20110923,2889546.1149999998
20110922,3357108.9749999996
20110921,730300.461
20110920,594756.3095000001
20110919,617957.6173999999
20110916,991174.4526000001
20110915,621778.148
20110914,650946.2094
20110913,675775.3408
20110912,711411.4508
20110909,989664.7716
20110908,611666.1012
20110907,689178.5301
20110906,931181.5028999998
20110902,741302.5950000001
20110901,1064281.8208
20110831,3214924.9280000003
20110830,669725.6758000001
20110829,681478.8596
20110826,660155.2847999999
20110825,690814.6105999999
20110824,736416.2951999999
20110823,858482.3646
20110822,1019889.256
20110819,1063620.8397
20110818,1303686.2882
20110817,739029.8259
20110816,630151.2015
20110815,752693.2291
20110812,1201099.3577999999
20110811,1496447.388
20110810,1724568.4204
20110809,2207978.204
20110808,1992469.31
20110805,1555677.1911999998
20110804,1275562.1214
20110803,811737.34
20110802,850749.9032000001
20110801,839644.1496
20110729,804030.8584
20110728,1450551.6256
20110727,808447.2312
20110726,532907.7485999999
20110725,634140.4541999999
20110722,834271.476
20110721,1147170.5176
20110720,599544.0325
20110719,649114.4709
20110718,660875.8716000001
20110715,998605.384
20110714,663272.8607999999
20110713,484546.8006
20110712,662519.9472
20110711,593719.896
20110708,579930.8076000001
20110707,686113.731
20110706,563902.9335
20110705,660041.8717
20110701,634561.1712
20110630,1275806.3543999998
20110629,623853.9444
20110628,533463.6582
20110627,575677.3988000001
20110624,613481.9764
20110623,751952.1792
20110622,550527.096
20110621,1119431.13
20110620,540721.0440000001
20110617,857716.8269999999
20110616,575067.0529
20110615,735182.3145000001
20110614,617166.4602
20110613,712249.4210000001
20110610,718026.1366000001
20110609,506278.6722
20110608,633424.5636
20110607,485076.3904
20110606,544215.4476
20110603,667618.6064999999
20110602,539163.2337
20110601,688851.0777
20110531,746641.7459999999
20110527,539194.5992999999
20110526,628459.6431
20110525,563273.41
20110524,539933.3132
20110523,561768.5136
20110520,527683.7448
20110519,461926.97
20110518,553234.6560000001
20110517,653580.3728
20110516,999131.8679999999
20110513,555598.926
20110512,695323.4876
20110511,637599.8646
20110510,545704.0183
20110509,481456.6845
20110506,763342.0038000001
20110505,977465.419
20110504,829463.7263
20110503,1472328.9756
20110502,860888.8375
20110429,793085.7311999999
20110428,754258.7115000001
20110427,892636.5444
20110426,648216.5144
20110425,404302.977
20110421,782239.6764
20110420,942260.6120999999
20110419,720437.7838
20110418,651309.4637
20110415,695865.953
20110414,587686.58
20110413,638215.8563999999
20110412,666146.1092
20110411,698848.4034000001
20110408,802618.1340000001
20110407,916527.9996
20110406,765456.3707999999
20110405,895442.5569999999
20110404,1157705.5573
20110401,3733530.282
20110331,3570898.3189999997
20110330,1620250.6941
20110329,1251048.2110000001
20110328,1481380.2328
20110325,682166.0395000001
20110324,927827.1233999999
20110323,614072.7684000001
20110322,811730.601
20110321,1746465.7392
20110318,740866.819
20110317,723429.5181999999
20110316,1016328.3623999999
20110315,1075783.1291999999
20110314,712061.0765
20110311,622091.2024
20110310,986716.8433
20110309,828222.083
20110308,854505.992
20110307,664307.928
20110304,740342.076
20110303,613916.4337999999
20110302,756241.3971000001
20110301,623159.5032
20110228,601259.8152
20110225,451756.2667
20110224,785206.1656000001
20110223,694158.1849000001
20110222,732515.022
20110218,563238.9795
20110217,537904.155
20110216,644811.255
20110215,667464.2607999999
20110214,650976.3948
20110211,632569.8054
20110210,995371.6088
20110209,521193.5394
20110208,553288.3982
20110207,919290.6888
20110204,512413.75639999995
20110203,589555.3293
20110202,647197.7029
20110201,735098.2839
20110131,804940.1856
20110128,1127203.2588
20110127,1642395.0857
20110126,699352.2679
20110125,794857.0884
20110124,563572.4928
20110121,1077088.1855
20110120,837969.1572
20110119,895931.7172
20110118,883523.4604999999
20110114,971809.6122
20110113,1008006.012
20110112,1010254.562
20110111,1599740.9144
20110110,1171430.4992
20110107,1371069.131
20110106,1187401.3469999998
20110105,843444.4286
20110104,621023.2308
20110103,610442.1513
20101231,447311.969
20101230,378623.6097
20101229,358459.5414
20101228,399781.3407
20101227,340517.6775
20101223,370726.12
20101222,491126.84790000005
20101221,485138.1834
20101220,803357.0442
20101217,1057280.1943
20101216,504016.1053
20101215,1013260.5416999998
20101214,779857.2
20101213,684811.1782
20101210,758351.5218
20101209,601999.365
20101208,493533.6742
20101207,712902.3724
20101206,652131.05
20101203,653673.1355
20101202,641322.3615
20101201,665560.4676
20101130,709766.0486
20101129,677376.908
20101126,222955.41449999998
20101124,493504.1244
20101123,528046.7989
20101122,559632.2141999999
20101119,549029.3616000001
20101118,555617.7756
20101117,677691.4044
20101116,720162.0776
20101115,662942.8239
20101112,750804.1137999999
20101111,616715.5035
20101110,623956.816
20101109,572379.7064
20101108,443035.85480000003
20101105,529323.6558999999
20101104,672628.3392
20101103,557504.4759999999
20101102,539376.7744
20101101,745568.0408
20101029,603985.7224
20101028,620140.0499999999
20101027,704083.8735
20101026,603736.5120999999
20101025,506764.55640000006
20101022,511215.85949999996
20101021,882563.1464
20101020,643589.1025
20101019,896582.3503
20101018,452864.56320000003
20101015,998805.0296999998
20101014,506154.585
20101013,589195.191
20101012,691066.8249
20101011,407483.4528
20101008,704594.138
20101007,897877.9425
20101006,1402710.8472
20101005,843223.8976
20101004,765144.6894
20101001,639705.3067999999
20100930,809284.762
20100929,781921.4436
20100928,793515.0576000001
20100927,894373.8345
20100924,760808.4598
20100923,678803.7132
20100922,873178.626
20100921,870982.813
20100920,813550.6802000001
20100917,876558.0024000001
20100916,594163.8809999999
20100915,538907.3582
20100914,568226.9124
20100913,543329.2725
20100910,549253.9932
20100909,762654.4874999999
20100908,413391.51810000004
20100907,497034.47339999996
20100903,635404.4816
20100902,475577.68999999994
20100901,778880.958
20100831,887754.6693
20100830,421483.1294
20100827,571630.9698
20100826,691705.152
20100825,1024375.0878
20100824,911158.9472
20100823,898578.6806999999
20100820,940485.5595
20100819,718050.3588
20100818,811137.5184000001
20100817,741432.0003
20100816,529201.5755
20100813,634371.0096
20100812,813837.0232
20100811,771844.608
20100810,719332.7509000001
20100809,602242.0272
20100806,700237.995
20100805,628674.5136
20100804,696989.2464
20100803,651803.9632
20100802,932755.928
20100730,664094.6092000001
20100729,848782.8080000001
20100728,879194.7100000001
20100727,682319.6595
20100726,680870.8324
20100723,834825.2138
20100722,1223182.0512
20100721,721325.0996000001
20100720,595338.5433
20100719,470858.47839999996
20100716,821244.4587000001
20100715,936387.25
20100714,525450.6816
20100713,652186.513
20100712,430427.0232
20100709,487468.02259999997
20100708,575533.3311
20100707,773195.235
20100706,878157.3171
20100702,563464.3602
20100701,1245657.916
20100630,899710.765
20100629,1291646.5008
20100628,544782.0025000001
20100625,1281963.5347
20100624,687571.398
20100623,656976.2976
20100622,653946.6544
20100621,426215.14560000005
20100618,1031384.854
20100617,606594.0416
20100616,507981.46959999995
20100615,535677.4924
20100614,625833.9276
20100611,600344.6418
20100610,840600.1824
20100609,825132.465
20100608,1035244.7138
20100607,908595.2
20100604,886891.5630000001
20100603,583992.136
20100602,634931.9928
20100601,723506.3193
20100528,736582.086
20100527,678728.9099999999
20100526,908246.4436
20100525,1270021.2863999999
20100524,733165.0654999999
20100521,1348500.1600000001
20100520,1028199.7440000001
20100519,787306.6925
20100518,971279.1978
20100517,770905.6845
20100514,960070.7239999999
20100513,590442.138
20100512,756354.5552000001
20100511,829861.9324
20100510,1047909.9812
20100507,1288932.439
20100506,1703015.2763999999
20100505,862944.528
20100504,811845.6009999999
20100503,711564.1128
20100430,879289.9388
20100429,670046.62
20100428,884761.9841
20100427,878683.8675
20100426,467076.92220000003
20100423,735512.4
20100422,865434.4141
20100421,1175044.7844
20100420,918452.4628000001
20100419,878287.2784
20100416,829182.7982000001
20100415,734483.3152
20100414,727162.0928
20100413,995660.784
20100412,605133.9855999999
20100409,1050767.3752000001
20100408,943078.5074
20100407,804367.5839999999
20100406,561913.9833
20100405,630153.9672
20100401,536672.7729999999
20100331,948493.6344000001
20100330,1355664.0705
20100329,533242.5527
20100326,473846.1184
20100325,629846.285
20100324,536253.3592
20100323,481488.76349999994
20100322,646981.632
20100319,940870.3615999998
20100318,442858.1674
20100317,468886.86600000004
20100316,454875.98750000005
20100315,523834.64759999997
20100312,456489.47400000005
20100311,557031.9360000001
20100310,600621.6216000001
20100309,1099355.7924
20100308,622813.5008
20100305,698129.1366
20100304,717113.5296
20100303,514933.77820000006
20100302,830996.4784
20100301,622624.25
20100226,724024.7718
20100225,732774.1301000001
20100224,721640.9563
20100223,707818.6296999999
20100222,776536.7328
20100219,870918.796
20100218,681763.95
20100217,494792.25399999996
20100216,655804.7112
20100212,855211.1551
20100211,691305.5435
20100210,669409.3152
20100209,882552.3198000002
20100208,678660.6368
20100205,1284283.8912
20100204,808963.5928
20100203,587141.577
20100202,799417.3096
20100201,931615.7922
20100129,987032.5023999999
20100128,1329558.5106
20100127,1510980.492
20100126,865437.6983
20100125,764832.0238
20100122,974301.3877000001
20100121,1028701.8903
20100120,1009481.3441999999
20100119,889708.246
20100115,1650706.4871999999
20100114,1106319.0276000001
20100113,1134453.2112
20100112,709166.8936000001
20100111,695577.0669
20100108,748720.155
20100107,917361.081
20100106,1046257.4815
20100105,1001598.2136000001
20100104,832719.7409999999
20091231,450457.7968
20091230,666659.0304
20091229,450319.766
20091228,442632.45279999997
20091224,171643.4829
20091223,437330.9072
20091222,725653.8899999999
20091221,583068.8934
20091218,1284495.4244
20091217,724808.4438
20091216,753080.6719999999
20091215,590307.9720000001
20091214,604235.4285
20091211,537158.4138000001
20091210,561468.4856
20091209,637743.0852
20091208,716175.5139
20091207,686469.1085
20091204,871511.1240000001
20091203,699705.3568
20091202,501481.94200000004
20091201,727364.7954
20091130,855948.9948
20091127,438840.6662
20091125,564919.1296
20091124,935365.172
20091123,1229821.4213999999
20091120,617562.0626000001
20091119,629522.8051
20091118,515554.1846999999
20091117,564254.9892
20091116,619568.543
20091113,519825.33749999997
20091112,447157.93429999996
20091111,485433.37640000007
20091110,575598.5416
20091109,622529.5692
20091106,495306.5624
20091105,566883.9404000001
20091104,645830.1123
20091103,678527.088
20091102,1271366.4744000002
20091030,1065268.8053
20091029,837876.6935
20091028,1127174.7311999998
20091027,894259.7119999999
20091026,873296.24
20091023,953987.0931999999
20091022,1141942.599
20091021,793756.2180000001
20091020,900703.7222
20091019,672764.2999999999
20091016,897375.124
20091015,671556.6261999999
20091014,843462.8936999999
20091013,836443.867
20091012,666391.04
20091009,850017.5222
20091008,1147018.5516000001
20091007,1056337.6054
20091006,699644.9114999999
20091005,616026.4392
20091002,657026.37
20091001,827195.5329
20090930,1038574.4748000002
20090929,867537.744
20090928,641203.9543
20090925,634043.1232
20090924,776374.3107
20090923,1444787.5311999999
20090922,717444.3049999999
20090921,627542.1325000001
20090918,1338715.32
20090917,663086.5713000001
20090916,677966.1577999999
20090915,514645.1699999999
20090914,705862.486
20090911,627609.1918
20090910,930676.2111999999
20090909,498052.40979999996
20090908,549613.9225
20090904,426497.3533000001
20090903,692417.4764999999
20090902,742958.9278
20090901,808996.4264
20090831,644988.8825000001
20090828,578263.8912000001
20090827,536370.6498
20090826,707618.175
20090825,670008.28
20090824,470314.5396
20090821,801518.38
20090820,349403.0348
20090819,504556.68419999996
20090818,426245.941
20090817,532998.3078
20090814,478123.2965
20090813,541325.6576
20090812,539582.3775
20090811,416796.41839999997
20090810,393984.18319999997
20090807,505493.36039999995
20090806,658214.2455000001
20090805,1105689.3721
20090804,520906.25379999995
20090803,896338.9044
20090731,718155.8914
20090730,826690.9092
20090729,702370.2255000001
20090728,626699.9992
20090727,675431.0256
20090724,654499.4315
20090723,1401932.7868000001
20090722,767291.2056
20090721,593109.7263
20090720,588638.7276
20090717,621364.0048
20090716,718078.2148000001
20090715,615251.4132
20090714,635503.442
20090713,611552.6584
20090710,511508.852
20090709,595030.5858
20090708,802364.9017999999
20090707,577854.0444
20090706,634041.76
20090702,664019.7535
20090701,564551.33
20090630,706482.6372
20090629,576937.764
20090626,493141.3822
20090625,787664.2375
20090624,670463.7309999999
20090623,1032342.8130000001
20090622,961015.923
20090619,1019531.8324
20090618,692155.0545999999
20090617,677267.012
20090616,738904.2444
20090615,787391.0514
20090612,675961.7766
20090611,882434.0123000001
20090610,811199.1704000001
20090609,733894.4349
20090608,722641.38
20090605,632753.0336
20090604,803319.2328000001
20090603,841541.1634000001
20090602,728212.9175999999
20090601,688226.0
20090529,624693.8697
20090528,650779.5249
20090527,622694.2698
20090526,796617.8925000001
20090522,557204.608
20090521,731418.3855000001
20090520,913792.9654
20090519,614639.9749
20090518,902968.8982
20090515,658662.6704000001
20090514,765483.6228
20090513,571721.8407999999
20090512,598967.8981
20090511,649526.1527999999
20090508,1050234.1075
20090507,1350913.7404999998
20090506,660121.9017
20090505,510882.37000000005
20090504,726290.1483
20090501,574104.4245000001
20090430,830266.059
20090429,852541.0255999999
20090428,668907.369
20090427,694250.2628
20090424,707544.488
20090423,801282.93
20090422,1291932.5561999998
20090421,796300.0288
20090420,692825.6196
20090417,1005981.333
20090416,836814.8443
20090415,684205.944
20090414,730626.128
20090413,521538.8954
20090409,732736.881
20090408,624519.6073
20090407,653271.3414
20090406,708059.792
20090403,680633.3670999999
20090402,910479.913
20090401,739965.456
20090331,912976.344
20090330,756927.7812
20090327,575253.12
20090326,931748.3845
20090325,1022309.1031999999
20090324,721814.8328
20090323,1173528.4056000002
20090320,1177192.2459
20090319,839946.2400000001
20090318,960082.353
20090317,956325.1944000002
20090316,711051.8352
20090313,674781.7224
20090312,972193.4735
20090311,791157.3090000001
20090310,1022084.0866
20090309,839321.1815999999
20090306,1081323.9105999998
20090305,1094757.8399999999
20090304,857917.94
20090303,1089725.8169
20090302,1002536.0639999999
20090227,896531.9014999999
20090226,1005557.0712
20090225,1450984.9007
20090224,910440.24
20090223,825508.0007999999
20090220,941208.669
20090219,649682.2278
20090218,654696.3640000001
20090217,884950.8876
20090213,568886.6317
20090212,984226.9135999999
20090211,638959.36
20090210,936056.9992
20090209,576182.2089
20090206,801551.8479999999
20090205,747867.1905
20090204,878565.5190000001
20090203,797107.1336000001
20090202,679649.596
20090130,937412.4088
20090129,1098929.0655
20090128,1450254.7298
20090127,899564.5972
20090126,968355.6040999999
20090123,890763.3076000002
20090122,769621.3940000001
20090121,980907.9497
20090120,848814.5088000001
20090116,841118.2446
20090115,1085544.472
20090114,898633.7976
20090113,821167.8246999999
20090112,889419.0470000001
20090109,825490.9391999999
20090108,582497.8415999999
20090107,830791.2297
20090106,813580.852
20090105,921453.8276
20090102,643703.716
20081231,591749.2050000001
20081230,581945.9235
20081229,476451.69039999996
20081226,228970.8146
20081224,190924.73718999999
20081223,598330.9332
20081222,690680.3907999999
20081219,1368222.1860000002
20081218,919620.9792
20081217,854784.4488000001
20081216,1262826.9873000002
20081215,1154488.6634999998
20081212,924454.1994
20081211,1087950.3514
20081210,1249561.6848
20081209,1153578.0564000001
20081208,1374961.9472
20081205,1441320.536
20081204,1267142.6583
20081203,1241158.8272
20081202,1036622.2564000001
20081201,994625.3047999999
20081128,461173.1712
20081126,1120322.4893
20081125,1178584.4189000002
20081124,1481319.6072
20081121,1453342.088
20081120,1399747.7175
20081119,894649.4925
20081118,1209676.0373
20081117,856216.2309
20081114,1076869.8954999999
20081113,1310705.5299000002
20081112,747434.8112
20081111,727475.406
20081110,676060.8736
20081107,774937.26
20081106,918502.7138
20081105,922927.8690000001
20081104,1154940.8159999999
20081103,721789.9173
20081031,1166777.1425
20081030,859272.979
20081029,1178613.5469999998
20081028,1410200.6292
20081027,832211.9217
20081024,1147371.966
20081023,1386740.9094000002
20081022,1146939.125
20081021,847183.1497
20081020,948807.8095
20081017,1074685.1463
20081016,1303446.0864
20081015,1175892.0692
20081014,1322744.7752
20081013,1334866.9026
20081010,1796241.7486000003
20081009,1375361.36
20081008,1624725.3888
20081007,1119930.1542
20081006,1433094.0806
20081003,1194414.7156
20081002,909267.7796
20081001,1059334.8553
20080930,1282835.7728
20080929,1146684.6675
20080926,738915.8999999999
20080925,985353.6062000002
20080924,683251.0272
20080923,770180.5875
20080922,803471.2912000001
20080919,1344520.0329
20080918,1610434.6967999998
20080917,1546284.096
20080916,1264892.7096
20080915,1081268.6836
20080912,737250.0232
20080911,876295.2755999999
20080910,955745.0965
20080909,1289351.0699999998
20080908,964462.6844999999
20080905,719961.165
20080904,945283.8242
20080903,633332.805
20080902,944303.8650000001
20080829,1002144.9717999999
20080828,897910.3957999999
20080827,590367.96
20080826,588975.0876
20080825,486670.0888
20080822,563275.8753000001
20080821,485863.7356
20080820,643122.4536
20080819,544129.74
20080818,580935.796
20080815,694903.4404
20080814,767955.3976
20080813,688310.788
20080812,745898.082
20080811,852882.7968
20080808,1137761.3040999998
20080807,941493.7665
20080806,770237.37
20080805,843256.5210000001
20080804,710186.7150000001
20080801,1079677.2732
20080731,1310952.5598
20080730,732818.9165
20080729,885231.43
20080728,844573.5483
20080725,663673.8539999999
20080724,1091316.5629999998
20080723,1362820.8090000001
20080722,1031549.0332
20080721,595377.9219
20080718,913286.5896
20080717,1030684.0575
20080716,994119.9912
20080715,872949.402
20080714,643783.2999
20080711,901059.8472
20080710,910026.8324000001
20080709,661870.1803999998
20080708,940406.1504
20080707,848476.3955999999
20080703,731073.6971999999
20080702,874129.6993
20080701,1130421.4469999997
20080630,1127085.8109
20080627,1414084.4172
20080626,1226391.005
20080625,1231856.4582
20080624,855177.007
20080623,978368.8500000001
20080620,1493605.7642
20080619,960400.6379999999
20080618,843348.8475
20080617,721667.5035999999
20080616,979779.4706
20080613,755227.6284
20080612,907070.6043
20080611,1282322.3712000002
20080610,1265554.44
20080609,1180216.3296
20080606,1030659.7276000001
20080605,869562.263
20080604,846804.805
20080603,939034.8198
20080602,773197.2005
20080530,1025079.279
20080529,981860.8800000001
20080528,872992.0197
20080527,667568.8547
20080523,562539.5412000001
20080522,640285.437
20080521,706871.2512999999
20080520,966000.4302
20080519,805972.3764
20080516,1012317.6611
20080515,842320.3242
20080514,960654.9924
20080513,513361.4044
20080512,581792.538
20080509,590234.4359
20080508,781815.0136
20080507,958874.9628000001
20080506,962196.1220000001
20080505,721755.23
20080502,874380.5310000001
20080501,975002.0997999999
20080430,906823.9439000001
20080429,593179.2388
20080428,1012346.3659999999
20080425,623178.1103999999
20080424,747228.18
20080423,1060287.4197000002
20080422,1005206.0732000001
20080421,940848.7557000001
20080418,952190.9749
20080417,696994.1316000001
20080416,971176.3269
20080415,581722.7224999999
20080414,631550.7239999999
20080411,682931.295
20080410,687561.0360000001
20080409,813847.6131
20080408,772898.7159999999
20080407,727637.9259999999
20080404,830154.052
20080403,726725.8722
20080402,888297.5904
20080401,927884.2271999998
20080331,1113652.93
20080328,650784.7597999999
20080327,608573.9254
20080326,1106111.6095999999
20080325,931971.66
20080324,810053.4514
20080320,1226086.8345
20080319,1138402.0409999997
20080318,1287808.8344
20080317,1350013.4739
20080314,920798.9303
20080313,883675.94
20080312,890474.4184
20080311,1129465.0611
20080310,778545.6525
20080307,880113.9393
20080306,737266.2544000001
20080305,770198.044
20080304,774733.9885999999
20080303,765592.5984
20080229,1176042.9609
20080228,1431091.8491999998
20080227,928258.496
20080226,911661.9456000001
20080225,860802.225
20080222,1392033.9971999999
20080221,1463216.3406
20080220,4487738.984
20080219,1974178.6193000001
20080215,867027.7440000001
20080214,955088.7896
20080213,1391915.8224000002
20080212,984416.9411999999
20080211,917444.6900999999
20080208,1011682.8317
20080207,1026899.11
20080206,844710.776
20080205,1143617.934
20080204,797990.472
20080201,1081185.2964
20080131,1467789.5918999999
20080130,979249.77
20080129,1256149.7406000001
20080128,1307770.8279999997
20080125,1430902.9848
20080124,1602267.81
20080123,2120933.3265
20080122,1799754.8480000002
20080118,1755216.4638999999
20080117,1126603.2319999998
20080116,1371454.0973
20080115,1084919.5612
20080114,837657.5818999999
20080111,1139200.0180000002
20080110,1407928.268
20080109,2189625.36
20080108,2848696.5495999996
20080107,1109189.6465999999
20080104,844711.3446
20080103,770108.5485
20080102,832043.75
20071231,618386.6172000001
20071228,869588.8095999999
20071227,782019.0928
20071226,869869.8899999999
20071224,318059.071
20071221,1640301.7119999998
20071220,713722.8384
20071219,1019311.9352000001
20071218,977074.322
20071217,949015.035
20071214,819630.5743999999
20071213,1198041.504
20071212,2596157.6155000003
20071211,2246551.7147999997
20071210,1202007.596
20071207,974741.319
20071206,874443.7919999999
20071205,880410.8206000001
20071204,733334.1918
20071203,674964.444
20071130,1128142.9901
20071129,881834.6961
20071128,1542942.75
20071127,1068290.9481
20071126,1112949.033
20071123,447657.0164000001
20071121,675920.07
20071120,1219257.3923
20071119,1873193.505
20071116,1704503.7519999999
20071115,779181.9061999999
20071114,801580.0380000001
20071113,918920.6765000001
20071112,789318.4164999999
20071109,1162249.424
20071108,1164530.0912000001
20071107,1038340.7181999999
20071106,832442.4108
20071105,822470.4488
20071102,983425.4713999999
20071101,970615.17
20071031,1030235.9150999999
20071030,754374.252
20071029,762493.7980000001
20071026,836236.5912
20071025,968952.5900000001
20071024,1252337.775
20071023,1163391.3522
20071022,831443.3829
20071019,1148824.2149999999
20071018,879251.7570000001
20071017,939374.562
20071016,1045085.982
20071015,794682.4019999999
20071012,622965.532
20071011,850550.4260999999
20071010,678108.9275
20071009,600465.128
20071008,377059.718
20071005,637519.204
20071004,611693.5240000001
20071003,746347.872
20071002,690301.6326
20071001,905409.9331
20070928,989418.5038000001
20070927,934942.4945
20070926,817087.1835
20070925,1041019.1253000001
20070924,1312119.9780000001
20070921,1479561.2845
20070920,1214238.294
20070919,1527718.2228
20070918,1000049.19
20070917,1001064.0
20070914,752313.4079999999
20070913,1093720.482
20070912,723128.162
20070911,797083.7820000001
20070910,638400.238
20070907,870046.2119999999
20070906,1005471.2776000001
20070905,847309.791
20070904,714207.4996
20070831,686573.3609999999
20070830,590638.776
20070829,725119.56
20070828,770478.012
20070827,487364.573
20070824,625224.832
20070823,748261.9900000001
20070822,768481.974
20070821,702537.5
20070820,705296.7949999999
20070817,1387108.7174999998
20070816,1458956.832
20070815,1084681.7423
20070814,775327.422
20070813,722296.1
20070810,978979.82
20070809,1336340.825
20070808,1084729.05
20070807,983112.8594
20070806,952358.352
20070803,1005501.6000000001
20070802,838500.026
20070801,1432673.9784
20070731,1075509.8199999998
20070730,1059635.857
20070727,1228419.972
20070726,1910677.916
20070725,1189424.25
20070724,1646339.4688000001
20070723,1212044.3520000002
20070720,1058197.896
20070719,721110.1884999999
20070718,725419.224
20070717,788532.8016000001
20070716,575039.189
20070713,750733.808
20070712,973425.7984
20070711,931547.6304
20070710,1081141.07
20070709,694975.6237000001
20070706,777338.6932
20070705,866410.4959999999
20070703,609163.975
20070702,1505279.2140000002
20070629,1559060.7950000002
20070628,1099335.0858
20070627,904016.1657999998
20070626,933060.8844999999
20070625,945752.0227999999
20070622,1436035.4715
20070621,752145.0724000001
20070620,935768.3908
20070619,594612.7984
20070618,893611.347
20070615,1466064.3124000002
20070614,1030650.2856
20070613,908213.666
20070612,907943.2951999999
20070611,732596.8167999999
20070608,947511.4506
20070607,1240914.5632000002
20070606,686417.1971999999
20070605,731887.1175
20070604,529113.893
20070601,926598.4812
20070531,806538.0258000001
20070530,832848.0143999999
20070529,604090.555
20070525,555846.9732
20070524,765058.0382
20070523,604549.764
20070522,625240.0092
20070521,1042766.769
20070518,1078041.903
20070517,935365.0251999999
20070516,1493611.1498
20070515,810734.7374
20070514,882693.1237000001
20070511,677059.4702
20070510,647826.9866999999
20070509,642928.4088
20070508,730987.8807000001
20070507,621864.54
20070504,938869.1424
20070503,1021827.1449999999
20070502,939076.5212
20070501,1007610.584
20070430,961510.1407999999
20070427,819742.5767999999
20070426,1030190.4495999999
20070425,991087.8154000001
20070424,936253.41
20070423,946030.4658000001
20070420,940424.8535999999
20070419,652766.1359999999
20070418,531424.1475
20070417,613931.3369
20070416,536817.684
20070413,589315.0476
20070412,656316.1291999999
20070411,583913.088
20070410,549925.899
20070409,543863.106
20070405,578295.1251000001
20070404,804780.3043
20070403,955206.1386000001
20070402,1540797.3822
20070330,878715.6878
20070329,678185.4630000001
20070328,968677.152
20070327,1118417.0392
20070326,893395.2252
20070323,806599.4256
20070322,1046955.9272
20070321,1280906.8173999998
20070320,644089.0044999999
20070319,801530.667
20070316,1046082.8439999999
20070315,642615.628
20070314,972074.04
20070313,1048865.274
20070312,803271.7940000001
20070309,538363.225
20070308,752901.918
20070307,985258.698
20070306,838173.6
20070305,824430.4592
20070302,745566.0439999999
20070301,929409.096
20070228,1056873.92
20070227,1222860.51
20070226,754164.75
20070223,452510.0
20070222,547661.985
20070221,601306.1579999999
20070220,635205.928
20070216,616932.0439999999
20070215,527549.1
20070214,804608.2533
20070213,515651.9946
20070212,491683.6848
20070209,759937.0499999999
20070208,612602.13
20070207,1291785.648
20070206,854140.21
20070205,981315.6039999999
20070202,794512.2880000001
20070201,748556.075
20070131,1068729.6300000001
20070130,734304.1110000001
20070129,724500.789
20070126,889073.6399999999
20070125,1164182.76
20070124,1247024.394
20070123,628432.064
20070122,751240.4190000001
20070119,759886.2390000001
20070118,848061.8300000001
20070117,600388.124
20070116,566186.648
20070112,702119.0449999999
20070111,839317.599
20070110,1018865.006
20070109,994441.9999999999
20070108,1360423.1130000001
20070105,1241638.7280000001
20070104,1517161.65
20070103,1177612.29
20061229,357499.96425
20061228,457300.35000000003
20061227,651522.564
20061226,397685.592
20061222,538363.188
20061221,1343370.905
20061220,1125358.545
20061219,1406346.0720000002
20061218,1331643.1160000002
20061215,1672407.6419999998
20061214,681651.5979999999
20061213,691596.8099999999
20061212,820749.996
20061211,570732.176
20061208,539667.531
20061207,547164.389
20061206,791836.26
20061205,695448.444
20061204,986899.52
20061201,610514.2
20061130,888374.1799999999
20061129,1184235.05
20061128,752076.8640000001
20061127,997269.416
20061124,318019.581
20061122,529022.0430000001
20061121,729797.7250000001
20061120,650258.442
20061117,861559.92
20061116,670184.28
20061115,1254108.33
20061114,709609.0240000001
20061113,562420.026
20061110,882494.4899999999
20061109,1558969.4760000003
20061108,1286235.3839999998
20061107,587089.09
20061106,719092.6399999999
20061103,1010692.9319999999
20061102,833969.682
20061101,878455.4559999999
20061031,844337.85
20061030,737108.736
20061027,608732.7359999999
20061026,810935.28
20061025,715955.5829999999
20061024,699656.6879999998
20061023,1040432.25
20061020,892757.1239999998
20061019,858569.625
20061018,767284.596
20061017,532818.1020000001
20061016,638343.304
20061013,1722551.04
20061012,969746.4
20061011,1560049.536
20061010,969385.7550000001
20061009,527832.45
20061006,588359.03
20061005,758541.8520000001
20061004,881709.112
20061003,532023.2399999999
20061002,639468.9839999999
20060929,760923.9440000001
20060928,1760070.1949999998
20060927,737303.375
20060926,704815.5650000001
20060925,873600.0460000001
20060922,721210.7699999999
20060921,1039890.5160000001
20060920,565538.4
20060919,405924.98400000005
20060918,525178.3409999999
20060915,564275.646
20060914,706484.625
20060913,496356.49799999996
20060912,661302.95
20060911,432180.56000000006
20060908,246834.225
20060907,326628.88800000004
20060906,319639.68
20060905,332897.922
20060901,381121.77
20060831,294975.428
20060830,319101.771
20060829,287684.0
20060828,296804.092
20060825,221019.954
20060824,275503.64599999995
20060823,220019.88
20060822,311768.86000000004
20060821,259390.224
20060818,425123.289
20060817,286083.84
20060816,256876.94999999998
20060815,330705.408
20060814,366672.735
20060811,273140.448
20060810,541101.188
20060809,685020.6719999999
20060808,435593.711
20060807,320459.241
20060804,571898.214
20060803,882386.58
20060802,540070.322
20060801,570237.312
20060731,531020.9339999999
20060728,704675.538
20060727,658673.4
20060726,787248.8
20060725,1292229.5699999998
20060724,408163.20600000006
20060721,321950.372
20060720,325798.2
20060719,332744.11
20060718,320074.41
20060717,326580.05
20060714,476890.386
20060713,535850.656
20060712,665257.04
20060711,682588.092
20060710,740826.1359999999
20060707,403206.448
20060706,378629.44200000004
20060705,502445.51999999996
20060703,180246.255
20060630,494849.481
20060629,479606.11
20060628,407128.953
20060627,269919.885
20060626,280946.93399999995
20060623,286687.065
20060622,385594.055
20060621,615769.497
20060620,569060.8979999999
20060619,534121.5360000001
20060616,551111.8269999999
20060615,718129.356
20060614,462156.266
20060613,620941.216
20060612,401859.51
20060609,313133.722
20060608,708806.202
20060607,323116.36199999996
20060606,560501.37
20060605,331111.48
20060602,353694.033
20060601,773027.424
20060531,443288.41799999995
20060530,437936.32
20060526,313010.459
20060525,296022.88
20060524,351006.836
20060523,337266.775
20060522,442916.56799999997
20060519,549116.9920000001
20060518,408647.898
20060517,441160.11
20060516,223778.94900000002
20060515,315664.442
20060512,332885.78400000004
20060511,394856.30799999996
20060510,304383.27
20060509,268196.24700000003
20060508,322363.70800000004
20060505,263899.349
20060504,262465.92000000004
20060503,257534.90999999997
20060502,304520.712
20060501,276934.992
20060428,376016.523
20060427,345337.942
20060426,615233.4959999999
20060425,614553.6
20060424,387313.077
20060421,387860.07000000007
20060420,404094.446
20060419,350730.45
20060418,405330.65800000005
20060417,198923.63199999998
20060413,348719.35
20060412,369916.93200000003
20060411,434619.864
20060410,263262.214
