20160408,575844.966
20160407,825521.6957
20160406,827055.332
20160405,868322.2161999999
20160404,586477.52
20160401,693788.9805000001
20160331,792983.5835999999
20160330,816950.7465
20160329,1174580.328
20160328,899776.817
20160324,1019855.4659999999
20160323,678324.8367999999
20160322,699989.3715
20160321,685274.2542000001
20160318,1803108.5044
20160317,795477.1015999999
20160316,823700.0938
20160315,644326.6662
20160314,637611.5508
20160311,916040.664
20160310,898874.2916999998
20160309,873878.1778999999
20160308,887245.3395
20160307,719678.1408
20160304,934217.2663000001
20160303,709325.5239
20160302,924797.748
20160301,1205102.3544
20160229,1126345.5672
20160226,974393.321
20160225,794731.4225
20160224,884803.7601
20160223,730786.667
20160222,864346.5120999999
20160219,876149.3055000001
20160218,819177.1028999999
20160217,869135.3904000001
20160216,980314.4664
20160212,1349798.2983000001
20160211,1469699.2332
20160210,917679.9987000001
20160209,1387849.3575
20160208,1449314.325
20160205,1135289.9316
20160204,1487372.3525
20160203,2243413.704
20160202,1249611.4598
20160201,863013.14
20160129,1272983.913
20160128,1041831.6288000001
20160127,992702.8019999999
20160126,911255.4545999999
20160125,1116428.8276
20160122,896934.6264000001
20160121,1165266.5533
20160120,1918373.0167999999
20160119,1441349.3151
20160115,1982399.566
20160114,1241368.1976
20160113,1092205.071
20160112,1485109.3248
20160111,951842.7385000001
20160108,1136200.6656
20160107,1531280.016
20160106,1034745.5624
20160105,770970.1254
20160104,1373043.6005
20151231,594114.03
20151230,439429.63448999997
20151229,436507.14114
20151228,452802.72876
20151224,274068.03994000005
20151223,717011.0336
20151222,559639.5090000001
20151221,700254.7776
20151218,1689260.4267
20151217,1042182.5634000001
20151216,1176904.1515000002
20151215,1044712.7180999999
20151214,1171924.1800000002
20151211,948739.9446
20151210,762980.3324000001
20151209,999720.8759999999
20151208,1084995.488
20151207,996608.4386000001
20151204,1093730.1189
20151203,835210.0760000001
20151202,702963.4572
20151201,865110.0051
20151130,866978.664
20151127,272186.90312
20151125,553663.33
20151124,782570.7672
20151123,535810.6948
20151120,907832.4774
20151119,680558.2598
20151118,924109.7526
20151117,621864.7056
20151116,660152.6178
20151113,901645.9218000001
20151112,959091.2793
20151111,603112.6259999999
20151110,753342.522
20151109,976787.8709999999
20151106,1249530.3745000002
20151105,672785.4848
20151104,699912.088
20151103,588142.6509
20151102,602589.2305
20151030,998802.8728
20151029,623661.7702
20151028,923676.6735000001
20151027,672814.9691999999
20151026,687381.4341000001
20151023,926105.5574999999
20151022,985338.6455999999
20151021,938846.5983999999
20151020,720291.8844
20151019,808068.4776
20151016,824346.3200000001
20151015,957189.1967
20151014,1352312.235
20151013,828142.4866
20151012,554726.1018000001
20151009,885315.8226000001
20151008,807296.5398
20151007,724277.1630000001
20151006,752184.1822
20151005,795113.1582
20151002,1108671.784
20151001,799606.508
20150930,1052676.027
20150929,1057767.9882
20150928,886640.9472
20150925,945095.58
20150924,862008.9299999999
20150923,635450.2562000001
20150922,1102364.5542
20150921,858668.35
20150918,2003344.4992000002
20150917,1294554.7815
20150916,817109.1344
20150915,762087.5914
20150914,852915.1776
20150911,658964.4696
20150910,944048.556
20150909,844223.8742999999
20150908,1038297.6399000001
20150904,1139967.4367999998
20150903,822397.0566
20150902,1086357.5648999999
20150901,1423441.4291
20150831,737389.6436
20150828,981144.0576
20150827,1425681.5055
20150826,1577906.167
20150825,1543697.7322000002
20150824,2059917.9
20150821,1716316.7007
20150820,1167856.0776
20150819,783937.0692
20150818,608833.617
20150817,656682.1605
20150814,557886.42819
20150813,675177.3468
20150812,1239380.7792
20150811,861365.202
20150810,717695.8271999999
20150807,781360.3959
20150806,721080.4447
20150805,693180.1410000001
20150804,711883.8874
20150803,757011.102
20150731,715037.0904
20150730,573639.22485
20150729,792101.0664
20150728,960184.904
20150727,891196.6115000001
20150724,759470.1426
20150723,770911.1202
20150722,869955.3940000001
20150721,722966.8150000001
20150720,585307.1205
20150717,750645.1464
20150716,766791.7047
20150715,991156.3866000001
20150714,1148132.1475
20150713,877551.6206
20150710,744098.6016
20150709,755598.09
20150708,713076.39
20150707,889780.5
20150706,658182.9615999999
20150702,572752.2842
20150701,692300.4752999999
20150630,963826.4976000001
20150629,1080507.1672
20150626,972308.1327999999
20150625,801814.3953
20150624,929929.833
20150623,772988.9608
20150622,873312.3341
20150619,2063872.7479999997
20150618,1055037.5760000001
20150617,1000334.3618000001
20150616,598546.3768
20150615,735382.1706
20150612,765890.3241000001
20150611,797793.8458
20150610,1064868.6093000001
20150609,831339.936
20150608,799623.014
20150605,951927.7194000001
20150604,988223.4376000001
20150603,921810.5379
20150602,737523.7366000001
20150601,880834.4783999999
20150529,966389.4684
20150528,580731.9286999999
20150527,702331.1379
20150526,881950.5112
20150522,479328.08
20150521,752759.2773
20150520,745030.0904
20150519,967287.636
20150518,592971.495
20150515,738011.8144
20150514,617560.8
20150513,636512.1359999999
20150512,649191.4809
20150511,713704.2821999999
20150508,979543.2520000001
20150507,806965.9857
20150506,859984.042
20150505,950902.4756
20150504,552307.48368
20150501,665890.5298
20150430,911701.6810000001
20150429,1005679.4731999999
20150428,719290.5083999999
20150427,1089765.9578
20150424,833714.973
20150423,802724.6864
20150422,741490.8501
20150421,592669.75
20150420,724462.2432
20150417,946086.3354999999
20150416,857390.0895000001
20150415,926063.7309
20150414,1585660.0928
20150413,814361.6102000001
20150410,516650.17656
20150409,556207.2438
20150408,530050.554
20150407,586089.99
20150406,581667.1744
20150402,733928.1248999999
20150401,832337.8914
20150331,723857.8239999999
20150330,638901.9086000001
20150327,735904.2767999999
20150326,818142.01
20150325,840565.5714
20150324,767003.769
20150323,894956.0742
20150320,1479040.3872
20150319,821168.8667
20150318,1120802.6992
20150317,732181.7052
20150316,864102.0094999999
20150313,971446.6610000002
20150312,1460031.8811
20150311,891753.477
20150310,997125.1769999999
20150309,652135.4686
20150306,944218.1186000002
20150305,525149.211
20150304,911685.1064
20150303,651740.447
20150302,717807.6564999999
20150227,707616.6853
20150226,747888.0469999999
20150225,581815.9754
20150224,660488.7967999999
20150223,754418.731
20150220,825139.9598
20150219,587708.3168
20150218,721354.12
20150217,658780.6323
20150213,1039296.0347
20150212,1102364.5204
20150211,911684.004
20150210,673502.9400000001
20150209,526908.7859100001
20150206,1048553.9955
20150205,711796.7649
20150204,765402.1414
20150203,1081361.3815000001
20150202,933678.6876
20150130,1128802.5848
20150129,878953.1096
20150128,974590.8224
20150127,760158.6978
20150126,719467.4177999999
20150123,945468.3243999999
20150122,1150211.8141
20150121,934013.8930000002
20150120,907179.0
20150116,1196717.2372
20150115,1629306.9632
20150114,1922562.2625000002
20150113,1300125.7875
20150112,876530.328
20150109,763914.7872
20150108,895055.0856
20150107,821764.572
20150106,1047056.4019
20150105,793183.272
20150102,638390.572
20141231,548977.3476
20141230,480433.20900000003
20141229,633945.2598
20141226,322062.77256
20141224,237795.53728000002
20141223,727858.4802
20141222,953617.9109
20141219,1968025.5540000002
20141218,1176623.3738
20141217,1052117.8767
20141216,1274407.1094000002
20141215,1296687.0960000001
20141212,1000080.3390000002
20141211,922685.9297000001
20141210,1264650.2998
20141209,703745.7914999999
20141208,1033866.4527
20141205,783584.2766
20141204,671652.005
20141203,802899.1971
20141202,696590.3656
20141201,741124.5426
20141128,602238.8087999999
20141126,640095.2716
20141125,770199.5136
20141124,594603.362
20141121,763917.9698000001
20141120,547951.2668
20141119,665759.9136
20141118,655541.6854000001
20141117,515190.83168
20141114,503050.32745
20141113,718214.0258
20141112,553621.8036
20141111,669072.213
20141110,633732.5155
20141107,715213.252
20141106,828634.383
20141105,775558.1637
20141104,791958.1649000001
20141103,763506.9504
20141031,1118856.8848
20141030,734197.1102000001
20141029,861122.7153
20141028,684547.134
20141027,593145.1393
20141024,556782.5920000001
20141023,723375.576
20141022,1002672.535
20141021,869955.764
20141020,734291.826
20141017,1372682.1131999998
20141016,1393652.7613
20141015,1796705.7735000001
20141014,2237619.6127
20141013,966529.7160000001
20141010,1021649.8463999999
20141009,957756.204
20141008,794677.345
20141007,598987.5767999999
20141006,560470.2818
20141003,730377.3960000001
20141002,789679.274
20141001,845947.8808
20140930,859693.8986999999
20140929,515529.95655
20140926,555788.0874
20140925,843813.9221999998
20140924,946107.8913
20140923,1072047.633
20140922,709283.729
20140919,1201215.2408
20140918,850269.42
20140917,721024.2618
20140916,549218.9061
20140915,528515.9894
20140912,643346.011
20140911,462964.6359800001
20140910,571744.7456
20140909,537265.5926
20140908,398733.45769999997
20140905,622444.9964999999
20140904,422824.18338
20140903,396157.16205
20140902,513542.8269
20140829,455793.43064
20140828,393522.93419999996
20140827,425670.31068
20140826,361989.66376
20140825,444839.22105000005
20140822,469651.63224000006
20140821,514581.28620000003
20140820,425192.1399
20140819,441943.79948
20140818,500688.0418799999
20140815,664455.0392
20140814,599697.8262
20140813,610412.3931000001
20140812,757646.622
20140811,727609.7292000001
20140808,727348.5
20140807,699516.5660000001
20140806,763229.2774
20140805,640594.0800000001
20140804,679545.7696000001
20140801,946298.5435
20140731,994750.407
20140730,593982.201
20140729,745987.383
20140728,691920.912
20140725,518075.35199999996
20140724,505567.70957
20140723,467555.78193
20140722,611133.809
20140721,775605.713
20140718,791868.324
20140717,1232432.1856
20140716,1105241.8097
20140715,990700.1715
20140714,1089449.3239
20140711,1543328.8213
20140710,1037607.6777
20140709,840347.723
20140708,901797.3799999999
20140707,709475.025
20140703,463300.56
20140702,760201.3398
20140701,656125.1784
20140630,678740.3928
20140627,892099.781
20140626,656508.7488999999
20140625,669626.9299999999
20140624,588039.6961
20140623,693804.888
20140620,1574527.8954
20140619,845825.4324
20140618,937099.3716000001
20140617,797712.5394
20140616,817772.0850000001
20140613,571370.2139999999
20140612,688778.2342000001
20140611,607322.3888000001
20140610,639522.7986000001
20140609,579644.7625
20140606,678387.8612
20140605,606127.4229
20140604,516029.71199999994
20140603,473700.40029
20140602,600038.7666
20140530,783051.4665999999
20140529,645913.1976
20140528,628399.6784
20140527,670597.8165
20140523,657808.7736
20140522,605708.3341
20140521,639493.3028000001
20140520,736575.7824
20140519,520465.5442
20140516,680595.3047999999
20140515,849000.0479
20140514,653707.1462999999
20140513,481644.12087000004
20140512,817701.6015999999
20140509,744388.5072
20140508,633528.4177999999
20140507,765159.758
20140506,792451.0338000001
20140505,462820.81776
20140502,662871.2134
20140501,587643.7804
20140430,739202.1464
20140429,729471.7578
20140428,900074.1372
20140425,797355.3285
20140424,619718.13
20140423,655556.9886
20140422,695009.9403
20140421,609633.7232
20140417,946967.7336
20140416,875007.1595000001
20140415,1060945.9758000001
20140414,1167551.7618
20140411,1751395.7359999998
20140410,1185098.2702
20140409,781498.186
20140408,929708.551
20140407,954273.6929999999
20140404,925877.442
20140403,476808.42065999995
20140402,648113.5504000001
20140401,816077.1969000001
20140331,886949.2554
20140328,736407.387
20140327,1423423.73
20140326,840699.0
20140325,707848.5024
20140324,961239.8470000001
20140321,1522675.3007999999
20140320,1229486.5763
20140319,1348604.8779
20140318,471550.8908
20140317,530597.1525000001
20140314,723582.8039999999
20140313,706764.7184
20140312,649495.8504
20140311,639392.7722000001
20140310,568659.6855
20140307,982571.7405000001
20140306,697141.6218000001
20140305,642484.1875
20140304,695580.006
20140303,741518.3555
20140228,758843.9870000001
20140227,635475.7245
20140226,640587.735
20140225,633675.1103999999
20140224,650034.8927999999
20140221,702746.616
20140220,610919.0802000001
20140219,737036.9082000001
20140218,559113.1294
20140214,522033.3741
20140213,671189.3716
20140212,559958.1435
20140211,623403.767
20140210,569066.9144
20140207,771179.2972
20140206,942310.4658
20140205,973007.3663
20140204,928746.9345
20140203,1312471.9746
20140131,1235569.8614
20140130,581314.938
20140129,931342.6094000001
20140128,740752.4868
20140127,970865.7845000001
20140124,919449.6035999999
20140123,918898.4835
20140122,551514.3244
20140121,722307.285
20140117,703652.3341
20140116,598089.1057
20140115,1271103.872
20140114,1298744.2132
20140113,954522.0928000001
20140110,706864.0792
20140109,656854.0303999999
20140108,957165.6640000001
20140107,767125.616
20140106,837493.9296
20140103,666215.0784000001
20140102,780336.162
20131231,601253.992
20131230,509321.085
20131227,311395.2205
20131226,332890.02252
20131224,197686.02303
20131223,588643.6941
20131220,1321132.0656
20131219,797465.8218
20131218,1258411.5711
20131217,582133.1166000001
20131216,573924.4866
20131213,615500.1873
20131212,594869.025
20131211,793371.3408000001
20131210,628480.1622
20131209,618818.8864000001
20131206,738509.4695
20131205,823865.7899999999
20131204,786221.625
20131203,979729.9811
20131202,739596.1736
20131129,430085.0844
20131127,604541.8233
20131126,595077.0966
20131125,549944.9376
20131122,489516.5924
20131121,724745.2872
20131120,687932.7648
20131119,639872.0064000001
20131118,569389.8696
20131115,1018310.0367999999
20131114,768349.4243000001
20131113,1010354.2324
20131112,565571.5268
20131111,502434.765
20131108,996602.8278000001
20131107,935104.832
20131106,626023.9519999999
20131105,707817.8625
20131104,509052.32000000007
20131101,663038.0358000001
20131031,800870.8035
20131030,690801.628
20131029,563019.1536
20131028,542850.5482
20131025,849981.5188000001
20131024,595378.2194999999
20131023,581311.0824
20131022,799493.4189999999
20131021,701402.4543999999
20131018,750369.884
20131017,803503.9232000001
20131016,1094582.9664
20131015,716838.7485999999
20131014,717372.2975
20131011,1906113.5115
20131010,1100794.7552
20131009,686395.6588000001
20131008,774346.7704
20131007,619805.9567999999
20131004,507223.472
20131003,778856.9099999999
20131002,733700.5861999999
20131001,529871.6943
20130930,839113.7507999999
20130927,832534.4794000001
20130926,852129.1095
20130925,801260.6373000001
20130924,920696.0840999999
20130923,697028.9023000001
20130920,1373867.841
20130919,685352.4792000001
20130918,1036042.7636000001
20130917,719751.4500000001
20130916,828891.2822
20130913,421330.98347000004
20130912,612749.7152
20130911,625084.475
20130910,793914.3330000001
20130909,1143905.6608
20130906,602752.6410000001
20130905,472884.2502
20130904,517297.91500000004
20130903,660142.3548
20130830,617507.5764
20130829,433643.1
20130828,574487.5125
20130827,790438.4140000001
20130826,428381.8947
20130823,519911.1432
20130822,596318.9471999999
20130821,617872.7028
20130820,643708.2413
20130819,674473.0881
20130816,694172.3625
20130815,763022.2017000001
20130814,593572.338
20130813,551634.2808000001
20130812,478982.592
20130809,463256.13839999994
20130808,808392.9308
20130807,803899.0509
20130806,607083.8788
20130805,627950.6178
20130802,597305.3889
20130801,877273.034
20130731,1108748.445
20130730,803737.0572
20130729,536402.5025000001
20130726,805095.987
20130725,1286136.3375
20130724,795260.8146
20130723,598682.9594
20130722,821598.5793000001
20130719,840386.3685000001
20130718,1041079.2045
20130717,1042461.7463
20130716,939079.2780000002
20130715,950609.145
20130712,1526235.4233000001
20130711,1349395.4487
20130710,1069333.5772
20130709,962627.946
20130708,977786.2001
20130705,628261.6004
20130703,333024.17058
20130702,641460.2814
20130701,669072.8616
20130628,836102.9618
20130627,781352.5204
20130626,796029.1976000001
20130625,897251.693
20130624,1235692.49
20130621,1591098.5728
20130620,1174898.7877
20130619,849710.647
20130618,644362.0848000001
20130617,629481.3965
20130614,782137.2847999999
20130613,711395.5476
20130612,737743.5811000001
20130611,745961.7778
20130610,674354.6889000001
20130607,967654.4625
20130606,1006768.6096
20130605,839953.9214
20130604,756581.85
20130603,963035.5974
20130531,1091115.7504999998
20130530,908424.4125
20130529,929816.7925
20130528,850654.594
20130524,688956.2832000001
20130523,989584.9343999999
20130522,1218557.597
20130521,937798.0739999999
20130520,761306.7960000001
20130517,972964.324
20130516,901377.0141999999
20130515,1009849.2629999999
20130514,840757.8888
20130513,487962.98000000004
20130510,623336.0392
20130509,1052057.1501
20130508,720629.131
20130507,893640.9600000001
20130506,536197.83
20130503,599359.8846000001
20130502,494026.35929999995
20130501,660762.9336
20130430,781805.007
20130429,605684.5328
20130426,674817.8056
20130425,559364.6524
20130424,625095.1242000001
20130423,736726.034
20130422,530104.2557999999
20130419,664417.0086
20130418,699565.2417
20130417,1162252.6368
20130416,754291.0744000002
20130415,844412.6367
20130412,1364418.1405000002
20130411,1144898.2248
20130410,885149.9514
20130409,794318.6195
20130408,743593.7154000001
20130405,910883.822
20130404,901881.872
20130403,963503.5166
20130402,630455.1176000001
20130401,402772.6134
20130328,627938.1711
20130327,548777.6529999999
20130326,695085.8729999999
20130325,755529.3287000001
20130322,581402.148
20130321,891714.3156000001
20130320,713246.2272
20130319,889441.6273
20130318,1123529.92
20130315,2141420.566
20130314,808192.6669
20130313,581400.9891
20130312,831763.3428
20130311,705087.5610000001
20130308,877543.95
20130307,782877.7644
20130306,666625.064
20130305,836418.414
20130304,587384.3250000001
20130301,729990.2378
20130228,775356.0507999999
20130227,1130337.2592
20130226,1028807.11
20130225,940324.994
20130222,734954.0436
20130221,1348584.9336
20130220,966623.4630000001
20130219,893068.6926000001
20130215,742140.7547999999
20130214,784994.9786
20130213,749849.4987000001
20130212,694455.2211
20130211,853249.688
20130208,642683.8816000001
20130207,939112.0067999999
20130206,842304.905
20130205,611062.6880000001
20130204,773114.8875999999
20130201,738118.8891
20130131,583548.4376999999
20130130,972540.179
20130129,594174.2915
20130128,774796.947
20130125,682732.9515999999
20130124,776613.7284
20130123,635244.909
20130122,732215.4624000001
20130118,1096418.4686
20130117,802299.096
20130116,589483.5771
20130115,872017.2392000001
20130114,804744.0006
20130111,1548823.653
20130110,1326772.176
20130109,853301.6154000001
20130108,699008.7234
20130107,978233.4357
20130104,1097770.7756
20130103,882019.7056
20130102,1067003.6665
20121231,912293.9366
20121228,538395.852
20121227,658431.2152
20121226,490536.5638
20121224,272306.39528
20121221,1280955.7911999999
20121220,880986.2776
20121219,1159953.8321999998
20121218,1224082.0984
20121217,1494480.7224000003
20121214,637534.833
20121213,619005.5186
20121212,880978.98
20121211,693841.8315
20121210,594063.835
20121207,615602.365
20121206,624128.6026
20121205,898110.3705999999
20121204,664488.7482
20121203,642726.9375
20121130,644878.0784
20121129,706858.7875999999
20121128,594323.9491000001
20121127,619572.5666
20121126,558188.967
20121123,291595.99840000004
20121121,516872.5115000001
20121120,786422.2588000001
20121119,734043.06
20121116,817045.0028
20121115,724648.6246999999
20121114,971453.2121
20121113,660153.4582000001
20121112,485377.4679
20121109,699905.1900000001
20121108,907243.1335000001
20121107,1059296.8779
20121106,644738.2656
20121105,596973.7746
20121102,646084.8982
20121101,891641.4130000001
20121031,839036.3108999999
20121026,339699.96603
20121025,640887.6058
20121024,848056.314
20121023,987979.0938
20121022,795010.4099999999
20121019,955146.4960000002
20121018,799653.8807999999
20121017,1199757.6494999998
20121016,1344401.5701999997
20121015,1702866.156
20121012,2100079.5075000003
20121011,811353.8774
20121010,746984.1560999999
20121009,1434019.6260000002
20121008,496853.52199999994
20121005,939018.3936000001
20121004,1046863.686
20121003,1034718.9983999999
20121002,740425.3633999999
20121001,655352.5280000002
20120928,742292.4458999999
20120927,750129.8375999999
20120926,948119.552
20120925,1094314.3344
20120924,688936.131
20120921,2359456.3238999997
20120920,783032.4480000001
20120919,907859.52
20120918,931578.3208
20120917,1139809.7473
20120914,1516376.4613
20120913,1276529.7555
20120912,588629.7326
20120911,975792.1965
20120910,678542.3448000001
20120907,937084.75
20120906,1119549.6052
20120905,535952.7
20120904,497239.57399999996
20120831,574498.8839
20120830,512787.05819999997
20120829,431436.9275
20120828,543439.083
20120827,469918.26000000007
20120824,567715.716
20120823,594975.456
20120822,644715.8066
20120821,869139.4644
20120820,618282.5994
20120817,576023.4279
20120816,668813.8691
20120815,467639.85219999996
20120814,448411.57560000004
20120813,386642.7504
20120810,385946.17199999996
20120809,431786.3658
20120808,420868.2552
20120807,571695.8844
20120806,576533.92
20120803,860758.1984
20120802,1049355.8292
20120801,1392469.281
20120731,656086.0929
20120730,649099.5540000001
20120727,881352.0789999999
20120726,768923.3304000001
20120725,861083.6264
20120724,828277.0234
20120723,883886.4143999999
20120720,839807.9424
20120719,774772.661
20120718,792915.3996
20120717,740774.2019999999
20120716,1011886.4574000001
20120713,1341101.5034999999
20120712,983807.2395
20120711,773919.0879
20120710,721333.8153
20120709,655511.0293999999
20120706,593496.3664999999
20120705,726443.1665
20120703,453238.5132
20120702,659482.2849999999
20120629,1008104.3104
20120628,964594.2879999998
20120627,558788.1617999999
20120626,619678.8089999999
20120625,650235.4154999999
20120622,1136068.8889000001
20120621,1032245.5836000001
20120620,969773.3725
20120619,1009235.2000000001
20120618,679475.7666
20120615,1270276.0180000002
20120614,1001407.0598
20120613,953923.7964
20120612,1015050.236
20120611,832257.8330999999
20120608,1066994.7547
20120607,901193.6692
20120606,1199064.2511999998
20120605,750506.0276
20120604,1136261.1175
20120601,1523814.6976
20120531,1021926.1084999999
20120530,909461.588
20120529,651089.1225
20120525,603275.7906
20120524,755952.2441
20120523,970764.0912
20120522,956739.2988
20120521,969176.0719999999
20120518,1657586.3668000002
20120517,1448575.6776
20120516,902391.9336999999
20120515,922852.268
20120514,963944.3778999998
20120511,1211970.0267
20120510,824193.6621
20120509,899188.1730000001
20120508,897385.0859999999
20120507,945019.5900000001
20120504,896859.2961
20120503,622022.31
20120502,643086.0549
20120501,885391.6162
20120430,680451.5862
20120427,634531.8837000001
20120426,792306.4104000002
20120425,683304.8150000001
20120424,660816.6452
20120423,890858.073
20120420,775861.6799999999
20120419,839397.5856
20120418,661946.0166000001
20120417,793106.0704
20120416,998717.0114999999
20120413,1376563.4752000002
20120412,1069274.4552
20120411,997580.0364
20120410,1141478.6144
20120409,764986.8078000001
20120405,659809.3949999999
20120404,903080.5476
20120403,896789.2856
20120402,848993.9689
20120330,918074.7858000001
20120329,1071111.4418
20120328,1014962.9454
20120327,849282.26
20120326,929933.4559000001
20120323,853997.3645
20120322,1002595.047
20120321,998324.3844000001
20120320,1172171.4576
20120319,1255531.3625
20120316,1351720.9506
20120315,1533470.5987000002
20120314,1769350.1465999999
20120313,2085101.469
20120312,746004.2916
20120309,761164.6544
20120308,893022.5939999999
20120307,722184.8907
20120306,892518.2111999999
20120305,678254.4589
20120302,710704.7472000001
20120301,858531.7313999999
20120229,1054034.3142000001
20120228,964144.0883000001
20120227,1122196.5367
20120224,652006.3056
20120223,714830.6405
20120222,889383.4488
20120221,887616.0792
20120217,1110351.6799
20120216,803746.6055000001
20120215,818802.0337
20120214,715004.7606
20120213,672307.4176
20120210,606658.2294
20120209,906587.8293999999
20120208,968810.6661
20120207,769406.7978000001
20120206,704754.448
20120203,1417033.2396
20120202,736207.069
20120201,1040901.6149000002
20120131,911331.2609000001
20120130,667137.51
20120127,923405.152
20120126,1587736.7555
20120125,1032071.108
20120124,861053.9219999999
20120123,1090634.3576
20120120,1135763.6652
20120119,999333.5084999999
20120118,1282188.3984
20120117,1492434.2755999998
20120113,1274527.5102
20120112,863709.7832999999
20120111,915098.9406000001
20120110,877257.0673
20120109,753386.505
20120106,934434.6886
20120105,1403265.2922
20120104,785476.2551999999
20120103,1137778.8348
20111230,415355.382
20111229,556030.5792
20111228,495328.16549999994
20111227,389014.68429999996
20111223,762515.9149999999
20111222,1062071.4749999999
20111221,767338.1491
20111220,991848.89
20111219,727031.7748
20111216,1138589.3478
20111215,834312.0799
20111214,871150.2161999999
20111213,810616.8376
20111212,654840.2586
20111209,769373.5841999999
20111208,769415.3199
20111207,759314.058
20111206,597394.1285
20111205,920092.1142
20111202,948959.7314999999
20111201,661626.6108
20111130,1331633.5469999998
20111129,666703.6823999999
20111128,787755.129
20111125,343267.39410000003
20111123,833344.1413
20111122,890346.2803999999
20111121,778126.1826
20111118,767482.7244
20111117,982906.0872000002
20111116,900906.6224
20111115,717330.1122
20111114,734100.704
20111111,662327.8875
20111110,764242.2744
20111109,1170570.0846
20111108,1132778.2053
20111107,624912.0616
20111104,689620.668
20111103,794337.5935
20111102,993455.2649999999
20111101,1306992.2700999998
20111031,1074645.4919
20111028,974641.1544
20111027,1806689.1566
20111026,1365578.816
20111025,1004677.6109999999
20111024,983140.9536
20111021,1304801.3016
20111020,897321.7792
20111019,1079178.7926
20111018,1766652.5358
20111017,1875196.4154
20111014,1054248.0312
20111013,1081128.7408
20111012,1467149.376
20111011,876598.3905000001
20111010,1005461.7572999999
20111007,1037759.2992
20111006,1045578.3766000001
20111005,1014185.095
20111004,1471858.5708
20111003,1032135.86
20110930,969743.6352
20110929,1056485.4867
20110928,984848.934
20110927,1265996.4096000001
20110926,1148859.3314
20110923,1111685.7053
20110922,1429216.4264
20110921,1565189.8061000002
20110920,867639.7061000001
20110919,838552.6707
20110916,1092975.4185
20110915,799340.6674
20110914,850363.8447
20110913,845481.2771999999
20110912,1112708.5680000002
20110909,1091653.2816
20110908,743467.512
20110907,884633.3184000001
20110906,1057898.1192
20110902,1032986.922
20110901,975892.6155
20110831,1052892.27
20110830,714746.0939999999
20110829,736335.0392
20110826,1000554.0673
20110825,1419621.7804
20110824,996444.4881999999
20110823,1098082.314
20110822,1172671.6386
20110819,1313074.944
20110818,1299143.214
20110817,762203.2784
20110816,926801.78
20110815,895565.88
20110812,1218024.7293
20110811,1780953.2446999997
20110810,1978427.4223999998
20110809,2577115.044
20110808,2451579.294
20110805,1472828.9561
20110804,1324228.5341999999
20110803,916641.4530000001
20110802,965199.8520000001
20110801,868318.563
20110729,1061944.9170000001
20110728,759701.897
20110727,1171061.7846
20110726,656281.1653999999
20110725,704154.6135
20110722,754556.1137999999
20110721,1276952.0477999998
20110720,1192239.902
20110719,1829705.7078
20110718,1237500.6336
20110715,934506.2934
20110714,738623.4592
20110713,696424.7582
20110712,698106.1857
20110711,715021.8881999999
20110708,682618.3570000001
20110707,826153.4465999999
20110706,826668.6668
20110705,806126.1950000001
20110701,866250.2884000001
20110630,828825.0559999999
20110629,1078975.9932000001
20110628,965628.0347999999
20110627,846552.51
20110624,1123919.7138
20110623,1253315.0864000001
20110622,853015.3359000001
20110621,737849.1016
20110620,853967.0755
20110617,1271220.7874999999
20110616,990322.98
20110615,1139177.1330000001
20110614,1049175.5218
20110613,1112607.6719999998
20110610,1214734.9212
20110609,1128313.1988
20110608,1421681.0928
20110607,1121441.0787
20110606,1132823.575
20110603,857865.9611999999
20110602,1469527.6512
20110601,1237541.9718000002
20110531,777619.4304
20110527,689166.0468
20110526,509780.55100000004
20110525,567057.1971999999
20110524,582835.7853
20110523,772284.2238
20110520,819436.7999999999
20110519,721313.6033999999
20110518,689991.2904
20110517,1155167.525
20110516,900044.0456
20110513,904240.4532
20110512,766732.446
20110511,801046.6816
20110510,722950.7706
20110509,607957.9415000001
20110506,1013496.435
20110505,1504663.0106
20110504,1163908.9601999999
20110503,938412.6882000001
20110502,895447.1697
20110429,808338.9973
20110428,1089907.6718
20110427,919306.306
20110426,921797.1588000001
20110425,919771.0872
20110421,1920799.9361999999
20110420,4127187.48
20110419,1208849.1819
20110418,1320339.2688
20110415,2344601.1911000004
20110414,1125041.5214999998
20110413,1192453.6728
20110412,714947.5419999999
20110411,782766.832
20110408,816107.7732
20110407,972752.2779
20110406,1123910.3159999999
20110405,739187.4917
20110404,776659.0320000001
20110401,794695.9062000001
20110331,687825.7323
20110330,618985.0744
20110329,687309.948
20110328,554129.9380999999
20110325,749429.3004000001
20110324,662107.5502
20110323,796185.6839999999
20110322,761979.5465
20110321,980113.938
20110318,2028703.5114
20110317,1583693.4848
20110316,1500729.8553
20110315,1379721.2758000002
20110314,803112.789
20110311,741918.083
20110310,953704.8500000001
20110309,811716.36
20110308,1033375.864
20110307,743647.1692
20110304,1202243.7128
20110303,942296.1183999999
20110302,979329.037
20110301,1104904.3484999998
20110228,990161.9868
20110225,1440196.524
20110224,1119016.2528000001
20110223,1213136.1900000002
20110222,1850320.1309999998
20110218,1431107.6543999999
20110217,876444.6285000001
20110216,2874971.817
20110215,821114.6952
20110214,599265.9744
20110211,1368887.6512
20110210,1028049.33
20110209,2378561.0614
20110208,1321255.309
20110207,711235.392
20110204,596139.2891999999
20110203,619590.0449999999
20110202,801987.4863999999
20110201,1047201.0207999999
20110131,766191.9102
20110128,965261.7583999999
20110127,750007.375
20110126,836083.336
20110125,920531.4870000001
20110124,892437.609
20110121,1154978.8687999998
20110120,1097672.934
20110119,1641345.104
20110118,1141409.1141
20110114,1123741.9075000002
20110113,801142.4934
20110112,933264.9941999998
20110111,854860.6039999999
20110110,943655.856
20110107,2568869.0999999996
20110106,1044374.7459999999
20110105,1398682.7751
20110104,960216.057
20110103,1085061.3254
20101231,374800.4976
20101230,359698.9872
20101229,380935.8366
20101228,463686.6
20101227,424969.7166
20101223,525428.9421
20101222,909523.2507
20101221,783576.0014000001
20101220,669586.2390000001
20101217,1129966.866
20101216,1032157.5466
20101215,1095207.0075
20101214,798504.4536
20101213,919316.2738
20101210,1214578.6041
20101209,1373164.8927
20101208,919082.1651
20101207,858027.4365
20101206,779384.253
20101203,1068685.2995
20101202,1240317.8456
20101201,972320.5074000001
20101130,898983.8433000001
20101129,847672.2239999999
20101126,246240.72329999998
20101124,597455.0598
20101123,807986.2320000001
20101122,665220.864
20101119,676497.8363
20101118,844699.7769
20101117,856658.6042000001
20101116,1230278.9812
20101115,639502.7485
20101112,742946.0292
20101111,655132.2172000001
20101110,1063590.41
20101109,1044039.6052999999
20101108,1036420.176
20101105,2327154.4344
20101104,1574455.0726
20101103,855215.2476000001
20101102,651540.0346
20101101,641673.6334
20101029,622696.4032
20101028,621542.8926
20101027,909912.5575000001
20101026,791975.6831
20101025,944854.0352
20101022,694430.9596
20101021,1364201.5846
20101020,2590128.64
20101019,1772039.1310000003
20101018,1658123.6868
20101015,3415471.0379999997
20101014,2897233.44
20101013,1072110.2336
20101012,968720.9364
20101011,630108.4095
20101008,762334.9665
20101007,708245.46
20101006,837143.465
20101005,1119586.125
20101004,650306.664
20101001,819216.1475999999
20100930,937878.5616
20100929,942596.2448
20100928,980991.258
20100927,723837.2826
20100924,1187794.9083
20100923,1483026.8024
20100922,830071.2803999999
20100921,848777.8189999999
20100920,810814.9151999999
20100917,894060.1971
20100916,754998.0717999999
20100915,858770.922
20100914,775955.0025999999
20100913,1045129.5249999999
20100910,512181.14749999996
20100909,736656.1258
20100908,569870.6156
20100907,770863.0692
20100903,1103086.6024
20100902,957024.346
20100901,1325708.5302
20100831,840961.7864999999
20100830,878800.4775
20100827,1081671.84
20100826,966182.9282999999
20100825,1310422.3320000002
20100824,1314598.1784
20100823,817527.2267
20100820,984522.2580000001
20100819,1256112.424
20100818,965816.865
20100817,1252659.8406
20100816,631132.7376
20100813,658085.8848
20100812,825152.9
20100811,1039429.9150000002
20100810,827649.8598
20100809,824282.4063
20100806,1071539.3325
20100805,609455.1272
20100804,807779.4501
20100803,829695.2224000001
20100802,798007.5262
20100730,762322.3797
20100729,831957.6798
20100728,670473.0025000001
20100727,1086959.1291
20100726,634231.0265
20100723,705707.1690000001
20100722,1450901.1627
20100721,1847485.913
20100720,1231371.1954
20100719,900999.4838
20100716,1452796.7552
20100715,1337698.5435
20100714,862440.4596000001
20100713,883689.114
20100712,506838.4001999999
20100709,672315.12
20100708,1017642.1392
20100707,1294210.2332
20100706,934340.3564999999
20100702,799242.8807999999
20100701,1481117.5642000001
20100630,959967.744
20100629,1434808.027
20100628,856209.3078
20100625,2129414.952
20100624,1796022.3716
20100623,984053.8328000001
20100622,922398.1506
20100621,838014.7578
20100618,1107994.1978
20100617,857467.4787
20100616,803442.1092000001
20100615,1259418.3757
20100614,1244968.5939999998
20100611,1096930.2432000001
20100610,1165103.2489
20100609,1022302.4409
20100608,1305069.776
20100607,1005913.4935
20100604,1399317.2142
20100603,889776.3108
20100602,942453.0138
20100601,1109440.4115000002
20100528,1172127.6548
20100527,1430597.3943
20100526,1744009.7684
20100525,1588224.643
20100524,1862242.8561000002
20100521,2652243.5653999997
20100520,2232799.25
20100519,2181145.92
20100518,1730722.5495
20100517,1503971.7434
20100514,1836221.0507999999
20100513,1116924.0364
20100512,1330022.3904
20100511,1575641.6138999998
20100510,2212491.414
20100507,2063245.2081999998
20100506,2452020.4558
20100505,1475779.659
20100504,1770962.4431999999
20100503,1267279.3672000002
20100430,1768955.3882000002
20100429,1030837.7989999999
20100428,1265220.308
20100427,1669001.724
20100426,1183049.8416
20100423,1037783.5775999998
20100422,1670073.4285999998
20100421,3171146.9124999996
20100420,1573951.6554
20100419,1810922.7942000001
20100416,2924847.2176000006
20100415,1604482.2569999998
20100414,1809503.4880000001
20100413,1219303.2174999998
20100412,813592.5438
20100409,875528.645
20100408,1037036.6699
20100407,1103948.3483
20100406,1273258.4532
20100405,971182.3140000001
20100401,1032623.2298000001
20100331,878406.5016000001
20100330,830544.0216000001
20100329,786078.9349999999
20100326,1126031.0964000002
20100325,1470874.5646000002
20100324,1115132.8892
20100323,1219605.9287999999
20100322,869023.2249
20100319,1633765.9183999998
20100318,1028285.2229
20100317,1012655.5140000001
20100316,1216147.1464
20100315,817573.9964
20100312,1086077.2795
20100311,955970.6592
20100310,1256874.0328
20100309,906780.4326
20100308,903857.7402
20100305,1180172.4385
20100304,877444.7562
20100303,1011120.024
20100302,1269670.5243
20100301,935230.7885000001
20100226,1386213.185
20100225,936927.824
20100224,988808.7654
20100223,1055784.0582
20100222,1170626.4116000002
20100219,880608.4014000001
20100218,826247.3346
20100217,1366970.076
20100216,986729.4062999999
20100212,1217886.8352
20100211,969159.35
20100210,1144404.6588
20100209,1250759.5869
20100208,1146567.4947
20100205,1876478.103
20100204,1844615.5266
20100203,1253997.4734
20100202,1448018.6731
20100201,1304820.5324
20100129,2523222.4873
20100128,1765389.642
20100127,1778094.036
20100126,1796127.0112999997
20100125,1336487.2206000001
20100122,1893925.5736000002
20100121,2522979.48
20100120,2104876.501
20100119,1153056.7636000002
20100115,1326552.2711999998
20100114,913453.4474
20100113,1048253.8103999998
20100112,1116275.1912
20100111,701837.856
20100108,1024759.7256
20100107,1795023.2256
20100106,934282.7936999999
20100105,1555222.8412000001
20100104,1073762.8776
20091231,780762.1317
20091230,511922.4588
20091229,495886.21919999993
20091228,528357.4400000001
20091224,283933.81169999996
20091223,683728.2690000001
20091222,1236573.6152000001
20091221,1279606.3229999999
20091218,3902590.4839999997
20091217,2103988.2138
20091216,2258209.0216
20091215,6530618.828
20091214,1091509.0743
20091211,1231420.9446
20091210,1572110.1912
20091209,926311.9888
20091208,1110629.8190000001
20091207,941709.9456
20091204,1722520.7712
20091203,1762281.9518999998
20091202,968085.4635000001
20091201,928374.2792999999
20091130,1030070.1495999999
20091127,629016.1808000001
20091125,636804.3901999999
20091124,807873.9718
20091123,918432.4352000001
20091120,1167004.6905
20091119,873258.528
20091118,786971.2188
20091117,826782.3708
20091116,1275195.5307
20091113,1008254.5184
20091112,975462.6792
20091111,1153081.728
20091110,988688.3840000001
20091109,1259157.4519999998
20091106,1019795.2584
20091105,1452181.1326000001
20091104,1234805.6736
20091103,1049015.0078
20091102,1531817.9855
20091030,1826128.1279999998
20091029,1368337.8654
20091028,1571619.8276
20091027,1397633.1702999999
20091026,1536449.647
20091023,1429688.3528
20091022,2257874.2263
20091021,3280522.8099999996
20091020,1268470.148
20091019,970707.4113
20091016,1721800.4022
20091015,1224577.5132
20091014,1967774.6664
20091013,1160869.4046
20091012,1588029.1496000001
20091009,852260.7542000001
20091008,1314305.083
20091007,1221380.5758000002
20091006,1690187.675
20091005,1573185.5062
20091002,1367543.6604000002
20091001,1499514.6180000002
20090930,1104292.7598
20090929,839370.6405000001
20090928,905066.791
20090925,970981.1523
20090924,1324401.555
20090923,1095565.0336
20090922,1327688.8415
20090921,972104.6576999999
20090918,1217218.4409
20090917,1060437.953
20090916,1453973.6387
20090915,1447270.3365999998
20090914,893372.7128000001
20090911,925977.2769
20090910,1139673.199
20090909,1313265.6976
20090908,856209.7604
20090904,848947.2615
20090903,1060620.5142
20090902,1404035.1763
20090901,2284393.0951
20090831,979512.7552
20090828,965781.999
20090827,978180.0856
20090826,1156860.938
20090825,1162506.1469999999
20090824,1409676.484
20090821,1427906.9486000002
20090820,1319543.4336
20090819,1235130.2921999998
20090818,964260.2514
20090817,1362587.22
20090814,1248820.55
20090813,1377556.0972
20090812,1452278.0701000001
20090811,1954933.9234999998
20090810,1241358.9856
20090807,2057338.2596000002
20090806,2392691.1327
20090805,2445816.765
20090804,2181663.945
20090803,1703301.5520000001
20090731,1340748.7278
20090730,1352604.69
20090729,1171512.3922000001
20090728,1532166.7732000002
20090727,1512748.9874
20090724,2202341.2468
20090723,2418808.6082
20090722,3683436.51
20090721,1633175.271
20090720,1655337.4464
20090717,1367410.0
20090716,1539527.6595
20090715,2298945.473
20090714,1655247.2
20090713,2133971.8000000003
20090710,1226586.4813
20090709,1251473.6688
20090708,2150016.442
20090707,1509789.0517
20090706,1790983.656
20090702,1211520.2067999998
20090701,1380028.278
20090630,1815944.2118
20090629,1487607.8679000002
20090626,1496877.1972
20090625,1532610.044
20090624,1599119.0243
20090623,1903827.1857
20090622,1847752.0333000002
20090619,2448990.762
20090618,1752971.4479999999
20090617,2325513.968
20090616,1515467.8959999997
20090615,1479439.3439
20090612,1248297.8144
20090611,1590967.0062
20090610,2215477.4648
20090609,1808541.9467999998
20090608,1665933.6203
20090605,1953245.6087999998
20090604,1886271.2750000001
20090603,1984723.6276999998
20090602,2488745.844
20090601,3108697.979
20090529,3090464.85
20090528,3191223.134
20090527,2648583.28
20090526,2377369.7369999997
20090522,1442031.5195
20090521,2472586.3184
20090520,3004353.312
20090519,2457739.585
20090518,2891169.7909999997
20090515,2346075.1398
20090514,3142601.182
20090513,3280924.6799999997
20090512,4875639.52
20090511,4992765.596000001
20090508,1.3474932047999999E7
20090507,5818013.188
20090506,6867494.436
20090505,4085085.732
20090504,7124860.975000001
20090501,1894952.7356
20090430,2315611.227
20090429,2847596.1890000002
20090428,2088573.5240000002
20090427,2719251.9899999998
20090424,4753248.159999999
20090423,4145099.385
20090422,4506698.376
20090421,3476738.826
20090420,2755028.5
20090417,3380336.428
20090416,2518815.845
20090415,2326737.3850000002
20090414,2818246.158
20090413,3413197.41
20090409,7376648.597
20090408,1358160.5277
20090407,1738112.31
20090406,1817699.3499999999
20090403,2130943.518
20090402,3168064.074
20090401,2266867.168
20090331,2076217.6319999998
20090330,1975306.529
20090327,2023306.057
20090326,2605882.29
20090325,3573960.7800000003
20090324,2602786.35
20090323,3234140.1969999997
20090320,2340040.148
20090319,2706202.29
20090318,4005342.7259999993
20090317,2123662.2600000002
20090316,2520430.1
20090313,2745970.9
20090312,2707381.125
20090311,2260437.3000000003
20090310,2751174.93
20090309,2082743.9670000002
20090306,2205112.266
20090305,2227623.748
20090304,2291475.648
20090303,1663546.896
20090302,1761658.264
20090227,2258625.9299999997
20090226,2447252.64
20090225,2819944.5119999996
20090224,2434626.27
20090223,2481800.738
20090220,4060255.781
20090219,1552461.841
20090218,2483746.47
20090217,1670355.232
20090213,1393818.8128
20090212,2428928.8800000004
20090211,1299261.0750000002
20090210,2234245.4850000003
20090209,1420495.6748
20090206,2259157.362
20090205,3359192.0579999997
20090204,1561514.995
20090203,1765505.6019000001
20090202,1571658.6696000001
20090130,1843909.326
20090129,2393700.6780000003
20090128,4303722.904
20090127,1250607.5592
20090126,1168139.9952
20090123,1339633.5165
20090122,1492138.5784
20090121,3143495.025
20090120,2896618.9560000002
20090116,3242543.5160000003
20090115,3605734.944
20090114,1640370.6642
20090113,1593894.1856
20090112,1368851.764
20090109,1085677.6878
20090108,1352341.3964
20090107,1361554.6568
20090106,1493295.6366
20090105,1223780.78
20090102,1095667.5
20081231,1329810.0772
20081230,824225.472
20081229,583620.7035999999
20081226,340693.74360000005
20081224,308472.618
20081223,759651.3633999999
20081222,1129468.7364
20081219,2598182.0784
20081218,1865406.3265
20081217,1712821.5572
20081216,1933614.5066000002
20081215,980354.2683000001
20081212,1372648.6176
20081211,1871025.065
20081210,1489859.3514
20081209,1731888.8199999998
20081208,2312350.8619999997
20081205,2074896.4908000003
20081204,1672723.0450000002
20081203,2049393.415
20081202,2079894.8976
20081201,1792041.8207
20081128,813185.8974
20081126,1621508.9204999998
20081125,2113714.911
20081124,2584489.3205999997
20081121,3035922.56
20081120,2497660.029
20081119,2114496.192
20081118,2219869.52
20081117,1792991.1648
20081114,1985900.6297
20081113,2501951.1933999998
20081112,1758405.558
20081111,1872848.1173999999
20081110,2310256.7712
20081107,8601182.25
20081106,3382931.9579999996
20081105,1702866.528
20081104,1652286.7819
20081103,1262825.798
20081031,2157263.2874999996
20081030,1842545.776
20081029,2246434.866
20081028,2168119.4754
20081027,1496514.7138
20081024,1546702.0899
20081023,1977713.4559
20081022,2037777.736
20081021,1724253.696
20081020,1680378.0884
20081017,2147323.9773999997
20081016,2506819.5719999997
20081015,3167204.4775
20081014,3232299.4096000004
20081013,2105960.912
20081010,3456059.321
20081009,3341313.25
20081008,1833102.5569999998
20081007,1385117.874
20081006,1985498.7344
20081003,2801633.3568
20081002,1383359.3003999998
20081001,1753241.208
20080930,1758951.9117
20080929,2206384.215
20080926,2091664.6387
20080925,1311512.0664
20080924,907835.6036000001
20080923,1116303.147
20080922,1912595.88
20080919,3843769.3759999997
20080918,6157676.9
20080917,3273792.8797
20080916,4007857.721
20080915,3123860.6999999997
20080912,2190512.0655
20080911,2584698.667
20080910,1830598.92
20080909,2148999.7533000004
20080908,3272273.5052
20080905,1639697.28
20080904,1380966.414
20080903,1173543.3703
20080902,1174995.3284
20080829,886769.0337
20080828,1125016.5752
20080827,747725.0599
20080826,948143.9641
20080825,874886.8392
20080822,1318027.3584
20080821,1060038.1476
20080820,1527356.0088000002
20080819,1262401.0454999998
20080818,1098895.68
20080815,1297877.9424
20080814,1235071.7036000001
20080813,1565809.4235999999
20080812,1650196.6375999998
20080811,1747228.2094
20080808,1383480.0455
20080807,1668376.4139
20080806,1279028.3513
20080805,1444639.5514
20080804,1406868.7674
20080801,1232856.97
20080731,1456167.1065
20080730,2051351.64
20080729,1897669.2702000001
20080728,1302716.9253
20080725,1615217.8865
20080724,2056897.1664999998
20080723,3720962.595
20080722,3068631.1890000002
20080721,1943875.9241999998
20080718,1995755.5576
20080717,3205965.9059999995
20080716,5614305.907
20080715,2513830.711
20080714,1216895.0613
20080711,1893770.55
20080710,1440423.9065999999
20080709,1248335.0565000002
20080708,1509068.3406
20080707,1367136.9264
20080703,678316.9016
20080702,802966.0919000001
20080701,1402526.142
20080630,1003837.2125
20080627,1148303.3472
20080626,1423196.9994
20080625,1066608.23
20080624,1260068.0399999998
20080623,893448.0078
20080620,1534861.055
20080619,1205375.0555
20080618,1073424.2042
20080617,1033322.5459999999
20080616,874929.8958
20080613,843757.8944
20080612,1059032.4742
20080611,1227001.4470000002
20080610,1128084.6078
20080609,1005930.7237
20080606,1467078.441
20080605,716668.864
20080604,892171.4687999999
20080603,813136.4046
20080602,628383.2322
20080530,535168.9896
20080529,705798.0182
20080528,1090969.4018
20080527,757714.5212
20080523,662122.4848
20080522,731826.9935999999
20080521,910215.6289999998
20080520,882526.2105
20080519,813726.5728000001
20080516,749020.1655
20080515,825947.7440000001
20080514,746790.9778000001
20080513,788692.6061999999
20080512,401846.89920000004
20080509,470929.22589999996
20080508,711880.9256
20080507,827355.4249999999
20080506,661771.3878
20080505,579948.8309999999
20080502,808087.0482000001
20080501,1195020.5818
20080430,639375.695
20080429,578694.3263999999
20080428,522514.26639999996
20080425,789365.773
20080424,864844.647
20080423,709500.4332
20080422,668591.5521999999
20080421,713184.3317
20080418,1153412.784
20080417,967783.6414000001
20080416,2026055.2089000002
20080415,825240.3363
20080414,981379.2640000001
20080411,1236247.1488
20080410,1296331.2532000002
20080409,877790.2339999999
20080408,1010300.3192
20080407,620178.9538
20080404,775941.5286
20080403,617191.4001
20080402,1135660.4354
20080401,1135823.8314999999
20080331,977341.833
20080328,846651.2320000001
20080327,816943.4422
20080326,1125174.4218
20080325,881040.5394000001
20080324,1434074.8235000002
20080320,1551205.0784999998
20080319,1434746.9356
20080318,1738281.0516
20080317,1573263.8804000001
20080314,1461995.4279999998
20080313,1520259.4264
20080312,1168274.8014
20080311,1577951.9472
20080310,939839.4512
20080307,1358472.2511
20080306,936988.789
20080305,948429.3293999999
20080304,876752.3012999999
20080303,749208.5457
20080229,979417.7944
20080228,846465.8544000001
20080227,969663.0305999999
20080226,954348.678
20080225,1338357.7489
20080222,905095.0344
20080221,889524.6096
20080220,882735.6314999999
20080219,887372.9108
20080215,783328.7871000001
20080214,743109.6486000001
20080213,1063164.1152000001
20080212,863658.4528000001
20080211,680682.5396
20080208,1027920.7268000001
20080207,972662.1224
20080206,920031.6928
20080205,1010037.5372999999
20080204,1247262.5021
20080201,1504833.7204999998
20080131,2054200.9679999999
20080130,2032382.898
20080129,1447841.958
20080128,1170197.07
20080125,1763983.5486
20080124,2034058.1176
20080123,2592694.5096
20080122,1640966.9045
20080118,1270073.0224
20080117,909180.0236999999
20080116,1195572.2345
20080115,961158.6566999999
20080114,639387.5488
20080111,928487.82
20080110,1238009.4519999998
20080109,1008408.6688
20080108,1099620.9449999998
20080107,715682.1775999999
20080104,1396948.0590999997
20080103,748964.5756
20080102,709667.811
20071231,384625.1285
20071228,387615.4683
20071227,545907.2220000001
20071226,371270.0184
20071224,296565.7656
20071221,1073396.0652
20071220,535647.2306
20071219,721673.9002
20071218,614366.8831999999
20071217,654736.3618000001
20071214,633540.3195
20071213,850950.5344
20071212,1264182.4362
20071211,1106039.958
20071210,648869.4912
20071207,700348.3284
20071206,820128.9795
20071205,607091.436
20071204,730479.6824
20071203,628375.136
20071130,1673651.3316000002
20071129,744898.6967999999
20071128,1670674.0224
20071127,1175863.4005999998
20071126,801136.2512999999
20071123,379258.6008
20071121,1242924.9712
20071120,1185730.8372000002
20071119,1237374.4887
20071116,1228341.5892
20071115,1112948.5916
20071114,620503.8525
20071113,757483.8625
20071112,918093.0
20071109,1047378.3362
20071108,1314421.2715999999
20071107,1533696.0608
20071106,1048509.8580000001
20071105,925779.6972
20071102,1057578.6744000001
20071101,1031050.8156
20071031,733408.6449999999
20071030,433733.58
20071029,465406.919
20071026,634219.148
20071025,1034771.6169000001
20071024,1072104.0968
20071023,464615.24799999996
20071022,792832.1140000001
20071019,824283.5706
20071018,953652.875
20071017,1000304.6311000001
20071016,1190016.015
20071015,537643.7540000001
20071012,500273.40239999996
20071011,592673.392
20071010,511285.87659999996
20071009,380800.34559999994
20071008,345113.40864000004
20071005,435397.653
20071004,465854.5015000001
20071003,620316.1
20071002,533662.4700000001
20071001,702020.488
20070928,551451.0299999999
20070927,491316.40200000006
20070926,519485.5005
20070925,574533.781
20070924,558872.34
20070921,862098.864
20070920,646169.643
20070919,797337.109
20070918,778322.3613
20070917,412466.73899999994
20070914,431336.22799999994
20070913,523309.43500000006
20070912,477298.49600000004
20070911,597276.708
20070910,478736.818
20070907,599310.2720000001
20070906,540186.625
20070905,498792.04199999996
20070904,443522.026
20070831,552989.0519999999
20070830,510749.6180000001
20070829,572546.142
20070828,686857.952
20070827,655728.7895000001
20070824,614577.135
20070823,626852.52
20070822,940140.2300000001
20070821,1003496.61
20070820,1075707.08
20070817,1856301.9076
20070816,1580415.3
20070815,767929.1921999999
20070814,636510.6
20070813,450897.11999999994
20070810,849198.3999999999
20070809,866453.0279999999
20070808,944851.7652
20070807,1018892.67
20070806,1251540.4044
20070803,1138603.7895
20070802,678607.8542
20070801,1007386.6439999999
20070731,724272.2817
20070730,823381.2447
20070727,892026.478
20070726,1023238.9585
20070725,762257.4376000001
20070724,794445.8417999999
20070723,525458.1934999999
20070720,743565.6032
20070719,529626.6758
20070718,699799.3827000001
20070717,549739.1555000001
20070716,355714.16250000003
20070713,345423.92199999996
20070712,590062.1784
20070711,567572.22
20070710,728720.4372
20070709,369574.784
20070706,307756.8036
20070705,264925.64232
20070703,130396.19936
20070702,240005.69819999998
20070629,514350.3473
20070628,328006.6272
20070627,477976.03699999995
20070626,398314.20580000005
20070625,521336.8596
20070622,636583.0540000001
20070621,338193.08341
20070620,426284.6592
20070619,364852.1096
20070618,298994.49606
20070615,486687.76859999995
20070614,280134.15506
20070613,392267.12999999995
20070612,429248.4182
20070611,248807.82856
20070608,374704.3656
20070607,436870.389
20070606,411073.04160000006
20070605,476540.06399999995
20070604,270958.91860000003
20070601,358353.30439999996
20070531,368592.94440000004
20070530,354746.045
20070529,349111.43114999996
20070525,278817.26941
20070524,526330.6828
20070523,524032.93530000007
20070522,461242.08
20070521,557581.4434
20070518,425184.1974
20070517,342704.57472000003
20070516,500232.2468
20070515,415572.4682
20070514,426380.934
20070511,480673.68960000004
20070510,417878.23799999995
20070509,403954.9869
20070508,336042.8305
20070507,302585.53094
20070504,291065.43536
20070503,224027.38176000002
20070502,293774.95424
20070501,370397.1356
20070430,691735.6053
20070427,312407.15615999995
20070426,543510.3347
20070425,632153.9668
20070424,417447.049
20070423,338599.23824000004
20070420,750488.343
20070419,424298.056
20070418,618764.929
20070417,535449.2625
20070416,583022.7104999999
20070413,393149.88810000004
20070412,448418.9314
20070411,556916.328
20070410,373560.46559999994
20070409,357077.1477
20070405,307726.42824
20070404,301633.87198
20070403,388135.6955
20070402,646612.7443
20070330,430591.56470000005
20070329,350813.1088
20070328,622700.6268
20070327,495028.384
20070326,413542.00680000003
20070323,324103.35736
20070322,467942.61390000005
20070321,572104.356
20070320,349297.964
20070319,425808.33
20070316,737784.7645
20070315,698066.2150000001
20070314,875855.66
20070313,731918.613
20070312,286864.88100000005
20070309,375687.75
20070308,337186.857
20070307,360559.056
20070306,501457.41399999993
20070305,529194.7449
20070302,506987.796
20070301,644149.168
20070228,659754.57
20070227,540421.655
20070226,423115.3998
20070223,563602.466
20070222,380708.319
20070221,449171.082
20070220,287038.404
20070216,409308.95999999996
20070215,237367.11699999997
20070214,384328.60829999996
20070213,373391.9933
20070212,289062.566
20070209,437717.904
20070208,396405.10000000003
20070207,337681.032
20070206,346689.89
20070205,553045.102
20070202,223128.092
20070201,282497.772
20070131,306631.08
20070130,347838.69
20070129,476560.3900000001
20070126,364039.914
20070125,308664.39999999997
20070124,398266.36000000004
20070123,304677.00899999996
20070122,489199.425
20070119,383822.39599999995
20070118,300184.88
20070117,429930.07200000004
20070116,550188.7799999999
20070112,364037.867
20070111,251967.938
20070110,347767.86399999994
20070109,361587.282
20070108,413578.55
20070105,367719.52
20070104,395965.89999999997
20070103,444873.65
20061229,213079.07600000003
20061228,155472.53600000002
20061227,187449.18499999997
20061226,183833.09999999998
20061222,163573.76
20061221,191056.826
20061220,230141.496
20061219,362051.142
20061218,368810.75999999995
20061215,700108.9600000001
20061214,502166.58900000004
20061213,382511.74500000005
20061212,452765.47800000006
20061211,255391.935
20061208,314398.734
20061207,211268.421
20061206,181322.496
20061205,312710.976
20061204,315179.592
20061201,312229.398
20061130,228189.57200000001
20061129,210692.682
20061128,329461.707
20061127,364883.2
20061124,130196.87100000001
20061122,324167.23899999994
20061121,277878.21400000004
20061120,212519.55199999997
20061117,413713.75500000006
20061116,259252.2
20061115,353032.366
20061114,216992.81
20061113,239086.12900000002
20061110,196782.22100000002
20061109,214172.62999999998
20061108,251645.75999999998
20061107,250254.03
20061106,288932.07200000004
20061103,228895.19999999998
20061102,241720.756
20061101,261992.80400000003
20061031,418485.39300000004
20061030,212610.80400000003
20061027,200344.752
20061026,228095.516
20061025,258500.00400000002
20061024,283562.775
20061023,166657.81600000002
20061020,403006.92300000007
20061019,262525.67000000004
20061018,244017.17100000003
20061017,319229.18399999995
20061016,258239.94
20061013,231033.369
20061012,197707.94999999998
20061011,167698.6
20061010,155880.64800000002
20061009,87092.71999999999
20061006,175678.46200000003
20061005,150224.046
20061004,287058.321
20061003,251948.85400000002
20061002,165018.875
20060929,196533.37800000003
20060928,196749.252
20060927,207220.95
20060926,254253.81
20060925,235732.15499999997
20060922,127849.904
20060921,226058.2
20060920,255232.55999999997
20060919,170889.873
20060918,252098.72400000002
20060915,461298.96099999995
20060914,253218.636
20060913,224187.47599999997
20060912,312380.862
20060911,182130.912
20060908,230752.56599999996
20060907,233114.146
20060906,290243.32800000004
20060905,214744.365
20060901,214170.856
20060831,384189.05
20060830,175045.74
20060829,224772.045
20060828,148346.87999999998
20060825,153130.72999999998
20060824,247357.292
20060823,251198.39599999998
20060822,289148.224
20060821,237093.577
20060818,245628.6
20060817,188224.425
20060816,277379.882
20060815,281491.015
20060814,226590.21
20060811,210463.44
20060810,453254.2839999999
20060809,555228.036
20060808,443976.576
20060807,261646.462
20060804,400463.4
20060803,357211.09199999995
20060802,353862.24000000005
20060801,263044.548
20060731,398607.868
20060728,515789.724
20060727,342915.67600000004
20060726,339823.30199999997
20060725,323127.27999999997
20060724,344327.95199999993
20060721,654876.2400000001
20060720,549691.2
20060719,825371.0080000001
20060718,385143.39800000004
20060717,324700.16000000003
20060714,269710.176
20060713,426995.976
20060712,356255.832
20060711,241366.808
20060710,166551.414
20060707,335082.28
20060706,203127.75
20060705,233264.06399999998
20060703,99925.848
20060630,267206.472
20060629,334937.56
20060628,395472.81000000006
20060627,267829.624
20060626,234094.12000000002
20060623,339393.6
20060622,208857.69
20060621,258723.136
20060620,262502.928
20060619,240897.56199999998
20060616,398666.79600000003
20060615,453409.768
20060614,516164.08800000005
20060613,618125.55
20060612,310915.60000000003
20060609,331409.664
20060608,557336.816
20060607,440864.51999999996
20060606,344125.526
20060605,242969.454
20060602,375812.542
20060601,374416.908
20060531,491344.75999999995
20060530,273295.99600000004
20060526,240575.56800000003
20060525,242412.16999999995
20060524,464564.60000000003
20060523,329877.21
20060522,368725.78400000004
20060519,394001.65800000005
20060518,335316.10400000005
20060517,338183.76
20060516,201681.64800000002
20060515,317535.146
20060512,261292.69599999997
20060511,262315.004
20060510,242746.324
20060509,188514.83
20060508,219864.96000000002
20060505,246239.112
20060504,266665.61600000004
20060503,215400.45799999998
20060502,328106.38
20060501,465283.19999999995
20060428,585200.3400000001
20060427,478932.9380000001
20060426,280367.83999999997
20060425,294434.27999999997
20060424,184389.24
20060421,246742.24800000002
20060420,245831.68800000002
20060419,216930.792
20060418,339749.82600000006
20060417,210539.25199999998
20060413,162619.9
20060412,131736.64
20060411,195631.50599999996
20060410,153119.89800000002
