20160408,672288.6428400001
20160407,723445.91296
20160406,676138.53396
20160405,1049319.81
20160404,519092.81820000004
20160401,582174.948
20160331,698983.00745
20160330,558829.13625
20160329,505924.59096
20160328,520752.25707
20160324,541046.8968199999
20160323,532355.26622
20160322,630160.6134599999
20160321,695461.9701599999
20160318,1010704.1599999999
20160317,634779.684
20160316,598214.4658
20160315,581230.96736
20160314,608975.21933
20160311,548953.60206
20160310,527895.9503200001
20160309,684620.0384
20160308,608578.61966
20160307,715786.6038299999
20160304,663049.49232
20160303,845529.6131999999
20160302,629701.981
20160301,696572.9946
20160229,742848.6283199999
20160226,502816.4829
20160225,435242.60355000006
20160224,662350.7147100001
20160223,595160.8989599999
20160222,672614.22226
20160219,647859.8886
20160218,834121.93799
20160217,1202696.44
20160216,839804.3848199999
20160212,981918.844
20160211,1579882.2369000001
20160210,2898029.3349999995
20160209,1730346.3743999996
20160208,1266302.7076
20160205,834943.9638000001
20160204,796231.6566000001
20160203,1034652.257
20160202,673765.104
20160201,666802.8268
20160129,784026.5486999999
20160128,682252.90146
20160127,596189.1744
20160126,664889.52516
20160125,742779.26086
20160122,1189924.2480000001
20160121,1134007.1868
20160120,1564222.1280000003
20160119,1242301.2543000001
20160115,2090328.5580000002
20160114,1102851.4804999998
20160113,1138060.4848
20160112,898714.72158
20160111,956721.8097600001
20160108,1060667.8775
20160107,1449263.27
20160106,1397206.902
20160105,1632632.6300000001
20160104,1288999.6302
20151231,700753.3008
20151230,522715.65242
20151229,921347.3732
20151228,974556.6187499999
20151224,461146.59098000004
20151223,1303876.0644
20151222,920328.291
20151221,2433556.29
20151218,3043036.14
20151217,1047350.9611300002
20151216,1398820.47
20151215,1493504.6144
20151214,1057247.4131999998
20151211,1332330.9132
20151210,777755.16936
20151209,1008066.34889
20151208,840606.0073599999
20151207,766170.7203899999
20151204,1001797.52064
20151203,1167524.0373
20151202,887587.356
20151201,1026348.1247800001
20151130,1866633.6962
20151127,1716823.1652
20151125,563775.89329
20151124,1079027.7130500001
20151123,834099.61838
20151120,1299571.6415
20151119,724161.38976
20151118,776107.97088
20151117,746866.05609
20151116,667083.20112
20151113,926318.50344
20151112,838794.13457
20151111,741565.08996
20151110,967462.1286
20151109,1083185.99966
20151106,1942883.5425999998
20151105,1655387.85
20151104,2347125.5025
20151103,821655.6620600001
20151102,798465.6056000001
20151030,965874.8479599999
20151029,703587.63104
20151028,737181.4235
20151027,666334.05204
20151026,650375.4919200001
20151023,896096.77441
20151022,1125525.612
20151021,966273.47107
20151020,1061429.3937600001
20151019,875315.33286
20151016,622449.4900799999
20151015,724281.2140500001
20151014,588233.18993
20151013,886646.2113300001
20151012,550392.4105499999
20151009,774933.9052
20151008,783616.35396
20151007,723489.72164
20151006,586411.94898
20151005,740952.19935
20151002,937477.1599999999
20151001,769949.64022
20150930,938560.7518
20150929,940298.4528000001
20150928,810228.6744299999
20150925,719558.3182999999
20150924,1076683.3038
20150923,590641.7383999999
20150922,853266.76134
20150921,738029.41425
20150918,1388858.3136000002
20150917,803575.1868
20150916,676566.8978399999
20150915,947822.177
20150914,722194.2413
20150911,995490.35056
20150910,924464.2697999999
20150909,970592.4705599999
20150908,889696.65153
20150904,929107.36152
20150903,911487.1797499999
20150902,1236037.779
20150901,1411899.6252000001
20150831,867011.63688
20150828,1126915.1712
20150827,1782716.3101
20150826,1362141.1253000002
20150825,1823561.2258000001
20150824,2873215.872
20150821,3050396.1264
20150820,3460954.0524
20150819,1009290.3462
20150818,1284907.6268
20150817,865538.3559000001
20150814,761211.70296
20150813,1048012.2777600001
20150812,1820539.7001999998
20150811,1465407.72
20150810,1282091.07
20150807,1726591.6664999998
20150806,6200962.17
20150805,6737909.905300001
20150804,1392731.0979
20150803,1017700.14144
20150731,690629.64
20150730,531508.0838100001
20150729,728629.23728
20150728,763671.4620599999
20150727,612233.34425
20150724,513779.66903999995
20150723,397391.46479999996
20150722,562470.78542
20150721,570605.68257
20150720,830965.0074
20150717,607193.45736
20150716,750435.34104
20150715,573094.7677
20150714,596285.52715
20150713,896371.3574999999
20150710,817414.38912
20150709,810848.1092
20150708,904861.68296
20150707,978470.7375999999
20150706,679513.042
20150702,637436.56381
20150701,625751.23723
20150630,792315.9360999999
20150629,860203.89385
20150626,1093428.4109999998
20150625,710672.697
20150624,640717.59884
20150623,686689.39205
20150622,670010.0103600001
20150619,1073166.79152
20150618,784310.26464
20150617,527597.10313
20150616,427157.08398
20150615,632674.8247400001
20150612,440858.81850000005
20150611,557074.9084600001
20150610,564113.4400000001
20150609,836728.05016
20150608,663121.77447
20150605,476708.7687
20150604,633405.6916
20150603,501299.43685000006
20150602,489928.319
20150601,751024.9928
20150529,580532.84523
20150528,374891.78544999997
20150527,439474.68747
20150526,653352.75072
20150522,470479.0892200001
20150521,538360.88061
20150520,484015.92179999995
20150519,502900.4024
20150518,537069.3388500001
20150515,645312.1354
20150514,512451.00716000004
20150513,451900.83135
20150512,693127.5815199999
20150511,730385.2817999999
20150508,689122.99456
20150507,905580.5320800002
20150506,983767.40436
20150505,1618323.5369
20150504,833242.6218600001
20150501,683478.6681599999
20150430,844537.82976
20150429,661558.14151
20150428,803832.4291200001
20150427,933337.31976
20150424,695890.53072
20150423,652076.586
20150422,438179.40768
20150421,493123.7904
20150420,875765.26366
20150417,978924.59959
20150416,688413.3381
20150415,460847.16024
20150414,574663.0679799999
20150413,447488.45125000004
20150410,347705.89365
20150409,418998.36516
20150408,454592.7442
20150407,494892.63720000006
20150406,438757.23234
20150402,387060.16599999997
20150401,644826.43888
20150331,598016.59441
20150330,406505.71276
20150327,561674.03832
20150326,622305.79944
20150325,730702.245
20150324,480199.8364
20150323,560171.39416
20150320,942872.04025
20150319,523533.00626999995
20150318,596003.2535400001
20150317,480223.01823999995
20150316,687834.98244
20150313,853883.71308
20150312,1147551.7109
20150311,495704.98535
20150310,666362.21392
20150309,512331.26118
20150306,592179.31328
20150305,415289.67030000006
20150304,524964.45519
20150303,496859.1174
20150302,595784.26105
20150227,433130.58527999994
20150226,527494.11664
20150225,691178.71941
20150224,429055.20440999995
20150223,586417.34041
20150220,542430.59655
20150219,529223.86731
20150218,390512.87298
20150217,495484.59008
20150213,538665.46591
20150212,705288.54602
20150211,597745.34949
20150210,583226.2945600001
20150209,555646.81848
20150206,870352.0038000001
20150205,1445511.9648
20150204,3304405.8432
20150203,1130967.198
20150202,861550.4933
20150130,927691.0343999999
20150129,715968.19308
20150128,573650.74551
20150127,506474.24367999996
20150126,516920.85527
20150123,441377.01376
20150122,667262.5916
20150121,695440.27065
20150120,752346.16158
20150116,582072.8141000001
20150115,534127.6155
20150114,611589.4497000001
20150113,891117.4725899999
20150112,622106.28658
20150109,810900.3272500001
20150108,710142.8963300001
20150107,611681.74844
20150106,624966.03549
20150105,717945.85842
20150102,549052.59375
20141231,451704.62825
20141230,330479.0409
20141229,341862.59150000004
20141226,298528.28733
20141224,204516.93028
20141223,495334.46873
20141222,701561.9418
20141219,1190415.0748
20141218,865290.3291900001
20141217,629548.98576
20141216,588297.66389
20141215,611003.8935
20141212,721147.6929299999
20141211,754825.5985
20141210,947938.0064000001
20141209,881839.90674
20141208,625239.2832
20141205,489946.81792000006
20141204,561477.58177
20141203,509987.49237999995
20141202,622199.1318399999
20141201,622379.8278
20141128,356437.42211
20141126,423493.73208
20141125,677371.4025000001
20141124,586767.91026
20141121,655887.49056
20141120,764769.8954
20141119,689216.2551
20141118,402735.37851999997
20141117,373208.32113999996
20141114,388215.1276
20141113,458721.04749
20141112,469583.7499
20141111,528954.7183800001
20141110,729339.2320600001
20141107,1455702.3
20141106,901248.56
20141105,638072.708
20141104,714597.0331499999
20141103,496090.29627
20141031,680425.71456
20141030,398279.88902
20141029,484147.44168
20141028,408256.1203
20141027,499239.30795
20141024,437509.83697
20141023,635833.5139799999
20141022,809873.1329
20141021,801638.70846
20141020,709943.51032
20141017,1037954.5578
20141016,1078631.2311999998
20141015,1790966.7216
20141014,724200.30018
20141013,757021.25184
20141010,1093498.9937
20141009,747904.08864
20141008,616009.43448
20141007,541593.61983
20141006,358350.42384
20141003,667697.28615
20141002,955103.9883000001
20141001,653856.77747
20140930,429522.11895000003
20140929,460903.69332
20140926,513488.41938
20140925,623310.22887
20140924,501549.3702
20140923,541078.1959200001
20140922,445595.76257
20140919,1207602.6235
20140918,390683.55094000004
20140917,364664.28759
20140916,390371.98311000003
20140915,439748.94080000004
20140912,347040.56499000004
20140911,365766.46719
20140910,452372.49023999996
20140909,427429.81119999994
20140908,390361.32512
20140905,417956.78428
20140904,488420.79566
20140903,333533.90844
20140902,505514.018
20140829,374665.49903999997
20140828,240658.02726
20140827,336926.01915
20140826,369455.85306
20140825,316452.28414
20140822,430402.5639499999
20140821,423742.92441999994
20140820,347754.82816000003
20140819,373235.03216999996
20140818,447417.93095999997
20140815,733080.22272
20140814,727573.8744800001
20140813,396969.8243999999
20140812,393318.05931
20140811,441694.575
20140808,553348.70775
20140807,675925.16783
20140806,847539.2832200001
20140805,809235.0565000001
20140804,719578.28964
20140801,577075.65042
20140731,544353.0422799999
20140730,636125.08896
20140729,472263.8538
20140728,396116.18445
20140725,401801.87819
20140724,361758.4432
20140723,309122.87724
20140722,429223.03767999995
20140721,411529.96482
20140718,404942.5386
20140717,585461.7356499999
20140716,910356.7559999999
20140715,603150.6232
20140714,348108.27588000003
20140711,435843.62870999996
20140710,629702.2537799999
20140709,550442.8034
20140708,406430.07282
20140707,424103.53265
20140703,278791.5702
20140702,383759.71552
20140701,484070.04169000004
20140630,599442.4645199999
20140627,1529616.66
20140626,542104.05795
20140625,662742.9639000001
20140624,418123.42572
20140623,326599.18116000004
20140620,917086.565
20140619,362465.16692999995
20140618,379142.36598
20140617,377206.44192
20140616,430567.7873
20140613,390050.6796
20140612,598749.8184
20140611,362612.25139999995
20140610,391726.28025
20140609,484469.78172
20140606,448670.50026999996
20140605,504945.18666
20140604,488589.89400000003
20140603,380934.98063999997
20140602,331502.92712999997
20140530,533666.38415
20140529,548025.76161
20140528,388909.62440000003
20140527,435253.89067999995
20140523,381628.67964
20140522,383067.08324999997
20140521,389280.85307
20140520,488421.36909000005
20140519,396896.41965
20140516,468151.32578
20140515,616167.7123
20140514,500229.47576000006
20140513,432898.53839999996
20140512,470154.91718
20140509,440552.62845
20140508,755409.3888
20140507,955137.0661
20140506,864124.9878
20140505,460026.8312
20140502,610303.63788
20140501,516091.3992
20140430,506346.61056000006
20140429,362423.76416
20140428,584742.33978
20140425,484500.45086000004
20140424,368715.16038
20140423,329898.73952
20140422,466769.3856
20140421,560119.52682
20140417,610141.56277
20140416,470131.22315
20140415,496875.74706
20140414,462972.87296000007
20140411,708810.97542
20140410,786690.0703000001
20140409,563677.4630499999
20140408,563758.3037699999
20140407,712215.97453
20140404,715378.9244700001
20140403,400387.44207
20140402,495972.92630000005
20140401,534689.63703
20140331,548385.57789
20140328,417101.32368
20140327,720230.5800000001
20140326,530745.3801600001
20140325,532377.95395
20140324,607536.1082499999
20140321,630019.2879499999
20140320,482291.61577
20140319,515519.235
20140318,442328.91686999996
20140317,592577.14968
20140314,618556.84407
20140313,684762.6279700001
20140312,519069.22782
20140311,581256.8831999999
20140310,427042.55174
20140307,614776.98509
20140306,481239.41274
20140305,637439.6496000001
20140304,655424.5085
20140303,671388.9267
20140228,568149.81647
20140227,395946.87216
20140226,462507.48544
20140225,486414.77585999994
20140224,535656.87045
20140221,661254.2348399999
20140220,455239.55299999996
20140219,553984.61514
20140218,488343.14748000004
20140214,554747.46405
20140213,463928.3865000001
20140212,493134.38349
20140211,636804.1090500001
20140210,676711.48308
20140207,872125.5046
20140206,1497745.0308
20140205,830501.4432000001
20140204,801358.0295000001
20140203,837419.1516
20140131,562620.61808
20140130,552847.61
20140129,613767.25928
20140128,401454.96144
20140127,535739.9635000001
20140124,533601.83448
20140123,469744.84629
20140122,511739.58348000003
20140121,557028.7492000001
20140117,490103.51778
20140116,415386.24503
20140115,541047.9434400001
20140114,446441.13735000003
20140113,603214.2519299999
20140110,468853.04865
20140109,603160.1128000001
20140108,818836.6457999999
20140107,343139.36822
20140106,516803.75325999997
20140103,309062.61696
20140102,396671.19387
20131231,358493.85920000006
20131230,650828.9472299999
20131227,285857.75729999994
20131226,344750.66808000003
20131224,212952.53069999997
20131223,411971.87935999996
20131220,937007.3160000001
20131219,493868.76779
20131218,575484.7566000001
20131217,482541.73289999994
20131216,440446.63784000004
20131213,402699.83310000005
20131212,609624.92415
20131211,671193.4929999999
20131210,507352.42986
20131209,460587.43432
20131206,396033.96401999996
20131205,392375.01
20131204,341718.71632999997
20131203,579400.1214000001
20131202,480378.94408
20131129,338661.1292
20131127,384778.47156
20131126,629944.9930400001
20131125,406604.84304
20131122,327659.7636
20131121,314613.20019999996
20131120,327235.32555
20131119,331445.46816
20131118,340858.858
20131115,432907.79
20131114,507404.69136
20131113,391820.57013
20131112,445121.83125
20131111,338557.45344
20131108,1109814.3666
20131107,701926.3365000001
20131106,449118.93
20131105,353933.064
20131104,329613.18033
20131101,345642.93392
20131031,391380.78169000003
20131030,398229.46252
20131029,306707.99076
20131028,307463.724
20131025,458025.03750000003
20131024,416717.37145
20131023,399486.60648
20131022,541429.959
20131021,327622.17165000003
20131018,509470.20605000004
20131017,461758.94694
20131016,512537.49425
20131015,394856.64063999994
20131014,431825.25284
20131011,445429.29783
20131010,503432.28054
20131009,552580.63019
20131008,552720.128
20131007,377262.24543000007
20131004,427456.9997
20131003,465047.93808
20131002,468352.8244
20131001,316446.96423
20130930,481300.99412
20130927,364152.77418
20130926,454798.02171999996
20130925,469288.0346
20130924,524104.57343999995
20130923,536557.15575
20130920,1885624.8015000003
20130919,776059.8776
20130918,662082.89907
20130917,432069.22560000006
20130916,651436.18242
20130913,847180.4094
20130912,1468619.7989999999
20130911,603573.26708
20130910,623248.97064
20130909,444959.84973
20130906,449340.78994
20130905,388994.8428
20130904,856394.9288999999
20130903,427507.05851999996
20130830,328732.37627999997
20130829,329599.896
20130828,435504.55806
20130827,469375.12481999997
20130826,276469.6032
20130823,340155.32528999995
20130822,326833.71036
20130821,439316.21196
20130820,321314.18956
20130819,349950.31857
20130816,512208.43412
20130815,562296.56376
20130814,410217.75756
20130813,385487.04964
20130812,511752.29805
20130809,514302.44077000004
20130808,580337.04925
20130807,1118524.9959
20130806,770546.6460000001
20130805,479686.53151999996
20130802,403959.19311000005
20130801,414303.3144
20130731,462587.6236500001
20130730,398588.99148
20130729,245891.51041
20130726,321652.16964000004
20130725,349044.63615
20130724,344369.98784
20130723,292243.69125000003
20130722,384691.46800000005
20130719,470512.01952
20130718,326651.10107999993
20130717,447510.83496
20130716,485824.36819
20130715,425759.12785000005
20130712,394577.63946000003
20130711,554636.16776
20130710,374009.60251999996
20130709,295894.69408
20130708,432232.38629999995
20130705,360419.55698
20130703,213224.91825999998
20130702,486568.14885999996
20130701,525607.07979
20130628,667306.6815
20130627,310801.50036
20130626,361666.19181
20130625,424061.10459
20130624,405429.66352
20130621,746004.6063
20130620,760043.3855999999
20130619,442034.00982999994
20130618,341779.24323
20130617,435633.8194
20130614,338889.012
20130613,359068.88249999995
20130612,482682.35459000006
20130611,411815.47439999995
20130610,429542.77223
20130607,493567.1244
20130606,547023.1767000001
20130605,561310.3168799999
20130604,524291.3676
20130603,555503.5375999999
20130531,711638.2816
20130530,843840.2460000002
20130529,460798.8090400001
20130528,552129.04422
20130524,579327.9454799999
20130523,490379.24485
20130522,533901.2989099999
20130521,484446.78813999996
20130520,389668.50036
20130517,609962.7495800001
20130516,563187.81364
20130515,536333.60774
20130514,652863.7393199999
20130513,349723.09151999996
20130510,581388.0576000001
20130509,754988.4142
20130508,1174813.371
20130507,950457.2527
20130506,665626.2576
20130503,595728.1079999999
20130502,335311.74144
20130501,472104.1122
20130430,535987.5588400001
20130429,453956.58
20130426,435469.89142
20130425,414406.69800000003
20130424,454354.676
20130423,391883.56339
20130422,385672.93128
20130419,584097.83964
20130418,552098.58823
20130417,699742.9492
20130416,626179.4099999999
20130415,708203.3408
20130412,516724.7991499999
20130411,559580.4543
20130410,507225.97256
20130409,524261.78812
20130408,576203.77864
20130405,406335.0554
20130404,369349.72165
20130403,463788.37575
20130402,377766.40304
20130401,381412.24746
20130328,380894.66559999995
20130327,360974.25393
20130326,264779.28463
20130325,443018.5529
20130322,311696.87612000003
20130321,291045.94947
20130320,342680.35073999997
20130319,500254.0983
20130318,291303.53308
20130315,794387.4992
20130314,341611.52025
20130313,298733.48708000005
20130312,408874.13354
20130311,412580.88294
20130308,468170.9769
20130307,271135.57504
20130306,314063.95832000003
20130305,399227.18559999997
20130304,354688.4592
20130301,458762.44271000003
20130228,360600.52285
20130227,394707.16416
20130226,336245.3402
20130225,526852.18594
20130222,412551.12325
20130221,368495.65026
20130220,461972.8932
20130219,433604.53423
20130215,988948.2204
20130214,470002.52768
20130213,313369.554
20130212,481253.47375
20130211,348129.189
20130208,523873.68383999995
20130207,637270.9776
20130206,1462798.86
20130205,546483.14
20130204,415896.2808
20130201,521519.99682
20130131,395312.60304
20130130,528315.26748
20130129,420391.89323
20130128,387794.89008000004
20130125,431211.59362000006
20130124,734129.4805000001
20130123,746778.0580000001
20130122,349872.88320999994
20130118,444470.49490000005
20130117,531025.9815
20130116,379864.83466
20130115,372930.63756000006
20130114,470931.23079000006
20130111,361595.10492
20130110,411289.85228999995
20130109,425993.16610000003
20130108,438235.74936
20130107,482795.53647
20130104,456447.11186999996
20130103,387471.91293
20130102,596587.901
20121231,509077.855
20121228,343349.02270000003
20121227,344144.24694000004
20121226,209375.7826
20121224,138282.07460000002
20121221,799838.5
20121220,428364.48864
20121219,418612.56139999995
20121218,704001.0348
20121217,508740.6016
20121214,393563.43322
20121213,299966.97393
20121212,321366.77872
20121211,447301.12972
20121210,259534.52559999996
20121207,259935.89192
20121206,236904.55844
20121205,455324.42061000003
20121204,414108.71030000004
20121203,413789.64858000004
20121130,613986.8045999999
20121129,359584.2382
20121128,400862.7564
20121127,326610.8568
20121126,340051.78158
20121123,165198.23747999998
20121121,329235.83756
20121120,361592.82907999994
20121119,407824.38881999993
20121116,466300.63414
20121115,542035.2456
20121114,461149.0144
20121113,588510.4456000001
20121112,585745.576
20121109,1610181.4300000002
20121108,553219.722
20121107,427340.80304
20121106,388174.46024
20121105,481787.78328
20121102,699461.01
20121101,526739.603
20121031,1017201.0288
20121026,418657.2816
20121025,341466.99286
20121024,307416.6295
20121023,433030.61591999995
20121022,317564.00577
20121019,438801.6807
20121018,329751.26004
20121017,407224.74177
20121016,256061.54952
20121015,348989.92407
20121012,310418.57053
20121011,509358.7458000001
20121010,328097.45142
20121009,415790.00775
20121008,304974.47796999995
20121005,276670.73222999997
20121004,342504.72455
20121003,347590.29591
20121002,366968.91888
20121001,341449.75398
20120928,350205.26516
20120927,279131.18309999997
20120926,416449.62212
20120925,389930.6013
20120924,325348.72020000004
20120921,697795.5564
20120920,452910.43964
20120919,412241.2178
20120918,368528.2503
20120917,409525.13665
20120914,497759.24325
20120913,588268.406
20120912,367076.3591
20120911,341927.15216000006
20120910,385324.21088
20120907,461696.04338000005
20120906,525066.4234
20120905,847644.9759
20120904,346097.97065999993
20120831,308332.6584
20120830,331000.5811
20120829,384561.45324
20120828,395169.9416
20120827,309130.8773
20120824,287131.16292000003
20120823,266906.36412
20120822,335609.38138
20120821,381391.566
20120820,349968.11850000004
20120817,320654.3775
20120816,416351.9025
20120815,243813.82692000002
20120814,316312.67649
20120813,243064.5084
20120810,369861.86595
20120809,516753.766
20120808,743401.6326
20120807,679773.0092
20120806,315324.61785
20120803,403740.51102000003
20120802,468157.59924
20120801,331024.2541
20120731,516114.96300000005
20120730,442748.7426
20120727,807782.9957999999
20120726,521697.0051
20120725,339684.723
20120724,431252.42831999995
20120723,399192.16059999994
20120720,412177.0168600001
20120719,457110.84603
20120718,378881.91075
20120717,785103.7215
20120716,271612.39184
20120713,346356.80623
20120712,391708.4366799999
20120711,307301.18279
20120710,416170.60096
20120709,268659.024
20120706,270130.74552
20120705,373821.09862999996
20120703,148739.38349
20120702,354520.53168
20120629,499679.495
20120628,319158.37902
20120627,288341.06753
20120626,344310.18049999996
20120625,314739.9738
20120622,877397.504
20120621,477682.032
20120620,346756.54079999996
20120619,390008.06968
20120618,415469.4768
20120615,527306.7565
20120614,592289.6994
20120613,338274.43338
20120612,359177.66568000003
20120611,362158.8284
20120608,495844.4672000001
20120607,467197.3566
20120606,432302.84253
20120605,500689.71760000003
20120604,421025.71865999995
20120601,660413.592
20120531,669530.8256
20120530,506632.78800000006
20120529,480281.0796
20120525,379285.60400000005
20120524,436094.69727999996
20120523,392437.53649
20120522,304245.64197
20120521,368852.09089000005
20120518,464297.5038
20120517,375876.28649999993
20120516,378677.45467999997
20120515,457766.55329999997
20120514,363878.00165
20120511,445583.8618000001
20120510,637644.28
20120509,961208.5140000001
20120508,869112.84
20120507,516109.76900000003
20120504,320179.83912
20120503,409840.40330999997
20120502,350057.76848
20120501,408265.90572
20120430,301205.00034
20120427,255895.96035
20120426,334460.61199999996
20120425,210383.32700000002
20120424,208983.72042000003
20120423,277057.16829
20120420,329188.37105
20120419,297895.2608
20120418,160693.52586000002
20120417,277138.44004
20120416,254511.93824
20120413,306151.4988
20120412,233454.519
20120411,263083.28949
20120410,437845.75230000005
20120409,286886.33424
20120405,273175.53576
20120404,367578.80919
20120403,346188.48498
20120402,335539.96160000004
20120330,398282.68348
20120329,447410.66479999997
20120328,410911.79026999994
20120327,412491.77229999995
20120326,481692.5316
20120323,371851.16355
20120322,370591.4043
20120321,414611.23612
20120320,296364.01968
20120319,277210.57895999996
20120316,386553.69606
20120315,266163.54975
20120314,477883.4623999999
20120313,662027.0264999999
20120312,289370.06258
20120309,291302.41536
20120308,258999.13622000001
20120307,325337.4595
20120306,438242.7
20120305,396631.4184
20120302,214788.79452
20120301,338952.77145
20120229,624315.2981
20120228,289097.95768
20120227,379246.2936
20120224,254077.77465000004
20120223,260051.26915999997
20120222,254885.95493000004
20120221,235904.72003
20120217,323898.46225
20120216,310236.87906
20120215,325506.43124999997
20120214,341548.0224
20120213,378857.85966
20120210,419253.90050000005
20120209,564016.8535000001
20120208,894975.4422
20120207,819418.4585999999
20120206,465622.17659999995
20120203,464109.6
20120202,353168.83287
20120201,350041.87691999995
20120131,545401.729
20120130,338493.28359
20120127,376341.44224999996
20120126,281654.5506
20120125,397734.26200000005
20120124,369186.599
20120123,279636.82125
20120120,309709.61357
20120119,304905.86776
20120118,374328.34186000004
20120117,351801.43752
20120113,379295.1168
20120112,390122.2551
20120111,629124.6150000001
20120110,557629.3707
20120109,482741.49000000005
20120106,574721.5604
20120105,564698.32
20120104,384196.70205
20120103,371719.86126000003
20111230,179102.6625
20111229,189299.14686
20111228,172543.60788000003
20111227,195172.09287
20111223,255868.54280000002
20111222,298097.5244
20111221,298190.25054000004
20111220,366006.7619
20111219,397296.75
20111216,718694.1856000001
20111215,347298.9075
20111214,374677.6176
20111213,460664.7633
20111212,368276.42549999995
20111209,267618.79784
20111208,354601.23424
20111207,353976.6279
20111206,241953.28546
20111205,368402.87857999996
20111202,373414.67799999996
20111201,372503.69800000003
20111130,592325.172
20111129,260226.446
20111128,294885.42367000005
20111125,167276.65892999998
20111123,359436.104
20111122,425272.45320000005
20111121,1371734.7955999998
20111118,1147123.1709
20111117,1144354.648
20111116,383862.92230000003
20111115,518555.196
20111114,347846.39988
20111111,821175.712
20111110,421201.2696
20111109,402202.7079
20111108,377902.61209999997
20111107,243940.5782
20111104,223434.63824
20111103,324844.71487
20111102,290873.95373
20111101,448646.688
20111031,353952.1248
20111028,306928.34382
20111027,408633.2496
20111026,364678.7765
20111025,269372.25678999996
20111024,312582.26888999995
20111021,481255.66439999995
20111020,247679.90064
20111019,251284.19030999998
20111018,372546.82219999994
20111017,333214.16939999996
20111014,368358.82920000004
20111013,229185.85414999997
20111012,585857.8735999999
20111011,420377.1405
20111010,260269.68
20111007,382596.80999999994
20111006,405332.92370000004
20111005,560865.7111000001
20111004,565851.7776
20111003,402678.33999999997
20110930,456469.7904
20110929,371212.2645
20110928,347559.47760000004
20110927,489433.8592
20110926,430073.95800000004
20110923,624523.2664
20110922,774334.701
20110921,394293.4712
20110920,326828.574
20110919,324350.35191
20110916,548103.5441999999
20110915,278817.27011999994
20110914,406113.5903
20110913,307701.5164
20110912,326614.71989999997
20110909,542944.5408
20110908,340800.7455
20110907,373954.8098
20110906,407588.784
20110902,296511.61542
20110901,340625.2086
20110831,418209.79720000003
20110830,471901.0832
20110829,278193.43247999996
20110826,364285.51199999993
20110825,345675.99
20110824,409247.9087
20110823,976477.6229
20110822,480300.3202000001
20110819,605219.4330000001
20110818,772290.7394999999
20110817,425042.6999
20110816,619905.2406
20110815,600333.498
20110812,808236.4860000001
20110811,1168378.8116
20110810,2744901.9142
20110809,1103877.441
20110808,855656.6832
20110805,801340.5939999999
20110804,683829.1355
20110803,441822.59709999996
20110802,503573.54579999996
20110801,441611.4052
20110729,618724.8408
20110728,434486.258
20110727,422804.3248
20110726,376411.6282
20110725,277216.56768000004
20110722,313905.39749999996
20110721,546841.6128
20110720,240866.94432
20110719,314835.4707
20110718,437456.88749999995
20110715,718441.9011
20110714,526121.108
20110713,488570.35160000005
20110712,442673.3565
20110711,382778.37549999997
20110708,470681.37869999994
20110707,402977.90640000004
20110706,452255.4225
20110705,377437.98903999996
20110701,366803.19756
20110630,391963.55199999997
20110629,368391.05875
20110628,451456.56
20110627,314041.25736000005
20110624,504466.0282
20110623,448511.9184
20110622,327252.40989
20110621,302221.4594
20110620,334328.76661999995
20110617,481519.4496
20110616,448577.67569999996
20110615,411226.002
20110614,388657.6414
20110613,354885.05087999994
20110610,503758.25499999995
20110609,379374.87116999994
20110608,332593.27381999994
20110607,341692.1835
20110606,362128.6702
20110603,595681.1762
20110602,537464.99
20110601,509247.252
20110531,456977.9219
20110527,353900.53632
20110526,458785.0839
20110525,289164.13596000004
20110524,347566.66812
20110523,327721.76472
20110520,382434.94999999995
20110519,416524.873
20110518,412099.13618000003
20110517,411651.8184
20110516,478754.52629999997
20110513,349041.20160000003
20110512,543137.0867999999
20110511,1596275.0136000002
20110510,545742.4606
20110509,271832.9068
20110506,336285.29446
20110505,352034.1201
20110504,318618.68123999995
20110503,267396.82168
20110502,242538.38864000002
20110429,247399.86160000003
20110428,280861.06032000005
20110427,230725.30798
20110426,308483.09208
20110425,216165.29305
20110421,205916.06469000003
20110420,311753.54764
20110419,285631.86504999996
20110418,411075.1424
20110415,347429.72736
20110414,459293.5564
20110413,248174.25570000004
20110412,348144.77942000004
20110411,288337.58311999997
20110408,303620.54832
20110407,397503.54459999996
20110406,330698.62641
20110405,324095.44508
20110404,291829.93161
20110401,360396.43820000003
20110331,310671.31616
20110330,303614.51325
20110329,234242.89573999998
20110328,255857.80704
20110325,341393.42725
20110324,300238.24312
20110323,493851.4944
20110322,285331.18319999997
20110321,297195.25188
20110318,547323.3023999999
20110317,382466.48728
20110316,680890.826
20110315,606701.8154
20110314,463644.82560000004
20110311,298005.20622
20110310,433702.79059999995
20110309,232147.55872
20110308,295954.68960000004
20110307,505447.14240000007
20110304,483207.71849999996
20110303,424444.33979999996
20110302,329584.90851
20110301,518618.46300000005
20110228,548039.8926
20110225,405243.30030000006
20110224,615305.0694
20110223,792228.9507
20110222,603307.281
20110218,693234.3132
20110217,279417.9748
20110216,344675.79660000006
20110215,519886.45170000003
20110214,323828.64076000004
20110211,616365.567
20110210,642236.6273
20110209,1549897.1296
20110208,484766.43019999994
20110207,297640.26852
20110204,453075.8385
20110203,385306.55100000004
20110202,621802.5006
20110201,369115.96008
20110131,318854.22491
20110128,325610.28045
20110127,324795.33892
20110126,385043.64879999997
20110125,315702.9587
20110124,308859.0155
20110121,433851.91240000003
20110120,351661.67944000004
20110119,327257.61009000003
20110118,309812.35506
20110114,204854.48460999998
20110113,277933.63208
20110112,375186.59389
20110111,255893.938
20110110,346514.461
20110107,260315.0067
20110106,584370.8195
20110105,877938.3828
20110104,854830.4065
20110103,286612.47842
20101231,136918.88947
20101230,127636.90315999999
20101229,191646.3352
20101228,129426.0612
20101227,131722.37308
20101223,169873.2594
20101222,273715.8171
20101221,178582.91234
20101220,188603.30604000002
20101217,417065.92199999996
20101216,282876.79352999997
20101215,267874.71530000004
20101214,258987.81440000003
20101213,457711.90640000004
20101210,247307.88341999997
20101209,240191.09334000002
20101208,315901.36691
20101207,302983.53215
20101206,190519.56936000002
20101203,259426.44525000005
20101202,521550.55740000005
20101201,556820.0448
20101130,641804.1786
20101129,309170.43618
20101126,128115.95660000002
20101124,335428.8807
20101123,430054.8336
20101122,240098.66130000004
20101119,505707.60079999996
20101118,357357.80289999995
20101117,393923.08079999994
20101116,458768.6584
20101115,433414.18000000005
20101112,1476246.215
20101111,1354887.6036999999
20101110,290175.12009
20101109,279740.6765
20101108,251499.98152000003
20101105,361319.0616000001
20101104,616346.9458999999
20101103,437297.0403
20101102,590035.2334
20101101,304594.26921
20101029,467015.29610000004
20101028,518658.86939999997
20101027,422152.31440000003
20101026,532221.3052000001
20101025,397857.29939999996
20101022,335254.34761
20101021,585687.978
20101020,349931.3436
20101019,327145.29248000006
20101018,240682.49625
20101015,336283.24224
20101014,256448.25550000003
20101013,503599.0923999999
20101012,312047.68935999996
20101011,184862.86758
20101008,445761.1837
20101007,305771.72605
20101006,382378.7304
20101005,490486.9614
20101004,354870.4108
20101001,430246.6988
20100930,478228.80000000005
20100929,304057.94885999995
20100928,427336.7648
20100927,261724.6484
20100924,356630.6814
20100923,597063.1823999999
20100922,334671.35229
20100921,400776.15
20100920,356646.939
20100917,656298.2016
20100916,249355.67751
20100915,248177.33446
20100914,263746.70324999996
20100913,302489.19269000005
20100910,251439.72244999997
20100909,237662.40096
20100908,283269.83472000004
20100907,361736.4024000001
20100903,292367.15219
20100902,237417.10098999998
20100901,333913.77951
20100831,407414.4668
20100830,228321.73865
20100827,363754.0874
20100826,323154.54699999996
20100825,454175.3996
20100824,454350.64540000004
20100823,264506.40512
20100820,285290.54144999996
20100819,399241.5142999999
20100818,281930.01196999993
20100817,332941.69392
20100816,232852.34015999996
20100813,371834.94639999996
20100812,400760.11470000003
20100811,512754.53319999995
20100810,434096.2907
20100809,274557.82992
20100806,282067.485
20100805,294086.47949999996
20100804,341689.23117
20100803,290484.15726
20100802,340897.20879999996
20100730,262949.91096
20100729,335021.87963
20100728,206216.60068
20100727,243187.8048
20100726,347580.008
20100723,367702.96800000005
20100722,334803.45445
20100721,331924.6617
20100720,388435.31999999995
20100719,319590.82971
20100716,430481.9718
20100715,362630.457
20100714,271452.28896000003
20100713,296821.51005000004
20100712,341026.0073
20100709,287678.41875
20100708,334482.54980000004
20100707,470806.0612
20100706,481912.1268
20100702,489316.8126
20100701,626740.7464999999
20100630,541369.395
20100629,510738.25899999996
20100628,257663.38906
20100625,372933.05039999995
20100624,343317.40800000005
20100623,325335.82074
20100622,332550.2505
20100621,399070.45
20100618,515450.14499999996
20100617,383386.9935
20100616,325730.83788
20100615,404201.3309
20100614,316026.7344
20100611,301285.42976
20100610,464927.8275
20100609,450998.00999999995
20100608,518857.1699999999
20100607,480424.728
20100604,731261.6639999999
20100603,616187.1923999999
20100602,633358.8360000001
20100601,512740.38749999995
20100528,529003.8432
20100527,555004.0103999999
20100526,835191.4482
20100525,858286.6880000001
20100524,456022.7728
20100521,661438.7368999999
20100520,851456.3967
20100519,618947.7588
20100518,586750.8896
20100517,517683.00600000005
20100514,577147.3812000001
20100513,536753.365
20100512,896974.6413
20100511,706718.4432
20100510,645177.7792999999
20100507,754384.1018999999
20100506,856422.1347999999
20100505,634870.0242000001
20100504,482827.7358000001
20100503,408933.7488
20100430,422022.83040000004
20100429,393664.0296
20100428,396680.5465
20100427,397035.34880000004
20100426,369774.61663999996
20100423,282440.32505
20100422,385989.549
20100421,328864.1464
20100420,603458.1
20100419,355927.37651000003
20100416,441918.6208
20100415,334366.6144
20100414,335478.2148
20100413,391451.64800000004
20100412,373643.61199999996
20100409,772934.0756
20100408,349825.46358
20100407,326432.77332
20100406,448259.219
20100405,373574.66579999996
20100401,519134.517
20100331,376660.74679999996
20100330,603781.425
20100329,441626.12519999995
20100326,808933.3857000001
20100325,1147640.5567
20100324,419392.58410000004
20100323,239361.08762
20100322,397811.841
20100319,562762.2143999999
20100318,271732.2315
20100317,265220.73
20100316,285950.0475
20100315,277714.37940000003
20100312,323772.48935999995
20100311,385361.98470000003
20100310,321730.82369999995
20100309,368837.29970000003
20100308,437330.69019999995
20100305,637981.7949999999
20100304,751556.6584
20100303,327160.764
20100302,448569.13399999996
20100301,270215.51214
20100226,416599.458
20100225,330966.5408
20100224,378629.319
20100223,316266.45680000004
20100222,241054.52416
20100219,393351.5313
20100218,254533.15206
20100217,301068.09238000005
20100216,276105.82461
20100212,384971.4757
20100211,373662.79600000003
20100210,726459.9342
20100209,426907.75039999996
20100208,314146.54480000003
20100205,353182.3078
20100204,397777.3824
20100203,491265.9975
20100202,302718.553
20100201,320838.12
20100129,428722.038
20100128,502642.81700000004
20100127,472672.9976
20100126,332110.1384
20100125,333781.536
20100122,433492.812
20100121,471502.66549999994
20100120,414898.42510000005
20100119,299621.34888
20100115,426452.61600000004
20100114,286488.1569
20100113,300647.83728000004
20100112,450094.66359999997
20100111,352813.1712
20100108,243912.31788
20100107,261105.91436999995
20100106,340776.29
20100105,329723.48919999995
20100104,439371.5073
20091231,633764.4225
20091230,216031.51128
20091229,202118.29136000003
20091228,254692.88791
20091224,114866.99295
20091223,212995.69979999997
20091222,296021.57058
20091221,249573.7332
20091218,486586.359
20091217,465936.28990000003
20091216,387217.7673
20091215,488612.7532
20091214,293813.181
20091211,490744.847
20091210,425977.976
20091209,284510.9606
20091208,266258.40488000005
20091207,385994.33
20091204,444290.6004
20091203,288488.46582
20091202,350581.71379999997
20091201,286326.12967
20091130,310068.0792
20091127,172630.80000000002
20091125,314514.68899999995
20091124,236220.09185
20091123,245250.34008
20091120,276232.7469
20091119,246165.39954
20091118,240558.45815
20091117,314056.2537
20091116,395754.621
20091113,884860.6644
20091112,525252.7595
20091111,338328.79
20091110,493239.8016
20091109,366655.12
20091106,338793.5712
20091105,351763.91000000003
20091104,359703.9446
20091103,332175.7968
20091102,364589.1812
20091030,354637.4692
20091029,370674.15
20091028,391154.41439999995
20091027,314575.7985
20091026,379774.659
20091023,282492.92025
20091022,222209.23392000003
20091021,280936.51597
20091020,304586.3755
20091019,377176.85360000003
20091016,354232.66199999995
20091015,255295.08307
20091014,275846.73088
20091013,267803.25693
20091012,199334.31408
20091009,203101.5624
20091008,297213.00230000005
20091007,193283.63793
20091006,310440.1794
20091005,283984.9576
20091002,398222.4315
20091001,438830.3232
20090930,510754.0778
20090929,225134.14968
20090928,243709.95699000004
20090925,374762.5224
20090924,333896.6299
20090923,308158.344
20090922,269569.21794
20090921,302525.72
20090918,400902.75360000005
20090917,396028.015
20090916,282892.56143
20090915,301971.7035
20090914,343201.9032
20090911,404177.58780000004
20090910,610693.1796
20090909,510295.8245
20090908,324291.25800000003
20090904,299362.56
20090903,282065.2368
20090902,375474.23
20090901,668240.5944000001
20090831,762993.8735999999
20090828,247983.91244000001
20090827,244294.61899000002
20090826,284735.25
20090825,306773.9839
20090824,246077.3052
20090821,367612.6479
20090820,258362.75661
20090819,282972.7264
20090818,243840.06359999996
20090817,232415.94610000003
20090814,230188.911
20090813,278927.9428
20090812,234841.23917999998
20090811,223676.44040000002
20090810,215567.93756000002
20090807,382555.5101
20090806,231522.25636
20090805,302717.1637
20090804,257615.336
20090803,461704.01199999993
20090731,629372.8080000001
20090730,446011.9014
20090729,303952.7424
20090728,284570.0091
20090727,258739.16355
20090724,233098.89179999995
20090723,454486.728
20090722,215493.68682
20090721,328805.316
20090720,348603.0812
20090717,257750.3463
20090716,380973.9595
20090715,288728.832
20090714,238658.12549999997
20090713,190913.12900000002
20090710,247591.0584
20090709,219988.84539000003
20090708,323144.0864
20090707,342538.4598
20090706,333043.92569999996
20090702,355416.8944
20090701,189761.3865
20090630,250989.03929999997
20090629,183023.44424
20090626,282600.7107
20090625,273000.549
20090624,228948.7727
20090623,223644.15215999997
20090622,277442.01540000003
20090619,324065.74850000005
20090618,220921.62815999996
20090617,203764.12672
20090616,313500.82859999995
20090615,188270.52525
20090612,183034.63135999997
20090611,241634.32026
20090610,295316.058
20090609,216185.16683999996
20090608,270088.97729999997
20090605,273026.85199999996
20090604,289391.568
20090603,272769.0768
20090602,246040.69308
20090601,297556.1394
20090529,270387.47819999995
20090528,294840.9384
20090527,357601.244
20090526,397461.8646
20090522,261862.011
20090521,292968.6295
20090520,246890.89950000003
20090519,281847.05340000003
20090518,224646.86573999998
20090515,490964.35219999996
20090514,278801.2852
20090513,329555.12000000005
20090512,376657.7024
20090511,359745.477
20090508,462681.7794
20090507,605512.8901
20090506,1278367.8609
20090505,387005.49499999994
20090504,399982.10579999996
20090501,344802.01920000004
20090430,798999.6
20090429,588982.1542
20090428,451660.5971
20090427,352466.9778
20090424,335187.3154
20090423,277979.64479999995
20090422,306202.81
20090421,224207.1744
20090420,277023.402
20090417,303886.7914
20090416,316854.6829
20090415,249729.5155
20090414,271564.707
20090413,283412.91510000004
20090409,274294.4988
20090408,240586.13919999998
20090407,221389.52400000003
20090406,220460.52240000002
20090403,369559.80000000005
20090402,507208.34900000005
20090401,241945.8649
20090331,266644.18799999997
20090330,233884.26600000003
20090327,259035.1049
20090326,296511.27379999997
20090325,296377.1585
20090324,303960.9613
20090323,297763.14920000004
20090320,310006.05549999996
20090319,306642.942
20090318,293211.4038
20090317,203578.7094
20090316,326357.8767
20090313,299581.25969999994
20090312,291706.0398
20090311,248134.63919999998
20090310,402797.48299999995
20090309,227133.5162
20090306,326343.20670000004
20090305,271370.2875
20090304,267657.082
20090303,319116.03319999995
20090302,273927.1155
20090227,312267.96510000003
20090226,212647.93019999997
20090225,278594.84239999996
20090224,294584.0128
20090223,256117.68859999996
20090220,402660.59400000004
20090219,346302.4473
20090218,327092.91599999997
20090217,391820.45519999997
20090213,217949.4716
20090212,381184.9167
20090211,353859.49
20090210,416724.8848
20090209,299454.53760000004
20090206,397199.5365
20090205,654335.1008000001
20090204,923178.27
20090203,559618.1396000001
20090202,332516.442
20090130,320216.1512
20090129,240028.1
20090128,291407.0268
20090127,269571.33749999997
20090126,226130.32679999998
20090123,316020.5496
20090122,334806.81029999995
20090121,362358.5229
20090120,394359.196
20090116,349684.9058
20090115,388104.3648
20090114,322037.248
20090113,326718.924
20090112,244887.743
20090109,256334.5377
20090108,288284.665
20090107,285125.8218
20090106,293473.72339999996
20090105,274362.735
20090102,234334.57632
20081231,204483.36912000002
20081230,247445.45280000003
20081229,159128.27578999999
20081226,68073.25904
20081224,77218.83056999999
20081223,204987.98185000004
20081222,276249.1398
20081219,474030.0125
20081218,418219.57379999995
20081217,346988.1888
20081216,529734.9322
20081215,293932.9206
20081212,339720.45029999997
20081211,338358.0732
20081210,385744.28099999996
20081209,619824.6717000001
20081208,844794.9776
20081205,408606.73919999995
20081204,374757.9298
20081203,358317.498
20081202,430298.3228
20081201,365302.85779999994
20081128,170635.2786
20081126,312838.875
20081125,447900.9623
20081124,533747.496
20081121,593513.6064
20081120,504230.33
20081119,447278.3274
20081118,453778.0182
20081117,407900.25359999994
20081114,355230.0416
20081113,520705.449
20081112,428556.44159999996
20081111,504681.3684
20081110,361295.04
20081107,670480.1216000001
20081106,524664.8992999999
20081105,364922.69940000004
20081104,436142.8166
20081103,494344.9384
20081031,452559.8651
20081030,359243.4849
20081029,409197.3831
20081028,522325.905
20081027,322209.5942
20081024,367351.0008
20081023,408224.466
20081022,474078.8005
20081021,371566.9984
20081020,373577.3505
20081017,445151.025
20081016,519817.0443
20081015,422698.3314
20081014,519099.1152
20081013,555047.88
20081010,870954.3935999998
20081009,580518.414
20081008,743998.6488
20081007,740214.4271
20081006,1011796.1712000001
20081003,516015.05899999995
20081002,353025.5708
20081001,338119.678
20080930,509118.55830000003
20080929,769642.5102
20080926,312594.3615
20080925,433679.7104
20080924,432081.2133
20080923,437555.8252
20080922,589004.0921999998
20080919,977730.7413
20080918,748112.992
20080917,714782.1689999999
20080916,598273.4025
20080915,492357.07639999996
20080912,372960.6774
20080911,460824.01199999993
20080910,454967.5382
20080909,496579.51050000003
20080908,670328.8912000001
20080905,282628.73856
20080904,360951.645
20080903,310611.30081
20080902,384206.7084
20080829,293180.933
20080828,315312.42152000003
20080827,232404.37168
20080826,206322.89075999998
20080825,255050.64680000002
20080822,256145.55820000003
20080821,221748.08753999998
20080820,393965.9656
20080819,278794.43225
20080818,327769.7008
20080815,373347.975
20080814,372932.0461
20080813,350263.59599999996
20080812,476773.2864
20080811,714643.448
20080808,472753.8316
20080807,330131.9124
20080806,403461.3922
20080805,486556.14759999997
20080804,347239.0394
20080801,454753.952
20080731,776273.7865
20080730,574750.6437
20080729,410051.14560000005
20080728,416594.925
20080725,398304.23099999997
20080724,365302.377
20080723,410730.817
20080722,659685.0423
20080721,298072.52675
20080718,432736.578
20080717,560328.2880000001
20080716,555681.3171
20080715,489741.9813
20080714,415472.922
20080711,436492.69599999994
20080710,336453.136
20080709,399868.5054
20080708,781191.5404999999
20080707,661084.4032
20080703,214853.9109
20080702,418667.89450000005
20080701,532346.9715000001
20080630,494521.248
20080627,654391.7995999999
20080626,625801.7646
20080625,523647.82800000004
20080624,564766.3367999999
20080623,351455.7925
20080620,681758.6612
20080619,457596.59660000005
20080618,397983.939
20080617,303335.37772999995
20080616,368636.0865
20080613,310570.51896
20080612,436733.37960000004
20080611,413196.43230000004
20080610,561765.0798999999
20080609,332191.85579999996
20080606,547892.0576
20080605,401472.56740000006
20080604,846045.996
20080603,366970.4682
20080602,343764.55799999996
20080530,429372.72000000003
20080529,425018.748
20080528,480870.9164
20080527,313154.99548
20080523,297450.43626
20080522,259981.55083999998
20080521,382302.53819999995
20080520,430734.3089
20080519,429318.3552
20080516,444365.5498999999
20080515,397380.0304
20080514,343384.9284
20080513,379938.0059
20080512,319061.65473
20080509,460421.591
20080508,651785.0112000001
20080507,1071384.014
20080506,507885.76469999994
20080505,339325.9687
20080502,291620.63857
20080501,407813.77799999993
20080430,424085.1642
20080429,333484.35120000003
20080428,248041.95762
20080425,386506.54559999995
20080424,383583.1106
20080423,474599.6836
20080422,264754.98441
20080421,276762.86924
20080418,360716.0752
20080417,413648.7264
20080416,321585.13840000005
20080415,308888.07550000004
20080414,280232.91636
20080411,467436.5922
20080410,381934.8555
20080409,324177.97000000003
20080408,406046.6839
20080407,306767.2968
20080404,391088.24919999996
20080403,283167.52476
20080402,412566.83759999997
20080401,499147.7076
20080331,356223.8772
20080328,341523.58999999997
20080327,300300.44951999997
20080326,292815.48056
20080325,274185.32192
20080324,335907.03959999996
20080320,440285.714
20080319,366665.442
20080318,437365.1932
20080317,384594.3566
20080314,351544.2282
20080313,330723.55289999995
20080312,285427.13022
20080311,453285.5176
20080310,384477.6948
20080307,392199.228
20080306,329030.625
20080305,306661.27128
20080304,506955.7713
20080303,268453.22917
20080229,472403.2985
20080228,365096.8476
20080227,341576.77400000003
20080226,340100.6895
20080225,446244.6131
20080222,287005.17893
20080221,332547.51320000004
20080220,332546.01479999995
20080219,341519.1612
20080215,494626.13550000003
20080214,387744.9792
20080213,473520.8676
20080212,458480.3027
20080211,289988.16420999996
20080208,486984.16799999995
20080207,526859.3668
20080206,982029.825
20080205,571546.5040000001
20080204,365468.823
20080201,428820.8778
20080131,449123.0336
20080130,488473.9251
20080129,662723.424
20080128,304813.0206
20080125,340157.4192
20080124,433983.0714
20080123,628024.66
20080122,577529.4036
20080118,466287.8924
20080117,578540.5332
20080116,561387.7731
20080115,359503.251
20080114,264544.89485
20080111,353862.59760000004
20080110,375426.2561
20080109,749736.2808000001
20080108,397453.668
20080107,334747.206
20080104,297311.98354
20080103,307565.94186
20080102,295150.97328
20071231,172077.54612
20071228,181788.99020000003
20071227,217269.06576
20071226,165063.4311
20071224,114946.87836
20071221,672268.1778
20071220,310100.24294
20071219,356006.84299999994
20071218,394165.68360000005
20071217,394607.24580000003
20071214,392399.7729999999
20071213,383430.57479999994
20071212,342738.3876
20071211,442274.83280000003
20071210,396459.2785
20071207,263103.51705
20071206,259384.49528
20071205,244429.2975
20071204,305300.01950000005
20071203,298982.72656
20071130,396420.95999999996
20071129,254649.76226
20071128,409848.5867
20071127,452665.3352
20071126,228879.92248
20071123,113004.42656
20071121,272831.958
20071120,297378.27945000003
20071119,399797.5
20071116,304078.50149
20071115,341478.18
20071114,487878.87059999997
20071113,377881.975
20071112,426390.4876
20071109,488879.90060000005
20071108,408116.1924
20071107,253394.33500000002
20071106,224737.96991999997
20071105,269707.97392
20071102,303431.36000000004
20071101,375912.446
20071031,270744.266
20071030,167534.082
20071029,248447.52
20071026,394077.31200000003
20071025,366317.185
20071024,275175.422
20071023,222626.11200000002
20071022,341917.05600000004
20071019,378502.95
20071018,295336.9785
20071017,319587.54000000004
20071016,282621.726
20071015,233747.766
20071012,192047.13638
20071011,211810.5
20071010,165978.28800000003
20071009,257852.665
20071008,169003.25900000002
20071005,259807.109
20071004,194106.82
20071003,197893.58399999997
20071002,326552.886
20071001,300141.765
20070928,251504.38700000002
20070927,238594.224
20070926,290109.53200000006
20070925,338049.35400000005
20070924,271457.472
20070921,508927.94
20070920,346425.08
20070919,364584.1536
20070918,472123.50639999995
20070917,240509.576
20070914,295255.846
20070913,232742.768
20070912,273573.732
20070911,257862.953
20070910,184194.06000000003
20070907,332430.15300000005
20070906,280465.58699999994
20070905,362241.766
20070904,330972.262
20070831,237750.24
20070830,244334.347
20070829,283371.235
20070828,322126.32000000007
20070827,240268.23
20070824,249980.922
20070823,357554.332
20070822,329939.388
20070821,331548.426
20070820,354804.35549999995
20070817,521710.05600000004
20070816,629830.044
20070815,404745.1716
20070814,372207.956
20070813,285734.364
20070810,508767.2479999999
20070809,492762.60000000003
20070808,448396.614
20070807,494407.0449999999
20070806,489248.3399999999
20070803,427217.97
20070802,394287.87200000003
20070801,508963.55419999996
20070731,517126.5
20070730,389747.79799999995
20070727,411735.96800000005
20070726,527396.52
20070725,356540.98899999994
20070724,363036.72500000003
20070723,394609.447
20070720,369089.7540000001
20070719,278134.94853
20070718,355715.33400000003
20070717,394359.45839999994
20070716,203250.59702999998
20070713,282023.06937
20070712,370587.74
20070711,334249.36699999997
20070710,376196.96170000004
20070709,207496.61696
20070706,231979.67102
20070705,252117.79327
20070703,178881.55472
20070702,268003.06208
20070629,410338.902
20070628,404894.40550000005
20070627,274771.3768
20070626,328458.32526000007
20070625,343798.91520000005
20070622,512376.8754
20070621,352967.303
20070620,383552.99319999997
20070619,393417.156
20070618,449577.13019999996
20070615,767415.84
20070614,481713.619
20070613,536235.33
20070612,321448.27849999996
20070611,257379.10199999998
20070608,389615.2392
20070607,452089.80000000005
20070606,310991.25865000003
20070605,345878.42821
20070604,443748.65040000004
20070601,441952.61980000004
20070531,551790.3718000001
20070530,434320.59900000005
20070529,406200.98860000004
20070525,227034.0072
20070524,312204.36526
20070523,283182.27035999997
20070522,258879.73779
20070521,433709.7041
20070518,388540.9676
20070517,242779.69267000002
20070516,300609.90955
20070515,278553.483
20070514,238088.96704000002
20070511,269316.34131999995
20070510,344024.7524
20070509,501876.9498
20070508,557585.1264
20070507,309093.87600000005
20070504,262289.12661
20070503,293163.49748
20070502,422901.0324
20070501,387587.5910999999
20070430,350326.51920000004
20070427,213934.02768000003
20070426,261119.91645
20070425,320844.27984
20070424,238556.0564
20070423,241192.89580000003
20070420,425494.22880000004
20070419,282027.43967999995
20070418,255274.86474000002
20070417,311312.9708700001
20070416,279708.80704
20070413,310811.01982
20070412,315551.96804
20070411,408862.47870000004
20070410,260173.72976
20070409,281093.4785
20070405,264206.4231
20070404,341822.71214
20070403,420390.684
20070402,239177.028
20070330,361533.2182
20070329,266081.46233999997
20070328,424039.449
20070327,422229.68200000003
20070326,345069.73319999996
20070323,250545.20539999998
20070322,415746.53580000007
20070321,413467.6485
20070320,246664.704
20070319,265519.075
20070316,457299.9199999999
20070315,334345.252
20070314,342898.64700000006
20070313,459970.004
20070312,398287.48199999996
20070309,391188.89600000007
20070308,283276.863
20070307,322813.35099999997
20070306,390132.148
20070305,353989.76579999994
20070302,336212.52300000004
20070301,470839.7263
20070228,533562.3019999999
20070227,489143.984
20070226,284024.8009
20070223,250678.17199999996
20070222,268781.76
20070221,288852.228
20070220,304385.00800000003
20070216,331052.18399999995
20070215,382353.975
20070214,410560.65969999996
20070213,443644.5477
20070212,600549.0864
20070209,651233.52
20070208,720664.8799999999
20070207,424823.938
20070206,274021.026
20070205,312255.68
20070202,269310.696
20070201,281281.09500000003
20070131,313764.026
20070130,229118.99999999997
20070129,382180.56599999993
20070126,358399.386
20070125,329800.864
20070124,374652.756
20070123,395216.83200000005
20070122,306065.507
20070119,441256.35199999996
20070118,590252.259
20070117,345280.76099999994
20070116,384579.078
20070112,416879.0
20070111,425953.885
20070110,248133.56699999998
20070109,393146.48
20070108,322062.21599999996
20070105,355259.17000000004
20070104,332878.899
20070103,456776.13
20061229,331676.213
20061228,244921.004
20061227,259430.968
20061226,226264.527
20061222,229015.6
20061221,216927.47199999998
20061220,195933.05
20061219,301702.359
20061218,271497.765
20061215,476894.72000000003
20061214,297653.1479999999
20061213,289711.67699999997
20061212,322736.24799999996
20061211,243356.52000000002
20061208,213614.99199999997
20061207,221574.528
20061206,275989.512
20061205,461897.13
20061204,260684.44800000003
20061201,276619.644
20061130,295402.357
20061129,309958.64400000003
20061128,341812.828
20061127,324903.13399999996
20061124,86832.40500000001
20061122,273579.147
20061121,189901.567
20061120,365346.06
20061117,332508.864
20061116,282539.39999999997
20061115,343039.19
20061114,408703.137
20061113,379235.50000000006
20061110,809344.074
20061109,659019.9600000001
20061108,232112.60799999998
20061107,385702.21199999994
20061106,363787.2
20061103,271503.534
20061102,163113.692
20061101,267044.607
20061031,233509.24
20061030,145640.81999999998
20061027,213604.649
20061026,326953.368
20061025,233129.61000000002
20061024,216195.696
20061023,258969.9
20061020,255335.677
20061019,195271.596
20061018,403339.376
20061017,206717.088
20061016,138121.848
20061013,167381.235
20061012,182710.264
20061011,139321.875
20061010,196135.196
20061009,163674.186
20061006,229876.72
20061005,148739.465
20061004,309254.75899999996
20061003,244639.486
20061002,201262.488
20060929,253463.6
20060928,294246.66599999997
20060927,401928.32399999996
20060926,427761.243
20060925,251587.116
20060922,337131.795
20060921,281762.334
20060920,348706.71499999997
20060919,231143.328
20060918,197612.849
20060915,513155.13200000004
20060914,175486.56
20060913,327502.24
20060912,380311.56799999997
20060911,194452.016
20060908,219192.331
20060907,195157.76
20060906,144572.048
20060905,175921.32
20060901,176945.23200000002
20060831,155124.72
20060830,230875.91999999998
20060829,260839.65399999998
20060828,149977.664
20060825,169463.82
20060824,299060.08999999997
20060823,264331.854
20060822,436277.919
20060821,201002.56
20060818,200939.884
20060817,182299.92
20060816,290086.664
20060815,222170.597
20060814,255655.19700000001
20060811,200433.298
20060810,502795.49799999996
20060809,537737.032
20060808,358963.44
20060807,308099.34
20060804,295738.875
20060803,244181.579
20060802,252166.95
20060801,288833.54
20060731,275320.032
20060728,434470.345
20060727,305783.424
20060726,239296.37099999998
20060725,234618.90300000002
20060724,270160.34400000004
20060721,308635.516
20060720,268071.912
20060719,337492.34
20060718,314518.54
20060717,298219.025
20060714,299783.196
20060713,505471.94999999995
20060712,251271.9
20060711,302368.44
20060710,350013.673
20060707,278425.132
20060706,323010.294
20060705,335884.77400000003
20060703,173703.123
20060630,371110.45
20060629,330787.853
20060628,242996.11699999997
20060627,261139.58399999997
20060626,278422.076
20060623,250929.33299999998
20060622,275399.214
20060621,336411.98
20060620,397580.418
20060619,355495.0
20060616,368978.81999999995
20060615,343819.946
20060614,425936.944
20060613,380320.206
20060612,541078.8650000001
20060609,440429.76
20060608,614876.472
20060607,412968.42000000004
20060606,496866.672
20060605,307547.559
20060602,264785.112
20060601,307907.15400000004
20060531,435057.42
20060530,247133.51999999996
20060526,228233.734
20060525,250404.91000000003
20060524,375553.29
20060523,313277.45399999997
20060522,358615.31
20060519,419019.09
20060518,402988.125
20060517,452899.24
20060516,430326.66000000003
20060515,329268.14400000003
20060512,381853.14
20060511,430428.95
20060510,634611.69
20060509,537372.175
20060508,792232.584
20060505,1508433.432
20060504,221234.89500000002
20060503,236930.222
20060502,189481.82400000002
20060501,228538.92799999999
20060428,322938.237
20060427,265508.907
20060426,177319.365
20060425,216880.125
20060424,185463.47
20060421,205862.00999999998
20060420,215697.43099999998
20060419,209183.923
20060418,203463.848
20060417,161346.84
20060413,100675.025
20060412,136914.162
20060411,162902.12399999998
20060410,184712.338
