20160408,646710.02632
20160407,644488.6588
20160406,436124.59728000005
20160405,370041.46809999994
20160404,438166.39226
20160401,428467.24958
20160331,550074.51744
20160330,463500.65979
20160329,340249.01322
20160328,382255.54884
20160324,320452.76112000004
20160323,343536.18479
20160322,348426.98742
20160321,448817.05554
20160318,735623.38563
20160317,572475.68103
20160316,421117.20080999995
20160315,390419.68035000004
20160314,360347.9352
20160311,598980.78636
20160310,554569.86606
20160309,509178.324
20160308,485749.06022
20160307,592148.62525
20160304,706374.0
20160303,481583.33164
20160302,411010.45196999994
20160301,511305.88635000004
20160229,581885.2045999999
20160226,639851.472
20160225,470022.89449000004
20160224,567299.21472
20160223,370392.91884
20160222,472538.50032000005
20160219,451219.88339999993
20160218,371494.73516
20160217,447299.25460000004
20160216,463882.03959999996
20160212,503191.71336
20160211,571535.9676
20160210,439651.38924000005
20160209,490830.66396000003
20160208,461167.49656
20160205,542537.39496
20160204,507585.67493
20160203,507984.39248
20160202,374172.34140999994
20160201,361275.70032
20160129,728585.0523
20160128,503802.85699999996
20160127,555977.67264
20160126,359778.41312
20160125,422759.80188000004
20160122,665835.0606
20160121,573564.30777
20160120,708707.84626
20160119,653650.74478
20160115,772870.4112900001
20160114,631561.2202900001
20160113,497680.3185
20160112,505733.5887
20160111,549361.3607999999
20160108,471774.12824
20160107,530432.18239
20160106,545490.1242
20160105,486694.5759
20160104,640439.79181
20151231,303910.87664
20151230,235982.7477
20151229,239551.34875
20151228,404499.11628
20151224,104994.72632
20151223,294839.07024000003
20151222,387436.075
20151221,304279.97836
20151218,676129.5112000001
20151217,430398.6792
20151216,503634.33456
20151215,551707.23087
20151214,648786.1257
20151211,530895.72776
20151210,388339.05870000005
20151209,415231.48140999995
20151208,339095.88468
20151207,342982.48866000003
20151204,649080.18426
20151203,560615.9439600001
20151202,433535.63064000005
20151201,451156.19546
20151130,598713.912
20151127,147422.51304
20151125,292094.004
20151124,342375.66286
20151123,464312.5932
20151120,480493.9139
20151119,352849.96791
20151118,385594.90281999996
20151117,340262.7953
20151116,343157.83264000004
20151113,391934.70408000005
20151112,382544.50221
20151111,313350.36381
20151110,332840.46464
20151109,391542.25535999995
20151106,464738.57820000005
20151105,285135.88331
20151104,336537.47556
20151103,421334.84388000006
20151102,507741.741
20151030,554464.5458
20151029,309235.14719999995
20151028,530633.0930999999
20151027,411272.27028
20151026,376392.86022000003
20151023,513378.75028000004
20151022,611236.25916
20151021,434925.6025
20151020,362338.07847999997
20151019,491169.11588000006
20151016,552777.3779000001
20151015,566040.90816
20151014,413203.66329
20151013,586484.9856
20151012,454137.43866000004
20151009,557728.88682
20151008,463500.75765
20151007,644184.05424
20151006,688637.29438
20151005,545289.48903
20151002,486218.22919999994
20151001,475047.39605
20150930,553268.5673
20150929,523356.4197600001
20150928,430824.01796
20150925,457737.63867
20150924,375801.22398
20150923,314348.5884
20150922,420089.33826000005
20150921,342414.93435
20150918,894498.2106
20150917,488365.71595000004
20150916,386394.34471
20150915,342228.26288
20150914,399776.2944
20150911,371799.54882
20150910,355367.75102
20150909,405580.38327
20150908,335625.84078
20150904,513623.08192
20150903,347709.95199
20150902,543457.36564
20150901,762222.5533100001
20150831,495130.01777
20150828,560554.2843
20150827,619708.1904
20150826,699661.78521
20150825,733041.7671599999
20150824,1227418.146
20150821,722422.855
20150820,387690.30138
20150819,386228.78805
20150818,456794.75006
20150817,324856.26362000004
20150814,334967.7341
20150813,413993.8195500001
20150812,372313.89586
20150811,352890.36808000004
20150810,471036.50307
20150807,456678.4669
20150806,616843.878
20150805,428538.29381999996
20150804,386756.58522
20150803,361615.51100000006
20150731,486527.80379999994
20150730,326675.39829
20150729,371256.98631
20150728,474506.98764
20150727,457274.98426
20150724,349300.2723
20150723,265376.62431
20150722,327306.84498
20150721,296774.74899
20150720,330055.47414
20150717,345843.71712
20150716,412119.3822
20150715,511103.2202
20150714,435081.59661999997
20150713,706172.73354
20150710,691152.03885
20150709,939477.14982
20150708,578599.97748
20150707,744671.1056
20150706,467508.7312
20150702,303822.25056
20150701,454511.42404
20150630,390951.41644000006
20150629,339219.44802
20150626,485898.00905999995
20150625,419385.48533999996
20150624,451869.27747
20150623,351471.20119999995
20150622,328561.9996
20150619,517377.53862
20150618,384265.14421
20150617,292390.164
20150616,255271.1947
20150615,667285.4568
20150612,351040.08298
20150611,283765.56055
20150610,364275.05841
20150609,317301.13117999997
20150608,414679.79388
20150605,441145.86275
20150604,450895.48578000005
20150603,309631.7966
20150602,380389.3123
20150601,422444.77673999994
20150529,551740.73453
20150528,516510.61360000004
20150527,388235.79563999997
20150526,362053.05666
20150522,318727.73738
20150521,331151.3604
20150520,272588.70536
20150519,325580.5107
20150518,325945.75205
20150515,374109.37224
20150514,393787.03
20150513,360549.87596
20150512,406917.7268
20150511,295801.82259999996
20150508,505107.21455
20150507,300426.0391
20150506,321975.7464
20150505,334235.64928
20150504,357066.31505
20150501,441449.83604
20150430,637631.87864
20150429,468118.94844
20150428,477854.42689999996
20150427,504333.09926999995
20150424,512179.05376000004
20150423,748798.24113
20150422,514504.48384000006
20150421,404945.71464
20150420,431228.2955
20150417,477832.2549
20150416,356770.38255
20150415,339044.23154999997
20150414,433719.84828
20150413,360071.96259
20150410,260208.494
20150409,336079.59119999997
20150408,372482.50841999997
20150407,324861.05043
20150406,468521.93088
20150402,343163.57369
20150401,402182.10900999996
20150331,420494.59158000007
20150330,484650.76044
20150327,407353.32625000004
20150326,485581.21603999997
20150325,473009.52908
20150324,681579.6500200001
20150323,454273.407
20150320,839610.0892200001
20150319,411641.7674
20150318,727417.14136
20150317,424282.97394999996
20150316,447410.89825
20150313,443642.51447999995
20150312,426384.79586
20150311,434176.72902
20150310,508939.64471
20150309,461867.11648
20150306,621841.9519
20150305,343944.80505
20150304,378232.98776
20150303,408171.2688000001
20150302,357349.806
20150227,639578.27416
20150226,436579.89274
20150225,334517.806
20150224,337509.78014
20150223,305882.84025
20150220,390879.56622000004
20150219,413266.69872000004
20150218,344922.03437999997
20150217,577988.34344
20150213,559388.11175
20150212,908675.71803
20150211,977048.624
20150210,665806.57762
20150209,404716.81446
20150206,447628.90799000004
20150205,431089.85726
20150204,489240.84299999994
20150203,489682.05
20150202,656051.4316700001
20150130,725125.15332
20150129,441345.71745
20150128,601131.172
20150127,712343.38032
20150126,424231.89339000004
20150123,478628.68834999995
20150122,753221.8066
20150121,490003.42640000005
20150120,684897.95374
20150116,428222.03229000006
20150115,427668.85336
20150114,495704.32933
20150113,517736.62864999997
20150112,404254.25238
20150109,392843.18038
20150108,695164.58288
20150107,624824.9940599999
20150106,576258.4349
20150105,603710.61842
20150102,335220.35196
20141231,352460.67456
20141230,204820.28664
20141229,237358.87917000003
20141226,144865.46745
20141224,156180.52744
20141223,299125.74848
20141222,350042.56898
20141219,732240.58984
20141218,773334.9843199999
20141217,580399.0566
20141216,643577.3497
20141215,428452.98048
20141212,373057.31904
20141211,458575.44389
20141210,382055.04456
20141209,331103.83449
20141208,413952.6078
20141205,518929.53424
20141204,448719.029
20141203,485593.23792
20141202,390320.3356
20141201,364096.5034
20141128,250677.22679999997
20141126,266812.27365
20141125,359826.81098000007
20141124,349395.09184
20141121,456737.60627
20141120,365483.15228
20141119,334278.98959
20141118,382503.98442
20141117,367407.96204
20141114,423634.18048000004
20141113,615898.1569000001
20141112,315530.0148
20141111,315592.3441
20141110,324411.09862999996
20141107,510465.0232
20141106,406459.88292
20141105,368578.86144
20141104,361348.84411999997
20141103,414807.91723
20141031,505739.95004
20141030,340523.66065000003
20141029,310039.77408999996
20141028,320866.54424
20141027,296676.65748000005
20141024,378950.85579999996
20141023,524123.5568000001
20141022,486294.7212999999
20141021,646008.7178999999
20141020,643911.47915
20141017,572863.12365
20141016,656084.856
20141015,787453.13325
20141014,545830.4871400001
20141013,487957.05111999996
20141010,790414.7673000001
20141009,850912.4802
20141008,536814.0239
20141007,633057.8422
20141006,348559.08015
20141003,381891.68049999996
20141002,325302.975
20141001,448682.82580000005
20140930,392775.66099
20140929,276977.799
20140926,329332.45258
20140925,405186.6012
20140924,395248.997
20140923,314686.44282
20140922,354722.38282
20140919,587060.2159500001
20140918,398064.13426
20140917,463989.37004999997
20140916,477230.7495
20140915,343886.6544
20140912,326016.20727
20140911,336413.7894
20140910,341501.29877000005
20140909,297958.71518
20140908,324664.0131
20140905,288828.90825
20140904,410278.24364999996
20140903,455909.10050000006
20140902,474446.16735999996
20140829,338278.38291
20140828,299434.54914
20140827,272551.73213
20140826,288556.87899999996
20140825,467437.68516
20140822,354081.81519999995
20140821,373749.1422
20140820,526566.06433
20140819,283505.95638
20140818,274120.72445000004
20140815,353127.88774999994
20140814,332713.32417000004
20140813,338549.03939999995
20140812,253202.60839999997
20140811,480161.47573000006
20140808,427964.12636000005
20140807,415837.39450000005
20140806,596448.40962
20140805,684946.5516
20140804,581990.78635
20140801,351356.51133
20140731,425161.96619999997
20140730,377889.63859
20140729,384773.8575
20140728,423173.51824
20140725,267781.3697
20140724,453052.14681999997
20140723,994818.6667999999
20140722,472903.46464
20140721,271898.53929
20140718,475062.588
20140717,254113.22205999997
20140716,463504.619
20140715,357636.27554
20140714,409500.78047999996
20140711,328429.0644
20140710,283419.7313
20140709,223822.01490999997
20140708,280741.21209000004
20140707,227753.58468
20140703,199552.73520000002
20140702,253734.35682000002
20140701,315608.08217999997
20140630,399654.62808000005
20140627,323631.65268
20140626,313617.10717
20140625,351242.90796
20140624,379467.58814999997
20140623,370154.25020999997
20140620,507603.591
20140619,484777.37369999994
20140618,472451.3157
20140617,296148.8952
20140616,339905.78345
20140613,265708.12458999996
20140612,336338.6362
20140611,279807.61578
20140610,301602.56524
20140609,200649.328
20140606,323103.88654
20140605,257819.57280000002
20140604,338042.23719
20140603,456509.03452
20140602,252720.35877
20140530,457690.46300999995
20140529,407387.94088
20140528,350953.57142
20140527,380738.0571
20140523,236095.41339
20140522,253731.94858
20140521,227913.2436
20140520,386297.51655
20140519,361744.2423
20140516,317828.1021
20140515,332425.29767999996
20140514,236755.01824
20140513,197087.81092000002
20140512,279796.72292000003
20140509,290286.21172
20140508,303893.56844
20140507,476846.64999999997
20140506,268159.1218
20140505,256828.71818999999
20140502,294015.96407999995
20140501,329333.85799
20140430,376843.23390000005
20140429,417575.64544
20140428,519053.28317999997
20140425,319630.3825
20140424,320677.76479999995
20140423,410419.13562
20140422,381706.37406000006
20140421,419553.94195
20140417,955455.7644999999
20140416,472473.39384
20140415,476371.2404799999
20140414,385813.26314999996
20140411,557416.06415
20140410,640989.11
20140409,413372.29407
20140408,542954.8213
20140407,740924.2091699999
20140404,363730.81986000005
20140403,278803.77848
20140402,406967.40152
20140401,387616.58208
20140331,552523.341
20140328,334563.97695
20140327,357552.9625
20140326,529389.6367800001
20140325,343648.376
20140324,428262.34403
20140321,756238.8308400001
20140320,265314.56322
20140319,415478.31205999997
20140318,285866.0211
20140317,636870.04875
20140314,628803.081
20140313,500464.3428
20140312,466161.57155
20140311,483389.79416000005
20140310,352542.10981000005
20140307,328867.78164
20140306,477775.03692000004
20140305,518966.03189
20140304,607828.3596
20140303,458605.99455999996
20140228,790341.66438
20140227,617473.28586
20140226,518005.02325
20140225,594951.6183300001
20140224,611085.0953599999
20140221,585743.7430799999
20140220,747358.8909600001
20140219,798249.453
20140218,766178.38512
20140214,1034391.0726
20140213,892288.9299999999
20140212,364355.39883
20140211,411779.30624999997
20140210,382206.16719999997
20140207,367258.63146
20140206,485376.9637
20140205,383563.65520000004
20140204,428125.8057999999
20140203,555768.27351
20140131,540710.77816
20140130,372080.74156
20140129,604810.668
20140128,318401.16504
20140127,476851.64472
20140124,482132.69832
20140123,447517.66309000005
20140122,324804.72575
20140121,397248.74124000006
20140117,514539.6954
20140116,308630.05062
20140115,347236.73703
20140114,361535.85053
20140113,369605.55706
20140110,309951.5825
20140109,378282.57804999995
20140108,470577.27916
20140107,528624.66148
20140106,319935.16588
20140103,270342.61759999994
20140102,268951.30789999996
20131231,249606.6859
20131230,166390.83534999998
20131227,195304.94262
20131226,148323.9222
20131224,91504.95479999999
20131223,304411.47224000003
20131220,613256.7591
20131219,332820.76373999997
20131218,603883.1838
20131217,641962.01808
20131216,343896.192
20131213,307396.74272000004
20131212,514293.83552
20131211,546122.40151
20131210,402846.1016
20131209,444189.26329
20131206,388278.73670000007
20131205,435837.15630000003
20131204,563653.4946000001
20131203,483317.0028
20131202,376304.7375
20131129,227880.42802
20131127,304888.23287999997
20131126,391045.70688
20131125,215758.24747000003
20131122,261945.98879999996
20131121,268593.27918
20131120,380626.61586
20131119,343397.41257000004
20131118,356961.40452
20131115,285965.69869
20131114,250298.26534
20131113,277478.5734
20131112,390599.84364
20131111,368220.11460000003
20131108,442921.4407999999
20131107,500709.8911
20131106,521525.90908
20131105,271426.43504
20131104,301441.10139
20131101,350924.4228
20131031,384475.20483
20131030,301275.41832
20131029,371834.30952
20131028,454088.41701000003
20131025,338830.0858
20131024,454859.86374000006
20131023,388747.86613
20131022,427708.43359999993
20131021,327933.83273
20131018,527652.64995
20131017,369069.17856
20131016,604754.4295
20131015,437473.66779999994
20131014,295392.13821
20131011,332295.20154
20131010,376278.85285
20131009,421237.18950000004
20131008,436207.90788
20131007,384795.61404
20131004,226243.25556000002
20131003,316771.68696
20131002,433463.00867999997
20131001,330092.09792
20130930,415895.7435
20130927,275018.1508
20130926,317457.26940000005
20130925,411540.98673999996
20130924,449578.54862
20130923,436258.91465999995
20130920,435714.82478
20130919,430754.56301999994
20130918,407505.29568
20130917,335648.15958
20130916,334623.45668
20130913,274380.18816
20130912,265350.34386
20130911,354365.27694999997
20130910,371927.40065
20130909,298237.01039999997
20130906,352196.16930000007
20130905,317373.37996
20130904,424290.80034
20130903,478522.2022
20130830,345474.15623
20130829,445587.16973
20130828,401402.98068
20130827,409507.8726
20130826,324968.09007
20130823,242251.40535
20130822,302857.28275
20130821,431297.25888
20130820,277229.64766
20130819,399957.98951999994
20130816,483680.55812000006
20130815,432885.65292
20130814,242800.00225000002
20130813,246248.50186000002
20130812,240414.51645999998
20130809,316600.88976
20130808,229301.92352
20130807,324847.19228
20130806,326402.25344999996
20130805,303300.94080000004
20130802,373099.23304
20130801,487630.6596
20130731,669699.6631000001
20130730,370632.60228
20130729,290388.098
20130726,357477.30822999997
20130725,435019.44015
20130724,508683.35868
20130723,544866.752
20130722,413094.7296000001
20130719,531185.25506
20130718,798765.1952
20130717,620359.75724
20130716,376472.36294
20130715,357701.05632
20130712,366787.44671999995
20130711,401705.16679999995
20130710,469246.95440999995
20130709,317720.25984
20130708,306801.43188
20130705,270141.3872
20130703,312118.56819
20130702,412985.84192000004
20130701,312150.38624
20130628,490885.34083000006
20130627,364938.69271999993
20130626,367410.22829999996
20130625,474662.8128
20130624,543869.63433
20130621,754568.9853
20130620,547645.42157
20130619,443842.29754
20130618,277093.27762999997
20130617,384375.66635
20130614,331336.48409
20130613,441914.4197
20130612,351248.76213000005
20130611,536850.05724
20130610,417275.51629999996
20130607,532002.94489
20130606,492546.66216
20130605,568247.6688
20130604,370843.78392
20130603,468771.04120000004
20130531,631282.00446
20130530,402834.63112000003
20130529,352547.68224000005
20130528,334072.05671000003
20130524,295594.53194
20130523,382186.15152
20130522,434912.31194
20130521,329252.53843
20130520,326903.69109
20130517,377665.8176
20130516,376514.04897999996
20130515,344592.86275000003
20130514,379498.48199999996
20130513,249962.47924
20130510,262434.62899999996
20130509,307527.9324
20130508,342211.19625000004
20130507,308922.54516
20130506,250144.94999999998
20130503,395695.31034
20130502,225136.90944000002
20130501,290371.39249
20130430,339611.13012
20130429,235571.17890000003
20130426,253794.24171
20130425,464023.06779999996
20130424,526833.46946
20130423,561014.4482
20130422,555703.18628
20130419,692646.3430199999
20130418,1535126.125
20130417,593914.36425
20130416,411938.39999999997
20130415,422777.75464000006
20130412,443141.9603299999
20130411,430983.60039999994
20130410,283423.76852
20130409,310651.16427999997
20130408,294434.13300000003
20130405,333579.65604
20130404,421437.50253
20130403,307569.01896
20130402,321667.09326
20130401,287869.5792
20130328,422290.68309
20130327,281983.98252
20130326,409213.2218
20130325,534981.00496
20130322,1117755.9312
20130321,304458.8179
20130320,578490.2596799999
20130319,386427.45713
20130318,320277.7908000001
20130315,510112.19376000005
20130314,320629.81506
20130313,272721.64995
20130312,354340.41423
20130311,309174.23595
20130308,331740.9836
20130307,344187.41756000003
20130306,302636.00639999995
20130305,570963.0443000001
20130304,426007.83599999995
20130301,325446.45834
20130228,455318.97825
20130227,351430.57764000003
20130226,467061.56098
20130225,571656.48694
20130222,375678.42048
20130221,425428.30079999997
20130220,576065.35116
20130219,817323.74
20130215,688914.6312000001
20130214,589860.02192
20130213,860160.73
20130212,461734.63875
20130211,270915.26112000004
20130208,270172.2606
20130207,301895.59788
20130206,348039.69872
20130205,406613.41875
20130204,394822.43325
20130201,433449.29875
20130131,413630.78969999996
20130130,379195.44117999997
20130129,485415.18942
20130128,271629.43557
20130125,300948.90407999995
20130124,371001.59416
20130123,345537.94316
20130122,508440.703
20130118,561224.01936
20130117,542935.71458
20130116,357471.1226
20130115,397094.24439999997
20130114,401477.54819
20130111,330940.1376
20130110,490348.55769000005
20130109,439720.62826
20130108,353351.11626000004
20130107,392974.21320000006
20130104,313424.42746
20130103,360692.53056000004
20130102,558565.18728
20121231,403711.68090000004
20121228,256057.07275999998
20121227,326040.42176999996
20121226,256865.51444
20121224,143806.54035
20121221,609336.02928
20121220,452530.46358000004
20121219,438594.62236
20121218,390855.60729
20121217,417592.96139000007
20121214,355587.29744
20121213,303668.43045
20121212,314912.11951999995
20121211,411313.22036000004
20121210,289539.65088999993
20121207,273401.12202
20121206,286112.15297999996
20121205,337369.63135999994
20121204,254630.12918
20121203,333226.65906000003
20121130,468201.49327
20121129,300550.50088
20121128,311932.3924499999
20121127,336044.31110999995
20121126,269916.85
20121123,240603.52891
20121121,284586.44414
20121120,376037.59758
20121119,379120.93118
20121116,353763.1449
20121115,318369.35883
20121114,321165.09446000005
20121113,260056.80018000002
20121112,268013.43851999997
20121109,385465.53779999993
20121108,380555.36028
20121107,407944.769
20121106,332895.1183
20121105,328373.553
20121102,300529.14605000004
20121101,307014.79424
20121031,380172.05207999994
20121026,358691.5163000001
20121025,331052.68614
20121024,384386.5908
20121023,390072.64307999995
20121022,405096.4295999999
20121019,668938.24948
20121018,571834.2032
20121017,641634.6233
20121016,407904.7832
20121015,330647.16766
20121012,431419.24665
20121011,367115.93387999997
20121010,362056.33926000004
20121009,332309.47425
20121008,215244.53118
20121005,390456.67049999995
20121004,328124.27302
20121003,299224.7412
20121002,289570.03614000004
20121001,338742.4464
20120928,355006.45257
20120927,238059.06048000001
20120926,264657.3734
20120925,396946.3575
20120924,320039.10400000005
20120921,583489.91285
20120920,341242.8058
20120919,347319.2404499999
20120918,334223.51039
20120917,464332.21034999995
20120914,524832.09038
20120913,599725.6031999999
20120912,734593.8126
20120911,305672.94144
20120910,284000.54608
20120907,332319.85919999995
20120906,377079.9981
20120905,377534.25038000004
20120904,357027.27504
20120831,379101.44477
20120830,280147.83102000004
20120829,274414.87938
20120828,320800.18032
20120827,254053.99602000002
20120824,291498.58712
20120823,278440.24068
20120822,315744.46466
20120821,286040.40325000003
20120820,246151.65078
20120817,455359.92400999996
20120816,641281.6337199999
20120815,472181.48532000004
20120814,499948.91183999996
20120813,284283.18273999996
20120810,258956.36542
20120809,282543.95684
20120808,255545.02262999996
20120807,356016.75589000003
20120806,296598.16224000003
20120803,395807.54178
20120802,454512.45259999996
20120801,943967.8520000001
20120731,497589.13162000006
20120730,450947.1315
20120727,780130.5216000001
20120726,673589.92872
20120725,610738.2097
20120724,407971.54599
20120723,351292.87358
20120720,533817.4670399999
20120719,289488.38086
20120718,297131.90274
20120717,412997.10075
20120716,319622.562
20120713,294580.93554
20120712,393408.7509
20120711,437553.13235999993
20120710,354575.22795000003
20120709,300187.59992999997
20120706,321539.20571999997
20120705,309946.78428
20120703,238981.49828000003
20120702,442213.84164
20120629,627629.1827799999
20120628,422275.8672
20120627,526619.475
20120626,445470.08058
20120625,351346.52703
20120622,366254.88269999996
20120621,483339.7675
20120620,606357.3511499999
20120619,370126.76684
20120618,301895.0808
20120615,612410.06016
20120614,407298.66417
20120613,340342.1127
20120612,378773.7552
20120611,263627.8776
20120608,263116.18476
20120607,432403.72992000007
20120606,387596.48728999996
20120605,375698.48
20120604,407184.17208
20120601,709980.3917
20120531,735569.992
20120530,515033.09802000003
20120529,696468.381
20120525,643356.40512
20120524,1043284.1461
20120523,376058.36000000004
20120522,375284.60047999996
20120521,373943.56824
20120518,768097.278
20120517,724304.2079
20120516,870405.9375
20120515,1089820.9485
20120514,502463.50645000004
20120511,341609.3216
20120510,541409.02381
20120509,396537.17964
20120508,460156.35728
20120507,460316.88580000005
20120504,459418.4232000001
20120503,389499.70368
20120502,388434.6724
20120501,438388.58349
20120430,354253.812
20120427,394112.2603999999
20120426,530202.98378
20120425,470469.58897
20120424,366633.8476200001
20120423,327217.3477200001
20120420,486561.71046
20120419,432032.99265000003
20120418,358051.1001
20120417,444616.1928
20120416,518851.2582599999
20120413,482228.49348
20120412,382015.92841999995
20120411,350304.96985000005
20120410,370662.43165
20120409,295782.39945
20120405,380741.87025000004
20120404,302274.49496000004
20120403,340013.24032000004
20120402,347300.87785999995
20120330,394734.19719999994
20120329,417289.51106
20120328,384583.40344
20120327,348183.21104
20120326,342829.17812
20120323,349744.12269999995
20120322,336688.00957999995
20120321,428466.82639999996
20120320,501115.19616
20120319,424362.88916
20120316,571871.07768
20120315,303812.41581000003
20120314,443938.42646000005
20120313,478881.14018
20120312,517778.7669
20120309,258663.59985
20120308,276868.5785
20120307,470209.1966
20120306,446957.091
20120305,354512.71674
20120302,375835.2288
20120301,479066.75954999996
20120229,441453.79601999995
20120228,405703.77736
20120227,1611895.4488000001
20120224,1018520.5173000001
20120223,1201353.7992
20120222,347445.8263
20120221,415554.0158
20120217,917861.4748000001
20120216,718616.6882999999
20120215,573861.06372
20120214,801801.5264
20120213,592004.79162
20120210,684417.8405
20120209,1644801.6962
20120208,401801.4959999999
20120207,373708.66068000003
20120206,326883.07164
20120203,419605.3686
20120202,340239.1112
20120201,421579.91104
20120131,383156.99994
20120130,373638.07627
20120127,383831.62601
20120126,355451.41604
20120125,342252.7742
20120124,274355.3742
20120123,366916.8696
20120120,367102.91504
20120119,540118.6748099999
20120118,348375.56184999994
20120117,482086.5162000001
20120113,429982.7
20120112,371279.57346
20120111,680462.2704000002
20120110,328034.79926
20120109,385093.13976000005
20120106,427073.2063
20120105,323885.92698
20120104,403221.65645999997
20120103,355027.71920000005
20111230,174688.27049999998
20111229,188959.75968000002
20111228,209563.67913
20111227,168847.8189
20111223,174769.94892
20111222,233592.85768000002
20111221,328846.64228000003
20111220,314547.01438
20111219,318163.72321
20111216,556673.5341899999
20111215,414482.1603
20111214,362314.2614
20111213,317592.0528
20111212,376860.7877
20111209,413714.90586
20111208,332462.5864
20111207,365975.69182
20111206,387226.28235
20111205,360694.61120000004
20111202,422421.22668
20111201,492523.38239000004
20111130,641130.24
20111129,407890.24583999993
20111128,343726.60356
20111125,180810.00327
20111123,336077.41439999995
20111122,299775.64266
20111121,439758.4128
20111118,661131.8032999999
20111117,866269.9214
20111116,1164176.3076
20111115,963851.88
20111114,250262.70999999996
20111111,311912.11912
20111110,359364.53608000005
20111109,425779.15068
20111108,555762.17658
20111107,313523.5625
20111104,390992.81247
20111103,482122.3824
20111102,436987.39321
20111101,707941.5482999999
20111031,588610.38685
20111028,510371.15760000004
20111027,695981.6208
20111026,470480.16366
20111025,568456.7842799999
20111024,465083.5428
20111021,666128.8188
20111020,385740.0414
20111019,355114.98086999997
20111018,459058.87693999993
20111017,315286.41267
20111014,543759.63552
20111013,429201.86692
20111012,864195.981
20111011,625195.2345
20111010,370316.57425999996
20111007,481951.3370400001
20111006,485604.04509
20111005,554248.0801499999
20111004,688485.603
20111003,637365.9843
20110930,458402.1213
20110929,413540.2173
20110928,437062.75964
20110927,498787.91865
20110926,638084.6622
20110923,672118.8124
20110922,995374.3168
20110921,872292.7312
20110920,581425.74072
20110919,822673.6864
20110916,1034111.6489999999
20110915,1179953.885
20110914,652918.5766
20110913,573182.60982
20110912,676746.399
20110909,889661.8983
20110908,725471.8604
20110907,918947.0705999999
20110906,513157.08315
20110902,366342.73649999994
20110901,383998.24345000007
20110831,538213.2345100001
20110830,514058.45456
20110829,1207652.2415999998
20110826,775175.9435999999
20110825,867995.8868000001
20110824,432407.95780000003
20110823,484202.20632
20110822,508514.22288
20110819,820021.6668
20110818,757776.5136000001
20110817,488985.29118000006
20110816,430077.39504
20110815,446584.84416
20110812,556458.98724
20110811,920828.5985
20110810,1307945.7040000001
20110809,1724367.6783
20110808,1267119.4923
20110805,1214087.4186000002
20110804,962881.99
20110803,760659.5984
20110802,508452.42240000004
20110801,510588.67068
20110729,557888.6226000001
20110728,436392.27541
20110727,822884.6336000001
20110726,802417.8056
20110725,910446.0615000001
20110722,688908.9936
20110721,1740018.2306000001
20110720,390826.67868
20110719,448789.29630000005
20110718,419135.408
20110715,462352.10483
20110714,305408.29759999993
20110713,341297.66249
20110712,370431.94701000006
20110711,362280.78809999995
20110708,419338.3918500001
20110707,400840.54588
20110706,419324.20161
20110705,509300.41784999997
20110701,453297.12736
20110630,371858.77905
20110629,385601.68019999994
20110628,358642.97432
20110627,514158.7980499999
20110624,1016854.8680000001
20110623,562960.32672
20110622,373068.42874
20110621,388662.28751
20110620,348539.59174
20110617,520610.21296000003
20110616,429671.20118
20110615,529213.85088
20110614,336025.32623999997
20110613,331022.74278000003
20110610,479912.43898
20110609,420293.39667000005
20110608,377039.77780000004
20110607,508740.20862000005
20110606,339809.84516
20110603,393703.58907
20110602,425397.65499
20110601,544623.50844
20110531,465625.48480000003
20110527,306801.36960000003
20110526,415585.17924
20110525,418337.38375
20110524,373292.47956000007
20110523,393969.86688000005
20110520,422127.8711
20110519,370890.63366
20110518,396182.58918999997
20110517,459281.64139
20110516,419313.66047999996
20110513,529428.1910400001
20110512,447375.62231999997
20110511,432808.69320000004
20110510,428752.72245
20110509,402322.11032
20110506,471005.79828
20110505,526189.24378
20110504,567274.4795
20110503,425084.39108000003
20110502,431953.57407000003
20110429,552584.73918
20110428,887715.4776
20110427,403285.46540000004
20110426,443715.75009
20110425,281114.03362
20110421,261695.12480999998
20110420,289089.97323999996
20110419,332424.17865
20110418,380338.27150000003
20110415,360923.6199
20110414,278535.9317
20110413,279517.07415
20110412,497608.9526099999
20110411,289356.50536
20110408,268054.30176
20110407,402928.15552000003
20110406,250587.58349999998
20110405,378059.97786
20110404,274051.42114
20110401,413714.65662
20110331,477129.89258999994
20110330,376715.93374999997
20110329,331570.02592
20110328,319577.03736
20110325,322813.52124
20110324,266495.5482
20110323,250438.2294
20110322,322316.7445
20110321,417395.2266
20110318,533566.6308
20110317,426216.4208
20110316,523719.9117
20110315,550504.82285
20110314,378058.47780000005
20110311,444555.05775000004
20110310,558320.4200500001
20110309,500317.88085
20110308,479929.67851999996
20110307,445606.30432999996
20110304,485595.4356
20110303,538463.16375
20110302,444457.22988
20110301,510996.97236
20110228,508793.79936
20110225,414879.7812
20110224,574914.15234
20110223,599557.96047
20110222,607904.69715
20110218,889159.1157999999
20110217,702052.583
20110216,514449.1482
20110215,610036.0051499999
20110214,577012.00838
20110211,575852.8141799999
20110210,998507.3472000001
20110209,395023.05348
20110208,389176.35507
20110207,519492.97056
20110204,537764.66688
20110203,429571.24468
20110202,531482.28405
20110201,464075.74195
20110131,557200.03973
20110128,673111.3760000002
20110127,447094.87724
20110126,447683.35
20110125,327931.85079999996
20110124,308353.86378
20110121,366518.66251000005
20110120,469929.20960000006
20110119,518790.3692
20110118,403604.45706
20110114,399746.14848
20110113,531466.13
20110112,351224.61337
20110111,310846.65678
20110110,344799.2298
20110107,325245.9378
20110106,511249.26768
20110105,691324.7279
20110104,516533.67801
20110103,446195.87175
20101231,194507.6623
20101230,228389.1896
20101229,212228.68612
20101228,200483.30112
20101227,153914.41904
20101223,216601.01648999998
20101222,261242.00296
20101221,512128.17240000004
20101220,367986.48297
20101217,483799.90095
20101216,317516.3495
20101215,295209.56471999997
20101214,377242.78711000003
20101213,606911.20634
20101210,352103.39780000004
20101209,399540.89472
20101208,351039.65463999996
20101207,364153.18632000004
20101206,291292.89706000005
20101203,368213.95401
20101202,575687.638
20101201,654366.5402
20101130,727220.6377999999
20101129,370098.07479000004
20101126,152512.686
20101124,339026.24062999996
20101123,459901.9426
20101122,296187.73610000004
20101119,356610.20957999997
20101118,452647.47672
20101117,320762.87461999996
20101116,514404.63008000003
20101115,356433.02552
20101112,317639.66719999997
20101111,307710.56470000005
20101110,461040.9705
20101109,411469.9925
20101108,359310.12099
20101105,451718.97839999996
20101104,651933.9526
20101103,492913.56480000005
20101102,307336.6002
20101101,387831.49124999996
20101029,362373.0121
20101028,418409.04072000005
20101027,511693.70301999996
20101026,447102.24889000005
20101025,428067.6397
20101022,327840.48924
20101021,563635.18552
20101020,751663.2683
20101019,546671.79338
20101018,320533.7905
20101015,418181.21952000004
20101014,410651.94016
20101013,397751.6704
20101012,515931.95696
20101011,346142.22552
20101008,579277.488
20101007,1323027.8549999997
20101006,490669.20769999997
20101005,490991.53488
20101004,326998.37907
20101001,361593.908
20100930,465294.86696
20100929,370675.23225
20100928,354288.00078000006
20100927,347088.15378000005
20100924,420991.05269
20100923,386101.1151
20100922,348196.11023999995
20100921,495486.81443999993
20100920,338266.87718
20100917,522897.32496000006
20100916,278086.15901
20100915,309823.4335
20100914,273491.85056000005
20100913,296070.8525
20100910,281118.24510999996
20100909,385743.27329999994
20100908,282583.14066000003
20100907,346036.00088
20100903,384407.86248999997
20100902,270170.53333
20100901,414131.87340000004
20100831,425176.51918000006
20100830,235183.19640000002
20100827,335137.22228000005
20100826,288934.31611
20100825,343666.78686999995
20100824,352591.3859
20100823,204304.34303999998
20100820,366357.2976
20100819,294003.32992
20100818,252630.24696
20100817,285610.59254999994
20100816,233220.26232
20100813,296112.8852
20100812,320987.90484000003
20100811,362615.5148
20100810,493051.23533
20100809,364776.24888
20100806,362425.7488
20100805,337280.5632
20100804,440939.14644
20100803,366800.01347
20100802,422926.75549999997
20100730,346446.99903999997
20100729,362031.36795
20100728,281667.26
20100727,396232.48926
20100726,261779.4027
20100723,334344.4292
20100722,451526.51788
20100721,555734.7088
20100720,727530.2458
20100719,370301.24539999996
20100716,593749.4951000001
20100715,512994.7413599999
20100714,361495.14828
20100713,463764.82949000003
20100712,268226.77986
20100709,318794.0665
20100708,426247.232
20100707,459084.85931
20100706,428207.96388000005
20100702,368379.98694
20100701,667610.1184
20100630,533939.73645
20100629,554416.2195
20100628,528655.48376
20100625,1392686.7518
20100624,385925.2176
20100623,408787.07076
20100622,378453.9888
20100621,330245.05733999994
20100618,573359.004
20100617,334022.47254
20100616,380900.66013999993
20100615,401423.81136
20100614,315528.1835
20100611,347398.87504
20100610,419282.9256
20100609,440879.51049
20100608,472268.6059
20100607,474956.29915999994
20100604,630585.1392
20100603,408633.71385999996
20100602,635933.2946
20100601,450605.75424
20100528,474509.01207
20100527,592974.025
20100526,927751.4493
20100525,575875.5543000001
20100524,401064.06768
20100521,927402.0403999999
20100520,739952.8446000001
20100519,519585.48356
20100518,481484.92829999997
20100517,463494.91199999995
20100514,642975.73145
20100513,518589.00696
20100512,881613.8573999999
20100511,481869.31705
20100510,719468.0092999999
20100507,853705.1522999998
20100506,908785.905
20100505,499348.21800000005
20100504,548500.01715
20100503,381516.68114999996
20100430,539642.0196
20100429,502946.41040000005
20100428,662365.9525
20100427,553358.21403
20100426,526457.44708
20100423,582963.65415
20100422,627435.48452
20100421,428652.46394000005
20100420,446858.5422
20100419,420165.8214000001
20100416,487813.91650000005
20100415,395532.29619
20100414,344858.80975
20100413,344611.10412
20100412,336507.08311999997
20100409,315714.93324000004
20100408,433138.04154
20100407,541391.46256
20100406,447113.08155000006
20100405,444214.24282000004
20100401,338339.12096000003
20100331,537474.04832
20100330,382841.15209999995
20100329,454241.81659999996
20100326,353816.84217
20100325,415705.83944999997
20100324,507626.40754000004
20100323,428759.00567999994
20100322,448445.77708
20100319,728658.944
20100318,463103.32632
20100317,460813.84964999993
20100316,493840.21499999997
20100315,692398.665
20100312,448953.1662
20100311,489578.44638
20100310,415573.11342
20100309,492699.16268
20100308,317724.68600000005
20100305,543835.2877100001
20100304,502015.08597
20100303,542621.7376999999
20100302,607833.127
20100301,571912.02804
20100226,923602.0830999999
20100225,503013.1281
20100224,427611.57184
20100223,318745.8786
20100222,293919.45813
20100219,402053.06518
20100218,433737.15645
20100217,416351.09317
20100216,424922.87237
20100212,521886.53184
20100211,871571.3911
20100210,659175.7056000001
20100209,476763.19184999994
20100208,415224.56184000004
20100205,437264.12642
20100204,412724.90280000004
20100203,298050.87969000003
20100202,385042.8381
20100201,442198.1039
20100129,484539.60983999993
20100128,554735.7829
20100127,370496.64018
20100126,301351.40075
20100125,295355.33193
20100122,436555.50543
20100121,433898.34554
20100120,347290.15125000005
20100119,349978.02593
20100115,520816.22037
20100114,452885.27719999995
20100113,457933.7158
20100112,558979.6198
20100111,392181.2432
20100108,527154.10506
20100107,658038.8451
20100106,613445.86368
20100105,550637.63364
20100104,403318.74004
20091231,201629.6416
20091230,231096.02824
20091229,231384.478
20091228,266902.42347999994
20091224,91611.72432000001
20091223,232342.68844
20091222,365353.65165
20091221,482206.55616
20091218,1103750.1368
20091217,500493.86027999996
20091216,493161.77272
20091215,466975.85103
20091214,453293.67137999996
20091211,505447.04881000007
20091210,525934.9149600001
20091209,1249716.51
20091208,390897.65184
20091207,402054.55761
20091204,568265.5108
20091203,401737.80576
20091202,394362.73365
20091201,439898.74896
20091130,451241.65254
20091127,212813.1866
20091125,295259.57192
20091124,258730.00000000003
20091123,313037.40599999996
20091120,329888.65024
20091119,271675.7862
20091118,246225.798
20091117,273080.4182
20091116,310073.32847999997
20091113,397103.534
20091112,519252.89537000004
20091111,295113.48980000004
20091110,440400.67263999995
20091109,431089.01892
20091106,298361.75712
20091105,341321.79783
20091104,335232.59786
20091103,347549.32212
20091102,401097.40140000003
20091030,471029.04625
20091029,323781.91020000004
20091028,385572.49803
20091027,443034.765
20091026,309180.93308
20091023,397007.16845
20091022,333825.93600000005
20091021,460392.8633600001
20091020,496609.56996
20091019,344826.6179
20091016,410390.00333000004
20091015,659291.4316
20091014,521439.46998
20091013,454615.8066
20091012,376366.68416
20091009,385362.88207
20091008,1042505.3232000001
20091007,393319.98033
20091006,494797.25597999996
20091005,480228.0783
20091002,1067558.73
20091001,511280.0526
20090930,521978.6775
20090929,414619.70555
20090928,241187.48938
20090925,396602.04167999997
20090924,360467.01626
20090923,357971.40723
20090922,398453.95466
20090921,459504.10532000003
20090918,876679.63
20090917,413622.9552
20090916,333981.50662000006
20090915,369528.23091
20090914,349201.9562
20090911,481960.94701
20090910,439811.39158
20090909,585881.878
20090908,759438.5208
20090904,508751.47553999996
20090903,442930.69056
20090902,501674.24509999994
20090901,447956.83125
20090831,312954.46467
20090828,374830.72308
20090827,338138.93856
20090826,428123.94788000005
20090825,333578.30083
20090824,326889.52335000003
20090821,511091.10163
20090820,344674.00856000005
20090819,329945.8469
20090818,547251.1373599999
20090817,323598.09214
20090814,361701.65248
20090813,406003.06383000006
20090812,391729.53663999995
20090811,386147.43929999997
20090810,466409.97754
20090807,396634.8255
20090806,436629.2226
20090805,589296.9877
20090804,1644489.6734
20090803,364889.5152
20090731,340668.83125000005
20090730,380127.8074
20090729,303944.73803999997
20090728,400260.38785999996
20090727,324906.46992
20090724,380292.86626
20090723,500721.47549999994
20090722,418961.66787
20090721,342634.39920000004
20090720,439041.51544
20090717,350616.78277999995
20090716,360869.75526
20090715,439458.05984
20090714,256314.86563000004
20090713,491281.57063
20090710,325288.15280000004
20090709,397172.71843999997
20090708,663121.6905
20090707,669394.88
20090706,507689.11566999997
20090702,459919.9094
20090701,548765.34048
20090630,484493.28479999996
20090629,349226.16528
20090626,483040.71220000007
20090625,434636.02094
20090624,250958.96659999999
20090623,346080.29085
20090622,284041.84914
20090619,513780.3598499999
20090618,383504.4343
20090617,497661.41332000005
20090616,338784.10138
20090615,321998.79968
20090612,319668.0527
20090611,467042.42263999995
20090610,335724.89856
20090609,372223.31356
20090608,370754.5449
20090605,570428.2080000001
20090604,690877.2729999999
20090603,624953.7828
20090602,758391.8159999999
20090601,438617.05272000004
20090529,485772.0318
20090528,406137.66924
20090527,440646.36165000004
20090526,453052.13360000006
20090522,235453.30371000004
20090521,313891.38138000004
20090520,444384.16000000003
20090519,391450.75385
20090518,330618.52943
20090515,412917.3656
20090514,518876.0348
20090513,561137.1427999999
20090512,759273.8569
20090511,405977.45097999997
20090508,531636.46
20090507,655760.3164
20090506,375974.23732
20090505,577341.9269
20090504,642563.844
20090501,379254.26383
20090430,545211.3632
20090429,761741.523
20090428,578915.7624
20090427,468528.45468
20090424,548592.8356000001
20090423,586962.3483
20090422,983165.8568
20090421,687993.285
20090420,920395.1574
20090417,459804.53271999996
20090416,317776.08468
20090415,350113.1508
20090414,390731.01696
20090413,292321.49952
20090409,373286.7052
20090408,257244.0014
20090407,289830.2275
20090406,237366.94094
20090403,294004.66755
20090402,393091.69847999996
20090401,366104.28932
20090331,472562.15292
20090330,392815.80799
20090327,307824.20331
20090326,378650.65284
20090325,456773.80715999997
20090324,304192.97813
20090323,389004.32469
20090320,663702.875
20090319,503779.8468
20090318,455257.6184699999
20090317,329843.55175
20090316,364611.35821
20090313,387855.79117999994
20090312,398760.37322
20090311,381651.47666000004
20090310,435567.77680000005
20090309,365832.84213
20090306,511027.46400000004
20090305,540328.1621
20090304,506019.892
20090303,724313.8685
20090302,403837.48945000005
20090227,444681.26314
20090226,368145.93802
20090225,364168.38272
20090224,421862.75472
20090223,346105.10351999995
20090220,509223.54525
20090219,358246.5642
20090218,316660.71316
20090217,645385.4534
20090213,629855.3639
20090212,542019.4
20090211,299483.00487
20090210,533922.9987000001
20090209,463181.76866
20090206,369826.72575
20090205,482905.08780000004
20090204,355217.56432
20090203,274041.52608000004
20090202,283734.64701
20090130,380859.73267999996
20090129,277645.06352
20090128,301929.73111999995
20090127,349282.52872
20090126,391799.00928
20090123,395779.45556
20090122,448923.46995000006
20090121,453057.57796
20090120,401420.17764
20090116,460486.94713999995
20090115,447739.86215999996
20090114,440426.6076
20090113,485516.23905
20090112,474823.76346
20090109,363294.50016999996
20090108,437199.06075
20090107,396867.83934
20090106,450208.28380000003
20090105,395980.36439999996
20090102,290056.63323000004
20081231,275181.34916000004
20081230,274952.97088000004
20081229,254593.62351
20081226,155766.45392
20081224,111894.64577999999
20081223,338586.00978
20081222,308454.85625
20081219,617817.0618
20081218,561902.3376
20081217,434786.03904
20081216,510055.49322
20081215,322312.70478
20081212,363384.96029
20081211,300418.48389
20081210,299561.47137
20081209,390563.84442000004
20081208,534612.1352
20081205,530271.35109
20081204,406876.21599999996
20081203,561300.6464
20081202,383282.86095000006
20081201,424728.81504
20081128,199942.4007
20081126,445779.36144
20081125,610329.0599999999
20081124,802526.4741999999
20081121,976565.4231
20081120,681055.8452999999
20081119,591843.496
20081118,705101.9064
20081117,451844.05836
20081114,534697.07256
20081113,610936.3236000001
20081112,395463.94920000003
20081111,414868.56372000003
20081110,416853.9669
20081107,548436.51744
20081106,556837.2000000001
20081105,490873.48805
20081104,389711.2
20081103,319933.36361
20081031,536813.5713
20081030,572559.7764
20081029,509073.01499999996
20081028,721886.3663999999
20081027,472085.5501
20081024,536500.6816
20081023,635246.136
20081022,504493.10423999996
20081021,499387.68
20081020,742429.8816
20081017,767377.2792
20081016,1045512.5135999998
20081015,1178410.2125
20081014,1902000.8
20081013,823646.1216000001
20081010,1245572.66
20081009,913934.9568
20081008,824592.9686
20081007,840052.5584000001
20081006,1056556.5416
20081003,714889.6799999999
20081002,770263.4204999999
20081001,572153.64804
20080930,777060.3734999999
20080929,794510.6129999999
20080926,465266.31214999995
20080925,488512.8769
20080924,658229.7468
20080923,516087.36075
20080922,529232.5372
20080919,1073806.3531
20080918,961095.4182000001
20080917,960362.1888000001
20080916,828772.5568
20080915,663657.79565
20080912,506960.73505
20080911,590322.02516
20080910,739633.51
20080909,804955.4
20080908,488780.3505
20080905,424955.96452
20080904,400749.80708
20080903,360703.45288999996
20080902,444372.22542
20080829,288008.04800000007
20080828,230127.80813
20080827,194454.768
20080826,284154.192
20080825,276124.8736
20080822,237079.62030000004
20080821,391869.20016
20080820,285174.15024999995
20080819,432120.0237
20080818,307528.05915000004
20080815,395750.3238
20080814,392025.03028
20080813,424422.2972
20080812,371926.0526
20080811,415925.27288999996
20080808,593960.558
20080807,392032.3608
20080806,353075.85936000006
20080805,827720.2296
20080804,657161.57323
20080801,509004.95988
20080731,486995.42528
20080730,527019.2244899999
20080729,549613.7672
20080728,299879.59511999995
20080725,623528.14904
20080724,360078.56880000007
20080723,626804.6044399999
20080722,587856.09317
20080721,339078.6684
20080718,462829.18996999995
20080717,677872.4637999999
20080716,377276.61552000005
20080715,552327.6491699999
20080714,401290.4966
20080711,589548.67152
20080710,418729.11801000003
20080709,415183.5804999999
20080708,602023.64458
20080707,524142.90962000005
20080703,372114.68514
20080702,615245.7595200001
20080701,637560.0644
20080630,588855.92723
20080627,629244.0027899999
20080626,519096.25035
20080625,579102.4511999999
20080624,442966.2237
20080623,367327.8365
20080620,662505.2888
20080619,404967.25379
20080618,579372.44212
20080617,502788.67415000004
20080616,659536.32888
20080613,562061.5312400002
20080612,446189.39415
20080611,536383.2540399999
20080610,700015.2655999999
20080609,591365.97891
20080606,637783.2115199999
20080605,398216.16390000004
20080604,388643.83122
20080603,469027.28835
20080602,485447.19685
20080530,380411.8077
20080529,340022.26489999995
20080528,439933.63247000007
20080527,426576.82677000004
20080523,369382.98312000005
20080522,430476.30652
20080521,412520.42643
20080520,423335.78559999994
20080519,368334.28476
20080516,487328.45414000005
20080515,446187.55038
20080514,418019.11029999994
20080513,368120.78375
20080512,344829.1712999999
20080509,398999.01971
20080508,427466.94122000004
20080507,455645.16879
20080506,365663.7875599999
20080505,343514.64901
20080502,492029.1067
20080501,391880.7595
20080430,449644.99811000004
20080429,329440.44100000005
20080428,578018.5430399999
20080425,569843.81538
20080424,689885.84
20080423,496154.08667
20080422,517317.63369999995
20080421,371465.02650000004
20080418,572592.7574
20080417,330546.35900999996
20080416,539826.23175
20080415,266350.19406
20080414,337759.46160000004
20080411,307160.87220000004
20080410,432746.2821
20080409,305535.00513
20080408,383249.10888
20080407,408817.86367999995
20080404,326859.12467
20080403,335514.8118000001
20080402,365885.51704
20080401,499990.08483
20080331,426045.341
20080328,269533.38772
20080327,361502.96238000004
20080326,266186.21952
20080325,341718.96556
20080324,323992.16849999997
20080320,523954.76930999995
20080319,438804.09936
20080318,551176.64406
20080317,651809.62875
20080314,533773.03155
20080313,466256.34384
20080312,420771.43108
20080311,504725.4841
20080310,324525.89722
20080307,501434.36368
20080306,430445.99460000003
20080305,470182.96892
20080304,417770.31956000003
20080303,352558.63950000005
20080229,409942.88676
20080228,341418.28688
20080227,321846.71280000004
20080226,333321.45216999995
20080225,335112.21728000004
20080222,340615.29542
20080221,393165.01723999996
20080220,415929.10464000003
20080219,350065.78314
20080215,427641.56379000004
20080214,565373.29845
20080213,472993.37617999996
20080212,477474.0292
20080211,492072.90056
20080208,421984.69560000004
20080207,1076492.8572
20080206,944190.7966000001
20080205,589761.4247999999
20080204,387533.56916
20080201,531938.26953
20080131,897929.2769999999
20080130,558828.2728899999
20080129,645186.5122
20080128,487645.48118999996
20080125,575947.3478400001
20080124,590379.01639
20080123,854627.0850000001
20080122,974903.5744
20080118,642134.9150999999
20080117,722206.9539999999
20080116,708692.7723600001
20080115,699062.6083
20080114,597088.34628
20080111,626995.4692
20080110,626605.39515
20080109,731395.70256
20080108,557561.5603199999
20080107,586456.1947599999
20080104,415010.27784999995
20080103,358315.19658
20080102,368848.49573
20071231,273885.3777
20071228,185376.46947
20071227,263018.1827
20071226,250730.63232
20071224,112283.179
20071221,598105.3169
20071220,333891.54734
20071219,386969.3828
20071218,568728.15724
20071217,461775.80433
20071214,528855.15778
20071213,393112.65596999996
20071212,583495.2738300001
20071211,411296.9737600001
20071210,304642.16495999997
20071207,258708.06499999997
20071206,291821.76151
20071205,501872.23535
20071204,326565.02550000005
20071203,338825.91260000004
20071130,562460.67264
20071129,346169.44804
20071128,519181.78524
20071127,481502.55712
20071126,450594.53747
20071123,172412.36055
20071121,578278.6508800001
20071120,611065.6064
20071119,588812.19712
20071116,451788.60915000003
20071115,382994.49552
20071114,461019.35264000006
20071113,421068.4088
20071112,359287.46612999996
20071109,491936.54928000004
20071108,501185.76900000003
20071107,355112.7196
20071106,353529.15674999997
20071105,484323.37476000004
20071102,370227.54000000004
20071101,359097.83400000003
20071031,354659.54799999995
20071030,366388.68968
20071029,438883.5
20071026,299000.46244
20071025,338867.444
20071024,365059.92
20071023,348937.646
20071022,388890.6725
20071019,520460.16000000003
20071018,246126.03311999998
20071017,348703.76920000004
20071016,409968.041
20071015,502518.05
20071012,412774.04832
20071011,886940.8369999999
20071010,392007.8784
20071009,514228.35777999996
20071008,175307.129
20071005,420185.268
20071004,329733.51900000003
20071003,377569.677
20071002,453183.284
20071001,534093.165
20070928,485955.558
20070927,398567.608
20070926,464381.11600000004
20070925,406518.20483999996
20070924,578835.0
20070921,556046.0959999999
20070920,371551.89245
20070919,494995.92779
20070918,425817.2704
20070917,355693.81999999995
20070914,337414.692
20070913,478768.844
20070912,381180.114
20070911,460156.833
20070910,318034.42146
20070907,369774.96666
20070906,328244.712
20070905,308270.95599999995
20070904,311846.17199999996
20070831,422888.086
20070830,266554.08
20070829,258371.91
20070828,332648.774
20070827,216126.0417
20070824,272545.722
20070823,441408.209
20070822,503891.19999999995
20070821,331893.515
20070820,340538.87399999995
20070817,601340.9511399999
20070816,661813.53234
20070815,410746.86198
20070814,339339.13052
20070813,372601.83999999997
20070810,516286.47825
20070809,586844.569
20070808,469067.6471
20070807,627119.9188799999
20070806,518018.63412000006
20070803,405753.35276
20070802,351731.40012
20070801,435682.4171700001
20070731,456985.81688
20070730,487986.92990000005
20070727,582650.81896
20070726,691026.0084
20070725,776434.2544
20070724,544385.07018
20070723,729610.6484000001
20070720,747541.8711
20070719,650716.34691
20070718,498459.30571
20070717,1615921.688
20070716,299740.0559999999
20070713,326985.2768
20070712,376885.588
20070711,325836.35699999996
20070710,471135.57022000005
20070709,274299.37525
20070706,255014.8755
20070705,374315.14926
20070703,228624.17704
20070702,467491.0584
20070629,448624.12889999995
20070628,333085.9815
20070627,338518.33113
20070626,501255.05356
20070625,387452.68665000005
20070622,500660.11254
20070621,285029.82
20070620,314744.97599999997
20070619,419011.7022
20070618,233982.61020000002
20070615,517276.7680000001
20070614,346118.62604999996
20070613,378974.037
20070612,424117.22697
20070611,334648.98272
20070608,466070.30322
20070607,472563.01259999996
20070606,364494.57100000005
20070605,398210.59614000004
20070604,254191.96143
20070601,340602.5775
20070531,390267.34164
20070530,385371.01126999996
20070529,342529.35872
20070525,280840.65599999996
20070524,416025.41000000003
20070523,303062.95891
20070522,434639.898
20070521,484607.8575
20070518,579572.35308
20070517,391464.73152
20070516,613971.0719999999
20070515,457628.015
20070514,328807.30358000007
20070511,245490.0
20070510,286068.1577
20070509,227759.16279
20070508,219483.13250000004
20070507,161816.3652
20070504,218865.54600000003
20070503,350358.71381
20070502,365834.16564
20070501,272794.1744
20070430,363725.25756000006
20070427,299936.99351
20070426,424064.44191
20070425,395930.16660000006
20070424,303981.1494
20070423,294307.49005
20070420,535671.0487500001
20070419,349032.66513
20070418,389010.79552000004
20070417,791348.306
20070416,407635.77816
20070413,318612.75320000004
20070412,522149.67088
20070411,341398.47420000006
20070410,408805.41138
20070409,431317.72599999997
20070405,278447.168
20070404,322100.15101
20070403,354317.24
20070402,291337.01694
20070330,322833.952
20070329,314951.98586
20070328,464761.87964
20070327,415621.08
20070326,339933.134
20070323,201846.58416
20070322,292245.435
20070321,308071.76578
20070320,275492.02
20070319,346003.324
20070316,418443.13200000004
20070315,390419.26385
20070314,352311.53099999996
20070313,400186.07999999996
20070312,230709.474
20070309,381958.272
20070308,325880.23
20070307,272742.875
20070306,350445.91345999995
20070305,434168.16370000003
20070302,399246.799
20070301,568741.16234
20070228,450872.055
20070227,516891.36
20070226,259352.40358999997
20070223,218603.3
20070222,363305.142
20070221,372558.09799999994
20070220,258097.56699999998
20070216,412669.78200000006
20070215,301272.12
20070214,436219.23099999997
20070213,317103.92262
20070212,315695.13264
20070209,465041.115
20070208,880078.6410000001
20070207,278839.95
20070206,265917.822
20070205,236422.044
20070202,201480.91200000004
20070201,286547.464
20070131,279031.48
20070130,334015.84400000004
20070129,287547.51999999996
20070126,552130.26
20070125,241607.21
20070124,233846.32
20070123,250295.368
20070122,359481.627
20070119,345730.43399999995
20070118,269047.956
20070117,292136.0
20070116,228122.84499999997
20070112,322328.93
20070111,448759.03500000003
20070110,412298.4650000001
20070109,309857.52
20070108,386255.907
20070105,285944.08
20070104,341913.045
20070103,386455.552
20061229,178749.13499999998
20061228,157448.225
20061227,147036.82
20061226,169272.108
20061222,190391.63
20061221,194841.843
20061220,224056.68
20061219,269566.472
20061218,195680.982
20061215,411528.159
20061214,255793.75
20061213,239291.328
20061212,272542.74
20061211,240289.21199999997
20061208,190562.91300000003
20061207,231635.208
20061206,298729.81899999996
20061205,437863.995
20061204,364490.20800000004
20061201,327737.42
20061130,322454.698
20061129,256601.77200000003
20061128,363056.496
20061127,293182.8
20061124,133582.15200000003
20061122,224706.22
20061121,353964.48000000004
20061120,285393.75
20061117,311823.504
20061116,411544.74
20061115,461804.716
20061114,482686.032
20061113,526566.186
20061110,181964.205
20061109,314177.204
20061108,220042.508
20061107,279378.44
20061106,212715.72
20061103,195190.26
20061102,242707.437
20061101,225969.45
20061031,230128.6
20061030,158500.997
20061027,189063.27
20061026,292072.23
20061025,378333.436
20061024,560514.48
20061023,305961.78599999996
20061020,302367.34
20061019,240958.674
20061018,388428.93
20061017,238839.67799999999
20061016,242671.888
20061013,410533.81000000006
20061012,687723.5549999999
20061011,392911.42199999996
20061010,330397.805
20061009,281291.94
20061006,260185.93800000002
20061005,259048.742
20061004,235376.64199999996
20061003,341126.762
20061002,317211.23
20060929,197816.112
20060928,222307.32
20060927,277962.243
20060926,248948.06400000004
20060925,331538.157
20060922,235097.67200000002
20060921,234850.889
20060920,251317.61600000004
20060919,178817.016
20060918,265457.712
20060915,376393.64
20060914,218972.965
20060913,417335.232
20060912,226941.63999999998
20060911,163676.88
20060908,201277.93500000003
20060907,254080.008
20060906,187537.31900000002
20060905,171775.92
20060901,178281.49599999998
20060831,163069.44
20060830,303000.804
20060829,442598.57399999996
20060828,303212.0
20060825,171572.39400000003
20060824,273646.896
20060823,244459.08499999996
20060822,200309.324
20060821,148286.58
20060818,207964.505
20060817,300235.38999999996
20060816,214369.55899999998
20060815,282657.55
20060814,262617.07
20060811,124563.777
20060810,195155.28000000003
20060809,196708.05200000003
20060808,199124.238
20060807,187180.976
20060804,193976.119
20060803,225369.37600000002
20060802,268555.76
20060801,219781.06399999998
20060731,248620.726
20060728,196801.462
20060727,262114.30500000002
20060726,305220.384
20060725,315538.04799999995
20060724,243910.16999999998
20060721,271085.544
20060720,210045.264
20060719,367039.389
20060718,509523.168
20060717,352099.98
20060714,306435.3
20060713,485697.75
20060712,268546.72
20060711,261369.483
20060710,199696.58000000002
20060707,150757.01
20060706,210137.304
20060705,228983.81100000002
20060703,109136.916
20060630,322198.65599999996
20060629,176887.55000000002
20060628,179911.13999999998
20060627,206955.932
20060626,171216.221
20060623,175644.225
20060622,259106.34000000003
20060621,206918.232
20060620,234818.04499999998
20060619,225982.962
20060616,369883.29
20060615,304516.044
20060614,236146.32
20060613,294690.444
20060612,236759.94
20060609,192495.16
20060608,316067.332
20060607,248345.55
20060606,271650.07200000004
20060605,258006.47500000003
20060602,265328.11100000003
20060601,286057.98000000004
20060531,266574.18600000005
20060530,212859.66
20060526,248954.706
20060525,333667.43200000003
20060524,331883.424
20060523,299020.326
20060522,324929.994
20060519,330105.52
20060518,259990.83099999998
20060517,316962.20499999996
20060516,265648.082
20060515,421027.152
20060512,283506.808
20060511,182863.065
20060510,186434.54
20060509,168967.38
20060508,214737.62
20060505,226659.4
20060504,255254.67
20060503,231567.21000000002
20060502,189357.42
20060501,226932.804
20060428,290448.704
20060427,378135.648
20060426,250591.66
20060425,323569.75
20060424,344937.21
20060421,325811.2
20060420,355019.33999999997
20060419,264548.59199999995
20060418,190810.22400000002
20060417,154734.918
20060413,148587.012
20060412,126548.83200000001
20060411,167805.087
20060410,186079.69700000001
