20160408,650392.02535
20160407,848671.5588
20160406,712952.6042800001
20160405,741606.2747999999
20160404,774734.898
20160401,728575.13554
20160331,893876.718
20160330,842582.8244
20160329,977674.816
20160328,464604.06912
20160324,670077.97982
20160323,826770.6744
20160322,714322.92018
20160321,1209363.8513
20160318,1017481.525
20160317,699548.0085000001
20160316,565975.7984999999
20160315,604656.90433
20160314,811185.7185
20160311,829169.5548
20160310,809439.3929999999
20160309,527035.30154
20160308,615354.6201
20160307,804509.5259
20160304,776881.3729999999
20160303,823414.4024
20160302,748145.6625000001
20160301,991976.226
20160229,1237351.7415000002
20160226,807216.9602
20160225,977354.2548
20160224,724316.5233
20160223,862339.205
20160222,919244.6140000001
20160219,828963.608
20160218,966475.732
20160217,958973.2735999998
20160216,1439442.9357000003
20160212,831985.7375
20160211,908314.3827000001
20160210,555738.34498
20160209,781707.1094
20160208,986863.371
20160205,802242.3816000001
20160204,1484895.1109999998
20160203,2024219.4127999998
20160202,1245880.5301
20160201,1084277.28
20160129,1714166.9039
20160128,2216549.0004000003
20160127,1264436.7798000001
20160126,799502.8024
20160125,1029106.2431999999
20160122,1111876.2591000001
20160121,1170594.9216
20160120,1336184.8183
20160119,1217442.774
20160115,1435885.9609
20160114,1279110.3875
20160113,875811.9942000001
20160112,977518.3816000002
20160111,1183333.7712
20160108,1470402.72
20160107,1982028.6864
20160106,893956.4524000001
20160105,1117082.2566
20160104,1765441.3781
20151231,548052.4532699999
20151230,568575.95024
20151229,577817.40616
20151228,763566.70452
20151224,316032.62317
20151223,951420.384
20151222,1082755.2288
20151221,670223.22402
20151218,1002584.172
20151217,1083942.8268000002
20151216,1401346.7012999998
20151215,1075677.849
20151214,971741.0730999999
20151211,1656053.0784
20151210,881839.6533
20151209,1827236.6852000002
20151208,1235158.659
20151207,1005357.0072
20151204,1319563.4419999998
20151203,1900429.7619
20151202,3109692.7
20151201,2193619.68
20151130,8225172.244
20151127,1025415.6692
20151125,1333819.3321999998
20151124,1234078.0426
20151123,1523324.9618
20151120,1675165.1670000001
20151119,1221032.7480000001
20151118,1299487.2233
20151117,973195.093
20151116,1333332.3329999999
20151113,1836455.9279999998
20151112,1481646.5092
20151111,2361757.7854999998
20151110,1789451.1219000004
20151109,1552774.3452
20151106,3220693.1523
20151105,1761402.207
20151104,2024001.35
20151103,970825.2344
20151102,1159583.068
20151030,1731963.0085999998
20151029,1346422.387
20151028,2053643.4765
20151027,4032047.1071999995
20151026,1889298.3105
20151023,1698686.0890000002
20151022,763249.6949
20151021,1171173.6396
20151020,791275.1232
20151019,790785.8055000001
20151016,1131331.4888
20151015,1304340.2208
20151014,839863.8002
20151013,909017.4080000002
20151012,1091259.8699999999
20151009,1012783.3386999998
20151008,1258320.9440000001
20151007,1046339.8248000001
20151006,613653.3492800001
20151005,868109.3058
20151002,1408262.216
20151001,478520.26200999995
20150930,987739.8339
20150929,968461.872
20150928,1182530.1324
20150925,1007065.1900000001
20150924,1235869.7736000002
20150923,1358628.0
20150922,920228.9219999999
20150921,1427502.357
20150918,1321748.58
20150917,1093294.6199999999
20150916,1734331.6377000003
20150915,1881174.6364999998
20150914,1671756.7880000002
20150911,1145715.399
20150910,847640.6978
20150909,2119595.9200000004
20150908,3050219.9159
20150904,1159700.6343999999
20150903,1046973.6229
20150902,873758.9626000001
20150901,1519642.4285999998
20150831,1219943.7540000002
20150828,741169.6291999999
20150827,1253467.0456
20150826,1807931.7755999998
20150825,2018677.4861999997
20150824,2063911.7519999999
20150821,1982330.0910000002
20150820,1473392.4575999998
20150819,1328793.6736
20150818,821493.1452
20150817,951652.7616
20150814,921183.0012000002
20150813,1740962.6724
20150812,3019573.0577999996
20150811,1770289.398
20150810,904489.2376
20150807,687584.0630399999
20150806,732855.55392
20150805,596769.60044
20150804,669214.55271
20150803,722450.92821
20150731,986197.9746000001
20150730,547671.46728
20150729,573706.74678
20150728,974938.7312
20150727,985086.52
20150724,724659.9948
20150723,621815.8607999999
20150722,941628.402
20150721,472635.43052000005
20150720,671386.63095
20150717,1206976.1088
20150716,698713.8936600001
20150715,767677.95819
20150714,612327.104
20150713,844940.0922000001
20150710,900840.732
20150709,1562382.0992
20150708,1766464.8948
20150707,2724202.2810000004
20150706,934581.6194000001
20150702,554462.04755
20150701,490102.90657999995
20150630,1035989.0884999998
20150629,1229921.8876999998
20150626,1053505.3248
20150625,760368.6734799999
20150624,803349.3316800001
20150623,970012.3944
20150622,611010.29808
20150619,877589.1977999998
20150618,1017248.7174999999
20150617,888643.644
20150616,944583.7845
20150615,878000.2896
20150612,862584.7858199999
20150611,1191054.0051
20150610,1113794.3180000002
20150609,1405619.589
20150608,1383781.5306
20150605,1027827.7531999999
20150604,786432.71629
20150603,854554.5197000001
20150602,891292.4279700001
20150601,898573.5747
20150529,1236400.4884
20150528,1291652.8005000001
20150527,879653.237
20150526,1446392.916
20150522,2067570.1866000001
20150521,3814517.1391999996
20150520,2700067.347
20150519,1808459.3675
20150518,1171319.3884
20150515,1185888.5677999998
20150514,1067186.016
20150513,1660985.0354
20150512,1389068.8250999998
20150511,1712424.2848
20150508,2622728.6418
20150507,5967256.2
20150506,1886759.2000000002
20150505,2595764.038
20150504,1730124.6557
20150501,1450992.4849
20150430,1149340.6133
20150429,1737616.4355000001
20150428,944172.7475999999
20150427,1476765.033
20150424,1780214.5682999997
20150423,943186.3363999999
20150422,1091340.486
20150421,823362.11828
20150420,1106819.712
20150417,1855752.444
20150416,1008456.8922000001
20150415,1033381.2627
20150414,1003392.7000000001
20150413,1329559.9828
20150410,1546405.7429999998
20150409,2392209.4452
20150408,2230945.2506
20150407,774793.2420199999
20150406,1045502.5055999999
20150402,1634324.3488
20150401,1223877.8360000001
20150331,983019.4503999999
20150330,836745.8587000001
20150327,820104.6805799999
20150326,1025257.0943000001
20150325,1130631.7
20150324,1213372.6165999998
20150323,918119.4299999999
20150320,1802326.764
20150319,2606393.9694
20150318,3009774.7966
20150317,1487461.105
20150316,1414715.4
20150313,1036054.5412
20150312,919419.2895999999
20150311,1044657.5472
20150310,1144686.4782999998
20150309,1451757.1698
20150306,900323.496
20150305,1590093.939
20150304,3120588.4661999997
20150303,3195768.4194
20150302,938773.0800000001
20150227,711780.33472
20150226,747672.08203
20150225,1171501.3752
20150224,1339589.1564
20150223,799360.6536300001
20150220,676225.97976
20150219,657607.41475
20150218,643260.45714
20150217,1314312.3405
20150213,1299007.0795
20150212,1319034.561
20150211,1056195.24
20150210,1049411.4476
20150209,1039574.02
20150206,1507752.9432000003
20150205,2511478.59
20150204,1313946.0
20150203,1221057.6417
20150202,1698512.4681999998
20150130,3273455.7196
20150129,6864235.7784
20150128,4136150.315
20150127,1604995.1864
20150126,1108152.7966
20150123,1016716.5674400001
20150122,1185618.72
20150121,1563962.4363
20150120,1205428.9788
20150116,1289908.1968
20150115,1751127.682
20150114,1771128.8842000002
20150113,1136261.3583
20150112,807547.7188
20150109,1050125.0982
20150108,1355374.3392
20150107,1123431.0213
20150106,1618271.1971999998
20150105,1849688.75
20150102,1272871.0399999998
20141231,1065837.139
20141230,1077157.8675
20141229,854113.06218
20141226,691213.1382
20141224,621964.4301
20141223,2013033.5304
20141222,1412392.5901
20141219,1635997.871
20141218,2485425.4825
20141217,1879825.3187999998
20141216,2290487.4272
20141215,1725115.725
20141212,1524520.6955
20141211,1643666.4468
20141210,1911229.9471999998
20141209,2666055.3724
20141208,2013829.4085
20141205,1308297.2110000001
20141204,1177987.9679999999
20141203,1788480.1104000001
20141202,2055358.3842
20141201,4071912.1610999997
20141128,901810.28088
20141126,1328854.7674
20141125,2660259.8967
20141124,2340501.2096
20141121,3028934.9952000002
20141120,4000193.4999999995
20141119,5091250.3436
20141118,4546083.3033
20141117,2573249.3225000002
20141114,3425158.461
20141113,7128354.222000001
20141112,6355206.210000001
20141111,8128072.239600001
20141110,8913400.6045
20141107,5873233.44
20141106,3718834.5045
20141105,5239959.8167
20141104,7173411.212099999
20141103,4124448.378
20141031,1779534.7719999999
20141030,1522843.1136
20141029,2811266.8614
20141028,3181070.8944000006
20141027,2757974.3037
20141024,3073805.028
20141023,1938944.2155000002
20141022,1861203.2208
20141021,2097868.3740000003
20141020,868757.03682
20141017,1522609.991
20141016,1349132.163
20141015,1438233.224
20141014,1320476.392
20141013,1259942.8352
20141010,1323073.2915999999
20141009,1906772.3532000002
20141008,905240.121
20141007,1119415.2717
20141006,818421.31445
20141003,1617261.391
20141002,1867679.8974000001
20141001,2065967.778
20140930,2166175.439
20140929,2241680.3375
20140926,1656754.9987999997
20140925,2540104.7256
20140924,2895196.8479999998
20140923,3393968.3085000003
20140922,5977263.415899999
20140919,2.551160302E7
