20160408,825290.2336
20160407,1027493.1516
20160406,1131899.754
20160405,969062.7646
20160404,1388810.2797
20160401,1257837.648
20160331,1170949.0451999998
20160330,1116508.5491999998
20160329,1213418.3212000001
20160328,1242903.0572999998
20160324,857931.3585
20160323,846073.3840000001
20160322,808396.1351999999
20160321,850796.8149
20160318,1619165.3776
20160317,1877451.552
20160316,990517.9074000001
20160315,873805.4028
20160314,670769.2758000001
20160311,968722.2192
20160310,992444.5332000001
20160309,745827.4775
20160308,935847.1584
20160307,794902.5902999999
20160304,1006085.2712000001
20160303,849124.2798
20160302,1122270.7638
20160301,965564.4312
20160229,995172.0874000001
20160226,862658.622
20160225,1048753.4005
20160224,1300567.536
20160223,909563.6664
20160222,1132110.3046
20160219,1046593.5312
20160218,902466.9751999999
20160217,1122340.9662
20160216,1362643.0817999998
20160212,1628538.4548000002
20160211,2210783.472
20160210,919329.179
20160209,1046282.2300000001
20160208,1354784.3172000002
20160205,1483155.304
20160204,1575455.6292
20160203,1268584.1393000002
20160202,1131570.3047999998
20160201,1243794.2448
20160129,1500604.938
20160128,1129905.2856
20160127,1290812.88
20160126,1201004.7554
20160125,1257426.0404
20160122,2480557.8279999997
20160121,1600959.0903
20160120,2464205.8000000003
20160119,1479905.9275
20160115,1977078.9345999998
20160114,1894459.7592
20160113,1571696.0703999999
20160112,1363811.5968000002
20160111,1668759.0489999999
20160108,2116766.2035
20160107,2670173.591
20160106,1894896.2999999998
20160105,1689505.1361999998
20160104,1927607.1226
20151231,1629315.702
20151230,903932.568
20151229,1044614.368
20151228,820445.676
20151224,416786.7621
20151223,1106543.5890000002
20151222,1286463.6553
20151221,1234286.8159999999
20151218,2505476.208
20151217,1769610.5829999999
20151216,2282345.2386000003
20151215,1798398.3576
20151214,1964047.0872000002
20151211,1902932.4782
20151210,1442154.834
20151209,1540364.8402999998
20151208,1608010.5738
20151207,2024920.0536999998
20151204,1774532.3303
20151203,1890253.9656
20151202,1321347.3299999998
20151201,1635289.425
20151130,2366877.3588
20151127,1006247.8932
20151125,1643543.7611999998
20151124,4471975.62
20151123,4140032.246
20151120,6456382.8
20151119,2992597.5396
20151118,5424398.9520000005
20151117,1.307680376E7
20151116,8645289.312
20151113,7480846.596000001
20151112,8829056.496
20151111,6058929.041
20151110,7211068.356
20151109,4327321.95
20151106,3773019.7120000003
20151105,3633244.524
20151104,3105537.246
20151103,2835593.4255
20151102,1748782.56
20151030,2052315.6084000003
20151029,1242758.781
20151028,2087991.3892
20151027,1991304.51
20151026,1439851.527
20151023,2268172.8316
20151022,2408754.7145999996
20151021,1889255.5210000002
20151020,2162578.7016000003
20151019,3798136.4459999995
20151016,4112603.9639999997
20151015,2156188.9699
20151014,1079022.828
20151013,1202481.5283
20151012,708454.5192
20151009,1327310.1604
20151008,1430999.0523
20151007,1825214.0747
20151006,1956954.7111
20151005,2821493.5020000003
20151002,1086683.9175
20151001,1000166.4310000001
20150930,1103528.3376
20150929,1020242.223
20150928,1035537.6889
20150925,969778.4964000001
20150924,1324060.1616
20150923,1034783.5175999999
20150922,1109250.0692999999
20150921,742392.2753
20150918,1929102.72
20150917,1226200.794
20150916,1594272.6003
20150915,1169247.5960000001
20150914,649883.3067
20150911,795527.0075
20150910,864154.6516000001
20150909,849266.497
20150908,1151809.4016
20150904,851090.8800000001
20150903,820213.6695
20150902,1238181.0714
20150901,1558259.55
20150831,915811.5865999999
20150828,827044.9271999999
20150827,1616999.041
20150826,1893675.6628999999
20150825,1413442.3719
20150824,2177061.9178
20150821,1599996.5463999999
20150820,871399.4333
20150819,749548.349
20150818,529832.0808
20150817,502525.90260000003
20150814,541873.5488
20150813,423384.3719
20150812,841310.6207999999
20150811,722938.9758
20150810,615289.6896
20150807,668361.5186999999
20150806,448736.11569999997
20150805,663782.508
20150804,565857.7609999999
20150803,840940.3093
20150731,603929.205
20150730,575908.6484000001
20150729,627642.886
20150728,721796.283
20150727,940597.713
20150724,796502.605
20150723,607756.4506000001
20150722,640711.9413999999
20150721,785730.8820000001
20150720,669430.6262
20150717,1121747.286
20150716,824767.8608
20150715,747494.4268
20150714,590770.1372
20150713,640891.1106
20150710,665891.1719000001
20150709,791137.5795999999
20150708,829215.2760000001
20150707,863885.7727
20150706,730201.9517999999
20150702,696305.7088
20150701,811186.4859999999
20150630,943065.7490999999
20150629,886793.9184
20150626,697200.1596
20150625,629287.5888
20150624,884482.5942
20150623,895517.709
20150622,752543.8194
20150619,1635164.8991999999
20150618,1031303.5159
20150617,995624.973
20150616,748789.8082
20150615,775412.0772
20150612,606351.3291
20150611,863455.2696
20150610,915948.315
20150609,846392.8820999999
20150608,811923.8844
20150605,836169.1477
20150604,909035.9488
20150603,724142.7881
20150602,719233.7712
20150601,908541.8496000001
20150529,1134427.6368
20150528,729334.7424
20150527,696935.1936
20150526,1305836.9344
20150522,643951.3952
20150521,1114951.3452
20150520,1107297.9252
20150519,797267.8160000001
20150518,613218.4669
20150515,974000.6811
20150514,739024.3084999999
20150513,1011099.9273
20150512,803142.1197
20150511,871645.372
20150508,1018247.544
20150507,838729.4239999999
20150506,744208.6022
20150505,816915.1276
20150504,713863.6974
20150501,772484.9249
20150430,1163092.4992
20150429,1006161.3387
20150428,1042051.5576000002
20150427,973279.104
20150424,742697.412
20150423,1023484.9470000002
20150422,1266081.8625
20150421,2045430.7544
20150420,1666099.1339999998
20150417,2382046.215
20150416,1698963.2088000001
20150415,1548310.9558
20150414,1546193.1878
20150413,4252947.75
20150410,1.0051756445E7
20150409,1545660.279
20150408,561044.0779
20150407,531887.9201999999
20150406,841260.2748
20150402,728522.5894
20150401,961780.7052
20150331,866677.8059999999
20150330,685247.7264
20150327,702358.6416
20150326,805077.192
20150325,869091.4666
20150324,650074.7932
20150323,814586.1246
20150320,1268939.5499999998
20150319,968919.3605
20150318,979861.3168000001
20150317,867028.7247
20150316,880682.489
20150313,1130600.0704
20150312,745922.308
20150311,902191.4374
20150310,940016.9424
20150309,809570.6928000001
20150306,820595.2216
20150305,732583.6304
20150304,806723.457
20150303,789115.8311999999
20150302,844140.7387
20150227,1336528.2129
20150226,990075.024
20150225,1765705.0933
20150224,949787.0888
20150223,773604.7323
20150220,1004372.1983000002
20150219,831083.8006
20150218,759611.1525
20150217,902722.3017000001
20150213,830509.3359999999
20150212,658363.8966
20150211,605615.8489
20150210,668824.8144
20150209,671104.4032000001
20150206,673603.632
20150205,627042.955
20150204,802311.8032
20150203,921367.9312
20150202,957875.6709
20150130,1305785.1147
20150129,969677.2791999999
20150128,1180919.4064
20150127,935570.0661999999
20150126,963220.0538999999
20150123,1558862.8992
20150122,1143656.2268
20150121,903775.8668
20150120,1060039.7235
20150116,1174363.5134
20150115,741150.7614
20150114,994331.9262000001
20150113,982175.9032000001
20150112,980210.077
20150109,1035042.0273000002
20150108,1052701.142
20150107,1050002.8616
20150106,1533605.608
20150105,1032927.9240000001
20150102,1025095.8396000001
20141231,711210.5042
20141230,565590.5009999999
20141229,535108.438
20141226,386106.0288
20141224,461456.56619999994
20141223,812546.3372
20141222,905727.0488999999
20141219,2220079.0668
20141218,1305638.358
20141217,1911400.0524
20141216,1184688.5661999998
20141215,1555920.4467999998
20141212,1269242.6512
20141211,1038459.1832999999
20141210,1144867.9634
20141209,831181.9393999999
20141208,966118.1782
20141205,581311.0152
20141204,773025.828
20141203,905936.1564
20141202,657183.9295000001
20141201,1272312.6897999998
20141128,826096.7427
20141126,518314.23900000006
20141125,752115.1866
20141124,648023.76
20141121,976078.5054999999
20141120,569091.3885
20141119,906781.0868
20141118,991859.5994000001
20141117,654194.6094
20141114,447792.8994
20141113,671042.9010000001
20141112,744931.1532
20141111,499861.16620000004
20141110,430231.99789999996
20141107,696884.8956
20141106,1060015.2071999998
20141105,814797.6088
20141104,579610.301
20141103,901045.598
20141031,1031142.0206
20141030,671766.7011000001
20141029,737481.23
20141028,738324.5676
20141027,503564.97839999996
20141024,525729.2263999999
20141023,783124.0992
20141022,756417.1593
20141021,806360.0904999999
20141020,846986.9161000001
20141017,1306071.0904
20141016,1252272.1824999999
20141015,1592054.4108000002
20141014,1018040.635
20141013,932283.448
20141010,1159991.6883
20141009,842440.7040000001
20141008,931371.7525000001
20141007,792450.5037
20141006,768700.556
20141003,550114.216
20141002,715622.8304
20141001,1056280.4548
20140930,1029341.145
20140929,780852.5768
20140926,740587.3079
20140925,782539.2679999999
20140924,882260.2117000001
20140923,563807.3446
20140922,599575.288
20140919,1004966.5351
20140918,827131.2485
20140917,777668.7083999999
20140916,719140.8065000001
20140915,397485.53280000004
20140912,636531.35
20140911,587519.891
20140910,495503.313
20140909,560668.437
20140908,531050.0879999999
20140905,548087.4720000001
20140904,697416.698
20140903,515788.428
20140902,630174.1435
20140829,569234.2704
20140828,349450.85250000004
20140827,552906.3579000001
20140826,678762.162
20140825,572143.8099999999
20140822,594821.7594999999
20140821,585067.695
20140820,759860.7407999999
20140819,419748.0785
20140818,697375.3677000001
20140815,720998.082
20140814,603529.364
20140813,512444.46959999995
20140812,557337.8811
20140811,718296.6325
20140808,587835.7024
20140807,922220.25
20140806,1200233.2512
20140805,691652.88
20140804,716965.9994
20140801,1018504.4415000001
20140731,954681.4249999999
20140730,661671.4808
20140729,572419.1095
20140728,843830.5059000001
20140725,634938.7102999999
20140724,535345.5696
20140723,828971.0175
20140722,897829.7274000001
20140721,1539215.2368
20140718,1464422.3496
20140717,998065.7936999999
20140716,1269439.5896
20140715,1102718.4
20140714,673187.661
20140711,940010.184
20140710,870817.26
20140709,994804.6696
20140708,766834.326
20140707,675226.71
20140703,551002.2796
20140702,565369.6311
20140701,740623.752
20140630,779494.2336
20140627,928793.5451999999
20140626,608023.0266
20140625,693819.3188
20140624,702215.4251999999
20140623,832490.4372
20140620,1338313.9704
20140619,850354.8757000001
20140618,704622.871
20140617,572278.3348000001
20140616,703163.8098
20140613,517301.6992
20140612,693946.6256
20140611,670149.966
20140610,592725.3522
20140609,774962.4008000001
20140606,915198.165
20140605,669505.9212
20140604,527849.3115000001
20140603,499402.5702
20140602,459424.30989999993
20140530,506832.5088
20140529,401758.87359999993
20140528,484500.7112
20140527,486110.3722
20140523,392743.52920000005
20140522,414309.6793
20140521,459958.5852
20140520,616578.515
20140519,481571.2818
20140516,769183.8693
20140515,898303.546
20140514,554630.1684000001
20140513,551326.1764
20140512,635399.6115
20140509,460312.7538
20140508,552249.9004
20140507,644331.457
20140506,654636.5973
20140505,440543.56499999994
20140502,625783.1352
20140501,689726.9084
20140430,783045.6737
20140429,739189.8744
20140428,925120.456
20140425,897755.586
20140424,676411.0038
20140423,775707.052
20140422,738811.0349999999
20140421,667690.3222
20140417,1849208.128
20140416,873892.6608
20140415,781031.2456
20140414,644429.1201000001
20140411,949045.5656
20140410,927890.9664
20140409,653357.1630000001
20140408,691952.97
20140407,786149.6830000001
20140404,860182.9506
20140403,581968.6822
20140402,686751.8783999999
20140401,737191.52
20140331,830449.7112
20140328,768150.4912
20140327,761238.0752
20140326,815203.5486
20140325,799017.6259999999
20140324,791434.8519
20140321,1401036.822
20140320,901858.503
20140319,890215.4816
20140318,609798.9959999999
20140317,1159234.9419
20140314,737627.5935
20140313,958952.5162
20140312,604434.9584
20140311,643970.348
20140310,579740.4983999999
20140307,712931.1812999999
20140306,915364.3224
20140305,781236.1538
20140304,939775.986
20140303,859369.5184000001
20140228,749769.8139
20140227,581741.445
20140226,753544.3080000001
20140225,836194.9134
20140224,961608.7511999999
20140221,926421.24
20140220,810745.7392000001
20140219,860885.5019999999
20140218,749390.1435
20140214,644658.5573999999
20140213,823167.4224
20140212,640535.3654
20140211,828697.3277
20140210,826759.7189999999
20140207,879924.2331
20140206,1115873.5304999999
20140205,987168.8248
20140204,1126682.4113999999
20140203,1837227.954
20140131,1013593.6713
20140130,767402.355
20140129,1002215.1339
20140128,1283842.141
20140127,1517926.3264
20140124,2389239.4450000003
20140123,1498776.3802
20140122,1265019.8466999999
20140121,1558838.9970999998
20140117,2584654.8822
20140116,887965.76
20140115,871139.888
20140114,672789.5745
20140113,920026.5525
20140110,1046818.2472
20140109,852295.4913999999
20140108,703892.7690000001
20140107,674821.3891
20140106,800260.3708000001
20140103,757645.584
20140102,1139975.925
20131231,849483.0663000001
20131230,663440.3475
20131227,528511.181
20131226,689219.6904999999
20131224,417178.2648
20131223,817055.6699999999
20131220,2136486.312
20131219,1386103.422
20131218,1513488.3765
20131217,989428.2846
20131216,1079285.7964
20131213,1067842.0148
20131212,821085.4964
20131211,1067168.9256
20131210,836894.1966
20131209,835429.3359000001
20131206,682260.888
20131205,752645.5945
20131204,1196691.1775999998
20131203,869729.2448
20131202,923309.6481999999
20131129,570682.0938
20131127,609183.7355999999
20131126,978836.3156
20131125,864281.4048
20131122,597054.6948
20131121,817027.1577
20131120,816522.1528
20131119,964908.0201
20131118,1063868.6576
20131115,1405653.8399999999
20131114,875155.6081999999
20131113,933054.5475
20131112,1016001.787
20131111,643841.4215
20131108,1020012.7609999999
20131107,1583316.854
20131106,1577441.017
20131105,657067.7778
20131104,744473.8968
20131101,1476540.4261999999
20131031,1119603.1242
20131030,1049839.0119
20131029,1006997.6356
20131028,821488.5248
20131025,708040.568
20131024,898019.1945999999
20131023,1015626.992
20131022,1126177.3444
20131021,1588851.1518
20131018,2516862.7925000004
20131017,1119303.1552
20131016,733577.5272
20131015,685840.6856000001
20131014,536928.2978000001
20131011,833865.364
20131010,925420.74
20131009,827198.8137
20131008,1002738.1275000001
20131007,692866.4526000001
20131004,800249.801
20131003,902051.1910000001
20131002,832194.2684999999
20131001,700573.2508
20130930,841628.9326
20130927,617516.6984999999
20130926,830125.7575
20130925,712965.0847
20130924,785536.2432
20130923,1005523.1792
20130920,1630068.9125
20130919,1215541.9013999999
20130918,1270147.3686
20130917,874076.4975
20130916,890777.1044
20130913,453520.98339999997
20130912,731659.5675
20130911,833601.4467
20130910,852583.1699
20130909,657939.1812000001
20130906,850702.4664
20130905,699331.2540000001
20130904,732480.6244000001
20130903,1196593.7769999998
20130830,1070446.6812
20130829,510836.84380000003
20130828,669612.552
20130827,1191175.9261999999
20130826,610629.9158999999
20130823,491988.70040000003
20130822,737964.5022000001
20130821,751778.0510999999
20130820,722193.352
20130819,767811.8745
20130816,869756.7039999999
20130815,959095.44
20130814,673569.1032
20130813,690485.532
20130812,664170.1503
20130809,503516.08749999997
20130808,544322.4384
20130807,680130.9162
20130806,555646.1338999999
20130805,440663.14160000003
20130802,632996.78
20130801,787220.807
20130731,949331.6441
20130730,763812.2304
20130729,626663.5894999999
20130726,766970.2065
20130725,738713.1957
20130724,676629.4904
20130723,801426.843
20130722,1032877.8108
20130719,2563184.664
20130718,978428.7422999999
20130717,632235.2014
20130716,894858.9441000001
20130715,843964.8265999999
20130712,790149.2544000001
20130711,780877.0746
20130710,669869.0702
20130709,744760.5666
20130708,828562.8648
20130705,527287.0148
20130703,491431.64229999995
20130702,1090170.072
20130701,835183.8558
20130628,1065715.2339
20130627,719830.1
20130626,756392.4824999999
20130625,844222.166
20130624,1118373.6034
20130621,1519118.7872
20130620,1456406.2725
20130619,1104939.1694
20130618,1770096.3044999996
20130617,933656.8383000001
20130614,654927.8064
20130613,827169.3952
20130612,795262.0900000001
20130611,853084.314
20130610,989886.7308
20130607,1170060.0415999999
20130606,996108.1732
20130605,1043677.0388
20130604,915670.392
20130603,1069191.5748
20130531,1148003.0232000002
20130530,692559.7000000001
20130529,927522.0192
20130528,1116636.8320000002
20130524,965087.656
20130523,1050111.7172
20130522,1632157.8546
20130521,798872.5654000001
20130520,773883.0023
20130517,962783.6202000001
20130516,767814.1275999999
20130515,933166.8752
20130514,911218.5498000002
20130513,691995.5695000001
20130510,804129.1489999999
20130509,682802.2528
20130508,919657.2372000001
20130507,625801.5288
20130506,644967.4428
20130503,1026127.8968
20130502,615936.2472
20130501,868270.9184999999
20130430,759286.7829
20130429,813316.4344
20130426,1038518.0563
20130425,908518.1825
20130424,1130767.3944
20130423,1405009.735
20130422,1874381.6175000002
20130419,2362521.975
20130418,932790.0215
20130417,971187.6356
20130416,831592.8390000002
20130415,1059454.0171
20130412,638513.8698000001
20130411,638869.8057
20130410,937756.3211999999
20130409,729260.97
20130408,704385.9424
20130405,717458.1458
20130404,703253.1392
20130403,1209040.54
20130402,680657.4180000001
20130401,633773.1072
20130328,718971.6568
20130327,631524.6630000001
20130326,747987.7192
20130325,968674.5739999999
20130322,710508.5283
20130321,897400.7310999999
20130320,918733.9512
20130319,841499.1684000001
20130318,783041.6325
20130315,1378145.1896
20130314,819731.0929000002
20130313,567362.4264
20130312,856702.5278
20130311,825444.8332
20130308,688224.9327
20130307,543594.7648
20130306,746500.6728000001
20130305,840394.2217999999
20130304,590812.0361
20130301,955749.1815000001
20130228,920125.008
20130227,693507.3207
20130226,952305.4484999999
20130225,1177291.6176
20130222,650917.0354
20130221,1110277.9536000001
20130220,891696.2640000001
20130219,978939.6125
20130215,915032.1926999999
20130214,1262683.1957
20130213,1986586.6124000002
20130212,770290.2814
20130211,443132.2435
20130208,549538.425
20130207,861561.2864
20130206,964585.4196
20130205,696863.3196
20130204,797200.7758999999
20130201,988719.9738
20130131,765493.3436000001
20130130,803351.5191
20130129,768287.0249999999
20130128,1115046.9
20130125,933820.6035
20130124,1036130.3820000001
20130123,1034091.438
20130122,1212711.382
20130118,2491247.32
20130117,1359150.87
20130116,818949.7536
20130115,561180.96
20130114,669131.232
20130111,883627.8631999999
20130110,705192.1764
20130109,597900.6394999999
20130108,836995.258
20130107,690948.2531
20130104,631453.872
20130103,1023242.812
20130102,983267.6018
20121231,1233229.4581
20121228,661844.5428
20121227,792903.0769000001
20121226,593115.3894999999
20121224,314414.271
20121221,1685246.5151999998
20121220,1065896.22
20121219,1939048.617
20121218,1753744.2993
20121217,1060434.3606
20121214,929748.8582
20121213,734345.3524
20121212,921576.9222
20121211,975265.3359
20121210,590430.0951
20121207,719943.7282
20121206,698131.6149
20121205,983429.4349
20121204,767987.6007999999
20121203,622712.0424
20121130,799888.4054
20121129,583863.3147999999
20121128,732096.169
20121127,688674.5210000001
20121126,1002685.554
20121123,746003.4976
20121121,846475.828
20121120,552578.8840000001
20121119,790584.0306
20121116,912405.5004999998
20121115,1034119.8803999999
20121114,1309401.7737000003
20121113,847638.2507999999
20121112,454516.0551
20121109,845901.63
20121108,848743.7791
20121107,955679.4727999999
20121106,706696.1863
20121105,642138.1404
20121102,1011152.0414999999
20121101,984080.2289999999
20121031,823415.463
20121026,211099.97889
20121025,972892.8916000001
20121024,898919.9972000001
20121023,1197967.8144
20121022,1876260.771
20121019,2375820.944
20121018,981697.4642999999
20121017,647684.9444
20121016,807509.9360000001
20121015,668817.9752
20121012,740805.92
20121011,542834.5026
20121010,734396.7796
20121009,886045.0794
20121008,554656.2072000001
20121005,885765.1168000001
20121004,925909.488
20121003,749648.6486
20121002,1013988.8609
20121001,970633.0175999999
20120928,1606842.6435000002
20120927,1526585.6683000003
20120926,908807.692
20120925,1048586.5093999999
20120924,817463.7119999999
20120921,1499934.2994
20120920,979068.1542
20120919,902371.0122
20120918,863424.632
20120917,1748147.373
20120914,2081415.7221
20120913,2306940.7139999997
20120912,937801.0917
20120911,724858.5578999999
20120910,723250.0728000001
20120907,784337.9284000001
20120906,1130951.9601999999
20120905,680802.6224999999
20120904,782936.6391000001
20120831,614604.457
20120830,438273.0624
20120829,414853.4904
20120828,539215.8178
20120827,599971.26
20120824,610228.944
20120823,749904.4512
20120822,582140.4788
20120821,634488.018
20120820,573169.0965
20120817,630553.56
20120816,702700.783
20120815,605111.4272
20120814,630175.0608
20120813,564032.9948999999
20120810,510000.7150000001
20120809,645348.7404
20120808,677407.5715000001
20120807,657090.2976
20120806,716302.0673999999
20120803,792617.7008000001
20120802,900138.9384
20120801,740790.4887000001
20120731,795219.8875
20120730,935869.376
20120727,1679429.9856
20120726,1168182.1919999998
20120725,851741.4
20120724,1096030.6842
20120723,1235018.8879
20120720,2306082.395
20120719,829821.96
20120718,779310.24
20120717,1023886.8527999999
20120716,700734.8877
20120713,639166.2747
20120712,972758.5488
20120711,841319.016
20120710,1070964.7632000002
20120709,660882.7272
20120706,1123203.2000000002
20120705,590241.7032
20120703,434083.7691
20120702,1251534.3225
20120629,1509579.9944
20120628,1147987.816
20120627,1082227.4496
20120626,1162061.802
20120625,869449.2992
20120622,1015837.1881
20120621,1189674.2466000002
20120620,936761.3040000001
20120619,863519.6000000001
20120618,826778.45
20120615,1190094.0
20120614,1228059.2532
20120613,778971.7169000001
20120612,914316.202
20120611,982589.9538
20120608,2072206.0799999998
20120607,2643080.5
20120606,807774.3808
20120605,698479.4591999999
20120604,1207920.4334999998
20120601,1129427.5067999999
20120531,934175.6405999999
20120530,791705.4768
20120529,685363.4550000001
20120525,513705.024
20120524,802261.6525
20120523,1217363.6146
20120522,904718.8738000001
20120521,738140.9839999999
20120518,1157264.1824999999
20120517,983365.3663999999
20120516,1613402.0999999999
20120515,874374.9919999999
20120514,873293.8080000001
20120511,498465.01200000005
20120510,671696.922
20120509,1162747.7241
20120508,775359.3925000001
20120507,688495.8276
20120504,669874.5516
20120503,471302.6219
20120502,665217.9944999999
20120501,689877.3420000001
20120430,643562.4887999999
20120427,676085.9384
20120426,678507.0804
20120425,940426.7555
20120424,968333.8145999999
20120423,987637.9698
20120420,1314163.1888
20120419,997742.361
20120418,636517.623
20120417,676842.3668
20120416,567655.641
20120413,758954.4768
20120412,541916.594
20120411,715908.8059
20120410,1020320.4761999999
20120409,695141.3759999999
20120405,771496.8375999999
20120404,859385.6375999999
20120403,869991.53
20120402,884194.311
20120330,820163.9619
20120329,810169.8989999999
20120328,1109073.6597000002
20120327,766794.3276
20120326,861364.04
20120323,676710.1952
20120322,1006255.8515
20120321,1022710.4018999999
20120320,951134.1588
20120319,863027.8321000001
20120316,1597504.2739999997
20120315,1532012.2272
20120314,1409772.314
20120313,1247623.2366
20120312,676219.2919
20120309,710937.7967999999
20120308,682264.5115000001
20120307,1020058.2777999999
20120306,1033113.1458
20120305,670016.8410000001
20120302,686473.6501
20120301,712367.9888
20120229,849237.3795
20120228,670785.0856000001
20120227,712317.3239
20120224,459048.122
20120223,879850.6881
20120222,785013.845
20120221,813210.4827
20120217,1117989.9384
20120216,764051.6309
20120215,776251.28
20120214,742991.3886000001
20120213,1986756.4610000001
20120210,2066002.528
20120209,844719.0100999998
20120208,647163.374
20120207,690675.2524
20120206,813308.3175
20120203,847768.1892
20120202,708775.3125
20120201,971775.456
20120131,864437.9232
20120130,711443.8169999999
20120127,620304.5442
20120126,808075.8033
20120125,980306.5197999999
20120124,747762.2376
20120123,957250.5174
20120120,1765706.7914999998
20120119,1028808.089
20120118,1000694.505
20120117,917713.3542
20120113,791395.3008000001
20120112,734202.7002
20120111,899570.8288
20120110,1110133.44
20120109,884142.8436
20120106,948980.8184999999
20120105,844024.8145
20120104,786826.7008
20120103,1067059.332
20111230,558503.2908000001
20111229,741081.419
20111228,695153.0089
20111227,757727.8862000001
20111223,855216.3334
20111222,1722916.7225
20111221,1413282.404
20111220,1055721.2544000002
20111219,1115940.1331999998
20111216,1638841.3776
20111215,1030590.8517
20111214,1479308.6913
20111213,1211374.9912
20111212,2952428.554
20111209,1441499.6216000002
20111208,1299220.6752
20111207,1093135.7267999998
20111206,1385131.7832
20111205,1003732.7580999999
20111202,1100793.3275
20111201,925285.5068000001
20111130,1563380.8764
20111129,1199003.7256
20111128,1148098.012
20111125,340505.361
20111123,984859.7313
20111122,1122516.7063
20111121,1023863.2812000001
20111118,732329.5430000001
20111117,1053237.0128000001
20111116,843008.8589999999
20111115,643477.284
20111114,645579.893
20111111,818497.165
20111110,951983.4807999999
20111109,1243836.675
20111108,887641.4752
20111107,675271.2779999999
20111104,681906.9334
20111103,872217.7420000001
20111102,781952.925
20111101,1437340.9932
20111031,828193.3854
20111028,995589.96
20111027,1913863.0770000003
20111026,1086974.814
20111025,1334500.6622
20111024,1102419.2865
20111021,1853972.3789999997
20111020,914269.6719
20111019,856516.9003999999
20111018,1091736.3201000001
20111017,759665.9244
20111014,748030.0300000001
20111013,747462.205
20111012,1011756.5079999999
20111011,742003.5744
20111010,906183.2052000001
20111007,1015141.1900000001
20111006,1007004.3355999999
20111005,1213471.9317
20111004,1659847.14
20111003,1356163.0251
20110930,1153283.4762000002
20110929,962136.2738
20110928,886827.2189999999
20110927,1266047.7648
20110926,1461725.1459
20110923,995704.2459000001
20110922,1709115.52
20110921,1142543.4418000001
20110920,901303.9607999999
20110919,875495.2696
20110916,1455864.7341
20110915,1081964.0256
20110914,1440294.324
20110913,1281337.8016
20110912,2547112.9439999997
20110909,2177582.067
20110908,1836685.962
20110907,949549.822
20110906,1485089.9875
20110902,972091.9295999999
20110901,991291.122
20110831,1024948.7793999999
20110830,782026.3360000001
20110829,764784.6336
20110826,962363.6064
20110825,1040892.3015
20110824,1027010.7084
20110823,1088405.1276
20110822,1048662.5579
20110819,1202310.5381999998
20110818,1812983.978
20110817,807928.9131
20110816,956916.4084999999
20110815,1068592.5976
20110812,1187686.4792
20110811,2065515.4239999999
20110810,2033867.925
20110809,3165804.8520000004
20110808,2676392.1339999996
20110805,2051385.6610000003
20110804,2088056.7179999996
20110803,1497793.4198999999
20110802,1648775.4814
20110801,1237303.1454
20110729,1251078.8715
20110728,880728.2365
20110727,1403868.1845
20110726,1258881.3696
20110725,828288.8352000001
20110722,1559516.5152
20110721,1278134.86
20110720,906598.1463
20110719,839533.7697999999
20110718,717180.3469
20110715,927140.8552
20110714,808568.0386000001
20110713,1053219.3702
20110712,858951.4372
20110711,856172.7620999999
20110708,1027259.4924
20110707,855313.4680000001
20110706,600837.1905
20110705,793008.384
20110701,1052568.576
20110630,848399.1830000001
20110629,719444.9919999999
20110628,708543.5388
20110627,841309.2144
20110624,1432395.1692
20110623,1268058.2559999998
20110622,884647.9232
20110621,1095127.9811999998
20110620,717539.2224
20110617,1043718.8975
20110616,1008026.6568000001
20110615,1069348.5243000002
20110614,904252.9500000001
20110613,780640.4202
20110610,1021857.1736000001
20110609,730816.6158
20110608,966135.7434
20110607,978046.9776000001
20110606,1115174.5072
20110603,916717.8714
20110602,767682.5874
20110601,1235141.2670999998
20110531,1043771.9244
20110527,586897.8768000001
20110526,803982.3682
20110525,824503.0196
20110524,871188.0540000001
20110523,745662.8095000001
20110520,892561.4766
20110519,855063.446
20110518,907740.2152
20110517,932115.5121
20110516,901887.5008000002
20110513,834386.8923000001
20110512,770899.1828
20110511,769412.6461
20110510,770550.648
20110509,764466.0993
20110506,874533.8484
20110505,1139067.8409999998
20110504,1172811.4569
20110503,826820.6496
20110502,739630.6944
20110429,848316.5115
20110428,867220.4480000001
20110427,1824310.4145
20110426,1054359.972
20110425,1108999.7685
20110421,2425858.155
20110420,1133154.312
20110419,1287538.238
20110418,1271109.2184000001
20110415,1005008.004
20110414,879105.0
20110413,761384.5732
20110412,975595.1538
20110411,589992.3682
20110408,979040.1546
20110407,1059924.8660000002
20110406,1044617.328
20110405,845272.8113
20110404,931802.2955
20110401,983713.7934000001
20110331,820906.7490000001
20110330,943829.0652
20110329,715338.7302
20110328,700034.9974999999
20110325,791455.7725
20110324,868514.4816
20110323,864114.2244000001
20110322,906917.2555999999
20110321,1044333.3376
20110318,1538326.2125000001
20110317,1603129.629
20110316,2502544.5799999996
20110315,2617289.8310000002
20110314,1814976.3384000002
20110311,1144722.4723999999
20110310,1623289.668
20110309,1025397.0271
20110308,1036993.5627
20110307,1354229.1933999998
20110304,1244980.7895
20110303,957233.8125
20110302,997581.5456000001
20110301,1252401.5474999999
20110228,891766.8816000002
20110225,950348.679
20110224,1343540.1923999998
20110223,1728332.3715000001
20110222,1507082.3496
20110218,974867.1520000001
20110217,788554.7775999999
20110216,835607.7056
20110215,849629.7272000001
20110214,932123.4700000001
20110211,866868.9038999999
20110210,1067434.7373
20110209,1300802.0366
20110208,1167747.448
20110207,946289.4183
20110204,884987.9296
20110203,853107.2
20110202,874851.9087
20110201,1417642.72
20110131,1038689.8872000001
20110128,2063034.0799999998
20110127,1374215.5908000001
20110126,1348924.4328
20110125,2016949.032
20110124,1965699.7523999999
20110121,4519121.628
20110120,1245516.5398999997
20110119,1505010.3119999997
20110118,1309910.9520000003
20110114,794085.8104000001
20110113,833086.56
20110112,1017686.9507
20110111,865106.9649
20110110,1165693.5342
20110107,1056422.8969
20110106,735211.5264
20110105,956123.5152
20110104,1468500.3981
20110103,965060.0616000001
20101231,494771.3863
20101230,525122.0168000001
20101229,630860.5422
20101228,873565.2008000001
20101227,605603.1261000001
20101223,558492.6028
20101222,775043.8164
20101221,747242.3019999999
20101220,715726.4039999999
20101217,1153648.122
20101216,955924.1778999999
20101215,1235900.2425
20101214,1350326.5244
20101213,1194764.4498
20101210,2227873.58
20101209,668331.0611999999
20101208,808376.0664
20101207,1639686.8878
20101206,979517.4579999999
20101203,841800.4142
20101202,1345380.6108
20101201,1119096.3860000002
20101130,851369.5349
20101129,901360.0551000001
20101126,275641.902
20101124,675917.369
20101123,880047.5408
20101122,1047829.9643
20101119,798567.6943999999
20101118,800871.7464000001
20101117,572438.5197000001
20101116,1173139.1412
20101115,634112.5499999999
20101112,784206.1499999999
20101111,760918.0455000001
20101110,821554.4125000001
20101109,829255.7310000001
20101108,797403.2052000001
20101105,1167406.6852000002
20101104,1437619.4768
20101103,1054840.072
20101102,803979.3289999999
20101101,842381.3859999999
20101029,610897.5486
20101028,711139.1255999999
20101027,814538.3544
20101026,797368.6592
20101025,859706.5751999998
20101022,502352.6244
20101021,956505.1860000001
20101020,1114217.964
20101019,1191373.555
20101018,1096615.65
20101015,3339933.57
20101014,991007.5031999999
20101013,1048216.5504000001
20101012,1111494.2265
20101011,879918.3808
20101008,880778.1184
20101007,998000.267
20101006,1249164.007
20101005,1028836.3345
20101004,736776.733
20101001,791500.3992
20100930,957925.7999999999
20100929,721292.768
20100928,885732.4548000001
20100927,665509.1439
20100924,1414255.4048
20100923,855655.8054000001
20100922,782342.0549999999
20100921,894133.436
20100920,762798.6025
20100917,1180503.8828999999
20100916,763486.1418000001
20100915,1118229.6974
20100914,776613.8864000001
20100913,912543.775
20100910,744439.8056000001
20100909,960363.3975
20100908,1176853.3169999998
20100907,854241.7776
20100903,987576.6078
20100902,822092.4795
20100901,1166635.2887
20100831,857333.5776000001
20100830,528802.428
20100827,682098.4341000001
20100826,844141.5700000001
20100825,1115888.9083999998
20100824,1303351.0451
20100823,825211.6917
20100820,981592.0155
20100819,1251278.2075
20100818,663416.845
20100817,947355.1429999999
20100816,871600.4788
20100813,640142.2074000001
20100812,900932.6950000001
20100811,1207004.3819999998
20100810,863978.8625
20100809,652775.76
20100806,968318.2285
20100805,769222.9075999999
20100804,758584.7824
20100803,902517.2559999999
20100802,1103747.4306
20100730,969292.0536
20100729,1126997.711
20100728,840676.851
20100727,1130749.4934
20100726,1303706.5632000002
20100723,1767671.919
20100722,974674.7478
20100721,962336.3064
20100720,1002492.0774000001
20100719,714329.5449999999
20100716,1823461.29
20100715,1208428.1475
20100714,693239.472
20100713,877145.1858000001
20100712,571257.3334
20100709,687733.6375
20100708,1309280.6385
20100707,1337672.6896
20100706,1074004.9386000002
20100702,1088347.7336000002
20100701,1509860.072
20100630,1176111.9272
20100629,1660024.8480000002
20100628,905338.05
20100625,1997252.649
20100624,1451064.2536
20100623,1499373.0585
20100622,1017049.5321
20100621,1143372.7340000002
20100618,944051.7899999999
20100617,906502.9563
20100616,1371769.316
20100615,1246635.6584
20100614,1161233.0586
20100611,1099944.8024
20100610,1230531.1199999999
20100609,1023477.2652
20100608,1382819.112
20100607,1126044.9135
20100604,1789807.309
20100603,851849.9255
20100602,1025893.0125000001
20100601,1166517.3084
20100528,1149666.4365000003
20100527,1164479.855
20100526,1330707.6528
20100525,1948437.645
20100524,1186731.3238000001
20100521,2403347.782
20100520,2500666.0500000003
20100519,2328085.758
20100518,1368887.4893
20100517,1382576.7663999998
20100514,1475806.1472
20100513,1160551.1030000001
20100512,1250657.9640000002
20100511,1502392.68
20100510,2457248.244
20100507,2789715.4
20100506,3146468.127
20100505,1936446.6
20100504,1744640.633
20100503,1156695.7014000001
20100430,2112112.54
20100429,1365181.5326999999
20100428,1609857.0760000001
20100427,2047840.7399999998
20100426,1262448.3190000001
20100423,1101789.0828
20100422,1383287.6545000002
20100421,1106392.2111000002
20100420,1093191.22
20100419,1478233.6656000002
20100416,3268548.073
20100415,2005541.85
20100414,1582786.0755
20100413,1751943.797
20100412,1340114.6018
20100409,1010849.5652000001
20100408,1122152.2624
20100407,1118036.77
20100406,1000798.1100000001
20100405,1034867.3313000001
20100401,833146.5246
20100331,1077098.75
20100330,972459.255
20100329,1543870.768
20100326,1546370.4788000002
20100325,1784700.3630000001
20100324,2292209.55
20100323,1970751.7829999998
20100322,1173297.749
20100319,2073839.69
20100318,1607900.3206000002
20100317,2893785.576
20100316,4125438.8240000005
20100315,2038985.494
20100312,1916928.432
20100311,1068840.7232
20100310,1119764.9944000002
20100309,1378740.6079
20100308,871512.6374
20100305,1063968.5655
20100304,758236.1598
20100303,1342276.8590000002
20100302,835782.5460000001
20100301,995140.773
20100226,969764.3097999999
20100225,1006978.5264
20100224,910211.77
20100223,1006422.0319999999
20100222,729265.225
20100219,1053878.7798000001
20100218,766713.9479999999
20100217,975901.3794999999
20100216,1110675.0432
20100212,1187316.0515
20100211,1053110.9803
20100210,1071832.539
20100209,1521659.412
20100208,1096520.412
20100205,2263392.286
20100204,1761583.3759999997
20100203,1177069.7363999998
20100202,1947004.02
20100201,922722.2875000001
20100129,1302508.14
20100128,1276196.8928
20100127,1251846.1940000001
20100126,1273490.2185
20100125,1228816.6692000001
20100122,2617436.8079999997
20100121,1584154.6812
20100120,1062297.3900000001
20100119,1002515.037
20100115,1217068.818
20100114,956923.193
20100113,1098986.8823999998
20100112,1081896.7614
20100111,1281009.2028
20100108,1909403.3800000001
20100107,3010215.0
20100106,853781.3685
20100105,1000209.8053
20100104,1033562.8215
20091231,672248.1411
20091230,689182.3045
20091229,746004.2895999999
20091228,700767.8626
20091224,286877.3616
20091223,651497.3537
20091222,744485.3676000001
20091221,821854.9763999999
20091218,1229464.0365000002
20091217,1077037.9527
20091216,1137263.9184
20091215,1246683.375
20091214,699309.2479999999
20091211,897207.7383999999
20091210,870267.3342999999
20091209,918136.2474
20091208,1237382.9796
20091207,1034937.2615999999
20091204,1431557.55
20091203,1192230.56
20091202,1047618.0843999999
20091201,1584847.7337000002
20091130,1122316.8246
20091127,971025.747
20091125,779182.687
20091124,1297457.6940000001
20091123,1182933.621
20091120,993543.6845000001
20091119,1097951.7624000001
20091118,764438.9571
20091117,833315.3838000001
20091116,1569709.28
20091113,1023667.1082
20091112,1033444.9125000001
20091111,1128084.2669
20091110,1160222.4485999998
20091109,1628406.81
20091106,2524995.102
20091105,1015770.8457000001
20091104,1135930.785
20091103,1101988.0104
20091102,1462206.523
20091030,1848576.562
20091029,1241709.9818999998
20091028,1544547.83
20091027,1304416.6319
20091026,1443933.1808
20091023,1337734.064
20091022,1917760.78
20091021,1500170.9777999998
20091020,1573224.776
20091019,1568264.0688
20091016,2930546.2319999994
20091015,1547175.6656
20091014,1556235.2568
20091013,1156135.3573000003
20091012,952879.9949999999
20091009,1137626.6406
20091008,1253641.5292
20091007,982420.2128
20091006,1537400.4383999999
20091005,1170168.0053
20091002,2042300.9279999998
20091001,1809811.429
20090930,1981158.384
20090929,1348350.1191000002
20090928,1234695.1216000002
20090925,1696781.6030000001
20090924,2039771.0799999998
20090923,2279987.3
20090922,1628886.6153000002
20090921,1829112.6560000002
20090918,2028193.2
20090917,4247100.48
20090916,4539397.800000001
20090915,3342316.8
20090914,2134363.775
20090911,1482391.764
20090910,1772236.36
20090909,2276155.3609999996
20090908,2071793.3499999999
20090904,1067182.0725
20090903,730864.9299999999
20090902,925246.4759999999
20090901,1377992.652
20090831,931943.5700000001
20090828,1039465.7152000001
20090827,904937.8767
20090826,939164.1397999999
20090825,1067630.2780000002
20090824,1183750.7659999998
20090821,1287104.7119
20090820,881597.8084
20090819,816242.7108
20090818,816569.9630999999
20090817,1084524.72
20090814,913980.1008
20090813,1180420.557
20090812,1304229.5208
20090811,1430304.0240000002
20090810,1247677.4724
20090807,1407312.4379999998
20090806,1718558.019
20090805,1393523.0548999999
20090804,1578939.1460000002
20090803,1357331.262
20090731,1463715.5
20090730,2211465.594
20090729,980637.6775999999
20090728,1320362.956
20090727,947639.9856
20090724,718366.8785999999
20090723,1220657.845
20090722,908358.5914
20090721,1160094.1520000002
20090720,1098994.5921
20090717,2106119.62
20090716,1143440.456
20090715,1126138.2624
20090714,832069.8024
20090713,1162767.1260000002
20090710,755334.5491999999
20090709,885226.0758
20090708,1494651.1860000002
20090707,1090808.7036
20090706,751521.3244
20090702,819484.0866000002
20090701,755272.4617999999
20090630,1027388.5608000001
20090629,618928.5648
20090626,799475.0524999999
20090625,898096.9581999999
20090624,965361.5009999999
20090623,1008327.1
20090622,1177632.0
20090619,1505956.3199999998
20090618,2106937.8540000003
20090617,1588251.7
20090616,1166381.3969999999
20090615,991531.303
20090612,775146.6527
20090611,960804.1427999999
20090610,1096410.2440000002
20090609,736503.8794
20090608,792633.1211999999
20090605,1023370.9373999999
20090604,801648.2375
20090603,921522.4199999999
20090602,911831.4120000001
20090601,1196168.589
20090529,1142812.4276
20090528,1086786.8843999999
20090527,1395976.845
20090526,1283782.9875
20090522,707402.227
20090521,1393359.064
20090520,1563036.831
20090519,1259925.1579999998
20090518,1032617.4737999999
20090515,1070488.3906
20090514,1176376.6071999997
20090513,1374682.62
20090512,1614999.24
20090511,1325566.2288
20090508,1858667.429
20090507,1982152.4800000002
20090506,1760295.469
20090505,1380332.5899999999
20090504,1536593.3199999998
20090501,1014575.2713
20090430,1445005.705
20090429,1243894.574
20090428,988962.72
20090427,987849.1155
20090424,1177920.3239999998
20090423,1125631.6632
20090422,1534396.4800000002
20090421,1443159.9
20090420,1628390.175
20090417,2767425.444
20090416,1621808.1090000002
20090415,1420824.405
20090414,2109893.496
20090413,2308176.458
20090409,1702206.737
20090408,1019123.8848000001
20090407,1142811.03
20090406,1471374.219
20090403,1351931.2859999998
20090402,1573730.052
20090401,1158184.008
20090331,1340538.4829999998
20090330,1528963.806
20090327,1127648.368
20090326,1739310.8199999998
20090325,2197832.281
20090324,2045536.893
20090323,2219052.381
20090320,2411264.574
20090319,2910714.693
20090318,2056772.904
20090317,1503749.0
20090316,2184894.936
20090313,2079393.784
20090312,3394641.69
20090311,2132970.717
20090310,3265761.9219999993
20090309,1959784.203
20090306,2246508.944
20090305,2961169.866
20090304,5033525.226000001
20090303,2900777.2559999996
20090302,2245556.04
20090227,2727527.335
20090226,1412572.9799999997
20090225,1726826.867
20090224,2355655.272
20090223,1981197.285
20090220,3046758.134
20090219,1578021.6600000001
20090218,1034147.5181999999
20090217,1445399.695
20090213,984125.3136
20090212,1542039.152
20090211,1045440.6096
20090210,2279029.4379999996
20090209,2941352.016
20090206,2425882.8
20090205,2112455.94
20090204,1160001.822
20090203,1431681.9749999999
20090202,1629758.452
20090130,1351004.2230000002
20090129,1009173.3816000001
20090128,1557728.55
20090127,1555526.972
20090126,1543162.6439999999
20090123,3923853.972
20090122,2041939.6160000002
20090121,1920873.4789999998
20090120,1525765.8599999999
20090116,1800528.692
20090115,1934098.3979999998
20090114,1421495.018
20090113,1928252.0159999998
20090112,1034458.9983000001
20090109,850318.56
20090108,1002700.728
20090107,1140545.4696
20090106,1200216.3606
20090105,1205779.769
20090102,974882.7215999999
20081231,976815.612
20081230,923352.9676
20081229,875284.8498
20081226,473885.1562
20081224,377136.5499
20081223,1070426.9868
20081222,1165750.7435
20081219,2249141.4
20081218,2450032.368
20081217,1756174.364
20081216,2128883.4560000002
20081215,1079816.7
20081212,1233152.2622
20081211,1374034.7775
20081210,1384834.5
20081209,1968208.662
20081208,2479357.4719999996
20081205,1913648.52
20081204,1967842.8900000001
20081203,2849905.4639999997
20081202,3857979.429
20081201,1620435.0999999999
20081128,1013500.9731000001
20081126,1340964.7587000001
20081125,1928350.869
20081124,2429392.0
20081121,2415181.7229999998
20081120,3018054.84
20081119,2623105.61
20081118,2169940.476
20081117,1570474.0062
20081114,2053959.444
20081113,5072647.967999999
20081112,2883755.1689999998
20081111,1852498.2449999999
20081110,1493047.4309999999
20081107,1489438.8897999998
20081106,2334034.5979999998
20081105,1735002.164
20081104,2426941.2679999997
20081103,1088601.446
20081031,1793587.2719000003
20081030,1773485.7435
20081029,2585352.9599999995
20081028,2720110.1559999995
20081027,2140402.833
20081024,2301266.3929999997
20081023,2879520.8000000003
20081022,2241458.784
20081021,2093095.1800000002
20081020,1904943.3098000002
20081017,2445187.394
20081016,3004002.6119999997
20081015,2203233.725
20081014,3193023.2100000004
20081013,2987808.6
20081010,5914138.3
20081009,2986412.069
20081008,2865639.735
20081007,3207489.32
20081006,3945031.186
20081003,4634077.23
20081002,1.1510378185E7
20081001,4456074.7
20080930,1937513.97
20080929,1735209.6300000001
20080926,1194788.59
20080925,2692006.152
20080924,1493340.3722
20080923,1598230.633
20080922,1463540.188
20080919,5614216.564
20080918,5168134.914
20080917,5325718.2190000005
20080916,4568959.248
20080915,4271270.94
20080912,4134394.4
20080911,2308944.5632
20080910,1568667.2297
20080909,2038550.1204000001
20080908,2458957.6278999997
20080905,1395373.9264
20080904,1669714.173
20080903,1014312.9961000001
20080902,1654488.0801
20080829,1323067.7060000002
20080828,1230584.0445
20080827,942912.0380000001
20080826,1103695.5721
20080825,1219738.4352
20080822,869264.6144
20080821,1009024.0874999999
20080820,1164653.1554999999
20080819,1207679.5466999998
20080818,1228647.939
20080815,1197715.9379999998
20080814,1059333.7608
20080813,1133811.6264
20080812,1124232.0747999998
20080811,1471085.5975000001
20080808,1807923.2184
20080807,1186858.6541
20080806,1128556.75
20080805,1527949.215
20080804,1037096.2971
20080801,1056384.9478
20080731,1550452.4042999998
20080730,1605079.953
20080729,1263962.4479999999
20080728,1364124.5904
20080725,1377597.3849000002
20080724,1755213.4116
20080723,2290504.9391
20080722,2043778.89
20080721,1164070.986
20080718,1548060.64
20080717,2057994.1199999999
20080716,2294956.2736
20080715,2509758.6865
20080714,1615061.6927999998
20080711,2708514.4986
20080710,2558213.5664
20080709,1783295.0317
20080708,2499583.9581999998
20080707,2100227.236
20080703,1040706.3069
20080702,1624136.2104000002
20080701,2419904.8536
20080630,2083059.7505
20080627,2365457.4710000004
20080626,2319243.0492000002
20080625,2295253.8936
20080624,1577896.1033
20080623,1675019.5399999998
20080620,2455221.8241999997
20080619,1583607.8180000002
20080618,2483200.2013
20080617,1830470.031
20080616,2509899.3836
20080613,3374861.655
20080612,2776980.4265
20080611,2002472.9849999999
20080610,1496073.6549
20080609,1768449.339
20080606,2086873.6222
20080605,1720349.4164
20080604,1367772.8925
20080603,1597112.5306000002
20080602,1546975.5542000001
20080530,1537129.2672000001
20080529,1946959.3584
20080528,1936953.707
20080527,1998333.9679999999
20080523,1900930.1485
20080522,1681387.9383
20080521,2953525.5023999996
20080520,2174506.2352
20080519,1883150.856
20080516,1825240.7187
20080515,1760394.8660999998
20080514,1152925.8623
20080513,1194901.2815999999
20080512,994076.064
20080509,1252405.154
20080508,1122098.4684000001
20080507,1239783.8897
20080506,1404764.7899999998
20080505,911864.0412
20080502,1305796.4404
20080501,1391089.0176
20080430,1320263.4810000001
20080429,1317121.4094
20080428,1248384.4615
20080425,1382454.0740999999
20080424,1789961.3616000002
20080423,1355232.2696
20080422,1325606.9453999999
20080421,1083089.2494
20080418,2355079.1319999998
20080417,1954983.3414000003
20080416,2561116.6624999996
20080415,2076062.6094
20080414,3111907.9875000003
20080411,1.1732117235E7
20080410,1631682.7275
20080409,1260094.8355999999
20080408,1370377.213
20080407,1470479.6862
20080404,1137365.628
20080403,1225683.0080000001
20080402,1415195.2678
20080401,1945756.2474
20080331,1517561.741
20080328,1255242.3107
20080327,1375302.9135999999
20080326,1638612.6201
20080325,1680839.3573
20080324,1757581.21
20080320,4151908.7790000006
20080319,2471677.8094
20080318,3024380.2368
20080317,2796342.9406999997
20080314,2472161.5083999997
20080313,2210135.7175000003
20080312,2399105.5584
20080311,2253335.342
20080310,1762088.2459999998
20080307,1834119.3782999997
20080306,1719705.098
20080305,1464688.0976
20080304,1505104.984
20080303,1152472.01
20080229,1704615.8834
20080228,1110396.7825
20080227,1117175.9760000003
20080226,1582973.8184
20080225,1338310.9366
20080222,1342110.3794999998
20080221,1833202.2695999998
20080220,1244628.4648
20080219,1143197.2068
20080215,1370066.9072999998
20080214,1388633.4660999998
20080213,1503231.2195999997
20080212,1292916.5682999997
20080211,1095041.3963
20080208,1388414.9304
20080207,1766612.3537999997
20080206,1295001.8100000003
20080205,1888273.9755000002
20080204,1550980.8665999998
20080201,2033747.6031999998
20080131,1963673.7536
20080130,1797290.8889999997
20080129,1249132.5791999998
20080128,1311813.9552
20080125,1777629.82
20080124,1855780.1955
20080123,2764631.3466000003
20080122,2504333.235
20080118,3165948.0449
20080117,2705862.1293
20080116,2086092.4032000003
20080115,1861166.6547
20080114,1205825.1012000002
20080111,1618446.3777
20080110,1628086.572
20080109,1743493.652
20080108,1595331.444
20080107,1718913.2472
20080104,1467928.3011999999
20080103,991615.744
20080102,1430493.344
20071231,871386.6964
20071228,846514.6030000001
20071227,869113.5644999999
20071226,812904.5545
20071224,636734.7306
20071221,2822109.2694
20071220,1229323.458
20071219,1462910.4414
20071218,1540607.344
20071217,1465183.4495999997
20071214,1542669.6904
20071213,1352444.072
20071212,1912852.6875
20071211,2463989.1605
20071210,1673647.8318
20071207,1213692.0432
20071206,1325486.1221999999
20071205,2115388.7872
20071204,2131766.8
20071203,2338585.6026
20071130,2075257.8847
20071129,1362124.3320000002
20071128,1976083.6458
20071127,1664257.777
20071126,1542332.7356999998
20071123,885159.1124000001
20071121,2397341.2239
20071120,1644827.5368
20071119,1351365.804
20071116,1939496.0365
20071115,1593310.6014000003
20071114,1546527.6538999998
20071113,1648912.2456
20071112,1414024.0875
20071109,1637373.3170000003
20071108,2066898.7648
20071107,1825764.0603999998
20071106,1692820.7674
20071105,1193585.034
20071102,1489560.3190000001
20071101,1535690.5512
20071031,1409668.2599999998
20071030,1047073.896
20071029,1077030.24
20071026,1038376.5456000001
20071025,1702496.856
20071024,1656621.9170999997
20071023,1088388.5935999998
20071022,1145348.3301
20071019,2263324.6635999996
20071018,1294735.785
20071017,1810066.3599999999
20071016,1437516.3609
20071015,1623747.7567999999
20071012,2106721.0461000004
20071011,1235777.9200000002
20071010,802630.7509999999
20071009,821354.0148000001
20071008,600600.2152
20071005,909111.5190000001
20071004,668050.68
20071003,1090547.4764999999
20071002,811336.5
20071001,2095915.58
20070928,1220228.982
20070927,949726.2481000001
20070926,1319699.4567
20070925,1092170.85
20070924,1184031.1225
20070921,1582328.55
20070920,1337751.368
20070919,1857670.6260000002
20070918,2142244.8824
20070917,971592.58
20070914,1446685.9005
20070913,1817887.4652999998
20070912,1678953.2969999998
20070911,1337797.85
20070910,1489752.984
20070907,1740543.0499999998
20070906,1552131.4799999997
20070905,1454151.875
20070904,1296709.696
20070831,1452012.1719999998
20070830,882248.0639999999
20070829,1604500.8546000002
20070828,1426711.3849999998
20070827,896691.51
20070824,1372238.8595999999
20070823,1295413.812
20070822,1502418.6464000002
20070821,1320355.985
20070820,1539524.532
20070817,2398866.278
20070816,2437803.42
20070815,2002856.724
20070814,1663715.1840000001
20070813,1602720.1300000001
20070810,3258871.2386
20070809,2335146.1319999998
20070808,1880904.48
20070807,1845549.0564
20070806,2058375.7079999999
20070803,1806370.9884000001
20070802,1445811.708
20070801,2086344.286
20070731,1658024.1168
20070730,1574053.9122000001
20070727,1863129.8601000002
20070726,2482695.4855
20070725,1702290.7252
20070724,1852495.3931999998
20070723,1364778.3291999998
20070720,1976902.5687999998
20070719,1211792.1795
20070718,2015137.2910000002
20070717,2363533.8522
20070716,1621710.5799999998
20070713,3003065.315
20070712,1756263.21
20070711,1260017.068
20070710,1495194.416
20070709,1184241.3627999998
20070706,1019638.8071999999
20070705,1000338.4589999999
20070703,845273.0160000001
20070702,1133953.3233999999
20070629,1710498.9264
20070628,1301500.2828
20070627,1575760.12
20070626,1696651.6248
20070625,1881362.2003000001
20070622,2609271.2192
20070621,1722525.6119999997
20070620,2350862.9978
20070619,3047992.472
20070618,971312.6502
20070615,1814549.7387999997
20070614,1312146.8639999998
20070613,1254834.7920000001
20070612,1187824.8524999998
20070611,991551.216
20070608,1119230.1588
20070607,1447586.3764
20070606,1271001.3095999998
20070605,1519752.366
20070604,1319890.385
20070601,1238188.0035
20070531,1391914.346
20070530,1018842.4322999999
20070529,1092004.452
20070525,897104.4492
20070524,1149048.8646
20070523,1288864.456
20070522,1141054.0166000002
20070521,1500563.666
20070518,1527018.6624
20070517,890202.1271
20070516,967038.6806
20070515,1016243.376
20070514,1014452.448
20070511,763285.5776000001
20070510,1005679.218
20070509,1096377.363
20070508,988058.1527999999
20070507,773742.5556
20070504,1115905.3845
20070503,1034450.9304000002
20070502,1502081.1988000001
20070501,1630961.262
20070430,1850213.1334000002
20070427,3378819.2820000006
20070426,1654553.6
20070425,1594305.5056
20070424,1301189.5028
20070423,1223061.6599999997
20070420,2050857.0804000003
20070419,1415634.5
20070418,1334621.3709000002
20070417,1350979.168
20070416,1195320.7552
20070413,1261045.4482
20070412,1083322.366
20070411,1066326.9465
20070410,1021244.544
20070409,920127.8548
20070405,932408.2004000001
20070404,1218283.2944
20070403,1093714.8816
20070402,829179.8392999999
20070330,1207236.0144
20070329,976551.3899999999
20070328,1472531.481
20070327,950795.7084
20070326,1068310.08
20070323,1198669.734
20070322,1204153.5058000002
20070321,1789389.8047999998
20070320,982750.0587000002
20070319,919764.5904
20070316,1539231.792
20070315,1236668.9892000002
20070314,1391302.4083
20070313,1325974.8670000003
20070312,1039926.1319999999
20070309,1174707.7056
20070308,1003301.1300000001
20070307,1338396.2459999998
20070306,1180392.5056
20070305,1132995.7315
20070302,1575318.503
20070301,1798395.2
20070228,1770610.763
20070227,2162735.476
20070226,1021755.0276
20070223,1339121.16
20070222,1333263.12
20070221,1245010.473
20070220,850231.6159999999
20070216,1113727.63
20070215,1034276.2039999999
20070214,1163665.4309
20070213,821380.7868000001
20070212,676514.9160000001
20070209,1059042.71
20070208,1203658.868
20070207,771500.3200000001
20070206,825326.3
20070205,952970.3769999999
20070202,910638.1440000001
20070201,1371983.0009999997
20070131,1303586.025
20070130,1553620.8059999999
20070129,901905.466
20070126,935035.396
20070125,938654.932
20070124,786239.4400000001
20070123,1284173.2849999997
20070122,1520887.7249999999
20070119,2324310.19
20070118,1580879.8
20070117,1148142.996
20070116,1185914.602
20070112,982510.434
20070111,1169138.064
20070110,901297.2720000001
20070109,923632.37
20070108,890194.095
20070105,1015137.876
20070104,1176093.7
20070103,1641169.716
20061229,372099.96279
20061228,632006.5
20061227,606249.854
20061226,452410.641
20061222,585299.273
20061221,938471.1900000001
20061220,1407345.87
20061219,1192438.317
20061218,1902154.5999999999
20061215,3301914.16
20061214,1565372.784
20061213,1593463.6500000001
20061212,1774426.5
20061211,1059121.7519999999
20061208,788700.686
20061207,899793.624
20061206,1415266.545
20061205,1066660.029
20061204,666089.346
20061201,846473.04
20061130,834502.5360000001
20061129,641800.46
20061128,879151.6800000002
20061127,872470.5850000001
20061124,259170.07299999997
20061122,676072.15
20061121,898726.7799999999
20061120,721528.5279999999
20061117,1107756.5
20061116,823462.4240000001
20061115,850807.0380000001
20061114,1014717.167
20061113,736506.368
20061110,632644.9940000001
20061109,660678.206
20061108,636583.1279999999
20061107,867392.7939999999
20061106,945983.7240000002
20061103,663008.2680000002
20061102,812602.7520000001
20061101,846377.35
20061031,934909.08
20061030,579993.92
20061027,1044363.81
20061026,709959.9970000001
20061025,777782.937
20061024,773438.204
20061023,926832.0270000001
20061020,968554.4609999999
20061019,924572.376
20061018,974425.7880000001
20061017,886329.4440000001
20061016,1130050.5720000002
20061013,1531960.0379999997
20061012,846244.08
20061011,704269.687
20061010,851271.2999999999
20061009,664125.4079999999
20061006,680288.518
20061005,907692.738
20061004,1114677.75
20061003,1182108.1300000001
20061002,738762.1
20060929,721704.97
20060928,691228.456
20060927,936570.0780000001
20060926,1271470.248
20060925,783706.158
20060922,603221.2
20060921,910111.44
20060920,863820.8300000001
20060919,651381.35
20060918,798753.1419999999
20060915,1163411.49
20060914,712600.464
20060913,934833.8480000001
20060912,779721.366
20060911,740575.5279999999
20060908,487543.55299999996
20060907,1012741.0599999999
20060906,633293.1150000001
20060905,615206.891
20060901,672220.014
20060831,628628.39
20060830,492984.231
20060829,629113.095
20060828,451862.775
20060825,393972.04800000007
20060824,492585.2
20060823,613305.395
20060822,538812.756
20060821,434423.112
20060818,581682.2
20060817,594224.128
20060816,805015.026
20060815,673637.9600000001
20060814,818737.566
20060811,498780.75
20060810,780567.9750000001
20060809,588015.708
20060808,767955.3420000001
20060807,512994.363
20060804,525000.08
20060803,633996.465
20060802,542542.2400000001
20060801,543436.1680000001
20060731,743847.874
20060728,691389.27
20060727,706199.91
20060726,696044.784
20060725,699194.67
20060724,745784.536
20060721,947962.9500000001
20060720,668194.7999999999
20060719,838226.28
20060718,852328.188
20060717,762582.816
20060714,1580855.575
20060713,1027082.727
20060712,711894.2040000001
20060711,744501.818
20060710,529680.75
20060707,676675.9799999999
20060706,670924.6
20060705,854178.3230000001
20060703,398860.11
20060630,1281402.4000000001
20060629,943617.0480000002
20060628,669256.1479999999
20060627,774445.6560000001
20060626,644357.025
20060623,679786.632
20060622,843102.684
20060621,1042578.082
20060620,929884.1000000001
20060619,689209.824
20060616,1148608.539
20060615,1078970.9309999999
20060614,815596.71
20060613,1058072.997
20060612,618127.5
20060609,875353.696
20060608,1289910.41
20060607,960678.48
20060606,997496.5049999999
20060605,625699.0119999999
20060602,733634.3559999999
20060601,677985.0149999999
20060531,1037276.3159999999
20060530,754425.42
20060526,727390.906
20060525,693180.9380000001
20060524,998476.8659999999
20060523,750991.815
20060522,903178.665
20060519,1025213.3359999999
20060518,825009.36
20060517,878511.986
20060516,813574.5869999999
20060515,795125.376
20060512,780147.668
20060511,786403.527
20060510,738589.5000000001
20060509,586257.0
20060508,573153.0
20060505,900929.2919999999
20060504,760379.9999999999
20060503,763136.48
20060502,567144.2799999999
20060501,612348.34
20060428,857953.0650000001
20060427,870166.605
20060426,786877.3890000001
20060425,771380.569
20060424,556608.078
20060421,993384.71
20060420,866279.504
20060419,834419.246
20060418,1129290.153
20060417,1178149.7449999999
20060413,1274904.5210000002
20060412,901039.4040000001
20060411,781982.085
20060410,778599.68
