20160408,780190.68965
20160407,680698.84329
20160406,775604.76984
20160405,857488.9386999998
20160404,668472.01344
20160401,1015034.6807999999
20160331,1160636.2833
20160330,912955.458
20160329,843332.64878
20160328,630419.1247
20160324,786656.44824
20160323,1064788.2874999999
20160322,1091541.12
20160321,701132.795
20160318,1654938.3699999999
20160317,1148864.0289999999
20160316,952279.8875000001
20160315,762064.75156
20160314,1099561.1937
20160311,1262303.6084
20160310,1305662.6912000002
20160309,1164291.4000000001
20160308,1157082.7634
20160307,1599978.9897999999
20160304,1512744.4761
20160303,1088976.152
20160302,1164473.8900000001
20160301,1278434.4256
20160229,1507537.3425000003
20160226,1171065.48
20160225,1122979.3320000002
20160224,1121782.0463999999
20160223,896217.9007
20160222,1201350.0114
20160219,1121447.25
20160218,1226318.426
20160217,1394227.1400000001
20160216,1292349.8983999998
20160212,1362600.48
20160211,1538504.0239999997
20160210,1317251.2619999999
20160209,1468226.76
20160208,2158178.3140000002
20160205,2139585.448
20160204,1888159.1175
20160203,2028161.7792000002
20160202,1596279.7048000002
20160201,1275804.5361000001
20160129,1957809.9465
20160128,1243930.5096
20160127,1361222.1188000003
20160126,1434532.372
20160125,1262567.8332
20160122,1724775.2378999998
20160121,1649348.9219999998
20160120,2433503.5706
20160119,1732415.84
20160115,2198140.0829999996
20160114,2672520.8984000003
20160113,1970516.8265000002
20160112,1643186.1760000002
20160111,1573424.4585999998
20160108,1419878.5601000001
20160107,1620175.6494
20160106,1457701.8598
20160105,936807.228
20160104,1579696.0019999999
20151231,801737.5760000001
20151230,727078.96778
20151229,699667.05904
20151228,765023.82428
20151224,463946.51162999996
20151223,1217477.4579
20151222,1074860.0305
20151221,1117214.367
20151218,2223630.7632
20151217,1353069.862
20151216,1363410.989
20151215,1935297.6526000001
20151214,1666002.0529
20151211,1521713.7810000002
20151210,1522668.5972999998
20151209,1665976.8837000001
20151208,1806440.7926999999
20151207,1357255.68
20151204,1589499.0056
20151203,1165608.5595999998
20151202,1296470.1024999998
20151201,1139560.7675
20151130,1421563.4112
20151127,337644.27335000003
20151125,729659.5312499999
20151124,1232492.1496
20151123,952714.872
20151120,809365.8230000001
20151119,759056.5477
20151118,877811.7392
20151117,800002.9984
20151116,1176782.726
20151113,1368485.382
20151112,1273849.1622
20151111,783351.45966
20151110,1171776.2669999998
20151109,1110429.8755
20151106,1054007.3683
20151105,1042346.2797000001
20151104,1224442.8996000001
20151103,1747004.2514999998
20151102,1813413.5344
20151030,1552026.9912
20151029,849022.2831
20151028,1025876.0908
20151027,1100919.1959000002
20151026,1010708.1775999999
20151023,1096588.9980000001
20151022,1212907.8185999999
20151021,824883.6504999999
20151020,997441.3916999999
20151019,1137717.5536999998
20151016,1093851.4096000001
20151015,1110920.3196
20151014,1161037.44
20151013,974522.928
20151012,786419.8446000001
20151009,1377740.1204000001
20151008,1147519.7586
20151007,1480124.4479999999
20151006,1460691.4213999999
20151005,1419841.2991000002
20151002,1417256.2879999997
20151001,1057933.7692
20150930,1350424.9980000001
20150929,1003107.6445
20150928,1057884.366
20150925,1110839.0514
20150924,1060676.1375
20150923,996383.652
20150922,1036151.4765999999
20150921,777014.4232999999
20150918,1684630.0964000002
20150917,1147515.7182
20150916,1130294.694
20150915,872807.4264
20150914,777923.5353999999
20150911,884784.8607000001
20150910,894042.5143999999
20150909,1241404.56
20150908,1001060.4450000001
20150904,1078767.8142
20150903,991972.9901000002
20150902,1240237.9260000002
20150901,1734764.4967999998
20150831,1471583.7972
20150828,1425607.8266
20150827,1830530.8514999999
20150826,2496148.9
20150825,2083408.1295999996
20150824,2441100.0152000003
20150821,1837373.9817
20150820,1327095.4448
20150819,1295920.6722
20150818,764003.7047000001
20150817,737273.25771
20150814,715253.54604
20150813,1033556.1665
20150812,1330150.1138000002
20150811,1119742.1235
20150810,1170510.8625
20150807,935064.1248
20150806,1014012.7062
20150805,1275408.6542
20150804,1453168.9775
20150803,1229954.7318000002
20150731,2064744.8912
20150730,924444.1854000001
20150729,1151278.6558
20150728,1630494.3328000002
20150727,1188140.6892000001
20150724,1189877.3221999998
20150723,837247.147
20150722,1077599.6080000002
20150721,707734.3993800001
20150720,1059237.5920000002
20150717,999226.6031
20150716,685288.21077
20150715,768642.6036000001
20150714,760824.9266300001
20150713,661471.93008
20150710,709446.2874799999
20150709,976892.3519999998
20150708,824026.3766000001
20150707,1294315.8681
20150706,964368.0018
20150702,763765.36058
20150701,1114207.4582
20150630,1245519.8080000002
20150629,970914.5958
20150626,1575673.2138
20150625,858247.1975000001
20150624,999234.1616000001
20150623,869155.9365
20150622,788268.5352899999
20150619,1368499.0151
20150618,874378.3392000002
20150617,769995.5677400001
20150616,769936.13336
20150615,800650.6107600001
20150612,701204.11762
20150611,659033.0266100001
20150610,864554.2936
20150609,685270.62778
20150608,1038883.8844999999
20150605,958026.7732
20150604,1061264.642
20150603,694541.006
20150602,794087.83872
20150601,762370.3927099999
20150529,1245664.044
20150528,684111.54159
20150527,917303.6646
20150526,962544.0135
20150522,656721.66756
20150521,728817.37119
20150520,633647.4358099999
20150519,837436.72384
20150518,555123.22695
20150515,724629.6570499999
20150514,764506.74105
20150513,746656.0862400001
20150512,849488.8049
20150511,1039977.5946
20150508,1013172.5075999999
20150507,875239.2816
20150506,992413.5347
20150505,1053886.5794000002
20150504,920058.9678
20150501,1088475.5835
20150430,1217647.7316
20150429,1099227.3390000002
20150428,844866.7384
20150427,915808.0932
20150424,730946.0616899999
20150423,863162.2581600001
20150422,757661.607
20150421,872546.2656
20150420,1007953.5119999999
20150417,1252839.5065000001
20150416,835658.6923100001
20150415,1349118.7175999999
20150414,1358359.2663
20150413,842318.8570200001
20150410,1141042.7052
20150409,1122215.208
20150408,1363791.9618000002
20150407,1014652.31
20150406,928663.5901
20150402,952190.418
20150401,1224748.5477999998
20150331,1135072.1500000001
20150330,1336982.2924
20150327,966975.4667999999
20150326,1213267.832
20150325,1012616.5594
20150324,856123.3648
20150323,1469124.3326
20150320,3048901.284
20150319,1071248.9982
20150318,1611413.7290999999
20150317,1091030.488
20150316,1145348.3184
20150313,1407908.0773000002
20150312,908833.1796
20150311,1091412.2382
20150310,1447835.367
20150309,1234112.3204
20150306,1375938.8046
20150305,1086212.0588
20150304,1174033.0086
20150303,1173875.807
20150302,1213952.746
20150227,1158638.867
20150226,1239273.81
20150225,888907.3536
20150224,893246.06744
20150223,1136314.1214
20150220,1434697.8784
20150219,1729911.8096
20150218,1744961.1229
20150217,1086515.074
20150213,1125754.6204000001
20150212,1370600.8392
20150211,1108808.0999999999
20150210,1178495.7708
20150209,1040083.1448
20150206,1128237.0899999999
20150205,1182522.9476
20150204,1793526.027
20150203,2019144.9375
20150202,1817700.0288
20150130,1982433.8303999999
20150129,1984609.2174
20150128,1566641.037
20150127,1118292.0960000001
20150126,979217.7576000001
20150123,1335857.5928
20150122,1258808.2724000001
20150121,1311551.7379
20150120,1523284.4064999998
20150116,1613644.08
20150115,1665010.0543999998
20150114,2082804.3768
20150113,1571718.6
20150112,1365196.1319
20150109,1331197.743
20150108,1426184.7705
20150107,1231031.3904
20150106,1494147.4156
20150105,1668921.2629
20150102,946936.5508
20141231,1047105.341
20141230,812989.5908799999
20141229,920628.3368799998
20141226,986478.7139999999
20141224,644802.30198
20141223,1294402.6665
20141222,1666889.6660999998
20141219,3600183.6348
20141218,2079623.9640000002
20141217,2073004.2889999999
20141216,2277819.446
20141215,1856193.5590000001
20141212,2126629.272
20141211,1919117.4840000002
20141210,1975383.1664
20141209,1450744.311
20141208,1442488.6840000001
20141205,1108918.6247999999
20141204,1214731.5837
20141203,1539137.601
20141202,1965660.5289999999
20141201,2543852.783
20141128,1770662.7126
20141126,927993.23624
20141125,1301259.2628000001
20141124,971847.0744
20141121,1195753.5555
20141120,806666.80248
20141119,796096.76061
20141118,878791.15083
20141117,827826.5974600001
20141114,888705.4346
20141113,1168612.7242
20141112,1104172.2928
20141111,768985.4419999999
20141110,874484.1853199999
20141107,1277628.7706000002
20141106,1417019.395
20141105,1185839.4830999998
20141104,1275261.0044
20141103,1273230.871
20141031,1690287.709
20141030,922131.0286999999
20141029,1173777.7149
20141028,1194846.861
20141027,1067140.4298999999
20141024,919769.72307
20141023,1067669.4801
20141022,1185884.8244999999
20141021,1474269.2045
20141020,993079.8779999999
20141017,1659033.2836
20141016,2284251.594
20141015,2228690.2248
20141014,2093022.5025
20141013,1312610.7480000001
20141010,1662883.5
20141009,1644997.5372
20141008,1473088.1071000001
20141007,1006161.6559
20141006,1001429.948
20141003,1085996.0208
20141002,1283440.3979999998
20141001,1301603.7624
20140930,1464972.6465
20140929,1323431.7285000002
20140926,1073267.8095
20140925,1209630.8900000001
20140924,1166883.5034
20140923,989172.3798
20140922,851178.8920800001
20140919,1765454.1584
20140918,833605.1815999999
20140917,851779.92
20140916,1127666.5116
20140915,1029286.1776000002
20140912,982457.6032
20140911,987812.9447
20140910,1171734.0264
20140909,950178.32814
20140908,983689.3902
20140905,940664.88502
20140904,948901.2477200001
20140903,839971.02629
20140902,882181.4303400001
20140829,882475.4598199999
20140828,603623.01186
20140827,582121.0114699999
20140826,848421.44752
20140825,747421.37
20140822,797356.8105
20140821,677708.71008
20140820,673149.7741
20140819,884278.85982
20140818,710112.91808
20140815,913743.3730499999
20140814,648761.55255
20140813,757500.93675
20140812,943883.44554
20140811,848047.5549900001
20140808,1117020.1768
20140807,984384.3477999999
20140806,981016.11888
20140805,1282550.9200000002
20140804,1215557.1727
20140801,1473605.952
20140731,1809716.487
20140730,1143198.4549999998
20140729,832614.17435
20140728,959145.5838300001
20140725,802270.3119200001
20140724,790630.83396
20140723,729515.8545
20140722,768918.2736800001
20140721,681697.52088
20140718,843227.15324
20140717,831887.00933
20140716,920453.07879
20140715,896506.46439
20140714,847420.0936000001
20140711,781447.6442
20140710,875304.7886699999
20140709,792646.0488999999
20140708,988564.7398900001
20140707,819101.4234
20140703,710191.17544
20140702,704585.09737
20140701,851387.3076800001
20140630,951911.07624
20140627,1532965.1197999998
20140626,859516.12653
20140625,1094395.3724
20140624,995792.6062700001
20140623,892738.5501199999
20140620,1834744.6278
20140619,1139763.6228
20140618,983524.38421
20140617,956327.6998800001
20140616,909593.37456
20140613,845871.7222000001
20140612,1160958.2166
20140611,1047059.124
20140610,802601.6635799999
20140609,650217.52944
20140606,949032.2904
20140605,1236356.767
20140604,715162.55064
20140603,942083.25126
20140602,775568.07978
20140530,1156088.9682
20140529,619129.63931
20140528,766611.8526
20140527,847343.14504
20140523,548235.02232
20140522,537673.0065
20140521,789480.08175
20140520,617519.14231
20140519,588801.79358
20140516,1044586.1561999999
20140515,1375439.3932
20140514,715944.38327
20140513,770643.3618
20140512,902742.21946
20140509,911941.3227000001
20140508,912131.6399999999
20140507,1133803.7466
20140506,992272.9009400001
20140505,782824.12371
20140502,1139260.9413
20140501,1130369.6073
20140430,1429221.6708
20140429,1022201.0695
20140428,1285806.9629000002
20140425,1043409.5109
20140424,905869.77792
20140423,872938.2764999999
20140422,824213.7489800001
20140421,800802.8432
20140417,1550057.0108
20140416,1250058.5145999999
20140415,1279044.7672000001
20140414,940431.46848
20140411,1291456.7016
20140410,1301050.3164
20140409,1018453.3336
20140408,998181.3245000001
20140407,979485.2172
20140404,1216617.3752
20140403,990367.0693000001
20140402,935422.8918000001
20140401,926016.67115
20140331,1208588.7792000002
20140328,1201277.189
20140327,1479997.9679999999
20140326,1044856.351
20140325,929793.8823499999
20140324,901502.97328
20140321,2308694.6535
20140320,983822.1058
20140319,927599.3199200002
20140318,829304.72163
20140317,818327.7712799999
20140314,1095779.6551
20140313,924463.14736
20140312,914343.0961199999
20140311,1141618.8959000001
20140310,951608.7949999999
20140307,1202485.0592999998
20140306,1182349.2288
20140305,1860020.2319999998
20140304,1212877.0764
20140303,1136137.7149999999
20140228,1217946.4272
20140227,872255.6536000001
20140226,870498.4260900001
20140225,1026951.6037999999
20140224,1544248.3932
20140221,1072148.4163
20140220,1375649.3058
20140219,1148804.6285
20140218,1220962.751
20140214,1724609.0406
20140213,893751.3817900001
20140212,979332.2352
20140211,1219325.3352
20140210,1095523.38
20140207,1144132.2844
20140206,1225417.086
20140205,1468541.3754
20140204,1567642.4876
20140203,1835027.1934999998
20140131,1600022.0159999998
20140130,1374919.5564
20140129,1254640.7116999999
20140128,1030493.8835000001
20140127,1184084.2859999998
20140124,1390958.177
20140123,1492679.5736999998
20140122,1139597.264
20140121,1363955.11
20140117,1586356.722
20140116,932181.5138999999
20140115,931054.0509599999
20140114,918349.57536
20140113,1193532.1515
20140110,1059022.4288
20140109,1164626.1728
20140108,1126204.6967999998
20140107,1130666.0472
20140106,1180825.4964
20140103,925005.1560000001
20140102,1100047.9874999998
20131231,861173.4428000001
20131230,903575.8285400001
20131227,1036312.5447
20131226,961263.201
20131224,413578.726
20131223,997665.9356
20131220,2301552.1252
20131219,1283135.2013
20131218,2123266.8366
20131217,1441300.23
20131216,2256418.8402
20131213,1013098.5981000001
20131212,1483642.3488
20131211,1207615.7604000003
20131210,944475.65958
20131209,1487120.5280000002
20131206,1150313.682
20131205,996457.3560999999
20131204,1237658.778
20131203,1189229.9929
20131202,870716.5572
20131129,632906.15304
20131127,827963.689
20131126,1117839.5195
20131125,999602.2453000001
20131122,810879.8517900001
20131121,864366.68096
20131120,989913.4848000001
20131119,1211479.9918000002
20131118,1359564.0285
20131115,1746516.3155999999
20131114,732274.3287
20131113,858649.66084
20131112,994097.9643000001
20131111,736676.67248
20131108,1143368.3184
20131107,1523974.914
20131106,1254858.6572
20131105,1940628.3992
20131104,1896514.9109999998
20131101,1708687.1771999998
20131031,1718278.8828
20131030,1270509.6433
20131029,919531.7535000001
20131028,870182.75649
20131025,1000105.4186999999
20131024,1086584.538
20131023,1003058.2792999999
20131022,1118280.3476000002
20131021,933380.1906
20131018,1087818.3805
20131017,912188.0771999999
20131016,1015076.5372000001
20131015,1043040.4842000001
20131014,853270.3404
20131011,1100551.3655
20131010,1508485.1148
20131009,1154224.576
20131008,1311355.7070000002
20131007,943677.6430000002
20131004,977615.4335999999
20131003,1190453.2650000001
20131002,1019296.5216
20131001,1022121.1799999999
20130930,1504507.4856
20130927,944350.9900000001
20130926,852160.7943899998
20130925,1183132.8932
20130924,1031485.7279999999
20130923,1072983.3074999999
20130920,1829073.532
20130919,1049710.4928000001
20130918,1355762.8428
20130917,795226.4146400001
20130916,836943.45019
20130913,729668.628
20130912,960494.3762
20130911,995112.8312
20130910,1038301.1291999999
20130909,818507.08764
20130906,1129941.595
20130905,1020949.4205
20130904,862007.1542400001
20130903,919143.1620000001
20130830,1087768.1308
20130829,995557.8333
20130828,1575918.5456
20130827,1212027.1686
20130826,927268.1316
20130823,805627.20128
20130822,887189.0416
20130821,1101835.9876
20130820,1433032.7687
20130819,1019907.1112
20130816,1043714.1123
20130815,993861.1807999999
20130814,871463.9643000001
20130813,973802.91
20130812,910913.7984999999
20130809,858918.3624
20130808,1058178.4278
20130807,745681.85736
20130806,1069210.2093
20130805,1156404.3492
20130802,1318182.327
20130801,2143482.6963000004
20130731,1340570.625
20130730,982257.3051
20130729,831670.9022
20130726,921455.95975
20130725,955407.697
20130724,780892.55713
20130723,702338.5712
20130722,904138.6172999999
20130719,1373758.9643
20130718,996169.5743999999
20130717,877980.24972
20130716,1064874.885
20130715,769937.74125
20130712,1059927.4840000002
20130711,1509810.9231
20130710,1157791.1982
20130709,1207400.5034
20130708,1115646.5925
20130705,816609.17276
20130703,515129.72004
20130702,1116789.036
20130701,1190349.951
20130628,2077422.0675
20130627,1111947.1792000001
20130626,1297351.376
20130625,1407202.8425
20130624,1561930.3616
20130621,2281730.1572000002
20130620,1877391.282
20130619,1291079.79
20130618,981402.3922000001
20130617,1100819.5450000002
20130614,1101306.9662
20130613,1232559.5411
20130612,974973.0508
20130611,971387.5225999999
20130610,945164.0688
20130607,1143659.068
20130606,1388916.7061
20130605,1155206.591
20130604,1133180.8586000002
20130603,1296906.4584
20130531,1621006.1767
20130530,896480.12634
20130529,1064730.248
20130528,1404003.2493999999
20130524,1168731.0099
20130523,1407714.3875000002
20130522,1775003.2125
20130521,1161903.328
20130520,1148831.0172000001
20130517,1166973.3992
20130516,949599.976
20130515,948936.1456
20130514,901694.44137
20130513,884072.5525999999
20130510,989333.3728
20130509,1253719.778
20130508,1250511.983
20130507,1010613.7755000001
20130506,961362.6778
20130503,1173537.6282
20130502,1004225.7602
20130501,1016713.9326000001
20130430,1297424.3656
20130429,978731.4086999999
20130426,949808.64
20130425,1438001.6757999999
20130424,1165121.7633
20130423,1390054.516
20130422,992112.7441
20130419,1608492.336
20130418,1275808.656
20130417,1492769.232
20130416,1262663.8053
20130415,1697553.9332999997
20130412,1023957.2056999999
20130411,1336499.5404
20130410,1314704.9436
20130409,954728.4515999999
20130408,975832.426
20130405,1136814.3576
20130404,1039731.4009
20130403,1096390.5880000002
20130402,905061.773
20130401,854674.5260199999
20130328,1575601.2841
20130327,1118734.5582
20130326,1111280.3675
20130325,1148429.2159999998
20130322,959996.9705000002
20130321,1185723.3855
20130320,1003194.9933
20130319,1061873.1234
20130318,1025620.1736
20130315,2613698.0397
20130314,1237505.2664
20130313,940790.5814
20130312,1022690.1648
20130311,1110482.4504
20130308,1058865.7785999998
20130307,1143494.9645999998
20130306,1185283.6112000002
20130305,1171428.5172000001
20130304,977907.405
20130301,1010740.5429000001
20130228,1303485.3225
20130227,1002361.7646
20130226,1334158.1403
20130225,1342068.715
20130222,915229.464
20130221,969149.7948
20130220,1239787.1633
20130219,1086046.346
20130215,1386955.1104
20130214,1171904.7724000001
20130213,792765.39609
20130212,862612.5593199999
20130211,773742.8606
20130208,1011224.4088
20130207,1188104.455
20130206,1056643.3326
20130205,1048085.1261999998
20130204,1189875.2435
20130201,1413570.3744
20130131,1438619.4002999999
20130130,1418560.2577
20130129,1073712.2056
20130128,1058426.6922
20130125,1016799.5310000001
20130124,1013931.1035
20130123,989154.246
20130122,1081704.3344
20130118,1561459.4519999998
20130117,1208787.338
20130116,862932.7818
20130115,809473.58751
20130114,860563.4382600001
20130111,1043579.2419
20130110,1167171.687
20130109,959929.2143999999
20130108,1258928.832
20130107,1037554.6554000002
20130104,1016623.3152
20130103,1174923.0185
20130102,1432220.2887
20121231,1714533.8625
20121228,1136692.6139999998
20121227,1238427.2963999999
20121226,934935.0217999999
20121224,554998.9764
20121221,2883105.0248000002
20121220,1403387.3199
20121219,1334566.6752
20121218,1376834.5392
20121217,1392862.1761
20121214,1177001.5896
20121213,1088624.2833999998
20121212,1317543.041
20121211,1124219.569
20121210,1021051.5104999999
20121207,939485.1619999999
20121206,1062729.3599999999
20121205,1115725.5756
20121204,1044528.3528999999
20121203,958239.6316
20121130,1367904.5952
20121129,1020302.7072000001
20121128,1406038.1169999999
20121127,1034152.3729999999
20121126,1455146.6034000001
20121123,1062931.8991
20121121,1223107.5337
20121120,900046.875
20121119,1131899.4797
20121116,1504674.353
20121115,1187171.1432
20121114,1250059.1624999999
20121113,1060200.8877
20121112,786251.9831999999
20121109,1169090.1665999999
20121108,1196502.0088
20121107,1710881.5870000003
20121106,1101729.3429999999
20121105,1017085.2056999999
20121102,1150325.0532
20121101,1444990.916
20121031,1353552.6698999999
20121026,906199.9093800001
20121025,939309.9745
20121024,1018557.9095999999
20121023,1270229.4882
20121022,1055029.7352
20121019,1467676.7360000003
20121018,1104522.2880000002
20121017,1004762.4642
20121016,837830.5253399999
20121015,974705.0385000001
20121012,905099.09198
20121011,892615.93092
20121010,1395597.3154
20121009,1270902.9471
20121008,812358.17992
20121005,915332.2719
20121004,1061151.5628
20121003,944154.2040000001
20121002,839791.71364
20121001,949549.824
20120928,1143789.8415
20120927,976059.8279999999
20120926,1059503.2542
20120925,1287488.334
20120924,1012929.2223999999
20120921,1802123.7719999999
20120920,1119976.9152
20120919,1474151.7365999997
20120918,1003567.5000000001
20120917,1093116.8794
20120914,1974200.085
20120913,1812810.3471000001
20120912,893949.8895
20120911,837675.0033000001
20120910,961957.4244000001
20120907,1404901.9872
20120906,1398352.3741
20120905,883165.6700999999
20120904,923719.4208000001
20120831,1237810.113
20120830,777454.7951999999
20120829,736362.9999000002
20120828,849891.3613999999
20120827,724035.7444
20120824,859554.1377
20120823,843838.49005
20120822,891292.0577
20120821,941534.0125999999
20120820,775159.4621000001
20120817,988068.0160000001
20120816,1002969.4242
20120815,748884.8400000001
20120814,765192.5064000001
20120813,768236.4370200001
20120810,986015.7912
20120809,1057180.1940000001
20120808,1135563.296
20120807,1090016.3344
20120806,841827.36825
20120803,1217485.1835
20120802,1247793.46
20120801,1243879.3857
20120731,1060942.23
20120730,979219.3796
20120727,2106464.9925
20120726,1656619.2048
20120725,1411728.6844
20120724,1179739.6017999998
20120723,1158399.2743999998
20120720,1447246.7280000001
20120719,1284719.5240999998
20120718,1224397.525
20120717,1205303.789
20120716,958280.463
20120713,1166004.8169
20120712,1308895.4232
20120711,1547333.4383999999
20120710,1172357.1399
20120709,1870550.3495000002
20120706,1124404.7519999999
20120705,923905.2798999998
20120703,844777.8336000001
20120702,1232931.7286
20120629,2131329.6407999997
20120628,1590479.9849999999
20120627,1272161.28
20120626,1882773.256
20120625,2336852.352
20120622,6769668.1563
20120621,2771000.6561999996
20120620,1977540.7980000002
20120619,1778557.4400000002
20120618,1153984.8433
20120615,2275754.0928
20120614,1391428.3913999998
20120613,1217340.4518
20120612,1150811.4334
20120611,1447256.0594999997
20120608,1467184.5616000001
20120607,1485449.6446
20120606,1914671.1388
20120605,1374538.1119999997
20120604,1378465.0309
20120601,1782093.5152000003
20120531,3050770.8740999997
20120530,1563328.6616000002
20120529,1305220.2756
20120525,1047046.1328
20120524,1165894.7564
20120523,1442410.872
20120522,1129738.115
20120521,1126435.4528
20120518,1771694.6872999999
20120517,1449842.2212999999
20120516,1234668.3426
20120515,1288792.0207
20120514,1040933.4112000001
20120511,1002321.4529999999
20120510,1096341.0096
20120509,1451936.6772
20120508,1647210.4196
20120507,1015119.2832000001
20120504,1273240.2521999998
20120503,855631.42335
20120502,957536.322
20120501,1202704.7936000002
20120430,1013208.5340000001
20120427,902955.9583999999
20120426,1485813.4994999997
20120425,1604649.2849999997
20120424,1004011.4322
20120423,1302242.0696999999
20120420,1468567.45
20120419,1362380.4064
20120418,1114507.3275
20120417,1200699.8205
20120416,1472362.6204000001
20120413,1149239.07
20120412,1276201.652
20120411,1311306.9130000002
20120410,1642865.0733000003
20120409,924939.7272
20120405,1013784.7557999999
20120404,1454210.0524000002
20120403,1520469.867
20120402,1206205.0896
20120330,1124560.2606
20120329,1136199.1872
20120328,1387093.1994
20120327,1083542.573
20120326,1508733.8037
20120323,1074310.3795
20120322,1184749.0256
20120321,1222402.5033
20120320,1178915.244
20120319,936915.3561999999
20120316,2678855.9892
20120315,1250334.1413
20120314,1392395.4175999998
20120313,1461712.2182
20120312,1626475.7445
20120309,1436658.3029999998
20120308,1614482.8634
20120307,1267419.8528999998
20120306,1417327.9398
20120305,1113456.5288
20120302,979384.4978
20120301,1097405.2965
20120229,1582330.66
20120228,1247572.0518
20120227,1156579.9531
20120224,939764.4256000001
20120223,1079019.2834
20120222,1041568.4444
20120221,1340016.1642999998
20120217,1421043.702
20120216,1261616.7329999998
20120215,1170072.1872
20120214,1097443.4314000001
20120213,968554.8809999999
20120210,1284445.338
20120209,1449188.4944
20120208,1259518.5828
20120207,1365674.316
20120206,1286293.7325
20120203,1370873.7504
20120202,1505223.9648
20120201,1869680.2185
20120131,2279700.9144
20120130,1516425.0396
20120127,1371274.1528999999
20120126,1358566.567
20120125,1587596.7562
20120124,1076698.2822000002
20120123,1342506.1793
20120120,1681339.9498999997
20120119,1425381.6915
20120118,1447954.5080000001
20120117,1338865.1188
20120113,1319915.4056
20120112,1470492.3726000001
20120111,1261066.8203999999
20120110,1121053.8748
20120109,997267.7250000001
20120106,1356628.0896
20120105,1491962.4320000003
20120104,1387466.4715999998
20120103,1797135.1199999999
20111230,827924.2374
20111229,857361.7109
20111228,1074623.3604000001
20111227,865053.8832
20111223,872369.8696
20111222,1672402.1045000001
20111221,1591686.4912
20111220,1734040.06
20111219,1275809.1258
20111216,2673572.4719999996
20111215,1436093.5332
20111214,1900737.8424
20111213,1759355.8213
20111212,1427689.3485
20111209,1776202.0584
20111208,1472116.7167
20111207,1592373.9032
20111206,1625605.398
20111205,1471704.0300000003
20111202,1552631.2163000002
20111201,1356820.1731
20111130,2729315.5252
20111129,1519866.7757000003
20111128,1527655.7376
20111125,757807.55
20111123,1739436.0522
20111122,1437797.2476
20111121,1553516.6265
20111118,1799116.08
20111117,2020801.0194
20111116,1593760.0050000001
20111115,1539919.4723000003
20111114,1072587.9024
20111111,1205996.1879999998
20111110,1469240.069
20111109,1866043.158
20111108,1517111.7696
20111107,1427277.9719999998
20111104,1427521.0819999997
20111103,1929988.8846
20111102,1683424.197
20111101,2718323.1797999996
20111031,2389190.8815
20111028,1772360.2932000002
20111027,2905649.3584
20111026,2201952.8090999997
20111025,1860235.3584
20111024,1592047.1263
20111021,2229592.4096999997
20111020,1749454.8989
20111019,1639613.6592
20111018,1882627.8044
20111017,1458863.9098
20111014,1395093.0281999998
20111013,1491170.072
20111012,1714092.4248
20111011,1361707.8005999997
20111010,1560041.9456
20111007,1733740.7892
20111006,1836192.3614999999
20111005,2087417.709
20111004,2654687.7301
20111003,2205090.761
20110930,2245463.9424
20110929,2045334.5539999998
20110928,1874662.4982999996
20110927,1945140.3715000001
20110926,2173678.2848
20110923,1842238.3139
20110922,2990028.3096
20110921,1711674.0252
20110920,1507101.8949000002
20110919,1460137.0300000003
20110916,2582564.082
20110915,1616255.5434
20110914,1890623.072
20110913,1631347.9785000002
20110912,1881775.5232000002
20110909,1984216.8078
20110908,1633154.5295999998
20110907,1701918.9300000002
20110906,1807207.154
20110902,1519093.0998
20110901,1718806.9019
20110831,2160275.1804
20110830,1657941.729
20110829,1404419.8303999999
20110826,1958642.4416
20110825,2217698.7416
20110824,1673079.124
20110823,2800489.8523999997
20110822,1908357.0176000001
20110819,2437302.9239999996
20110818,2513066.5256
20110817,1354440.4415999998
20110816,1935439.4849999999
20110815,1735584.5241000003
20110812,2241050.4
20110811,3599476.8906
20110810,3247237.2129
20110809,4421595.726
20110808,4126980.3812999995
20110805,3528416.9267999995
20110804,3144260.7872
20110803,2204691.7892
20110802,2210006.0360000003
20110801,1819554.112
20110729,2120296.3734
20110728,1998667.5321999998
20110727,1650347.7732000002
20110726,1368838.2851
20110725,1184345.3424
20110722,1120675.3835999998
20110721,1812422.3519999997
20110720,1066289.98
20110719,1372789.7952
20110718,1433055.1260000002
20110715,1882209.26
20110714,1596220.832
20110713,1567853.2472
20110712,1853402.4487
20110711,1695880.3680000002
20110708,1511091.5768000002
20110707,1512360.2079999999
20110706,1226985.7284
20110705,1538053.1039999998
20110701,1479492.3839
20110630,1621461.5066
20110629,1515992.3175
20110628,1465053.4437999998
20110627,1604505.2640000002
20110624,2784653.201
20110623,2354295.8068
20110622,1484889.0654
20110621,1439615.8972999998
20110620,1261694.5176
20110617,2010357.3024
20110616,1508112.7244
20110615,1706247.0971999997
20110614,1320963.3124
20110613,1414316.5071
20110610,1511986.571
20110609,1433467.5102000001
20110608,1902817.0488000002
20110607,1296993.6
20110606,1281132.1299
20110603,1402705.161
20110602,1475497.8063
20110601,1600945.0574000003
20110531,1971473.7565000001
20110527,987232.6668999998
20110526,1390966.4769
20110525,1588043.0268
20110524,1290880.3226
20110523,1314532.1706
20110520,1549561.6346999998
20110519,1254558.5361
20110518,1465276.9618
20110517,1453920.5494
20110516,1318028.6592
20110513,1425617.6036999999
20110512,1768671.4789999998
20110511,1960195.8480000002
20110510,1475097.9984
20110509,1517813.7412
20110506,2177230.1807
20110505,2269754.8164000004
20110504,1936622.7804
20110503,1575249.6030000001
20110502,1620819.8838
20110429,1526048.2920000001
20110428,1633740.1168000002
20110427,1561308.6258
20110426,1563842.3928
20110425,848174.5926
20110421,1103942.4708
20110420,1317773.2140000002
20110419,1070909.53
20110418,1235638.8299999998
20110415,1435546.3616000002
20110414,1310627.9592
20110413,1204096.9248
20110412,1716799.4326000002
20110411,1108678.4532
20110408,1370022.372
20110407,1374403.4816
20110406,1134271.3606
20110405,1463225.8076
20110404,1111521.1725
20110401,1316834.1228
20110331,1289620.3569999998
20110330,1332387.8673
20110329,1355384.925
20110328,1219573.4924
20110325,1379666.4488000001
20110324,1407946.2961000002
20110323,1271004.1959999998
20110322,1339123.2
20110321,1499814.0580000002
20110318,2338325.9129999997
20110317,1780669.0668
20110316,2651681.4709
20110315,1886747.1684
20110314,1350127.4675999999
20110311,1445588.7444
20110310,2115761.1852
20110309,1122327.4106
20110308,1492985.2680000002
20110307,1530085.56
20110304,1702700.0844
20110303,1471247.4462
20110302,1482071.4792000002
20110301,1948179.936
20110228,2111000.142
20110225,1889585.479
20110224,2454342.0554
20110223,3358333.4349999996
20110222,2737495.8912
20110218,1929010.785
20110217,1497351.1068
20110216,1393536.4172999999
20110215,2129220.1141
20110214,2809201.4985999996
20110211,1324604.8595999999
20110210,1749769.2160000002
20110209,1311769.8555
20110208,1449115.4214
20110207,1284449.6126
20110204,1378896.108
20110203,1639359.0304
20110202,1516132.7266999998
20110201,3424608.7608
20110131,2783992.488
20110128,2077182.6521999997
20110127,1358237.9823999999
20110126,2033664.8346
20110125,1701550.9896000002
20110124,1895344.0274
20110121,1981137.4792000002
20110120,2263342.1525
20110119,1706937.8255999999
20110118,1877206.7385999998
20110114,1827578.1160000002
20110113,1567726.1054999998
20110112,1329572.0045999999
20110111,1196259.2567999999
20110110,1560174.3729
20110107,1458521.1444
20110106,1693445.2878
20110105,1236344.76
20110104,1500124.913
20110103,1738252.5299999998
20101231,1116784.4272
20101230,791563.9367999999
20101229,865595.0479
20101228,1058949.1414
20101227,712300.96511
20101223,833809.488
20101222,1063359.7519999999
20101221,1583309.2896
20101220,1157825.9846
20101217,2649006.3452999997
20101216,1336996.5826
20101215,1506259.8074999999
20101214,1488772.4094000002
20101213,1531895.2092000002
20101210,1277389.6704
20101209,1293593.7600000002
20101208,1627753.128
20101207,1692715.1814
20101206,1139618.6589000002
20101203,1384995.0429
20101202,1520702.6896000002
20101201,1895457.7964
20101130,1913821.6700000002
20101129,1390290.3810000003
20101126,507091.0579
20101124,1351143.0771999997
20101123,1562489.4332
20101122,1316377.6531
20101119,1700939.4848
20101118,1285121.2583
20101117,1204585.4223
20101116,1899123.2711999998
20101115,1322474.0336
20101112,1745101.7363999998
20101111,1707794.8832999999
20101110,1811703.1502999999
20101109,2395593.025
20101108,1659677.1695999997
20101105,1854731.2
20101104,2157801.9497999996
20101103,1804275.8846
20101102,1773149.0048000002
20101101,1493277.5715
20101029,1280965.7545999999
20101028,1350205.9340000001
20101027,1532873.0802000002
20101026,1170953.9467
20101025,1092750.8220000002
20101022,882323.3268
20101021,1409802.0424
20101020,1354313.3079000001
20101019,1651744.7056000002
20101018,1490028.7496
20101015,1662386.0697
20101014,1160874.668
20101013,1467327.1152000001
20101012,1340804.627
20101011,893940.6854999999
20101008,1440205.0644
20101007,1243031.8
20101006,1383968.5119999999
20101005,1591249.6312
20101004,1046365.4069999999
20101001,1510973.9048
20100930,1573182.6685000001
20100929,1303105.8225
20100928,1167135.7342
20100927,1026676.0581
20100924,1549888.5675
20100923,1105812.7515
20100922,1113499.809
20100921,1263115.8847999999
20100920,1340277.7164999999
20100917,1607449.8756000001
20100916,1001793.8021
20100915,1144895.5799999998
20100914,1096493.6836
20100913,1411555.8599999999
20100910,886622.76
20100909,1008862.8494999999
20100908,1053452.385
20100907,1176828.6075
20100903,1347984.6828
20100902,1139516.3744
20100901,1600024.0806
20100831,1595060.2971
20100830,958748.23
20100827,1690041.288
20100826,1305092.8968
20100825,1234750.6545
20100824,1510689.3718
20100823,1268700.055
20100820,1237142.8641
20100819,1254798.1446
20100818,1206660.729
20100817,1223640.621
20100816,856335.4968000001
20100813,877752.1938
20100812,1020975.5943999998
20100811,1464954.5097
20100810,1436008.068
20100809,919518.1715
20100806,1430003.6078
20100805,1253153.3701000002
20100804,1319222.3744
20100803,1947828.5568
20100802,1738946.918
20100730,1751832.3968
20100729,2037171.9270000004
20100728,1430509.1142
20100727,1361754.8159999999
20100726,1220991.5916
20100723,1150231.088
20100722,1605177.974
20100721,1561103.6364
20100720,1403106.678
20100719,1223159.5968
20100716,2074728.0456
20100715,1466031.5960000001
20100714,1543968.929
20100713,1809535.086
20100712,1386487.4674
20100709,1526801.0952
20100708,2377413.0692000003
20100707,2440356.4121
20100706,2120239.524
20100702,1852913.5795
20100701,2702808.7857
20100630,2507055.4236000003
20100629,3009073.0337
20100628,2512978.0371
20100625,6967724.52
20100624,2053597.4718
20100623,2325249.706
20100622,1619447.3147999998
20100621,1570481.8535000002
20100618,2066324.342
20100617,1459182.838
20100616,1290905.8868999998
20100615,1533319.6668999998
20100614,1513627.2252
20100611,1313020.5648
20100610,2041340.7693000003
20100609,1900439.9451
20100608,2966611.3512
20100607,1683225.163
20100604,2671331.361
20100603,1992865.2588
20100602,1741392.9119000002
20100601,1952727.7275
20100528,1939431.0432
20100527,1960481.81
20100526,2017168.0928999998
20100525,3016814.3124
20100524,1676059.7685
20100521,3214620.4616
20100520,3448763.2434
20100519,2293070.325
20100518,2163430.7057999996
20100517,2019830.2146
20100514,2467636.752
20100513,1734471.3516
20100512,1647328.1715
20100511,1920061.6401999998
20100510,2499367.0306
20100507,4395396.187
20100506,3686358.4428
20100505,2002378.9721000001
20100504,2102231.4019
20100503,2085054.2592000002
20100430,2964688.7841
20100429,3240813.1073999996
20100428,2299388.5023999996
20100427,2482433.7399999998
20100426,1263643.8087
20100423,1684657.6679999998
20100422,1478561.5320000001
20100421,1447863.0896
20100420,1585331.3157000002
20100419,1752409.0855
20100416,2299965.1091000005
20100415,1140800.0282
20100414,1288298.8893000002
20100413,1316698.3128
20100412,1248480.6258999999
20100409,1450679.9148000001
20100408,1624260.9942
20100407,1651936.3952
20100406,1295029.54
20100405,1424904.3771
20100401,1326124.1752
20100331,1497166.4312
20100330,1189597.7475
20100329,1758007.9079999998
20100326,2033021.2398
20100325,1398605.793
20100324,1313293.8699999999
20100323,1656466.188
20100322,1431646.4871
20100319,3054308.8800000004
20100318,1747093.8368
20100317,2611227.9136
20100316,2336622.9768
20100315,1463183.319
20100312,1560295.696
20100311,1301736.1382000002
20100310,1667406.8884
20100309,1935749.1888
20100308,1349154.4272
20100305,1783915.213
20100304,1436174.8440000003
20100303,1457071.1388
20100302,1625688.3953999998
20100301,1227886.3080000002
20100226,1307025.85
20100225,1672059.7693999999
20100224,1407329.658
20100223,2167235.4765999997
20100222,1337696.8320000002
20100219,1598292.7345
20100218,1486351.2148
20100217,1433706.096
20100216,2021956.9012000002
20100212,1985221.224
20100211,1536619.2492
20100210,1407066.014
20100209,2363034.472
20100208,1961389.9304999998
20100205,2740725.0719999997
20100204,2191186.8552
20100203,1599969.096
20100202,2280511.6272
20100201,2492438.0700000003
20100129,2631618.8666000003
20100128,2425049.0431999997
20100127,2341236.9204
20100126,2246739.4944
20100125,1928563.437
20100122,2582293.0059999996
20100121,2608884.457
20100120,2355788.4200999998
20100119,1794392.9391
20100115,2025987.294
20100114,1298182.9952
20100113,1733693.3612000002
20100112,2202832.5235
20100111,2156200.826
20100108,1730240.1776
20100107,1896492.524
20100106,2453816.5902
20100105,2094659.6424000002
20100104,1922993.7330000002
20091231,1284526.3974
20091230,1365813.4619999998
20091229,1375810.7692000002
20091228,1360500.8956
20091224,559521.05096
20091223,1294117.4490000003
20091222,1915884.1992
20091221,2357315.3734
20091218,4294276.506999999
20091217,3179677.5774
20091216,3948252.9267000007
20091215,3763779.0282
20091214,6372116.9973
20091211,1247451.1757999999
20091210,1695560.94
20091209,1254058.1476
20091208,1349029.334
20091207,1315668.7698000001
20091204,1759472.5499999998
20091203,1338766.4739999997
20091202,1120696.8773
20091201,1321244.4260000002
20091130,1609211.0298
20091127,906316.3240000001
20091125,1014691.9005
20091124,1300669.4551000001
20091123,1434290.928
20091120,1433118.8813999998
20091119,1287925.2525
20091118,1252917.3228
20091117,1719707.8581
20091116,1587129.6897000002
20091113,1048027.8038
20091112,1192644.1260000002
20091111,1049747.9726
20091110,1139679.2989999999
20091109,1224316.3715000001
20091106,1319830.2842
20091105,1176157.35
20091104,1624795.095
20091103,1472768.3949999998
20091102,1473339.7965
20091030,2302495.5045
20091029,2224023.0552
20091028,1945271.9727999999
20091027,2272764.1563
20091026,1986390.1128000002
20091023,1520546.2314
20091022,1936443.4512
20091021,1693403.0851
20091020,1464020.3316000002
20091019,1502184.4434
20091016,1722418.3760000002
20091015,1757065.5185999998
20091014,1816162.6144
20091013,1348158.7164
20091012,1138450.4459
20091009,938042.5641
20091008,1327677.5185
20091007,1050818.5548
20091006,1453097.5821999998
20091005,1476810.1966
20091002,1363043.7366
20091001,1676702.0591999998
20090930,1860275.0735999998
20090929,1014845.5099999999
20090928,925654.1686000001
20090925,1130435.142
20090924,1485908.1561000003
20090923,1441758.45
20090922,1016388.2194
20090921,1251142.7057999999
20090918,3026917.7213999997
20090917,1465660.8432
20090916,1554255.1488
20090915,1353369.8675
20090914,1223811.4000000001
20090911,1222561.7968000001
20090910,1354812.6600000001
20090909,1385405.3699999999
20090908,1551895.7805
20090904,1048529.4372000002
20090903,1034202.4818000001
20090902,1112197.8406000002
20090901,1667326.8296
20090831,1682492.799
20090828,1242277.4740000002
20090827,1516029.8592
20090826,1339822.5867
20090825,1496787.5328000002
20090824,1824793.734
20090821,1829414.1488
20090820,1182980.6467000002
20090819,1906675.12
20090818,1430259.741
20090817,1619007.104
20090814,1311533.6948
20090813,1391192.6875
20090812,1325764.0829
20090811,1154575.9457999999
20090810,1122978.1860000002
20090807,1253335.3632999999
20090806,1210601.3571000001
20090805,1423538.3265
20090804,1312863.4799999997
20090803,1748675.1060000001
20090731,1975883.1989
20090730,2673499.5872
20090729,1719940.8267
20090728,1653989.7647
20090727,1261208.55
20090724,1312941.8235000002
20090723,1938701.1105
20090722,1733886.7664999997
20090721,1791765.2871
20090720,1466728.8335999998
20090717,1766808.0707999999
20090716,1611395.0495999998
20090715,2027804.6535999998
20090714,1515014.9322
20090713,2079615.2400000002
20090710,1687258.5488000002
20090709,1501280.6094
20090708,1990762.4846
20090707,1665797.12
20090706,2027771.478
20090702,1571581.8135
20090701,1590414.6384
20090630,1910478.8079
20090629,1717326.4454
20090626,1908863.7729999998
20090625,2158057.2204
20090624,1427447.4015
20090623,1664890.8325
20090622,1952477.942
20090619,3037808.8265
20090618,1481181.9512
20090617,2137573.4603999997
20090616,1733460.326
20090615,2029311.5373000002
20090612,1600494.784
20090611,2284899.3885
20090610,2019630.3296
20090609,1602942.4896000002
20090608,1690064.5626
20090605,1932314.1918
20090604,1890913.2596000002
20090603,2143633.2512
20090602,2089093.8303999999
20090601,2278906.7184
20090529,2300895.6869999995
20090528,1922985.7871
20090527,1571583.6829999997
20090526,2051295.6438
20090522,1281242.9179999998
20090521,1641810.0062000002
20090520,1985568.8658999999
20090519,1470444.9592
20090518,1757844.18
20090515,1845422.9059
20090514,1485751.968
20090513,1814416.9912999999
20090512,2005723.6726
20090511,1642420.1006999998
20090508,2540286.3
20090507,2242645.8216000004
20090506,2112433.3926
20090505,1346516.424
20090504,1862234.4180000003
20090501,1862185.2105
20090430,2335493.4355
20090429,1981407.8088
20090428,1839050.5224
20090427,1758187.7292
20090424,2153284.5368999997
20090423,1919112.4608999998
20090422,2010479.73
20090421,2133335.1923
20090420,2080532.4458000003
20090417,2176270.9425
20090416,1881771.0471
20090415,1672533.0956000001
20090414,2213771.044
20090413,1896358.1483999998
20090409,1875690.0864000001
20090408,1794487.464
20090407,1925122.2767999999
20090406,1904860.5435
20090403,1881365.7588
20090402,2680394.37
20090401,2725405.7943
20090331,2799511.323
20090330,2210098.7529999996
20090327,2064855.0728000002
20090326,2686643.1678000004
20090325,2577332.5112
20090324,2228149.107
20090323,3648717.2051999997
20090320,4445028.348
20090319,2636085.3041999997
20090318,2896713.7106
20090317,2129681.2866
20090316,2249726.5585000003
20090313,2367091.1040000003
20090312,2714099.589
20090311,2462789.8773
20090310,3480828.9539
20090309,2756467.4719999996
20090306,3014347.3533
20090305,3120076.6536
20090304,3383267.4384000003
20090303,3120704.4136
20090302,3556130.6995999995
20090227,4407810.659
20090226,2639301.687
20090225,3996204.256
20090224,3522560.3433000003
20090223,2792113.6319999998
20090220,3049287.2069
20090219,2253793.4847999997
20090218,2469286.545
20090217,2980732.1544000003
20090213,2255893.9928
20090212,3223479.3844
20090211,3570929.9274
20090210,3334582.5174000002
20090209,2205572.3844
20090206,2922871.2317999997
20090205,3157085.2742
20090204,2298383.4236
20090203,3090220.182
20090202,2766539.6007999997
20090130,3969591.9168000007
20090129,2997925.6999999997
20090128,3590958.565
20090127,3038877.7360000005
20090126,3360801.594
20090123,3590210.6900000004
20090122,3141934.2794
20090121,3430730.2626000005
20090120,3238285.4445000007
20090116,3555439.239
20090115,4259318.5256
20090114,3607551.664
20090113,3668179.8416000004
20090112,2914251.3152
20090109,2548953.3027999997
20090108,2433252.0949000004
20090107,2759519.1149999998
20090106,3365309.5629999996
20090105,3537850.7304
20090102,2923008.3532
20081231,2397006.7136999997
20081230,1968974.9984
20081229,1781965.0969999998
20081226,1314077.9285999998
20081224,858620.7432
20081223,2455756.482
20081222,3072950.529
20081219,5137185.801
20081218,4594407.51
20081217,4150119.6072000004
20081216,4861287.254
20081215,3470233.7475000005
20081212,3564972.805
20081211,4004114.3784
20081210,3524445.1935
20081209,3678908.052
20081208,4102895.236
20081205,4979284.186
20081204,4984661.6969
20081203,4535167.0437
20081202,4241901.0543
20081201,4130501.2863000003
20081128,1574682.2035
20081126,3777643.0811
20081125,4421019.7512
20081124,5908922.016000001
20081121,6408727.985100001
20081120,5261137.757200001
20081119,4217310.8780000005
20081118,4410850.4147
20081117,3571279.854
20081114,3976805.7936
20081113,5482239.8851
20081112,3481501.9647000004
20081111,3051842.6955000004
20081110,2768929.0569999996
20081107,3304894.2735
20081106,3691794.0971999997
20081105,3344851.7364999996
20081104,3735206.3006999996
20081103,2634025.4971000003
20081031,3916127.9764000005
20081030,4214597.1095
20081029,4680700.5675
20081028,5168571.7062
20081027,3223184.1858000006
20081024,3771497.7888
20081023,4552397.2288
20081022,3363388.6670999997
20081021,3130920.65
20081020,3364872.5404999997
20081017,3973395.1572000002
20081016,5424017.9145
20081015,3818464.887
20081014,4646498.224599999
20081013,4739431.662
20081010,7038329.996
20081009,4671566.68
20081008,5770473.170000001
20081007,4776170.5764
20081006,5098259.664799999
20081003,3443167.8504000003
20081002,3417419.8499999996
20081001,2698206.9606
20080930,3264340.2484
20080929,4266123.3566000005
20080926,2333106.107
20080925,2915700.1785000004
20080924,2148888.4578
20080923,2161737.4573
20080922,2523715.1168
20080919,4683844.0007
20080918,3749948.5875
20080917,3261874.872
20080916,3205763.1054000002
20080915,2942769.6725000003
20080912,2220082.0500000003
20080911,2692901.73
20080910,2361905.6125000003
20080909,2818452.8592000003
20080908,2396981.2652999996
20080905,2107435.6312
20080904,2451597.597
20080903,2107602.6324
20080902,2450054.304
20080829,1764968.5935
20080828,1646937.6264000002
20080827,1639609.2427
20080826,1499023.3244999999
20080825,1623989.5846999998
20080822,1578868.2359999998
20080821,1979630.3564999998
20080820,2043739.5369000002
20080819,1725024.1460000002
20080818,1754977.5417
20080815,2025444.3006
20080814,2001844.7285000002
20080813,2395366.4368000003
20080812,1998547.8783999998
20080811,1900353.3208
20080808,2307852.3456
20080807,1960821.8431999998
20080806,2411726.6523
20080805,3140728.6979999994
20080804,2900164.856
20080801,2293196.8208
20080731,3287060.6937
20080730,3056034.3375999997
20080729,2090934.1190000002
20080728,1937646.3792
20080725,2246562.0900000003
20080724,2968819.8559999997
20080723,2512337.3366
20080722,2310580.101
20080721,2057478.3126
20080718,2946754.4904000005
20080717,3147126.1651
20080716,3265338.9641
20080715,2817739.4955999996
20080714,1841019.6752000002
20080711,2515537.0676
20080710,2663784.1984
20080709,2444765.7354
20080708,3085677.4187999996
20080707,2577429.287
20080703,2041249.0462
20080702,2996301.1669999994
20080701,2299281.3614999996
20080630,2369115.9478
20080627,2427224.6445
20080626,2276002.2437
20080625,2373019.1759999995
20080624,1876301.1875999998
20080623,2069773.4970000002
20080620,3072500.6158
20080619,2282151.264
20080618,2063954.9369
20080617,1951891.8342000002
20080616,1628173.1193
20080613,1860033.6668
20080612,2808873.3690000004
20080611,2134163.8751
20080610,2397387.8346
20080609,2158392.3378
20080606,2979121.4277
20080605,2649404.3706
20080604,2922379.7225
20080603,2698767.0549
20080602,2279415.0069000004
20080530,2407647.8412
20080529,2204769.3275
20080528,2018732.191
20080527,2324544.84
20080523,2299110.764
20080522,2964201.7196
20080521,4048367.7549
20080520,2543768.016
20080519,2378151.3056
20080516,2763386.0388
20080515,2592248.945
20080514,2173919.5044
20080513,1898072.7160000002
20080512,2056106.8809
20080509,2136537.5657999995
20080508,2188174.9614
20080507,2449692.9044
20080506,2527382.2139999997
20080505,1904225.8939
20080502,2450398.8915
20080501,3917675.307
20080430,2770688.3157999995
20080429,2702797.8555
20080428,1600223.5215
20080425,2160427.7568
20080424,2179279.884
20080423,2218352.4258
20080422,1955651.3076
20080421,1626376.1790000002
20080418,2435612.38
20080417,2137224.4782
20080416,2495976.5936000003
20080415,1770205.9279999998
20080414,1742435.058
20080411,1525174.1274
20080410,1949909.1615
20080409,1966296.6570000001
20080408,1418606.0529
20080407,1741533.7680000002
20080404,1651261.4964
20080403,1771993.674
20080402,2056693.1544
20080401,2084745.1016000002
20080331,3116095.5141999996
20080328,1845947.8634000001
20080327,1875719.7580000001
20080326,1986049.3774000003
20080325,2307062.64
20080324,1917461.9880000001
20080320,3821607.65
20080319,2961263.2037
20080318,2947177.2231
20080317,3348266.1677
20080314,3070503.2963
20080313,2554674.6305
20080312,2288315.9317
20080311,3019747.4384
20080310,2674405.3896
20080307,2536495.7336999997
20080306,2448835.2837
20080305,2686552.3378
20080304,2632889.7308
20080303,2035122.5699999998
20080229,2309256.7113
20080228,2234145.1613999996
20080227,1816676.5456
20080226,1917271.9001
20080225,2128055.4018
20080222,2047363.5334
20080221,2616918.6932
20080220,2178158.851
20080219,1966453.8432
20080215,2045553.1311
20080214,1811606.8
20080213,1842017.1242
20080212,2120868.5174
20080211,1888838.5146
20080208,1975458.5465999998
20080207,2179028.2069
20080206,2377440.4576
20080205,2509942.5855
20080204,1609415.3376
20080201,2444426.5949999997
20080131,2847475.296
20080130,2057960.7568
20080129,1913315.6244
20080128,2012740.5081999998
20080125,2344581.8616
20080124,2681534.18
20080123,3955294.671
20080122,4090631.4260000004
20080118,3729076.8192
20080117,2861032.2804
20080116,3112080.8702
20080115,2357776.5983999996
20080114,1855269.0559
20080111,2052266.16
20080110,2500962.3485999997
20080109,2398755.7188
20080108,1959886.9215
20080107,2639655.0328
20080104,2277194.5688
20080103,1797836.2831
20080102,2183636.169
20071231,1279304.1585
20071228,1646064.05
20071227,1345625.752
20071226,1450026.0362
20071224,593436.12888
20071221,3218862.5059
20071220,1392004.1468999998
20071219,1789318.9291
20071218,2062021.0674
20071217,2035382.8656000001
20071214,1869632.223
20071213,1834864.8232
20071212,2362868.8632
20071211,1807497.6856
20071210,1433728.0076000001
20071207,1560570.93
20071206,1931851.0511999999
20071205,2153815.0944
20071204,1481872.6236
20071203,1976447.8144999999
20071130,2513693.2296
20071129,1987992.3783
20071128,2593091.3792
20071127,2413603.1821999997
20071126,1966298.5944000003
20071123,783193.0435200001
20071121,1988815.2576000001
20071120,2734793.838
20071119,1747912.6197
20071116,2582556.081
20071115,1927005.6749999998
20071114,1838788.8057000001
20071113,2228395.5456
20071112,2445141.9660000005
20071109,2394304.2495
20071108,2924625.0662000002
20071107,2387134.008
20071106,2300349.0486
20071105,2174367.7296
20071102,2552210.4564
20071101,3148666.275
20071031,2953780.502
20071030,1869309.6534000002
20071029,1705846.6051
20071026,1934436.7059999998
20071025,2509769.7896999996
20071024,2239007.751
20071023,2202468.597
20071022,2288658.3409
20071019,3174132.7027999996
20071018,1947479.45
20071017,2517201.6479999996
20071016,2075069.3771999998
20071015,2422219.5689999997
20071012,1416017.2788
20071011,1934696.3232
20071010,1707674.5198
20071009,1634203.0155000002
20071008,1163513.2664
20071005,1734981.2159999998
20071004,2622832.884
20071003,1654413.7244
20071002,1985382.9839999997
20071001,1812690.09
20070928,1805789.1384
20070927,1617768.1809
20070926,2156516.205
20070925,2377578.9004
20070924,2049904.0695000002
20070921,3169703.856
20070920,1712754.283
20070919,2497710.3592000003
20070918,2423264.1472000005
20070917,1693851.3159999999
20070914,2099965.4031
20070913,1949710.896
20070912,2203012.6300000004
20070911,2296815.696
20070910,2344113.238
20070907,2042549.565
20070906,1816295.0246999997
20070905,1862565.656
20070904,1772565.0657000002
20070831,1879047.286
20070830,1889560.4000000001
20070829,2009851.245
20070828,2146097.8
20070827,1383097.0048000002
20070824,1801889.32
20070823,2024580.8749999998
20070822,1868581.3439999998
20070821,1952134.169
20070820,1989047.5351
20070817,3033854.4908000003
20070816,3976483.2507
20070815,2256194.4762
20070814,2499213.6695999997
20070813,2101814.7
20070810,2759565.8772000005
20070809,3006447.4439999997
20070808,3214210.293
20070807,3078568.5340000005
20070806,3388128.4384000003
20070803,2969619.1056
20070802,3155758.8616000004
20070801,3330119.8800000004
20070731,2884865.0088
20070730,3033489.2703
20070727,3513823.8426
20070726,4003674.471
20070725,2919163.1931000003
20070724,2892705.3264
20070723,2276381.5423999997
20070720,2833253.3802
20070719,2302045.7669
20070718,2799072.483
20070717,2091858.1452
20070716,2009782.3199999998
20070713,2070310.3053
20070712,2218528.7608000003
20070711,1768923.1210000003
20070710,2248192.955
20070709,1677990.2136
20070706,1988046.5418
20070705,1530321.7936
20070703,806202.6649600001
20070702,1705434.1781999997
20070629,2073909.5136
20070628,1668393.496
20070627,2156729.1744
20070626,2203014.9548
20070625,2120933.5982000004
20070622,3233835.8452
20070621,2698443.0
20070620,2311241.176
20070619,1676484.3856000002
20070618,1532807.9579999999
20070615,2589483.922
20070614,1660918.9548
20070613,2262109.8315
20070612,1786702.0999999999
20070611,1381936.4986
20070608,1934465.6136000003
20070607,2395860.4571999996
20070606,1785363.0942000002
20070605,1787071.1826
20070604,1387702.2042
20070601,1714563.3930000002
20070531,1755022.5671
20070530,2222844.96
20070529,1590258.1932
20070525,1489855.1443999999
20070524,1808212.4324000003
20070523,1649653.6426000001
20070522,1579721.7336
20070521,2090840.0136000002
20070518,2074338.8074000003
20070517,1607295.562
20070516,1334681.2395
20070515,1392965.5914999999
20070514,1435456.75
20070511,1530076.7105
20070510,1647633.8613
20070509,1604639.2014
20070508,1461354.4945999999
20070507,1688920.2176
20070504,1602069.4215
20070503,1445395.9156
20070502,1405019.5769999998
20070501,1935988.1323999998
20070430,1726515.0
20070427,1322938.554
20070426,2090249.1404999997
20070425,2247807.5424
20070424,1954344.1979999999
20070423,1860915.672
20070420,3278758.1280000005
20070419,1478877.939
20070418,1362931.378
20070417,1785375.7600000002
20070416,1603920.2012
20070413,1474230.8745
20070412,1877322.7505
20070411,1921708.9430999998
20070410,1450361.9721999997
20070409,1356916.224
20070405,1562399.2098
20070404,1609674.3344
20070403,1722314.496
20070402,1631702.8671999997
20070330,1812326.3535
20070329,1654053.4839999997
20070328,1867846.978
20070327,1649660.332
20070326,2079063.4086999998
20070323,1978869.3077999998
20070322,2023612.2192000002
20070321,2109027.6615
20070320,1705195.44
20070319,1648300.6349999998
20070316,3265241.0308
20070315,1663936.565
20070314,2134413.7739999997
20070313,1913905.097
20070312,1428002.152
20070309,2038889.496
20070308,1969106.7299999997
20070307,2261252.124
20070306,1890474.4000000001
20070305,2308274.2046
20070302,1922096.546
20070301,2799793.0674
20070228,3994224.6400000006
20070227,2478142.1829999997
20070226,1342386.9160000002
20070223,1330483.838
20070222,1288770.724
20070221,1337544.992
20070220,1185955.7740000002
20070216,1380005.468
20070215,1346468.9460000002
20070214,1334262.132
20070213,1195099.3290000001
20070212,1233712.42
20070209,1333966.524
20070208,1414218.498
20070207,1355785.6410000003
20070206,1224066.8439999998
20070205,1374833.096
20070202,1835569.1220000002
20070201,1889538.3599999999
20070131,1796836.0799999998
20070130,1604257.545
20070129,1271476.6800000002
20070126,1509395.133
20070125,1663764.9519999998
20070124,1481926.4600000002
20070123,2161431.636
20070122,1580420.97
20070119,1756087.578
20070118,1696953.524
20070117,2267432.812
20070116,1822582.372
20070112,1775665.0799999998
20070111,2069897.4660000002
20070110,2169958.4289999995
20070109,1949306.3910000003
20070108,1882136.2850000001
20070105,1806926.0119999999
20070104,2257679.664
20070103,2261147.977
20061229,766299.92337
20061228,835017.073
20061227,842219.456
20061226,858254.6699999999
20061222,905304.591
20061221,1301473.98
20061220,1339198.2
20061219,1716422.7589999998
20061218,1701285.606
20061215,2861754.22
20061214,1471558.1760000002
20061213,1584727.336
20061212,1420819.625
20061211,1402743.5040000002
20061208,1240449.9
20061207,2101883.7329999995
20061206,2342259.14
20061205,1569849.048
20061204,1504725.068
20061201,1645008.4800000002
20061130,2099278.748
20061129,1889474.7510000002
20061128,1434944.088
20061127,1374197.8809999998
20061124,403062.50599999994
20061122,867818.566
20061121,975316.405
20061120,1374482.3810000003
20061117,1885939.02
20061116,1620017.776
20061115,1522097.72
20061114,1318204.2550000001
20061113,1293965.55
20061110,1368390.3080000002
20061109,1602316.8990000002
20061108,1656916.6949999998
20061107,1459811.31
20061106,1254183.238
20061103,1839182.865
20061102,1434791.736
20061101,1297555.6
20061031,1451104.418
20061030,1248108.708
20061027,1387510.2359999998
20061026,1886843.2240000002
20061025,1834820.2890000003
20061024,1382123.673
20061023,1194911.824
20061020,1475211.14
20061019,1631200.863
20061018,1336509.657
20061017,1193185.664
20061016,1369059.048
20061013,1402193.1600000001
20061012,1254366.3
20061011,1362055.384
20061010,1548261.1199999999
20061009,1282278.745
20061006,1312528.032
20061005,1470861.2159999998
20061004,1706621.471
20061003,1503756.277
20061002,1278534.2
20060929,1358050.3199999998
20060928,1570482.292
20060927,1572506.8239999998
20060926,1484943.0050000001
20060925,1900474.166
20060922,1183971.382
20060921,1460879.692
20060920,1949597.922
20060919,1300358.4
20060918,1407973.32
20060915,2164010.055
20060914,1369703.6279999998
20060913,1422834.912
20060912,1606145.1500000001
20060911,2337028.25
20060908,1313798.607
20060907,1654905.427
20060906,1794317.338
20060905,1214958.464
20060901,1197177.57
20060831,1302268.5480000002
20060830,1797102.77
20060829,1496465.7179999999
20060828,1271074.2299999997
20060825,1331493.2360000003
20060824,1449943.872
20060823,1231900.9229999997
20060822,1612323.5029999998
20060821,1569925.0429999998
20060818,1351374.88
20060817,1945944.256
20060816,1792949.6789999998
20060815,1872510.007
20060814,1383185.65
20060811,1257929.2000000002
20060810,1522775.74
20060809,1916616.8320000002
20060808,1657291.677
20060807,1455006.9100000001
20060804,1474801.776
20060803,1495703.142
20060802,1740836.928
20060801,1103602.388
20060731,1366376.766
20060728,1374337.5
20060727,1955932.926
20060726,2065432.4999999998
20060725,1224374.63
20060724,1465220.872
20060721,1761693.4379999998
20060720,1335089.2999999998
20060719,1595336.782
20060718,1371734.91
20060717,1261932.8
20060714,1394415.44
20060713,1377082.138
20060712,1126665.2280000001
20060711,1160168.534
20060710,833414.016
20060707,1164242.964
20060706,1502144.49
20060705,1235030.985
20060703,587914.14
20060630,1983341.205
20060629,1641191.7059999998
20060628,1412055.3599999999
20060627,1601095.4749999999
20060626,826638.6340000001
20060623,903972.09
20060622,966748.299
20060621,1305508.1300000001
20060620,1139576.013
20060619,1157636.6460000002
20060616,1632317.4
20060615,1472188.504
20060614,1437353.06
20060613,1546199.435
20060612,1101644.544
20060609,1240750.56
20060608,1990066.9039999999
20060607,1647207.044
20060606,1445649.8399999999
20060605,1231223.1649999998
20060602,1069904.925
20060601,1092322.9170000001
20060531,1576058.432
20060530,1075545.24
20060526,819303.426
20060525,1207533.016
20060524,1476332.46
20060523,1198530.135
20060522,1386337.098
20060519,1612957.125
20060518,1144378.12
20060517,1577775.1679999998
20060516,980597.548
20060515,1209744.0
20060512,1194920.864
20060511,1143860.154
20060510,979663.68
20060509,896630.62
20060508,1056292.6870000002
20060505,889555.2
20060504,1467880.336
20060503,1461927.25
20060502,1226382.479
20060501,1253781.69
20060428,1302766.008
20060427,1704996.0580000002
20060426,1464790.78
20060425,1392875.7650000001
20060424,1053908.625
20060421,1414205.0
20060420,1480061.208
20060419,1345297.46
20060418,1418041.2419999999
20060417,717806.81
20060413,711596.664
20060412,867679.988
20060411,912869.4
20060410,802525.61
