20160408,323344.66468
20160407,513147.2507
20160406,510029.445
20160405,368953.34448
20160404,420698.4915
20160401,394066.45739999996
20160331,417004.2210999999
20160330,401342.85745999997
20160329,616979.4400000001
20160328,594959.5151999999
20160324,489801.6761
20160323,556874.83
20160322,495268.11640000006
20160321,718742.0129999999
20160318,1424878.6504
20160317,899949.2758
20160316,1973695.95
20160315,670083.4556
20160314,569023.515
20160311,511904.2700000001
20160310,670490.0845
20160309,645917.1992
20160308,472079.1635
20160307,499102.3436
20160304,403076.4723
20160303,334651.60332
20160302,482991.5584
20160301,494504.0531
20160229,818976.582
20160226,611622.9504000001
20160225,431290.1736
20160224,402056.37450000003
20160223,344195.91874999995
20160222,375179.87340000004
20160219,485258.0334
20160218,471304.6569
20160217,483020.3961
20160216,701987.6640000001
20160212,562799.3563999999
20160211,658118.1932000001
20160210,470576.48000000004
20160209,624798.3035999999
20160208,716432.2485
20160205,618044.8260000001
20160204,616950.1485
20160203,494496.7277
20160202,615248.368
20160201,513392.28
20160129,691643.4099000001
20160128,546175.6558
20160127,718008.2830999999
20160126,695072.7510999999
20160125,576692.5674
20160122,553060.7399999999
20160121,695187.1524
20160120,857923.441
20160119,740169.487
20160115,867484.2811999999
20160114,678867.3591
20160113,965236.5935999999
20160112,652269.8421
20160111,653410.8435999999
20160108,758962.8585
20160107,790030.4112
20160106,650657.763
20160105,902687.7816
20160104,671541.9425
20151231,377442.9373
20151230,353861.73368
20151229,396648.0256
20151228,400987.0865
20151224,183343.02477999998
20151223,473362.0926
20151222,509117.65080000006
20151221,547837.2882
20151218,1040604.8995
20151217,1583407.3563
20151216,910436.4132
20151215,736055.2782
20151214,757067.3294999999
20151211,757097.7302
20151210,701102.7131999999
20151209,675742.2029999999
20151208,589438.4541
20151207,535656.6054
20151204,712962.2323999999
20151203,768391.0783
20151202,529967.088
20151201,498888.3023
20151130,731361.681
20151127,269161.66332
20151125,314668.78222
20151124,543215.8304
20151123,356639.72686
20151120,472992.2946000001
20151119,480141.49020000006
20151118,465071.058
20151117,565085.4561000001
20151116,637130.8184
20151113,893993.7179999999
20151112,563573.4563000001
20151111,736353.3503999999
20151110,450857.2784
20151109,585655.287
20151106,669478.5299999999
20151105,660045.3
20151104,682615.8592
20151103,689554.62
20151102,786635.805
20151030,639754.6136
20151029,444280.93960000004
20151028,545097.2112
20151027,540683.7156
20151026,473125.5057
20151023,626977.4949
20151022,555562.8828
20151021,405458.47099999996
20151020,504174.3974
20151019,667097.0214
20151016,735058.1838
20151015,457894.463
20151014,524147.59799999994
20151013,437786.5446
20151012,419296.6608
20151009,558403.125
20151008,500908.8312
20151007,615914.6126
20151006,468857.12719999993
20151005,478609.7883000001
20151002,691965.6506
20151001,663382.26
20150930,585271.8648
20150929,701958.129
20150928,770036.776
20150925,698437.3865
20150924,651223.4064
20150923,611527.3241000001
20150922,723028.0672999999
20150921,551138.1153999999
20150918,1268472.0102000001
20150917,1365042.0014000002
20150916,746861.6293
20150915,565151.0169
20150914,563574.2784000001
20150911,491011.29120000004
20150910,636395.8011999999
20150909,544871.3868000001
20150908,714015.6527999999
20150904,475907.01210000005
20150903,434207.09699999995
20150902,553058.835
20150901,717470.0818999999
20150831,568814.0945
20150828,807603.1368000001
20150827,1037128.8228000001
20150826,757841.2873999999
20150825,756957.469
20150824,1173367.0607999999
20150821,728363.7334999999
20150820,504210.7353
20150819,439135.2123
20150818,396330.56581999996
20150817,302478.16692
20150814,283159.23419
20150813,306054.45184
20150812,438005.7808
20150811,414541.5938
20150810,379984.44123000005
20150807,421511.80000000005
20150806,417304.3396
20150805,474275.1584
20150804,384410.6973
20150803,493642.15780000004
20150731,547378.4988
20150730,540596.823
20150729,516839.4722
20150728,561280.1688
20150727,606416.5849
20150724,469131.78
20150723,704793.5700000001
20150722,662133.0096000001
20150721,580840.1159999999
20150720,698244.7296000001
20150717,587552.956
20150716,608707.7888000001
20150715,380430.66792999994
20150714,379204.12606000004
20150713,436640.7839999999
20150710,422538.5264
20150709,536309.3806
20150708,580555.3014
20150707,660113.9359999999
20150706,499221.888
20150702,469943.768
20150701,561242.9736
20150630,673522.616
20150629,734314.5862
20150626,1625094.4588000001
20150625,556258.297
20150624,732032.536
20150623,725268.0785
20150622,927938.3715
20150619,1555221.0349
20150618,3381636.2414
20150617,1202219.1431999998
20150616,814330.9152
20150615,731334.6068
20150612,520027.50120000006
20150611,553666.05
20150610,680974.6501999999
20150609,328642.18940000003
20150608,392736.50960000005
20150605,562990.9194
20150604,602938.3155
20150603,405443.01697
20150602,361265.3654
20150601,427532.93645
20150529,445442.8458
20150528,318976.80618
20150527,489811.4278
20150526,452336.60219999996
20150522,328787.27585000003
20150521,355851.43776
20150520,400551.09783
20150519,382922.62831999996
20150518,268255.38936000003
20150515,413664.97024999995
20150514,323652.4669
20150513,326257.8329
20150512,371034.62596
20150511,325702.9232
20150508,404137.49256
20150507,381787.70567999996
20150506,550785.0221999999
20150505,501159.2616
20150504,408812.04455000005
20150501,529813.7396999999
20150430,880961.2973999999
20150429,1637222.2209
20150428,813803.985
20150427,563267.1961000001
20150424,765320.0771999999
20150423,490394.21390000003
20150422,319490.9003
20150421,403998.5677
20150420,451669.0488
20150417,536015.64
20150416,519360.038
20150415,800120.4731
20150414,449111.5285
20150413,471441.67199999996
20150410,545624.9722
20150409,406059.5664
20150408,299491.11918
20150407,346918.15296000004
20150406,419238.43464
20150402,476445.99659999995
20150401,517466.5048
20150331,572350.23
20150330,552997.7159999999
20150327,768723.7272
20150326,604642.3128
20150325,750879.6147
20150324,651004.5011999999
20150323,475547.2275
20150320,920009.9947999999
20150319,693774.3551999999
20150318,1672328.8563
20150317,915315.2265
20150316,755947.8173999999
20150313,779897.9500000001
20150312,570881.9786
20150311,459135.105
20150310,583828.11
20150309,489832.3173
20150306,639314.1664000001
20150305,481079.48999999993
20150304,640964.5165
20150303,436348.1412
20150302,488334.08820000006
20150227,418460.44842000003
20150226,373906.06407
20150225,515359.7992
20150224,461460.07080000004
20150223,481381.2388
20150220,644782.8732
20150219,373422.51220999996
20150218,381952.305
20150217,443617.39840000006
20150213,446147.3691
20150212,549477.7827
20150211,556609.7184
20150210,559321.4126
20150209,551437.796
20150206,409252.8092799999
20150205,415642.4532
20150204,547400.8302
20150203,544760.7232
20150202,720844.2867999999
20150130,946296.7756
20150129,548823.5858
20150128,646003.4367
20150127,650324.262
20150126,529412.0499999999
20150123,625255.7994
20150122,791522.116
20150121,690159.3362
20150120,715809.255
20150116,773872.3408
20150115,572458.2339000001
20150114,547082.4672000001
20150113,552497.9382
20150112,694728.8409000001
20150109,692397.6606000001
20150108,759352.0296
20150107,582462.4325
20150106,829545.9624
20150105,800721.7101
20150102,668042.9041
20141231,596738.8587
20141230,451641.57878000004
20141229,442480.48912
20141226,318157.16770000005
20141224,473448.36449999997
20141223,642722.892
20141222,970586.1055000001
20141219,1921689.0999999999
20141218,2468486.665
20141217,739504.4328000001
20141216,667318.4964
20141215,917421.8597
20141212,563620.5925
20141211,504921.8368
20141210,513387.6396
20141209,581308.4254999999
20141208,528148.4502
20141205,374232.33616999997
20141204,385035.03486
20141203,434317.869
20141202,383108.24382000003
20141201,454248.12960000004
20141128,504257.44459999993
20141126,485273.71869999997
20141125,509927.0965
20141124,394909.06137
20141121,522462.2592
20141120,370551.59196000005
20141119,375727.27632
20141118,384873.36252
20141117,491782.56119999994
20141114,468264.49720000004
20141113,482947.34400000004
20141112,439832.04300000006
20141111,285758.42718
20141110,446903.33050000004
20141107,548314.6923999999
20141106,461932.9464000001
20141105,482135.84089999995
20141104,495816.23000000004
20141103,401620.39400000003
20141031,630016.6895
20141030,371302.3545
20141029,421157.79839999997
20141028,449568.297
20141027,289196.93313
20141024,347629.59686999995
20141023,369265.86379999993
20141022,632735.1752
20141021,589894.7145
20141020,629515.152
20141017,798562.0390999999
20141016,804156.9708
20141015,940672.5119999999
20141014,750298.4484
20141013,792257.8757999999
20141010,694718.4480000001
20141009,581287.8890000001
20141008,624131.1432
20141007,550329.1398
20141006,553686.6124
20141003,594607.8772
20141002,565671.1662
20141001,664240.0830000001
20140930,809366.6724
20140929,637567.3776
20140926,623448.1115000001
20140925,514783.96319999994
20140924,745283.1924
20140923,1333744.8772999998
20140922,972584.2995999999
20140919,3447328.3419999997
20140918,1087295.7735
20140917,579379.9682
20140916,544535.0952
20140915,569976.7592
20140912,482448.555
20140911,503988.99480000004
20140910,371863.94802
20140909,570713.8971000001
20140908,798219.1808000001
20140905,625472.8501
20140904,508439.8709999999
20140903,420743.04
20140902,355711.03546
20140829,372562.59831
20140828,360161.06142000004
20140827,351440.26752000005
20140826,305120.58488000004
20140825,369674.98488
20140822,385523.27404000005
20140821,397887.79337999993
20140820,397119.48374999996
20140819,594744.9135
20140818,310002.36704000004
20140815,540510.4724
20140814,390415.33890000003
20140813,427738.72560000006
20140812,267500.45279999997
20140811,410887.37840000005
20140808,353949.83766
20140807,364190.0383
20140806,328699.7608
20140805,351910.25748000003
20140804,495484.42199999996
20140801,596768.6171
20140731,552919.7128
20140730,467201.63840000005
20140729,383969.18318000005
20140728,390566.36765
20140725,301821.53300999996
20140724,406007.99039999995
20140723,370494.61154
20140722,555025.8701
20140721,634747.4471999999
20140718,764938.3999999999
20140717,975686.5546999999
20140716,592721.811
20140715,478931.0466
20140714,550128.3173
20140711,479243.29510000005
20140710,385715.91744
20140709,592287.4055999999
20140708,500928.5736
20140707,489019.866
20140703,325081.38936000003
20140702,548739.009
20140701,536002.7823000001
20140630,571399.6407
20140627,620941.4862
20140626,668162.649
20140625,561963.5056
20140624,670865.9868
20140623,696917.0819999999
20140620,2656124.744
20140619,1141646.4345
20140618,440710.5417
20140617,541376.0608
20140616,343532.48955
20140613,435077.8012
20140612,464527.56
20140611,409543.51648000005
20140610,570091.176
20140609,440127.26100000006
20140606,488019.28770000004
20140605,448272.801
20140604,372645.1278000001
20140603,458577.0972000001
20140602,473627.6727
20140530,567122.5098
20140529,406346.6696
20140528,470105.1532
20140527,531428.0201999999
20140523,507660.9225
20140522,509666.30400000006
20140521,464802.0224
20140520,439714.7744
20140519,502957.41679999995
20140516,646083.6877
20140515,807866.9872
20140514,586954.4820000001
20140513,432269.1935
20140512,786304.5075
20140509,421169.3064
20140508,417399.9969
20140507,516140.2134
20140506,518674.38509999996
20140505,565507.5218
20140502,437080.8134
20140501,571347.135
20140430,673051.1816
20140429,601501.1919
20140428,808186.8986000001
20140425,459504.52650000004
20140424,555163.2075
20140423,399831.40660000005
20140422,420625.8014
20140421,345808.15408
20140417,586934.7263999999
20140416,546361.1214000001
20140415,578196.6494999999
20140414,633991.7271
20140411,727203.0839999999
20140410,1050369.6557
20140409,830437.1376
20140408,893233.0336
20140407,1078000.693
20140404,952972.8752
20140403,908203.8899999999
20140402,935901.2223
20140401,1470064.5522
20140331,1977130.3897999998
20140328,728265.6693000001
20140327,1029002.6844000001
20140326,1225452.2724
20140325,758421.8879999999
20140324,860540.5472
20140321,1271169.75
20140320,727456.83
20140319,1739776.5344999998
20140318,1137591.3628
20140317,572583.375
20140314,536773.088
20140313,578032.5435
20140312,509474.7648
20140311,499533.572
20140310,336926.65334
20140307,536689.6216
20140306,516213.35240000003
20140305,471201.425
20140304,539212.7433
20140303,511941.5423
20140228,753170.9935999999
20140227,547469.1255000001
20140226,442092.035
20140225,450063.6525
20140224,396202.89680000005
20140221,504581.922
20140220,451049.4546
20140219,473048.1819
20140218,400976.1098
20140214,594623.9951999999
20140213,448870.0808
20140212,469904.4819
20140211,456579.71040000004
20140210,409439.116
20140207,490999.4873999999
20140206,542066.5152
20140205,411931.2775000001
20140204,583558.1608
20140203,762410.3424000001
20140131,628764.192
20140130,485283.69999999995
20140129,611985.4829
20140128,515686.29
20140127,696003.3269000001
20140124,1003287.405
20140123,540744.967
20140122,531959.6538
20140121,516010.1622
20140117,536893.6773
20140116,515497.8871
20140115,653387.1326
20140114,515314.9619
20140113,787022.9475
20140110,587005.6623
20140109,512925.1515
20140108,607729.9292
20140107,635584.013
20140106,574391.8685999999
20140103,439923.7655999999
20140102,687253.8640000001
20131231,449408.8468
20131230,443835.27050000004
20131227,583868.4389999999
20131226,434070.4534
20131224,360886.48992
20131223,664423.1405999999
20131220,1481141.6999
20131219,2300504.346
20131218,1370640.9400000002
20131217,731981.8362000001
20131216,763246.9728
20131213,605488.8145
20131212,1039785.2640000001
20131211,593873.5104
20131210,887111.5079999999
20131209,597902.0
20131206,564075.232
20131205,726258.3175
20131204,700425.7554
20131203,580244.3724
20131202,711575.6995999999
20131129,418239.7879
20131127,568880.4464
20131126,992139.8438
20131125,513138.90300000005
20131122,481571.4222
20131121,411350.0176
20131120,422751.125
20131119,505164.6468
20131118,526435.2694999999
20131115,746134.9416
20131114,886691.1420000001
20131113,516036.14999999997
20131112,560230.806
20131111,392336.29959999997
20131108,481866.2655
20131107,581441.82
20131106,857908.8339
20131105,373910.25
20131104,428961.0984
20131101,506831.76810000004
20131031,541745.585
20131030,501578.623
20131029,537833.9483
20131028,582005.6742
20131025,657052.8899999999
20131024,878433.4495
20131023,802680.033
20131022,649484.8219999999
20131021,544658.8870000001
20131018,574851.5009999999
20131017,750156.8391
20131016,541472.5264000001
20131015,677170.1125
20131014,428493.6448
20131011,466248.3254
20131010,711946.9631
20131009,632726.3181
20131008,769772.1953999999
20131007,464688.29880000005
20131004,499973.8932
20131003,514558.85640000005
20131002,655130.5616
20131001,545231.595
20130930,833304.0374
20130927,475239.6726
20130926,528145.6719000001
20130925,663834.3875999999
20130924,629584.374
20130923,892386.4564
20130920,1819569.6884999997
20130919,2144030.8549
20130918,1324942.9176
20130917,671580.5984
20130916,839458.7313
20130913,573094.6086
20130912,532841.4348
20130911,649415.5668
20130910,523095.054
20130909,406118.01249999995
20130906,406537.558
20130905,368338.8732
20130904,421474.4544
20130903,469391.42640000005
20130830,445894.0812
20130829,444184.838
20130828,503997.7562
20130827,510272.7098
20130826,605943.5844
20130823,861673.5648
20130822,333225.252
20130821,386159.09699999995
20130820,446530.92400000006
20130819,429142.33600000007
20130816,632127.8809999999
20130815,632633.5878
20130814,660342.0419999999
20130813,423563.4375
20130812,390566.1375
20130809,383387.63680000004
20130808,469037.21280000004
20130807,571623.6426
20130806,614488.0499999999
20130805,365538.63060000003
20130802,617994.9052
20130801,517465.72
20130731,987985.822
20130730,596988.4829999999
20130729,523556.16319999995
20130726,563220.5424
20130725,681396.5924999999
20130724,647915.6323
20130723,537852.7047
20130722,534145.3431
20130719,904692.7368000001
20130718,755857.8918
20130717,719022.024
20130716,721007.36
20130715,1169750.0727
20130712,4926546.875
20130711,1057508.271
20130710,889393.5486
20130709,909484.6991999999
20130708,914647.0199999999
20130705,692217.7602000001
20130703,571931.4829999999
20130702,996742.5370000001
20130701,1022386.2544
20130628,1221860.6125999999
20130627,1309670.0295
20130626,1580232.665
20130625,1918868.4928000001
20130624,2380612.1220000004
20130621,4243063.99
20130620,1147992.9849
20130619,661426.7933
20130618,575954.7279999999
20130617,664741.7013000001
20130614,592690.5160000001
20130613,538661.395
20130612,460264.1256000001
20130611,512763.28650000005
20130610,575493.6915
20130607,694962.4452000001
20130606,972439.6435
20130605,750830.3896
20130604,694297.5591999999
20130603,680301.6044
20130531,824585.6766000001
20130530,615656.1050000001
20130529,550097.968
20130528,740029.0044
20130524,770943.075
20130523,699744.3788999999
20130522,1151163.4204
20130521,690710.4360000001
20130520,639589.6149999999
20130517,945342.3495000001
20130516,876749.4855
20130515,623523.4368
20130514,793275.301
20130513,411888.3228
20130510,590689.9404000001
20130509,630682.694
20130508,715460.4576000001
20130507,589031.6065999999
20130506,601956.885
20130503,800191.0346
20130502,774622.7154
20130501,1084727.5987999998
20130430,1639919.8068
20130429,1011709.5768
20130426,724082.1824
20130425,836110.2141000001
20130424,734779.3163999999
20130423,777857.1576
20130422,609907.7220000001
20130419,983767.9994999999
20130418,799546.7788
20130417,821244.5316000001
20130416,578450.4042
20130415,643340.84
20130412,615934.3568000001
20130411,775950.6085999999
20130410,1212266.6563
20130409,994019.3032000001
20130408,457344.5272
20130405,781979.7794
20130404,587960.2638
20130403,827344.3679999999
20130402,740510.3734
20130401,604695.7329
20130328,765435.0576999999
20130327,1118813.598
20130326,927857.2822
20130325,1240336.875
20130322,2055517.3782
20130321,4284045.899999999
20130320,1426292.6223000002
20130319,733209.2927
20130318,744154.6408
20130315,2041378.4228
20130314,763769.4239999999
20130313,755316.4344
20130312,652301.3757000001
20130311,506323.4904
20130308,535113.6358
20130307,542605.9469999999
20130306,765266.0268
20130305,546441.4368
20130304,516605.45499999996
20130301,705618.1096
20130228,815443.7472
20130227,543267.0552
20130226,543610.6104
20130225,685346.328
20130222,477936.20999999996
20130221,714678.6956000001
20130220,569382.3341999999
20130219,582173.178
20130215,640641.8476
20130214,554447.575
20130213,461054.8324
20130212,514914.4825
20130211,442191.9096
20130208,672021.1379999999
20130207,928602.3168
20130206,547255.332
20130205,591167.0504
20130204,828904.6455
20130201,1003929.1298999999
20130131,677401.1884999999
20130130,504155.4474
20130129,654174.3272
20130128,714881.0582000001
20130125,638744.1516
20130124,651514.3004
20130123,597216.102
20130122,674375.6957
20130118,1055057.6066
20130117,617169.3551999999
20130116,609944.9304000001
20130115,564346.92
20130114,510044.02560000005
20130111,526290.4836
20130110,622917.9813999999
20130109,652396.72
20130108,599324.88
20130107,482262.0429
20130104,750594.6842
20130103,748608.1745000001
20130102,1171066.4076
20121231,843622.0828000001
20121228,554381.3652
20121227,718633.6635
20121226,446402.3063
20121224,216850.51004
20121221,1538872.9648
20121220,954166.0807999999
20121219,2076813.5941
20121218,1229177.0424000002
20121217,777154.1152
20121214,700908.0484000001
20121213,651392.0115
20121212,645325.342
20121211,831662.8782
20121210,664237.6884
20121207,587474.1936000001
20121206,804963.2262
20121205,983672.96
20121204,562053.659
20121203,715424.4981
20121130,856026.0065
20121129,707015.7968
20121128,686679.978
20121127,770767.4772
20121126,484337.9304
20121123,253897.97216000003
20121121,529685.6479999999
20121120,526934.13
20121119,679659.4112000001
20121116,764748.6
20121115,787533.453
20121114,667327.1664
20121113,627446.519
20121112,332167.08300000004
20121109,471566.16000000003
20121108,544602.5676
20121107,686484.603
20121106,475044.0114
20121105,424688.125
20121102,538395.9075
20121101,720444.9839999999
20121031,678922.0872
20121026,309899.96901
20121025,638655.1064
20121024,662263.866
20121023,654157.3612
20121022,534020.872
20121019,799785.4464
20121018,809536.3856
20121017,884552.5863000001
20121016,701885.758
20121015,818281.221
20121012,577833.49
20121011,627801.9071999999
20121010,706509.0054
20121009,714478.7784999999
20121008,694104.8396000001
20121005,980589.6988
20121004,802339.868
20121003,626788.1326
20121002,682640.4929999999
20121001,899822.9249000001
20120928,848775.6992
20120927,730174.6088
20120926,898374.6485
20120925,962706.307
20120924,595896.9247
20120921,2041494.1027999998
20120920,1221553.2887999997
20120919,685359.9786
20120918,834908.7188
20120917,828079.912
20120914,763215.5780000001
20120913,895471.5181999999
20120912,664621.4877999999
20120911,696651.1359999999
20120910,600638.3766000001
20120907,621631.144
20120906,740419.0768
20120905,736439.7657
20120904,525661.0205000001
20120831,671976.0255
20120830,560580.9171000001
20120829,498968.1821
20120828,505072.20359999995
20120827,468162.64259999996
20120824,473167.6785
20120823,448556.2029
20120822,573033.609
20120821,624619.02
20120820,358501.3272
20120817,670225.29
20120816,651286.8095000001
20120815,511836.59650000004
20120814,432835.9695
20120813,450394.51519999997
20120810,437759.93580000004
20120809,451403.63420000003
20120808,699108.8759999999
20120807,683317.8450000001
20120806,578398.62
20120803,545807.4624
20120802,661327.7440000001
20120801,525828.8448
20120731,631486.228
20120730,639721.9796
20120727,733928.5016000001
20120726,802395.8999999999
20120725,655033.9641999999
20120724,694845.2976
20120723,691737.465
20120720,753391.2588000001
20120719,808158.0780000001
20120718,761491.0599999999
20120717,714952.7616000001
20120716,496482.7104
20120713,651381.1799999999
20120712,678422.5118000001
20120711,796436.5329
20120710,680468.0715
20120709,636396.63
20120706,737024.9384
20120705,571897.502
20120703,433617.948
20120702,727564.02
20120629,1054530.5760000001
20120628,765542.2860000001
20120627,546163.3404
20120626,573366.4617999999
20120625,688238.1982
20120622,620300.24
20120621,909873.9530999999
20120620,834057.0007
20120619,2266077.1956
20120618,1010311.1232
20120615,1111188.547
20120614,923326.7706
20120613,530643.6183999999
20120612,707823.798
20120611,548819.7350999999
20120608,607174.2936
20120607,894092.0796
20120606,760833.9462
20120605,758135.5716
20120604,758363.978
20120601,799223.36
20120531,851050.4696999999
20120530,563656.5259
20120529,638679.3084000001
20120525,487323.3148
20120524,894138.2728000002
20120523,885193.042
20120522,582838.8428
20120521,806445.6504
20120518,1746137.1785000002
20120517,772787.925
20120516,792813.6623999999
20120515,714191.0621999999
20120514,606194.2520000001
20120511,690884.64
20120510,1422309.833
20120509,708928.932
20120508,688721.9598
20120507,939836.3392000002
20120504,963784.8173999999
20120503,563289.519
20120502,670821.7929000001
20120501,590369.1897999999
20120430,545875.68
20120427,488341.626
20120426,596306.7326
20120425,776683.836
20120424,587687.9683000001
20120423,656210.5279999999
20120420,1031774.3888000001
20120419,767662.9101
20120418,616104.1608
20120417,716731.6512000001
20120416,615093.8336
20120413,896253.1799999999
20120412,844072.74
20120411,855140.832
20120410,1166483.4300000002
20120409,623011.5075000001
20120405,1294842.9884
20120404,908420.6052
20120403,881526.8929
20120402,842318.7400999999
20120330,933213.8952
20120329,997149.906
20120328,863299.6784
20120327,930021.6680000001
20120326,875922.0768
20120323,1047626.5475
20120322,1710880.9879
20120321,2783836.1951
20120320,1376826.073
20120319,967180.0608000001
20120316,1149111.0718
20120315,1067960.5577999998
20120314,924745.4792000001
20120313,974305.6749
20120312,1215969.3945
20120309,905586.9787
20120308,929972.1837
20120307,715923.2836
20120306,867639.2204999999
20120305,1021705.5743999999
20120302,844169.7376000001
20120301,981144.4959999998
20120229,970260.7222000001
20120228,878414.7858000001
20120227,888671.2604
20120224,728945.9775
20120223,729195.2169
20120222,719650.9995
20120221,592369.3367999999
20120217,980529.82
20120216,1053123.9929999998
20120215,968425.573
20120214,854524.3264
20120213,568895.9563
20120210,861612.0
20120209,918468.2799
20120208,857242.0051
20120207,587409.396
20120206,480882.35000000003
20120203,764884.4626
20120202,787386.8073
20120201,1104000.9584
20120131,925218.3213
20120130,665725.9180000001
20120127,697969.3378000001
20120126,980097.7142999999
20120125,1119687.1999
20120124,675182.0879
20120123,778636.9155
20120120,1062317.9457
20120119,1037465.7048
20120118,1000931.3912
20120117,989268.1980000001
20120113,860600.8648
20120112,863068.0916
20120111,829037.523
20120110,1320777.537
20120109,1039926.2712000001
20120106,1499406.6549
20120105,1350895.6435
20120104,1177967.9304000002
20120103,980500.1635000001
20111230,491341.3965
20111229,494191.518
20111228,648025.9382
20111227,545823.4001
20111223,841029.168
20111222,1135024.7902000002
20111221,4726120.074
20111220,1337052.4552
20111219,710540.4402
20111216,1346381.7878
20111215,1253135.9779
20111214,790908.0158
20111213,778186.196
20111212,703076.0580000001
20111209,716220.6196
20111208,752679.6589999999
20111207,989177.6656
20111206,667881.5970000001
20111205,637305.537
20111202,698506.848
20111201,702805.1217
20111130,996662.2710000001
20111129,599301.4464
20111128,628819.0582000001
20111125,392056.13519999996
20111123,707418.75
20111122,757980.0623999999
20111121,757945.1226
20111118,813781.602
20111117,1276986.9422
20111116,776360.5114999999
20111115,704301.8048
20111114,542020.809
20111111,700609.4822999999
20111110,802566.8799
20111109,1164952.9593
20111108,1013297.1348
20111107,787844.2663
20111104,775766.754
20111103,909082.7283999999
20111102,853846.9956
20111101,996619.4438
20111031,945468.2428000001
20111028,887129.4597
20111027,1196142.4331999999
20111026,1091203.812
20111025,988218.8744999999
20111024,918278.0142
20111021,1054558.0584
20111020,791136.8868000001
20111019,805652.756
20111018,948293.5536
20111017,782680.9509
20111014,751980.0925
20111013,845540.3718
20111012,943148.1816
20111011,785072.0646
20111010,857847.321
20111007,1135872.9276
20111006,1051802.5929
20111005,1269731.1965
20111004,1442144.4505
20111003,1261874.0574
20110930,1212372.1835999999
20110929,1313967.028
20110928,923349.4608
20110927,1160241.2192
20110926,1121570.0289
20110923,1270983.274
20110922,1738498.5956
20110921,2459309.5716
20110920,1430713.935
20110919,1000923.5963999999
20110916,1696020.4744
20110915,834127.665
20110914,983429.2579999999
20110913,1172876.9976
20110912,998570.8125
20110909,1011850.8399999999
20110908,1345349.5952
20110907,720205.5140999999
20110906,818121.6632999999
20110902,816552.3504
20110901,952080.1000000001
20110831,881151.2646999999
20110830,834468.2115000001
20110829,806843.7707
20110826,917671.1635
20110825,990531.7729999999
20110824,842317.2148
20110823,965336.118
20110822,947601.5485999999
20110819,1160276.418
20110818,1974456.1826
20110817,922595.8826
20110816,1036447.5567
20110815,1057534.5928
20110812,1183822.9161
20110811,1613003.963
20110810,2191948.7296
20110809,2274790.344
20110808,2099761.96
20110805,2329900.2405
20110804,1426828.2408
20110803,1329483.6718000001
20110802,1201877.6940000001
20110801,1160127.7615
20110729,1167910.4426
20110728,899160.9776
20110727,1321849.3016000001
20110726,1079040.4835
20110725,670037.8957
20110722,695779.686
20110721,795655.5951
20110720,738947.4016
20110719,869748.9408000001
20110718,794527.9687999999
20110715,815301.3239000001
20110714,1031573.7994999998
20110713,1193002.9167
20110712,1143745.898
20110711,721842.8868
20110708,811364.5489999999
20110707,1017189.3515000001
20110706,742601.8359000001
20110705,708690.0288000001
20110701,838859.5664999998
20110630,729713.7590999999
20110629,885377.916
20110628,1058636.6406
20110627,933931.7616
20110624,2338250.2848000005
20110623,1725871.9074000001
20110622,833993.524
20110621,878844.6209999999
20110620,746588.697
20110617,1332599.9237000002
20110616,919564.4920000001
20110615,1075089.1752
20110614,739456.5112
20110613,844664.9164999999
20110610,740103.1346
20110609,684382.1055999999
20110608,1143638.4375
20110607,898393.3008
20110606,698583.8391
20110603,763336.8407
20110602,1251490.2656
20110601,1039752.0744000002
20110531,1052276.977
20110527,570081.669
20110526,699468.4779999999
20110525,760149.6418
20110524,723322.5832
20110523,993964.3679999999
20110520,564837.4546
20110519,810932.85
20110518,1019648.6065999998
20110517,945183.5203999999
20110516,1072245.7408
20110513,720889.3197
20110512,824383.9979999999
20110511,727298.913
20110510,606064.3264
20110509,573280.224
20110506,833342.7872
20110505,805199.3089
20110504,1370335.29
20110503,898423.7756
20110502,1093065.7984999998
20110429,2475313.792
20110428,809955.6118
20110427,777091.5375000001
20110426,1066440.2242
20110425,424051.4187
20110421,734037.1074999999
20110420,842955.3134999999
20110419,688550.8266
20110418,680031.5574
20110415,870937.8455999999
20110414,607801.402
20110413,820322.3670000001
20110412,564114.31
20110411,539066.6448
20110408,540954.2502
20110407,766222.9319999999
20110406,831962.2973999999
20110405,1026963.2768000001
20110404,912932.2776
20110401,1468700.8938000002
20110331,1277828.32
20110330,849882.733
20110329,992497.7011999999
20110328,1021030.1552
20110325,2118784.1472
20110324,1203265.0336
20110323,727145.2692
20110322,624083.0332
20110321,728614.4042
20110318,1071781.446
20110317,963084.1675
20110316,1360788.444
20110315,1087175.313
20110314,589247.6381999999
20110311,757776.6621000001
20110310,924234.8820000001
20110309,566143.9425
20110308,716555.8250000001
20110307,659502.846
20110304,627366.2481
20110303,795543.7347
20110302,741619.0011999999
20110301,960653.3941
20110228,638444.2399999999
20110225,683574.11
20110224,753121.6725
20110223,711776.2262
20110222,809022.7265
20110218,859778.3248000001
20110217,480892.3208
20110216,523820.7282
20110215,633029.6699999999
20110214,547069.2176
20110211,582253.1569
20110210,573325.5693999999
20110209,561574.3848
20110208,508617.73980000004
20110207,751291.6555999999
20110204,1261968.9614
20110203,527796.7831
20110202,641520.8060000001
20110201,1080517.0572
20110131,666739.683
20110128,985888.0
20110127,843675.0768
20110126,699458.4784
20110125,836697.8341999999
20110124,649495.5839999999
20110121,1120856.0476999998
20110120,1542527.5419
20110119,850911.844
20110118,849007.3641000001
20110114,1185428.125
20110113,1353512.887
20110112,1051125.138
20110111,817794.1803
20110110,922485.8304
20110107,859391.6753
20110106,681266.4816
20110105,1122038.2656
20110104,719949.4888
20110103,662086.4369999999
20101231,366688.57700000005
20101230,406402.9683
20101229,307718.8695
20101228,307296.53955000004
20101227,437560.5126
20101223,411499.22599999997
20101222,443841.8566
20101221,635204.7640000001
20101220,1061945.28
20101217,2904887.7286
20101216,1429483.7988
20101215,929854.4446999999
20101214,773213.4045000001
20101213,1385738.0784
20101210,854810.737
20101209,534037.1344
20101208,434646.0078
20101207,934109.7220000001
20101206,607431.4948
20101203,991928.2999999999
20101202,902432.6240000001
20101201,961255.2914999999
20101130,1052863.9039999999
20101129,887508.6444
20101126,354277.64989999996
20101124,969919.6684000001
20101123,848352.4710000001
20101122,771185.943
20101119,728522.2814999999
20101118,924918.8409999999
20101117,687485.2602
20101116,858845.8886
20101115,614418.664
20101112,731001.5040000001
20101111,1062640.8653
20101110,798288.6347
20101109,994734.2225999999
20101108,789103.6296
20101105,827915.1075
20101104,1052148.2544999998
20101103,874346.988
20101102,713941.4946
20101101,614366.8476
20101029,1030411.5406000001
20101028,1030726.84
20101027,971503.323
20101026,802659.5143
20101025,883814.2012
20101022,478201.646
20101021,869754.7452
20101020,1119008.9056
20101019,1300165.4072999998
20101018,1044512.7120999999
20101015,1582478.456
20101014,1079988.8942
20101013,1403631.9440000001
20101012,769147.106
20101011,630557.6985
20101008,927966.2000000001
20101007,1124161.1121
20101006,1396207.7136
20101005,1159253.0040000002
20101004,989419.66
20101001,917394.1679999998
20100930,1148574.2640000002
20100929,995061.5818
20100928,1175987.3487000002
20100927,918827.1014999999
20100924,1567322.5656
20100923,898043.544
20100922,1411878.288
20100921,2204075.9142
20100920,1366068.2672
20100917,4147932.876
20100916,1333089.4832000001
20100915,966925.1592
20100914,792744.0462
20100913,1174460.4882
20100910,1108665.9060000002
20100909,631447.1952
20100908,1320375.4412
20100907,2761828.92
20100903,487121.052
20100902,405878.648
20100901,654448.8522000001
20100831,911364.1555
20100830,512883.8946
20100827,479715.56220000004
20100826,419894.435
20100825,418934.96340000007
20100824,521969.4621
20100823,416817.6664
20100820,504112.44779999997
20100819,615226.54
20100818,437401.7206
20100817,518173.91150000005
20100816,443304.00639999995
20100813,675058.8482
20100812,773847.1782
20100811,607091.4667999999
20100810,681653.4277
20100809,498139.5562
20100806,822442.234
20100805,454775.5975
20100804,489528.40589999995
20100803,396197.61840000004
20100802,645648.3607000001
20100730,1142290.4736
20100729,946817.607
20100728,514624.0692
20100727,584623.7397
20100726,667564.3744
20100723,729052.87
20100722,795546.2086
20100721,911867.4180000001
20100720,913436.1496
20100719,464251.6718
20100716,706069.0442
20100715,620979.0593
20100714,832649.958
20100713,524972.8311000001
20100712,451543.55120000005
20100709,379963.482
20100708,634707.09
20100707,842041.2711
20100706,884652.7536
20100702,693774.2091
20100701,825700.9645
20100630,756452.3386000001
20100629,742839.9299999999
20100628,553204.5935
20100625,1393144.5044
20100624,668206.7282
20100623,533592.8136
20100622,435661.93649999995
20100621,450829.94100000005
20100618,684577.016
20100617,516192.1728
20100616,478794.0264
20100615,563681.352
20100614,506253.1537
20100611,684751.9802000001
20100610,554018.0113
20100609,477786.2789999999
20100608,642954.9056
20100607,555581.628
20100604,774188.3958
20100603,652850.7944
20100602,642297.0264
20100601,717858.534
20100528,809735.5390999999
20100527,674034.2251999999
20100526,949014.122
20100525,914058.36
20100524,731001.4528000001
20100521,1398721.0288
20100520,900487.0875
20100519,691199.9805000001
20100518,699719.3775
20100517,531805.4376
20100514,682476.488
20100513,552101.8752
20100512,667025.5560000001
20100511,712585.6334
20100510,949916.1105
20100507,1488575.6497
20100506,1344582.1974
20100505,839479.4024
20100504,1207498.0114999998
20100503,503477.39070000005
20100430,661429.9315000001
20100429,483564.51639999996
20100428,822612.8064
20100427,680855.5218
20100426,531420.4551
20100423,727230.5672
20100422,714957.0815999999
20100421,635839.424
20100420,619189.3755
20100419,708785.9937
20100416,1097093.5995
20100415,623966.1
20100414,734481.9844
20100413,892784.1125
20100412,648631.828
20100409,512832.34469999996
20100408,726088.0157999999
20100407,772968.6253000001
20100406,687883.1210999999
20100405,496000.29279999994
20100401,675454.8184
20100331,699147.1989000001
20100330,761113.4536
20100329,740656.5288
20100326,1502546.9578000002
20100325,1403735.9364
20100324,741160.5376
20100323,668606.0048999999
20100322,636941.142
20100319,1155217.1785000002
20100318,740105.1647999999
20100317,771214.5351
20100316,641948.1963
20100315,556751.2992
20100312,885056.58
20100311,608053.638
20100310,574392.2973000001
20100309,542862.6912
20100308,415324.5719999999
20100305,481298.22449999995
20100304,517726.1528
20100303,507620.15499999997
20100302,578113.4885999999
20100301,488463.0964
20100226,517774.236
20100225,722178.2931
20100224,607302.1905
20100223,614017.8864000001
20100222,918013.1693999999
20100219,630867.3664
20100218,776036.4223999999
20100217,632138.949
20100216,513854.3245
20100212,746068.0383
20100211,657480.427
20100210,927081.4532999999
20100209,801315.0751000001
20100208,761307.3824
20100205,1081255.8599999999
20100204,768476.1367
20100203,548598.6375
20100202,763898.7312
20100201,686145.6594
20100129,1152016.2603999998
20100128,967631.2520999999
20100127,687591.515
20100126,686183.6808
20100125,633576.4218
20100122,812871.8535
20100121,1034679.7565
20100120,1001250.999
20100119,575808.1457999999
20100115,1067547.0015999998
20100114,1131965.1672
20100113,617601.84
20100112,643560.6616
20100111,469139.8749
20100108,581027.1724
20100107,742636.4981999999
20100106,600756.4342
20100105,711553.9074
20100104,665857.4895
20091231,434321.0663
20091230,466111.97190000006
20091229,405461.1196
20091228,397585.3244
20091224,194179.11349999998
20091223,475921.43100000004
20091222,580498.173
20091221,645494.346
20091218,2147326.8876
20091217,818178.0464
20091216,694167.1336000001
20091215,570584.814
20091214,752615.5644
20091211,609140.6170000001
20091210,787300.1289
20091209,626061.6314999999
20091208,611335.2301
20091207,542625.6120000001
20091204,634984.9445999999
20091203,509218.6536000001
20091202,479279.1674
20091201,638361.9
20091130,580517.8655999999
20091127,277652.3026
20091125,545186.5800000001
20091124,536266.0026
20091123,513329.39400000003
20091120,547193.9494
20091119,395213.5026
20091118,338061.528
20091117,595683.288
20091116,762057.8660999999
20091113,550876.2516000001
20091112,535666.1108
20091111,425884.701
20091110,494409.612
20091109,494909.6764
20091106,492554.18520000007
20091105,470274.2148
20091104,677083.5059999999
20091103,431071.20810000005
20091102,588543.2343
20091030,779228.4860000001
20091029,690903.213
20091028,650168.442
20091027,627006.5577
20091026,619584.5226
20091023,695653.4655
20091022,599794.5905
20091021,688794.6063
20091020,796621.8876
20091019,1158973.2024
20091016,1418568.201
20091015,647304.4084
20091014,873472.5662000001
20091013,582334.0904999999
20091012,671330.6936
20091009,825684.2879999998
20091008,969906.912
20091007,858849.5421
20091006,763909.302
20091005,702860.8354
20091002,847779.7428
20091001,934031.8988
20090930,922007.2396000001
20090929,491666.20800000004
20090928,600756.5441
20090925,732868.5392
20090924,600860.9122
20090923,859203.4849
20090922,730534.4638
20090921,549683.409
20090918,1515390.9858
20090917,1982543.7728
20090916,1881592.4063
20090915,561662.5432
20090914,546781.3376
20090911,516612.22559999995
20090910,536157.5476
20090909,698865.6372
20090908,536772.4128
20090904,391745.31239999994
20090903,616554.3384
20090902,457921.93580000004
20090901,764595.3972
20090831,578054.7215999999
20090828,531070.1616
20090827,443448.6352
20090826,416894.02199999994
20090825,680174.6445
20090824,495909.77760000003
20090821,655292.4213
20090820,464291.64720000006
20090819,484745.0454
20090818,346661.3358
20090817,424203.426
20090814,532582.0452
20090813,565621.9421999999
20090812,743881.9288
20090811,549916.2704
20090810,414723.50000000006
20090807,547781.4449
20090806,594288.5046
20090805,771785.5424
20090804,628508.0879
20090803,527760.051
20090731,539772.6087
20090730,638574.057
20090729,462305.52340000006
20090728,585981.5216
20090727,520239.125
20090724,549827.3473
20090723,736616.4239999999
20090722,568727.0475
20090721,798082.9197
20090720,603981.441
20090717,452309.6134
20090716,528004.5308000001
20090715,694903.3506000001
20090714,454865.0936
20090713,549452.3384
20090710,459187.6617
20090709,648342.5184
20090708,1146696.4542
20090707,718495.7829999999
20090706,768695.5965
20090702,575905.828
20090701,611789.0358
20090630,687417.2802
20090629,602408.93
20090626,786253.8239999999
20090625,1070787.3099
20090624,2113012.9038000004
20090623,775522.9208
20090622,775886.0226
20090619,1055395.8532
20090618,700477.2675000001
20090617,664377.0714
20090616,815378.2582
20090615,820466.3334
20090612,482592.0150000001
20090611,545510.2434
20090610,689629.8879999999
20090609,498866.18149999995
20090608,727699.7514000001
20090605,551567.359
20090604,623469.4002
20090603,549443.6063999999
20090602,630641.209
20090601,629496.1032
20090529,833910.2544000001
20090528,491563.1532
20090527,524755.7973
20090526,539854.7277
20090522,454640.002
20090521,487990.2594
20090520,549928.3926
20090519,443807.13369999995
20090518,434231.2172
20090515,421313.292
20090514,483656.43040000007
20090513,525691.7172
20090512,619113.7579999999
20090511,595751.6863999999
20090508,753403.4048
20090507,996188.4138000001
20090506,516687.4382
20090505,558239.8659000001
20090504,731332.7679
20090501,394080.92980000004
20090430,954728.3832
20090429,554152.172
20090428,494522.53199999995
20090427,580988.898
20090424,847868.907
20090423,710756.7792
20090422,774550.8945
20090421,1306425.1725
20090420,1581672.5102000001
20090417,626123.6684
20090416,580892.193
20090415,527029.2885
20090414,577437.4734
20090413,411501.7786
20090409,493143.4872
20090408,473950.96800000005
20090407,538427.1852
20090406,559959.1179
20090403,790042.0116
20090402,865955.8146
20090401,689299.0484
20090331,624560.638
20090330,585239.5081999999
20090327,616466.6313
20090326,638359.2988000001
20090325,627748.8687
20090324,577161.0333
20090323,839958.075
20090320,1283549.4270000001
20090319,1954100.6820000003
20090318,915230.6043
20090317,801727.542
20090316,594134.669
20090313,480159.3492
20090312,428501.9205
20090311,714015.64
20090310,889408.6743
20090309,831438.9065
20090306,765825.1841000001
20090305,973856.2498999999
20090304,1065963.8792
20090303,586528.6586
20090302,719548.392
20090227,812722.7304
20090226,571715.8698
20090225,543535.5856
20090224,619656.4800000001
20090223,512926.83259999997
20090220,769358.8872
20090219,552329.6328
20090218,712409.8992
20090217,695857.9456000001
20090213,486020.616
20090212,746916.9435
20090211,509526.068
20090210,786381.8796
20090209,420791.5275
20090206,531329.0532
20090205,623793.6357999999
20090204,457084.8646
20090203,531801.9465
20090202,430375.73799999995
20090130,564091.9515
20090129,481344.8971
20090128,581710.664
20090127,472980.5568000001
20090126,472926.71680000005
20090123,575153.4614
20090122,608525.1989999999
20090121,945841.8579000001
20090120,543851.399
20090116,646814.2640000001
20090115,745245.9585
20090114,653829.3632
20090113,561461.3218
20090112,589233.8485
20090109,556014.2392
20090108,611985.2404
20090107,681510.8015
20090106,549053.8629000001
20090105,511901.4132
20090102,512380.30830000003
20081231,414911.6091
20081230,436513.52509999997
20081229,364762.1334
20081226,165209.10462
20081224,144399.19552
20081223,459887.457
20081222,573550.6632
20081219,1589808.8346000002
20081218,750715.8582
20081217,645558.8489999999
20081216,986022.3603999999
20081215,611578.1
20081212,555342.2788
20081211,605558.7912000001
20081210,639255.3566
20081209,752045.7098000001
20081208,835697.1504
20081205,932808.9312000001
20081204,742716.9591999999
20081203,1164744.8805
20081202,658242.6248999999
20081201,794563.3332
20081128,320177.1626
20081126,854815.7184
20081125,1172848.7441999998
20081124,1254763.6608
20081121,1197995.0346
20081120,1034792.836
20081119,1053740.32
20081118,947253.206
20081117,677984.4012
20081114,877267.0009999999
20081113,1100922.336
20081112,731925.6471
20081111,616811.4134
20081110,431562.462
20081107,615917.7771000001
20081106,916558.783
20081105,666004.1454
20081104,730446.066
20081103,519838.79999999993
20081031,1005035.8657999999
20081030,1309147.9327999998
20081029,1015052.3292
20081028,838789.7042000002
20081027,991499.325
20081024,877186.098
20081023,1053132.315
20081022,804605.6021
20081021,830122.709
20081020,772881.7912
20081017,890038.9441999999
20081016,1201927.6476
20081015,878721.547
20081014,1040606.1126000001
20081013,1030764.2555999999
20081010,1616500.3332
20081009,940862.2789
20081008,1280776.5832
20081007,1075334.5540000002
20081006,1459404.8699999999
20081003,1039234.4292
20081002,856869.0795
20081001,696561.1002
20080930,1036518.819
20080929,1109021.3206
20080926,808581.7514000001
20080925,827270.8953999999
20080924,643064.7089999999
20080923,827840.8468
20080922,781834.165
20080919,1527036.7877999998
20080918,1427762.0625
20080917,903874.542
20080916,1160124.1008000001
20080915,792789.0479000001
20080912,765640.4857000001
20080911,966660.5970000001
20080910,999317.9652
20080909,1197352.6407
20080908,1807072.0038000003
20080905,946582.4835000001
20080904,1598096.6164
20080903,861118.7962000001
20080902,940043.3250000001
20080829,773526.1443
20080828,423327.70080000005
20080827,476685.335
20080826,360899.4745
20080825,446623.5552
20080822,409058.54
20080821,500452.36300000007
20080820,493565.39099999995
20080819,507368.0832
20080818,524448.2034
20080815,611627.7592
20080814,740717.1237
20080813,600952.8603000001
20080812,686256.666
20080811,784342.1803999998
20080808,1123483.8384
20080807,884011.5375
20080806,981226.8666
20080805,947617.8567
20080804,550194.1625
20080801,537672.645
20080731,802008.4322
20080730,674299.544
20080729,679928.0398
20080728,432451.47119999997
20080725,478818.74450000003
20080724,632984.3474999999
20080723,691190.17
20080722,709502.2386
20080721,452088.82529999997
20080718,760244.6627999999
20080717,780447.4873999999
20080716,768291.1572
20080715,1033425.3375
20080714,795337.9235
20080711,772335.7568000001
20080710,671765.9247999999
20080709,877742.4005999999
20080708,831081.6228
20080707,728635.2465
20080703,447729.0276
20080702,673122.6756000001
20080701,1010386.3731999999
20080630,762669.6
20080627,853944.8805999999
20080626,1499741.2206
20080625,1371707.48
20080624,632270.5506000001
20080623,719592.2784
20080620,1162733.598
20080619,933588.3479999999
20080618,519338.34479999996
20080617,614654.2227
20080616,746937.1818
20080613,719321.706
20080612,767317.2598
20080611,639876.8342
20080610,631434.375
20080609,592729.456
20080606,927527.4756
20080605,719559.1232
20080604,805422.8145
20080603,1165695.8523
20080602,721937.0592
20080530,573401.626
20080529,734993.9088
20080528,608406.8538
20080527,661591.557
20080523,439463.5042
20080522,539529.6461
20080521,674340.1790000001
20080520,574123.4959999999
20080519,931649.1155
20080516,732300.1024
20080515,473644.27619999996
20080514,575453.5182
20080513,442120.4414
20080512,533083.4055
20080509,442509.26999999996
20080508,549626.937
20080507,793656.2484
20080506,706478.8200000001
20080505,652401.8985
20080502,790533.5841000001
20080501,780688.6156
20080430,873278.898
20080429,561378.4064
20080428,529621.5861000001
20080425,619453.5871
20080424,773631.2508
20080423,558729.9774
20080422,650366.6994
20080421,567840.0384000001
20080418,1028182.3940000001
20080417,787888.884
20080416,972184.2978
20080415,501986.581
20080414,428326.1808
20080411,559636.0064
20080410,1001546.3165000001
20080409,638250.9726
20080408,702592.7424000001
20080407,479666.44950000005
20080404,1096926.457
20080403,761970.11
20080402,660465.0297
20080401,910768.6965000001
20080331,627164.6028
20080328,736647.8795
20080327,2271652.621
20080326,1718594.5902000002
20080325,903752.0891999999
20080324,715881.6669999999
20080320,910864.3415999998
20080319,843831.5051999999
20080318,769232.6642
20080317,788369.6112
20080314,850714.9792
20080313,866526.4832
20080312,948572.2607999999
20080311,940519.5455000001
20080310,704354.5048000001
20080307,883450.03
20080306,1328416.092
20080305,1093427.928
20080304,1318488.2132
20080303,792762.638
20080229,823427.968
20080228,820504.7607
20080227,722117.7810000001
20080226,912317.6701
20080225,1068371.43
20080222,1164644.649
20080221,1049802.6828
20080220,712202.3754
20080219,651538.2786
20080215,472342.3428
20080214,696288.0873
20080213,660429.1398
20080212,706279.0458
20080211,855449.424
20080208,729030.2109000001
20080207,1136409.024
20080206,990243.6768
20080205,1064210.5296
20080204,538694.408
20080201,867198.6355999999
20080131,1076163.8385
20080130,855820.2781
20080129,713750.6142
20080128,591293.5702000001
20080125,853417.2816000001
20080124,901823.526
20080123,1149656.9211
20080122,1350522.1079999998
20080118,1102874.1697999998
20080117,1124818.2405
20080116,1684962.1232000003
20080115,839157.9659999999
20080114,1076946.4782
20080111,975465.66
20080110,912840.0856
20080109,1036678.1615
20080108,890715.9645
20080107,890730.4675
20080104,985292.1906
20080103,971583.6869999999
20080102,961996.4809
20071231,446218.2828
20071228,494339.8967
20071227,785241.9072
20071226,557945.5
20071224,350384.2824
20071221,1316094.6891
20071220,1733808.8690000002
20071219,1392545.3004
20071218,824553.125
20071217,774034.9548000001
20071214,556655.82
20071213,655501.1002999999
20071212,850522.1534000001
20071211,637783.4218
20071210,547613.8332
20071207,515902.0398
20071206,631453.2462
20071205,1196670.9187999999
20071204,669502.9503
20071203,742146.3544
20071130,966942.4583999999
20071129,513638.6048
20071128,585021.2921000001
20071127,658438.9578
20071126,525333.005
20071123,227607.06149999998
20071121,594198.4541
20071120,715393.1644000001
20071119,596054.4702
20071116,930303.2960000001
20071115,1120969.9898
20071114,952824.1268000001
20071113,989741.7755999999
20071112,1074640.284
20071109,1494895.3712
20071108,1928911.5835000002
20071107,841262.5780000001
20071106,778482.2246999999
20071105,584559.4827
20071102,679646.6488
20071101,746464.1792
20071031,699067.5438
20071030,556160.5098
20071029,637412.9733999999
20071026,669557.5635
20071025,853547.31
20071024,671273.625
20071023,644367.2235
20071022,659341.4119999999
20071019,840535.605
20071018,685641.0635
20071017,903591.3193999999
20071016,677161.6725
20071015,755639.7224
20071012,891012.5136000001
20071011,786534.3764
20071010,736408.8276000001
20071009,553797.9162
20071008,524043.1546
20071005,695102.1252
20071004,405511.52640000003
20071003,542475.5778
20071002,524934.6695000001
20071001,512976.4315
20070928,430317.34849999996
20070927,455661.68969999993
20070926,706252.3258
20070925,660580.49
20070924,815764.6503
20070921,2108554.8078
20070920,1166967.1888
20070919,962907.4067999999
20070918,595374.7212
20070917,465978.91339999996
20070914,711119.2365
20070913,500751.1745
20070912,629553.6702
20070911,426953.14200000005
20070910,501512.32590000005
20070907,588163.968
20070906,539570.395
20070905,633058.3371
20070904,762147.9039999999
20070831,487744.14
20070830,614113.5902
20070829,623702.2836
20070828,423416.1712
20070827,359684.45999999996
20070824,533396.1964
20070823,604412.9572000001
20070822,446751.4296
20070821,457586.76889999997
20070820,457813.4925
20070817,701166.0195
20070816,808780.0314000001
20070815,521064.5944
20070814,426284.75700000004
20070813,431480.5019999999
20070810,732559.3371
20070809,670949.7479999999
20070808,538812.578
20070807,678176.7359999999
20070806,584355.7104
20070803,689445.727
20070802,630630.1224999999
20070801,1083758.1868
20070731,687342.2032
20070730,428384.16279999993
20070727,633568.4514
20070726,831972.3783000001
20070725,638210.4959999999
20070724,787535.712
20070723,610744.1488
20070720,904330.3203
20070719,602938.104
20070718,625930.6144
20070717,443400.73079999996
20070716,400431.266
20070713,471086.99999999994
20070712,738017.4249999999
20070711,595674.729
20070710,576876.2592
20070709,548853.7824
20070706,545974.992
20070705,747756.9375
20070703,376304.8734
20070702,473106.77280000004
20070629,619988.4963
20070628,921953.2985000001
20070627,1498310.3531000002
20070626,900589.1676
20070625,552575.9136
20070622,743801.3695
20070621,550552.7232
20070620,682273.9098000001
20070619,484331.8676
20070618,724929.8648
20070615,807133.8348
20070614,809603.2224000001
20070613,574146.243
20070612,636211.3512
20070611,480124.9429
20070608,675784.689
20070607,741487.7352
20070606,601807.6395
20070605,512305.68880000006
20070604,431077.4916
20070601,506123.30460000003
20070531,631303.8876
20070530,557971.556
20070529,521572.5619
20070525,474067.4432
20070524,626687.6249999999
20070523,442142.866
20070522,426819.887
20070521,352339.2264
20070518,498084.125
20070517,401391.3105
20070516,464361.7103999999
20070515,445175.4468
20070514,331591.67120000004
20070511,584170.6156
20070510,569719.2420999999
20070509,423577.6489
20070508,325312.18649999995
20070507,310612.917
20070504,464971.97890000005
20070503,347314.71
20070502,416411.6374
20070501,619688.9127
20070430,510537.31200000003
20070427,478692.98600000003
20070426,315335.201
20070425,467417.7899999999
20070424,393256.5094
20070423,464543.8422000001
20070420,710706.78
20070419,591144.2964
20070418,591346.1822
20070417,496081.24620000005
20070416,503149.94099999993
20070413,598446.4599
20070412,423733.959
20070411,553885.8897
20070410,459439.53250000003
20070409,366523.8894
20070405,408297.7773
20070404,427662.1184
20070403,588406.788
20070402,374728.3198
20070330,377613.0904
20070329,523244.8064
20070328,611667.0669000001
20070327,611626.4572999999
20070326,591329.3466
20070323,623056.6943999999
20070322,899689.5632999999
20070321,1729579.7692
20070320,1134873.0315
20070319,506772.0322
20070316,571203.794
20070315,401130.69039999996
20070314,568293.7272
20070313,522432.54449999996
20070312,522378.1884
20070309,401141.7091
20070308,508347.02420000004
20070307,504875.48429999995
20070306,645673.8415999999
20070305,554195.7095
20070302,623343.3231
20070301,1368218.1824999999
20070228,779704.0516
20070227,644690.5965
20070226,551223.358
20070223,911438.2914
20070222,569340.2627
20070221,871159.36
20070220,541672.6974000001
20070216,569639.171
20070215,572481.1168999999
20070214,709293.1872
20070213,456021.38820000004
20070212,530003.1329999999
20070209,691552.845
20070208,764241.0405000001
20070207,764411.1388
20070206,534710.7021999999
20070205,489092.0892
20070202,716408.8230000001
20070201,496217.5735
20070131,680995.8012
20070130,731625.8664
20070129,578112.7319
20070126,617574.5869999999
20070125,608409.3612
20070124,535613.002
20070123,565788.4368
20070122,896919.32
20070119,498520.8283
20070118,1051529.7456
20070117,550038.1224
20070116,617276.11
20070112,744168.6
20070111,1136607.0959
20070110,489732.49269999994
20070109,559773.9576
20070108,553440.5005999999
20070105,595691.334
20070104,588887.7383999999
20070103,891375.9668
20061229,171399.98286
20061228,334997.86399999994
20061227,282773.97900000005
20061226,257826.1995
20061222,337553.0951
20061221,588192.6330000001
20061220,832789.323
20061219,1742544.7200000002
20061218,1024486.7454
20061215,1236927.8064
20061214,486003.18419999996
20061213,609524.3376
20061212,747430.7099
20061211,793490.3821
20061208,668522.966
20061207,1629803.5250000001
20061206,1695052.0716000001
20061205,1034804.0676000001
20061204,914176.8168
20061201,660667.7681999999
20061130,609296.5335
20061129,442025.2789999999
20061128,720927.4589999999
20061127,693217.8264
20061124,156772.2856
20061122,442556.62659999996
20061121,397209.4724
20061120,463341.34520000004
20061117,666833.0956
20061116,422776.20800000004
20061115,367439.9384
20061114,646355.4651
20061113,658572.9192
20061110,450815.778
20061109,753201.0342
20061108,457240.3776
20061107,497636.776
20061106,689421.76
20061103,839625.2956
20061102,632215.8108
20061101,587654.6337
20061031,520608.90309999994
20061030,550351.8023999999
20061027,762656.351
20061026,561485.4336
20061025,670214.6108
20061024,574469.457
20061023,565567.4824999999
20061020,445829.9508
20061019,628121.5386
20061018,502323.45119999995
20061017,508677.6186
20061016,462147.28649999993
20061013,695494.7234
20061012,848667.6575999999
20061011,701116.1142
20061010,942061.2992
20061009,618303.9625
20061006,602882.2659
20061005,800512.922
20061004,826896.7130000001
20061003,956407.9189999999
20061002,726330.8994
20060929,596329.2129999999
20060928,782725.4707999999
20060927,609420.0804999999
20060926,1136991.4160000002
20060925,973055.733
20060922,871229.1645999999
20060921,1230331.1631999998
20060920,3638330.498
20060919,1411170.9555
20060918,963804.075
20060915,1318228.3088999998
20060914,456574.0932
20060913,669057.1734
20060912,720874.346
20060911,694734.7797
20060908,737440.9098
20060907,1228007.6654
20060906,698831.6148
20060905,638171.8992
20060901,381256.60000000003
20060831,430988.7258
20060830,430257.1408
20060829,438927.48319999996
20060828,436886.43179999996
20060825,444956.9696
20060824,644174.9972000001
20060823,566833.7187999999
20060822,612741.2796
20060821,442226.6304
20060818,520416.21530000004
20060817,723550.4997
20060816,770411.5062
20060815,750856.8396000001
20060814,555236.3201
20060811,289533.1991
20060810,520345.36189999996
20060809,756013.2775
20060808,621832.212
20060807,463081.921
20060804,525235.9269999999
20060803,469932.9544
20060802,494860.1552
20060801,497990.2197
20060731,526132.1769
20060728,389329.3811
20060727,553094.7057999999
20060726,535421.0941999999
20060725,551524.651
20060724,713092.6404
20060721,863540.8487999999
20060720,729298.2312
20060719,999489.4184
20060718,771408.8128
20060717,468063.2502
20060714,572272.9160999999
20060713,746861.631
20060712,378665.6598
20060711,510834.25619999995
20060710,478705.9245
20060707,786754.6233999999
20060706,416677.80000000005
20060705,430081.4853
20060703,251319.0355
20060630,711110.5155
20060629,772088.4225999999
20060628,369129.879
20060627,606778.455
20060626,478259.3106
20060623,1081984.0620000002
20060622,695789.8541
20060621,826721.8374
20060620,425324.59500000003
20060619,508710.99609999993
20060616,1640741.454
20060615,653771.946
20060614,361840.7424
20060613,476995.0785
20060612,485211.95249999996
20060609,360186.8571
20060608,688380.2871
20060607,411659.328
20060606,432498.5584
20060605,311670.23579999997
20060602,324454.54750000004
20060601,535028.7798
20060531,487227.68100000004
20060530,368918.6348
20060526,262349.749
20060525,522726.6702
20060524,454528.75259999995
20060523,365984.21040000004
20060522,397019.47150000004
20060519,635542.4519999999
20060518,645765.0804
20060517,664586.156
20060516,599831.4498
20060515,364130.28520000004
20060512,553619.7432
20060511,435328.8901
20060510,335671.8304
20060509,310061.8882
20060508,422362.1953
20060505,379173.202
20060504,312025.86539999995
20060503,584367.5528000001
20060502,417960.18809999997
20060501,603915.1182
20060428,986049.9764
20060427,1622749.165
20060426,696931.9424
20060425,859708.001
20060424,888077.6584000001
20060421,802362.4979999999
20060420,450887.76900000003
20060419,830685.4830000001
20060418,575570.38
20060417,398040.79260000004
20060413,406213.5096
20060412,402483.0706
20060411,611895.0488
20060410,399878.6838
