20160408,636425.3714
20160407,1199697.2
20160406,695336.1216000001
20160405,701911.8666000001
20160404,620284.0578000001
20160401,745697.1664999999
20160331,671980.2336
20160330,785107.1704
20160329,582063.9095
20160328,455344.89720000006
20160324,808444.8164
20160323,514057.7928199999
20160322,577417.3607
20160321,570660.1088
20160318,1237449.334
20160317,879540.0445000001
20160316,631287.1647
20160315,594917.6573000001
20160314,616257.9474
20160311,799505.0241
20160310,790548.9216
20160309,809522.8908
20160308,750510.0718
20160307,778313.2656
20160304,723109.5795000001
20160303,799269.9724
20160302,770866.2664
20160301,617573.5184000001
20160229,809388.5258999999
20160226,663730.9146
20160225,631611.2468
20160224,571249.3248
20160223,587027.5098
20160222,636081.4463000001
20160219,793678.9462
20160218,1002361.6619999999
20160217,766291.5784
20160216,821336.0800000001
20160212,1051144.9425
20160211,1507294.8858
20160210,931150.8906
20160209,1134729.005
20160208,1372540.3404
20160205,1314371.5452
20160204,988091.6319
20160203,1027934.2656
20160202,1078341.9843
20160201,1447393.482
20160129,1447961.7014
20160128,978778.2199
20160127,1656037.7703000002
20160126,1090815.2525
20160125,1136917.7993
20160122,1085323.3439999998
20160121,1438046.5176
20160120,1253139.7272
20160119,905661.4643999999
20160115,1242913.2552
20160114,827059.0958
20160113,850702.0675
20160112,678616.4298
20160111,640959.3099000001
20160108,742230.1364999999
20160107,871814.6397
20160106,868618.1024
20160105,726681.075
20160104,817135.5192
20151231,531041.4546
20151230,419506.36797
20151229,361923.00156
20151228,292424.803
20151224,199915.01649
20151223,595576.713
20151222,518146.5394
20151221,474982.38
20151218,1436902.7164
20151217,714456.878
20151216,872516.9027
20151215,762139.4114999999
20151214,759190.8915
20151211,738661.3883999999
20151210,470999.88320000004
20151209,610903.4904
20151208,629538.979
20151207,607609.2414
20151204,647185.4921
20151203,760538.4944000001
20151202,545848.0752
20151201,481910.503
20151130,871945.9785000001
20151127,185817.23302
20151125,315087.92608
20151124,502848.1098
20151123,462904.35949999996
20151120,554507.8428
20151119,425885.20832000003
20151118,615955.9002
20151117,480438.74759999994
20151116,454491.4336
20151113,557639.4556
20151112,495064.41449999996
20151111,358187.02788
20151110,450204.97719999996
20151109,486057.22199999995
20151106,647460.1308
20151105,537992.9940000001
20151104,447648.61896
20151103,552774.9735000001
20151102,546489.5736
20151030,691225.4416
20151029,366665.6992
20151028,531337.9792000001
20151027,440463.41595
20151026,500751.97679999995
20151023,612486.8848
20151022,704328.898
20151021,767255.3838000001
20151020,893312.6592000001
20151019,784085.829
20151016,697371.405
20151015,524121.5973
20151014,860189.258
20151013,511992.02999999997
20151012,437606.8737
20151009,528997.4976
20151008,453591.4767
20151007,523850.0785
20151006,662358.8266
20151005,637259.48
20151002,956065.8492000002
20151001,958429.008
20150930,886339.1643
20150929,680173.2267
20150928,666986.0112
20150925,773855.7486
20150924,636501.3169000001
20150923,512716.2012
20150922,549531.1220999999
20150921,473661.43999999994
20150918,1194817.4062
20150917,1423494.8428
20150916,550779.7217999999
20150915,555256.6375999999
20150914,441576.14765
20150911,513073.2226
20150910,744798.0014000001
20150909,652447.6614
20150908,643405.9796000001
20150904,717407.2962
20150903,569642.8535999999
20150902,779160.6174999999
20150901,943221.4839999999
20150831,679437.0316
20150828,588460.4026
20150827,968251.4084
20150826,1391301.0215999999
20150825,1184456.28
20150824,1614605.7536
20150821,980420.686
20150820,644667.0384000001
20150819,596459.3248
20150818,406792.28436
20150817,368984.05632000003
20150814,416460.18321000005
20150813,532186.8112
20150812,769539.012
20150811,879421.9
20150810,637741.4946999999
20150807,488153.1832
20150806,461945.6906000001
20150805,556237.0352
20150804,436619.13152
20150803,482194.01999999996
20150731,587182.2149
20150730,447030.50847
20150729,740800.3296
20150728,736968.6194
20150727,721250.5416
20150724,897879.4464
20150723,633380.166
20150722,973484.236
20150721,1500820.6675
20150720,829316.15
20150717,479438.79240000003
20150716,525817.6701
20150715,455464.1628
20150714,472839.98443
20150713,479744.104
20150710,692143.62
20150709,754136.9964
20150708,831768.3466
20150707,851480.4375
20150706,566421.8112
20150702,465695.11840000004
20150701,589603.25
20150630,700335.2923
20150629,699208.6938000001
20150626,874046.5282
20150625,683729.0
20150624,839025.3277
20150623,687050.1142
20150622,436559.62784000003
20150619,1269967.4274
20150618,693976.7642
20150617,861023.5227
20150616,514663.9602
20150615,510024.26
20150612,500164.40249999997
20150611,471125.41559999995
20150610,617438.0177
20150609,581686.4628000001
20150608,787394.888
20150605,1112339.7064999999
20150604,1846843.2710000002
20150603,861137.5571999999
20150602,545095.7694
20150601,588301.5578
20150529,728256.144
20150528,417752.58927999996
20150527,719063.9071000001
20150526,861687.6142
20150522,610235.2465
20150521,781810.246
20150520,674079.1361
20150519,775945.5675
20150518,745608.032
20150515,700801.7185
20150514,604322.189
20150513,805626.0
20150512,1014231.3114
20150511,492444.3618
20150508,665049.439
20150507,538497.8239
20150506,769522.7548
20150505,633449.6607
20150504,635421.3624000001
20150501,699328.8561999999
20150430,786013.0771999999
20150429,690333.2023
20150428,825731.217
20150427,829427.4639999999
20150424,859199.2104
20150423,1130116.4875
20150422,926044.4334999999
20150421,1645148.5446
20150420,841991.2187999999
20150417,884990.733
20150416,577646.407
20150415,546042.9986
20150414,587391.6577999999
20150413,600024.016
20150410,454562.54884
20150409,529456.9904
20150408,761441.305
20150407,566541.9344
20150406,701007.8684
20150402,660005.9838
20150401,663989.6923999999
20150331,621739.4130000001
20150330,547741.0495999999
20150327,567563.9384
20150326,867470.4468
20150325,726737.2914999999
20150324,562144.9815
20150323,651835.7464000001
20150320,1300974.2844000002
20150319,670635.2949999999
20150318,890138.6832000001
20150317,767479.7075
20150316,793705.7037000001
20150313,1011297.1572000001
20150312,770104.0676999999
20150311,684684.3232
20150310,891492.3681000001
20150309,632712.0071999999
20150306,755481.1143
20150305,471532.542
20150304,678155.2511999999
20150303,562303.31
20150302,539936.8521
20150227,865838.8410000001
20150226,670514.2117
20150225,559565.8680000001
20150224,802581.8122
20150223,597695.858
20150220,660072.0167
20150219,567470.9384999999
20150218,661329.1564
20150217,750937.2888
20150213,720890.5036
20150212,1010926.5352
20150211,965053.807
20150210,747615.3579000001
20150209,1032760.329
20150206,2338372.7245
20150205,896960.5324
20150204,952578.4759999999
20150203,1026815.8748999999
20150202,1085597.3969999999
20150130,1039247.4757
20150129,881847.7557
20150128,900365.9159999999
20150127,787702.9545
20150126,707380.5512
20150123,1145957.175
20150122,1836726.4719999998
20150121,1200324.9000000001
20150120,789961.689
20150116,863677.4697
20150115,584908.995
20150114,691702.7655999999
20150113,616752.0576
20150112,599300.152
20150109,608629.5628
20150108,830017.9244000001
20150107,959369.0714
20150106,1079445.2256
20150105,882519.1966
20150102,535637.0304
20141231,656256.0368
20141230,472770.47196
20141229,420985.58924999996
20141226,336847.0555
20141224,373855.26423000003
20141223,583846.9056
20141222,726727.6880999999
20141219,1471426.0124000001
20141218,1075395.0315
20141217,1100123.1972
20141216,1007682.7084
20141215,981746.487
20141212,1083109.7914
20141211,851735.192
20141210,1556235.5211999998
20141209,2332570.0884
20141208,702889.089
20141205,752980.5664
20141204,713361.159
20141203,1094151.3667
20141202,890408.0079
20141201,597391.2198
20141128,481848.09748000005
20141126,598512.9276
20141125,682673.6674
20141124,878394.825
20141121,1000968.9865000001
20141120,494642.82714
20141119,794043.1026
20141118,460701.20954
20141117,353991.0804
20141114,656184.16
20141113,575795.2000000001
20141112,501711.35322
20141111,463570.94931
20141110,878510.4688
20141107,712479.939
20141106,668020.08
20141105,556459.8702000001
20141104,705608.9844999999
20141103,581875.5016000001
20141031,893322.39
20141030,597746.112
20141029,584117.7242999999
20141028,661731.6908
20141027,645705.9056
20141024,660049.2784000001
20141023,717326.0242
20141022,642417.6842
20141021,1098569.0988
20141020,631810.752
20141017,868778.2433
20141016,908695.5507
20141015,1336096.8144
20141014,893336.2571999999
20141013,946475.6216999999
20141010,949727.193
20141009,729399.9993
20141008,772706.7254
20141007,855830.4048
20141006,551780.4384
20141003,599823.7265999999
20141002,710809.6113
20141001,830608.3739
20140930,652817.4103999999
20140929,458602.46499999997
20140926,449042.16042000003
20140925,676634.7588
20140924,574377.5043
20140923,528835.3798
20140922,737460.3339999999
20140919,1552951.092
20140918,618720.5009
20140917,802382.3367
20140916,675159.8688
20140915,603983.9384
20140912,742302.5719999999
20140911,646623.7270999999
20140910,699452.8125
20140909,712382.046
20140908,446057.67024000006
20140905,595330.2454
20140904,470980.25744
20140903,453897.72472
20140902,434212.39259999996
20140829,560892.4916
20140828,396209.25386999996
20140827,567925.985
20140826,510399.42000000004
20140825,487230.09375
20140822,485977.0752
20140821,497921.76900000003
20140820,521655.36960000003
20140819,844190.15
20140818,617880.6504
20140815,799257.1359999999
20140814,565174.8200000001
20140813,533118.9084000001
20140812,600140.5476
20140811,575647.3452
20140808,749743.805
20140807,590786.6265
20140806,933231.2282
20140805,574323.8592
20140804,585539.9822
20140801,909450.3198
20140731,1071046.85
20140730,660930.6863999999
20140729,1713215.4759
20140728,494745.50821999996
20140725,567314.2296
20140724,885221.8045
20140723,606451.1201999999
20140722,766595.4364
20140721,574606.422
20140718,513870.6475
20140717,577803.4256
20140716,652215.1272
20140715,721877.134
20140714,658097.1616999999
20140711,891913.9488
20140710,913707.5952
20140709,705718.9319999999
20140708,626490.422
20140707,693017.5
20140703,409539.16556999995
20140702,574171.4029999999
20140701,705367.4569
20140630,821786.2002
20140627,610988.9832
20140626,459257.09837
20140625,560019.8574
20140624,667334.976
20140623,589334.3164
20140620,898390.2708
20140619,557785.1333999999
20140618,588220.5616
20140617,545526.3128000001
20140616,449502.51419
20140613,546941.1078
20140612,564763.2751999999
20140611,495653.07719999994
20140610,543215.0872000001
20140609,502885.17150000005
20140606,687814.7108
20140605,485619.50976
20140604,623173.3415
20140603,947135.9382000001
20140602,718917.1989999999
20140530,619988.1124
20140529,512528.676
20140528,576356.2812
20140527,605353.5798000001
20140523,599357.052
20140522,680106.1245
20140521,685850.2035
20140520,682190.733
20140519,936238.69
20140516,1441773.7586
20140515,628039.5572
20140514,666121.4663999999
20140513,862050.2880000001
20140512,653917.9248
20140509,703729.3776
20140508,841733.5459
20140507,1135438.98
20140506,665998.8783
20140505,597712.0618
20140502,827055.4232
20140501,1075612.575
20140430,760726.0813999999
20140429,727311.8514
20140428,1019455.618
20140425,1122285.7172
20140424,1923641.6212000002
20140423,1813048.7454
20140422,998133.3472000001
20140421,636687.8828
20140417,1106246.372
20140416,887548.632
20140415,980292.0528000001
20140414,899133.5421000001
20140411,1215471.1941
20140410,1589554.3114999998
20140409,1453647.6609999998
20140408,1756074.3191999998
20140407,1460750.9304
20140404,997884.9583999999
20140403,927975.4332
20140402,1202883.408
20140401,936332.1375
20140331,986740.7043999999
20140328,1214995.24
20140327,1549009.352
20140326,1145943.4959
20140325,1111050.7128
20140324,1640643.8288999998
20140321,1816206.0262
20140320,1478015.2725
20140319,1621028.8596
20140318,1230774.764
20140317,1222320.9592000002
20140314,1279340.6976
20140313,1619282.9258
20140312,2110403.6288
20140311,1990618.789
20140310,1523042.5647000002
20140307,1936591.95
20140306,1464476.0676000002
20140305,1895978.4534000002
20140304,2501868.732
20140303,2852208.7215
20140228,2964662.6958
20140227,6623110.25
20140226,4759551.72
20140225,6748961.646
20140224,2.8503947885999996E7
20140221,2874423.9401000002
20140220,2356692.8796
20140219,1586435.2317000001
20140218,1605400.4362
20140214,1226650.5540999998
20140213,891018.5622
20140212,1110992.295
20140211,765855.2551
20140210,582271.7823
20140207,633216.1897000001
20140206,819888.9204
20140205,921271.6722999999
20140204,1063106.625
20140203,1676116.1781000001
20140131,890128.4924
20140130,687865.7918000001
20140129,1190599.4490999999
20140128,774118.6176
20140127,1021451.6033
20140124,1228141.4552000002
20140123,1083423.0924
20140122,850791.7742000001
20140121,1581981.4710000001
20140117,773050.744
20140116,688797.4519
20140115,1048534.9383000002
20140114,907266.9099999999
20140113,883412.9308999999
20140110,546540.77
20140109,691932.975
20140108,635685.62
20140107,867405.399
20140106,781707.2382
20140103,582115.8924
20140102,454240.68200000003
20131231,371357.22078000003
20131230,268358.95084999996
20131227,264172.65963
20131226,250875.68813999998
20131224,247468.70712
20131223,569028.2276
20131220,846012.3144
20131219,493426.63350000005
20131218,780076.6647
20131217,630737.8664
20131216,773312.9313999999
20131213,568934.3296
20131212,584277.0228
20131211,783159.5655
20131210,650145.4874999999
20131209,592165.6984999999
20131206,549691.6276
20131205,724897.5554999999
20131204,528618.9073
20131203,507156.032
20131202,525003.7206
20131129,243562.30062
20131127,365468.77638999996
20131126,432011.83024999994
20131125,296477.58366
20131122,493891.8543
20131121,332892.95358
20131120,485557.3296
20131119,403007.75144
20131118,515749.5179999999
20131115,457881.42231
20131114,445517.1712200001
20131113,544778.0226
20131112,480358.89527999994
20131111,258140.52224000002
20131108,822881.4120000001
20131107,542163.6101
20131106,470890.16750999994
20131105,592412.4600000001
20131104,423786.2416
20131101,578049.4071000001
20131031,551702.5464
20131030,635818.99
20131029,749406.0015
20131028,593025.2874
20131025,465751.47168
20131024,522076.9152
20131023,577414.8071999999
20131022,777393.4592
20131021,726014.1924
20131018,1107685.9929
20131017,1434550.9379999998
20131016,889897.995
20131015,582300.3
20131014,511975.4811
20131011,524146.5466
20131010,541471.0488
20131009,612582.432
20131008,727325.673
20131007,2134420.9088
20131004,2220911.481
20131003,703337.7645
20131002,558628.6174
20131001,471500.0095
20130930,574189.2072000001
20130927,483705.2
20130926,487816.64400000003
20130925,624039.681
20130924,790950.9474
20130923,436077.31337999995
20130920,722380.0864
20130919,556849.6856999999
20130918,532684.992
20130917,498601.1634
20130916,743126.8949999999
20130913,794335.2456
20130912,858352.7505000001
20130911,746552.4948
20130910,883184.1909
20130909,584553.666
20130906,622546.3888000001
20130905,828514.8256000001
20130904,1242731.2832
20130903,2166341.2813999997
20130830,635660.5036
20130829,1741859.2806000002
20130828,315778.20768
20130827,453296.89770000003
20130826,325826.45266
20130823,322735.43052
20130822,463667.18226000003
20130821,398596.47544999997
20130820,347975.31263999996
20130819,373778.925
20130816,733866.6322
20130815,320879.7375
20130814,361388.37763
20130813,387372.6777
20130812,273459.73785
20130809,423329.88492
20130808,404649.26405999996
20130807,267939.90823
20130806,261744.54365
20130805,227602.4321
20130802,344984.59125
20130801,450152.46248999995
20130731,713907.336
20130730,583686.6258
20130729,434825.48097
20130726,361766.03442000004
20130725,328982.79843
20130724,426669.07646
20130723,340230.54848
20130722,442076.59188
20130719,616274.6085000001
20130718,647139.9829
20130717,433534.07798000006
20130716,444523.77048
20130715,529236.7716
20130712,640303.7871999999
20130711,523857.81600000005
20130710,423786.4918
20130709,343399.36176
20130708,370393.12394
20130705,411616.323
20130703,304819.64084
20130702,489139.3665400001
20130701,490856.30128
20130628,562538.4252
20130627,440338.437
20130626,466138.87119999994
20130625,1584550.9108
20130624,1443920.7136
20130621,1734306.772
20130620,717939.6479999999
20130619,559854.7955
20130618,572275.6235
20130617,501411.45362
20130614,613882.3387
20130613,361903.62143999996
20130612,409975.2563
20130611,497443.32222
20130610,485979.70291000005
20130607,602923.2064
20130606,881957.5078
20130605,546193.3049999999
20130604,971844.6936000001
20130603,855142.0811999999
20130531,953589.9647999998
20130530,611532.8735999999
20130529,921402.6987
20130528,510198.2424
20130524,338352.17112
20130523,534661.5875
20130522,721967.6312
20130521,584255.6006
20130520,423234.70272
20130517,494914.98595
20130516,408864.61000000004
20130515,493442.136
20130514,393434.76471
20130513,281028.8869
20130510,330162.01692
20130509,388966.11831
20130508,391580.5611
20130507,509602.50684
20130506,380833.35014999995
20130503,505071.18575999996
20130502,676492.8966
20130501,1251016.464
20130430,868685.7932999999
20130429,541247.2164
20130426,768348.9655
20130425,1018772.8973999999
20130424,747811.218
20130423,542211.5184000001
20130422,585203.3386
20130419,762849.4775
20130418,923276.2685999998
20130417,754641.3337999999
20130416,753117.5184000001
20130415,731788.0056
20130412,465330.3464
20130411,671682.9902
20130410,392282.17578
20130409,410062.93856
20130408,566809.8556
20130405,1979957.1876
20130404,1829065.0029999998
20130403,704125.9215
20130402,597970.3949999999
20130401,340985.72536
20130328,666917.8245
20130327,632668.4242
20130326,577097.61
20130325,621103.1712
20130322,463055.27304000006
20130321,612401.448
20130320,729697.41
20130319,674589.2505000001
20130318,720159.375
20130315,809433.2834
20130314,513790.07039999997
20130313,625184.5811999999
20130312,611138.8608
20130311,456126.90648
20130308,479351.85495999997
20130307,502533.5428
20130306,576995.1912
20130305,781782.1699999999
20130304,466870.55841999996
20130301,595663.6479999999
20130228,798470.1549000001
20130227,686155.2030000001
20130226,859769.0399999999
20130225,911922.4332000001
20130222,854887.902
20130221,682110.624
20130220,1045516.5936000001
20130219,428900.70100000006
20130215,532197.048
20130214,650138.9036999999
20130213,344186.52408
20130212,281316.39888
20130211,254844.07744
20130208,361963.81115
20130207,392888.44062000007
20130206,676444.58
20130205,414105.08112
20130204,631672.02
20130201,788441.5208
20130131,561719.9133
20130130,699486.956
20130129,714698.04
20130128,580704.5426
20130125,587905.9799
20130124,498975.922
20130123,693432.9171
20130122,1298112.2696
20130118,601935.0444
20130117,597608.5731
20130116,723948.0983000001
20130115,633687.4026
20130114,641996.9751
20130111,503314.86999999994
20130110,488848.77300000004
20130109,573896.49
20130108,922071.918
20130107,933530.3038
20130104,661391.026
20130103,494684.5312
20130102,729712.5921
20121231,633976.8955
20121228,400188.4458
20121227,407258.55056
20121226,264855.6449
20121224,146985.72812
20121221,918952.7337
20121220,425396.63335
20121219,552439.0944
20121218,1080296.5565
20121217,556258.342
20121214,468830.25020000007
20121213,369672.39876000007
20121212,481084.91099999996
20121211,388140.55984
20121210,490395.5728
20121207,494644.3532999999
20121206,689208.807
20121205,676268.208
20121204,565341.7759
20121203,505317.6450000001
20121130,749936.318
20121129,660594.9410999999
20121128,618993.2628
20121127,579825.988
20121126,531813.6309999999
20121123,224617.62944000002
20121121,374256.3723599999
20121120,463250.311
20121119,708211.8234
20121116,1154926.278
20121115,628994.0430000001
20121114,523412.3136
20121113,441800.8716
20121112,284222.65984
20121109,568160.5176
20121108,827802.7923
20121107,713573.5186999999
20121106,385740.9653
20121105,432331.73620000004
20121102,766690.9404000001
20121101,558932.0566
20121031,454320.9216
20121026,447299.95527
20121025,435992.81625
20121024,435772.71352
20121023,500774.0205
20121022,478659.7981000001
20121019,606430.1567999999
20121018,992546.1084
20121017,674892.7744
20121016,682384.848
20121015,770582.915
20121012,575646.1895999999
20121011,580922.604
20121010,427227.15462
20121009,403556.70272999996
20121008,406030.18499000004
20121005,795577.3894999999
20121004,761390.7368
20121003,547931.1344
20121002,463601.49159999995
20121001,1322766.0405000001
20120928,1286843.0274
20120927,663005.2
20120926,426646.0367500001
20120925,419651.71947999997
20120924,404651.57496000006
20120921,1004220.5712000001
20120920,604243.67
20120919,581131.4427
20120918,408157.1248499999
20120917,668361.1919999999
20120914,978515.1337
20120913,938894.2156
20120912,664086.9484999999
20120911,356277.28416
20120910,495573.66200000007
20120907,554499.4484
20120906,674634.958
20120905,621249.1259999999
20120904,854504.1190000001
20120831,382507.88827999996
20120830,346482.97775
20120829,399532.37596000003
20120828,345357.7523
20120827,454350.22839999996
20120824,552452.5338
20120823,675455.8200000001
20120822,577777.6037999999
20120821,866495.9475
20120820,403390.98550000007
20120817,418069.61058000004
20120816,384358.13036
20120815,309686.34816
20120814,395428.25464999996
20120813,278131.49886000005
20120810,381173.14180000004
20120809,370179.89478000003
20120808,463076.6462
20120807,425355.28318
20120806,427993.94018999994
20120803,574508.5632
20120802,669763.6018
20120801,828203.3463
20120731,523856.9224
20120730,476685.76
20120727,990512.8579999999
20120726,687296.4696000001
20120725,419489.81496
20120724,619667.2095000001
20120723,552876.4135
20120720,760815.0369000001
20120719,1137184.145
20120718,945983.3435000001
20120717,550592.4798
20120716,374273.98037999996
20120713,440159.76774000004
20120712,501120.12090000004
20120711,523405.13699999993
20120710,540686.283
20120709,500632.0994
20120706,480446.72000000003
20120705,507997.2361
20120703,373384.41195000004
20120702,555083.1919999999
20120629,818801.2227999999
20120628,601657.3392
20120627,407557.6516
20120626,436414.35488000006
20120625,2443997.1105
20120622,3624010.2015000004
20120621,681997.3013
20120620,666023.28
20120619,543700.7749
20120618,537870.3428
20120615,886651.4345
20120614,618258.8125
20120613,484215.71550000005
20120612,578021.781
20120611,603368.0128
20120608,571520.8064
20120607,713241.15
20120606,447364.6363000001
20120605,398451.21520000004
20120604,438670.31520000007
20120601,592730.4581
20120531,485201.772
20120530,458366.146
20120529,327461.3655
20120525,307454.54600000003
20120524,412426.43321999995
20120523,569878.6560000001
20120522,531944.28
20120521,501850.65060000005
20120518,841247.4614
20120517,648250.5246
20120516,443605.6408
20120515,470900.5594999999
20120514,595075.4412
20120511,634949.3892
20120510,457319.65599999996
20120509,423363.185
20120508,458814.7345
20120507,488849.7579
20120504,399908.69951999997
20120503,603923.8112
20120502,489277.50200000004
20120501,614978.832
20120430,450811.2036
20120427,415437.91109999997
20120426,710281.7154
20120425,496594.0476
20120424,884332.715
20120423,576255.8564
20120420,748399.1549999999
20120419,704666.3609999999
20120418,306606.70571999997
20120417,384766.47060000006
20120416,300854.06797000003
20120413,583395.0965999999
20120412,373766.1662999999
20120411,466983.10680000007
20120410,558726.672
20120409,393896.76979999995
20120405,440001.36319999996
20120404,514783.4109
20120403,501808.00380000006
20120402,510764.0292
20120330,459623.99799999996
20120329,717543.7407
20120328,766871.1967999999
20120327,837965.1649999999
20120326,1808280.9161999999
20120323,1591274.6298000002
20120322,1615286.7576
20120321,391897.68228
20120320,379797.90948000003
20120319,406181.3405
20120316,887995.1183999999
20120315,399458.78099999996
20120314,450155.7447
20120313,411591.63359999994
20120312,375766.2984
20120309,459655.69
20120308,477595.667
20120307,413675.1411
20120306,436198.41109999997
20120305,537304.56
20120302,463263.11970000004
20120301,446448.6117
20120229,577664.9013
20120228,478624.559
20120227,553238.0838
20120224,369689.49439999997
20120223,543973.2564000001
20120222,365501.38495
20120221,462861.1101
20120217,464802.56100000005
20120216,364589.773
20120215,402022.05809999997
20120214,386040.95160000003
20120213,483310.71420000005
20120210,469459.85579999996
20120209,332353.55616000004
20120208,360224.56656000006
20120207,473012.5632
20120206,569860.0378
20120203,431844.8376
20120202,465390.93600000005
20120201,504026.334
20120131,546243.9892
20120130,590261.4947
20120127,636629.2389
20120126,623446.5632000001
20120125,711352.0143999999
20120124,1118115.7819
20120123,735021.6959999999
20120120,576946.5632999999
20120119,389501.07300000003
20120118,447015.9801
20120117,457168.85540000006
20120113,349924.31012000004
20120112,356825.83804
20120111,479521.078
20120110,560135.9106
20120109,534158.7461999999
20120106,855545.9149
20120105,773881.878
20120104,1106993.1882
20120103,870954.3059
20111230,405633.6612
20111229,334063.57815
20111228,270377.78096
20111227,307941.07548
20111223,526970.383
20111222,391247.03041
20111221,588787.7703
20111220,783891.4173000001
20111219,559171.1815000001
20111216,769218.3632
20111215,412429.86340000003
20111214,454133.19159999996
20111213,451961.17139999993
20111212,468233.558
20111209,474172.0137
20111208,524208.04870000004
20111207,464173.1544
20111206,524972.1208
20111205,509256.2535
20111202,533018.84
20111201,463421.2812
20111130,657248.6767
20111129,510555.5334000001
20111128,643542.2625
20111125,195103.18975000002
20111123,455612.01
20111122,434942.27699999994
20111121,439387.7871
20111118,429193.2652
20111117,530417.76
20111116,487254.7865
20111115,726640.6588
20111114,623284.98
20111111,330290.84872
20111110,425903.94279999996
20111109,532112.0581
20111108,371336.1904
20111107,445816.44920000003
20111104,334138.04235
20111103,515505.61650000006
20111102,497223.56799999997
20111101,576845.99
20111031,538310.4639999999
20111028,506483.2428
20111027,878580.3082
20111026,694815.6213
20111025,716544.9907
20111024,538013.9664
20111021,658423.9842
20111020,458151.61000000004
20111019,380970.7005
20111018,455269.05480000004
20111017,362103.72202
20111014,344765.35863000003
20111013,507212.5008000001
20111012,533389.3522
20111011,405907.74
20111010,359576.95769999997
20111007,622091.2159999999
20111006,654011.9522999999
20111005,776107.7709
20111004,1230881.652
20111003,842848.8828
20110930,608622.688
20110929,820952.9595
20110928,578351.8968000001
20110927,662865.343
20110926,686972.7504
20110923,1178403.9696
20110922,1439241.0932000002
20110921,506045.3888
20110920,497413.3945
20110919,441962.5972
20110916,725345.9495999999
20110915,441883.8809
20110914,618385.884
20110913,493083.995
20110912,544107.015
20110909,806857.8592000001
20110908,413852.243
20110907,572454.7191999999
20110906,508026.66359999997
20110902,484701.29120000004
20110901,683164.17
20110831,1045624.7854
20110830,475377.41890000005
20110829,482280.34920000006
20110826,534313.404
20110825,498017.48290000006
20110824,587374.1496
20110823,863514.672
20110822,535138.4822
20110819,805686.4373999999
20110818,987728.6643000001
20110817,553415.01
20110816,474150.00000000006
20110815,482383.33599999995
20110812,733213.264
20110811,1014093.5406
20110810,1135924.3566
20110809,1535521.2876000002
20110808,1820825.9855999998
20110805,1255253.0104999999
20110804,1080690.8904
20110803,698416.5408
20110802,829992.2085000001
20110801,740078.4488
20110729,587657.9025
20110728,581690.9123999999
20110727,685391.9325
20110726,431807.8252
20110725,534624.2234
20110722,1112760.1782
20110721,662627.3498
20110720,446342.11779999995
20110719,582511.8898
20110718,396273.80409999995
20110715,468811.75460000004
20110714,470303.71760000003
20110713,422342.77739999996
20110712,530839.498
20110711,424818.7263999999
20110708,465670.25999999995
20110707,575559.6394
20110706,561730.9162
20110705,473597.9244
20110701,561026.0879999999
20110630,970156.0935
20110629,378374.2632
20110628,473397.9186
20110627,454983.61999999994
20110624,716850.0
20110623,735389.3575
20110622,411242.01239999995
20110621,670743.8305
20110620,423653.905
20110617,684001.0770999999
20110616,370696.25560000003
20110615,488715.872
20110614,504811.1748
20110613,412078.0524
20110610,439952.0661
20110609,497362.14810000005
20110608,697176.9230000001
20110607,436334.11020000005
20110606,492760.7811
20110603,428386.25970000005
20110602,459182.49040000007
20110601,524419.2252000001
20110531,401936.8875
20110527,272029.31769
20110526,408847.30039999995
20110525,509953.80799999996
20110524,334262.15549999994
20110523,334883.18215
20110520,395287.14499999996
20110519,360896.08116
20110518,350032.0533000001
20110517,462840.00210000004
20110516,406122.84400000004
20110513,388113.201
20110512,382434.2876
20110511,425537.89019999997
20110510,390310.2216
20110509,313674.60544
20110506,411845.58080000005
20110505,566348.7488
20110504,423842.8749
20110503,1255281.678
20110502,503680.72680000006
20110429,506503.237
20110428,444643.4393
20110427,693630.4725
20110426,559153.9538
20110425,380605.6458
20110421,1106693.9378
20110420,563360.4714
20110419,389449.96160000004
20110418,458058.97410000005
20110415,427603.562
20110414,520488.1269
20110413,329872.49094999995
20110412,360419.78744
20110411,450390.3975
20110408,351418.11596
20110407,571975.264
20110406,507088.56200000003
20110405,502757.6586
20110404,440659.01879999996
20110401,563917.8807999999
20110331,549378.8358
20110330,984314.8565999999
20110329,881285.7032000001
20110328,723754.7025
20110325,404450.3232
20110324,407509.9028
20110323,511367.20579999994
20110322,625845.059
20110321,983820.233
20110318,745612.8512
20110317,1103500.0464
20110316,732249.7769999999
20110315,953691.3616999999
20110314,823109.2744000001
20110311,603093.795
20110310,529211.228
20110309,379916.099
20110308,522297.6576
20110307,363150.047
20110304,484347.30079999997
20110303,525245.652
20110302,590599.497
20110301,638317.2638
20110228,671358.0796
20110225,409914.8394
20110224,598149.9678
20110223,537998.3389000001
20110222,518949.36
20110218,604803.103
20110217,484527.32289999997
20110216,643904.4889
20110215,730320.4158
20110214,636113.1769999999
20110211,584394.6518999999
20110210,790635.2244000001
20110209,545668.186
20110208,431277.66900000005
20110207,497450.2478
20110204,439124.78870000003
20110203,663248.8732
20110202,423193.4976
20110201,592795.4292
20110131,516103.87919999997
20110128,738096.4717000001
20110127,716094.7209000001
20110126,888419.896
20110125,1552897.6785
20110124,557815.722
20110121,840217.2225
20110120,607987.6402
20110119,848468.1200000001
20110118,1444727.7044
20110114,785407.7951999999
20110113,855089.8019999999
20110112,881247.5388999999
20110111,1529882.5776000002
20110110,1381585.2127999999
20110107,1053271.0629
20110106,1292823.7116999999
20110105,1277186.6587
20110104,841960.132
20110103,731652.8339999999
20101231,432284.2994
20101230,333173.94376
20101229,508864.44839999994
20101228,424021.1924
20101227,290632.0745
20101223,369051.9592
20101222,368618.5026
20101221,475981.68019999994
20101220,439873.0164
20101217,854795.692
20101216,577266.9672
20101215,572475.1097
20101214,616866.6684000001
20101213,679281.8895
20101210,657170.4532
20101209,662071.0088000001
20101208,387533.4688
20101207,687281.6440000001
20101206,675351.7485000001
20101203,413395.08
20101202,647118.8686
20101201,470613.566
20101130,522032.2041
20101129,473797.621
20101126,195781.97858
20101124,476457.917
20101123,450644.3373
20101122,415139.075
20101119,437982.22440000006
20101118,416134.045
20101117,428335.5384000001
20101116,631386.8922
20101115,466294.161
20101112,392011.3296
20101111,417401.6548
20101110,449261.199
20101109,526220.9926
20101108,363571.72620000003
20101105,441645.06720000005
20101104,492898.19200000004
20101103,453647.7993
20101102,424752.456
20101101,408669.3
20101029,392098.55999999994
20101028,498456.4010999999
20101027,616973.1545
20101026,446817.14999999997
20101025,502169.37350000005
20101022,769461.7216000002
20101021,1037719.7040000001
20101020,495090.7008
20101019,656336.7167999999
20101018,573350.3297000001
20101015,1011713.8454999999
20101014,582442.358
20101013,724835.4803
20101012,775529.0739999999
20101011,365637.14550000004
20101008,501355.4658
20101007,745438.3858
20101006,1305572.6232
20101005,691908.9201
20101004,631680.9138
20101001,477235.8734
20100930,507923.29750000004
20100929,522655.69379999995
20100928,635677.9432
20100927,649566.9506
20100924,608855.136
20100923,513810.87580000004
20100922,570695.9288999999
20100921,665069.9712
20100920,692794.8608
20100917,681917.7024
20100916,503143.8558
20100915,489581.0087
20100914,371563.5462
20100913,462406.449
20100910,356777.8676
20100909,525102.1944
20100908,434004.4364
20100907,405147.1498
20100903,633577.578
20100902,337981.739
20100901,716766.8044
20100831,621088.2485000001
20100830,305746.4704
20100827,378311.2216
20100826,396880.61
20100825,698670.3668
20100824,538159.0375
20100823,588188.2359999999
20100820,508297.4853
20100819,531688.7746000001
20100818,409954.67549999995
20100817,533201.6508000001
20100816,421805.04240000003
20100813,439343.1042
20100812,936232.7848
20100811,545458.8559999999
20100810,443425.42
20100809,457610.472
20100806,385326.9765
20100805,401022.16349999997
20100804,508829.034
20100803,542637.6886
20100802,738524.6751999999
20100730,555121.2654
20100729,700000.9487999999
20100728,924239.6905
20100727,649744.6311
20100726,436612.092
20100723,1319446.6692
20100722,607272.12
20100721,546668.1636
20100720,569663.9991
20100719,399121.4496
20100716,577723.4661
20100715,492909.88800000004
20100714,487105.74
20100713,609720.2629
20100712,547526.8430999999
20100709,487881.81649999996
20100708,514748.02080000006
20100707,548671.7496
20100706,1049353.9076999999
20100702,685520.7078999999
20100701,798853.9212000001
20100630,722761.7320000001
20100629,1231526.744
20100628,353551.25179999997
20100625,534027.1468
20100624,416495.34299999994
20100623,511120.5743
20100622,402615.76649999997
20100621,340413.75899999996
20100618,498085.44219999993
20100617,572151.5028
20100616,529760.9277
20100615,524373.84
20100614,401152.63
20100611,451109.042
20100610,440095.2168
20100609,479025.08280000003
20100608,522847.3068
20100607,417009.527
20100604,533492.082
20100603,410897.69909999997
20100602,458685.7518
20100601,366823.31
20100528,470540.5635
20100527,451794.486
20100526,708801.9848
20100525,595041.5360000001
20100524,496143.77680000005
20100521,911895.7146
20100520,765717.4126
20100519,636323.3064
20100518,570012.9248
20100517,559591.3986
20100514,614459.3256
20100513,355953.9571
20100512,520403.7474
20100511,616522.3422
20100510,693510.3846
20100507,960786.2688
20100506,1033090.3221
20100505,436130.87200000003
20100504,926376.1515999999
20100503,398908.7179
20100430,591732.8099999999
20100429,406054.74
20100428,723815.931
20100427,670046.6054
20100426,441975.8304
20100423,663323.0406000001
20100422,681192.5904
20100421,623796.0427999999
20100420,415318.4334
20100419,494441.7744
20100416,681340.6492
20100415,746678.256
20100414,1156031.2963
20100413,534003.127
20100412,515194.0612
20100409,553992.7233
20100408,834020.3524
20100407,768714.6726
20100406,612029.0275
20100405,519615.30600000004
20100401,503081.6222
20100331,621130.6584000001
20100330,1291719.2304
20100329,387230.105
20100326,344102.3916
20100325,382894.896
20100324,427072.7522
20100323,417597.381
20100322,365014.5088
20100319,564847.9040999999
20100318,314992.91359999997
20100317,688224.9321000001
20100316,360016.97380000004
20100315,351435.09599999996
20100312,313855.3842
20100311,306190.706
20100310,504732.352
20100309,558862.7655
20100308,443872.3614
20100305,511411.4296
20100304,358373.067
20100303,363340.72599999997
20100302,474396.5716
20100301,438741.51300000004
20100226,344337.60270000005
20100225,427464.38119999995
20100224,336767.9238
20100223,395664.82200000004
20100222,372113.352
20100219,501175.43039999995
20100218,304839.0264
20100217,365108.8259
20100216,318472.695
20100212,384362.0049
20100211,406983.64119999995
20100210,408698.7058
20100209,643735.0866
20100208,440122.46630000003
20100205,631307.6715
20100204,721516.515
20100203,915781.6853999998
20100202,458677.2468000001
20100201,470752.2003
20100129,698337.8166
20100128,916645.4941
20100127,915234.7676
20100126,998886.7152000001
20100125,567359.5177000001
20100122,644102.361
20100121,632694.8988000001
20100120,813894.977
20100119,655009.0042
20100115,1249781.5078
20100114,630296.3173
20100113,477719.14580000006
20100112,402911.7372
20100111,613965.0483
20100108,574680.9003
20100107,709388.7029999999
20100106,1049180.76
20100105,693017.101
20100104,471831.47300000006
20091231,231788.72736000002
20091230,411336.2637
20091229,243305.61727999998
20091228,268018.28108999995
20091224,105737.83515000001
20091223,292125.26205
20091222,376430.802
20091221,291556.40875
20091218,555220.1525
20091217,514015.2066
20091216,573022.3088
20091215,636644.9232
20091214,366097.776
20091211,328783.85919999995
20091210,412774.331
20091209,587018.7384
20091208,633110.088
20091207,500847.4679
20091204,479592.23000000004
20091203,502863.0815000001
20091202,505673.35020000004
20091201,681342.5376
20091130,572408.592
20091127,252717.8646
20091125,491391.93720000004
20091124,779004.5970000001
20091123,645006.3061
20091120,323494.4509
20091119,301218.258
20091118,304204.8405
20091117,463559.5936
20091116,372949.2988
20091113,333511.62899999996
20091112,352032.45040000003
20091111,350187.36460000003
20091110,412561.7952
20091109,540164.9402000001
20091106,411651.51820000005
20091105,378342.72630000004
20091104,411432.8263
20091103,547044.2264
20091102,560102.5812
20091030,674324.6055
20091029,615978.4659
20091028,1384038.3239999998
20091027,626977.8768000001
20091026,717401.3472000001
20091023,535134.9712
20091022,678632.7096000001
20091021,675128.4221999999
20091020,516078.36539999995
20091019,532068.8736
20091016,577735.74
20091015,434467.23199999996
20091014,693150.3903999999
20091013,598839.1608000001
20091012,449340.222
20091009,633050.4725
20091008,519429.14499999996
20091007,662649.588
20091006,468921.7627000001
20091005,378352.86569999997
20091002,461851.0386
20091001,615154.9792
20090930,511897.41120000003
20090929,367808.4598
20090928,329785.1108
20090925,410277.4552
20090924,546585.0453
20090923,675756.136
20090922,437988.5994
20090921,555035.5251999999
20090918,1256719.044
20090917,1081196.9751
20090916,777343.056
20090915,363554.3798
20090914,356936.62320000003
20090911,601905.9336
20090910,604266.7592
20090909,441811.3908
20090908,468118.4964
20090904,210015.67866
20090903,302567.3856
20090902,303518.6176
20090901,436974.2388
20090831,360342.98000000004
20090828,399704.6214
20090827,409180.5381
20090826,366906.5137
20090825,298669.1092
20090824,252616.77075000003
20090821,411277.6269
20090820,269521.64259999996
20090819,306852.38180000003
20090818,272542.04085
20090817,357320.72
20090814,227598.18312
20090813,296189.18
20090812,682335.8352000001
20090811,280765.15023
20090810,250275.97674
20090807,299206.6704
20090806,429354.4695
20090805,508432.09079999995
20090804,325157.1687
20090803,425038.3244
20090731,776053.6695
20090730,584008.6436
20090729,617925.87
20090728,493987.01759999996
20090727,554226.2288
20090724,444395.0601
20090723,735862.7466
20090722,389567.85
20090721,386725.1809
20090720,290505.6206
20090717,297656.674
20090716,303265.8304
20090715,492730.54500000004
20090714,346230.803
20090713,350683.8106
20090710,337423.5032
20090709,382093.1952
20090708,547350.3957
20090707,448640.557
20090706,371097.4731
20090702,358234.47000000003
20090701,332505.792
20090630,488339.01269999996
20090629,312893.821
20090626,316837.7488
20090625,381445.092
20090624,411087.76399999997
20090623,453381.5844
20090622,625674.0434999999
20090619,578478.6707
20090618,403610.8592
20090617,341226.9696
20090616,400648.224
20090615,396013.90080000006
20090612,640288.194
20090611,348950.604
20090610,323268.7192
20090609,365061.97689999995
20090608,338163.8544
20090605,349099.755
20090604,382400.5815
20090603,466024.43649999995
20090602,456474.4011
20090601,509405.23649999994
20090529,493243.9474
20090528,399024.466
20090527,347611.43500000006
20090526,335291.28750000003
20090522,262083.40188
20090521,458791.9
20090520,510456.60810000007
20090519,311808.92799999996
20090518,380825.46
20090515,394059.538
20090514,354760.9351
20090513,421795.222
20090512,390325.8423
20090511,361500.7732
20090508,431039.95
20090507,693241.6229999999
20090506,394843.62779999996
20090505,469280.70900000003
20090504,440078.76999999996
20090501,348042.20100000006
20090430,635468.085
20090429,571777.9554
20090428,556396.225
20090427,685361.8432
20090424,705325.0578000001
20090423,464986.46140000003
20090422,487378.88
20090421,455242.0
20090420,396760.58599999995
20090417,547828.8947000001
20090416,535643.854
20090415,397032.7914
20090414,482143.54500000004
20090413,353716.26200000005
20090409,493274.0205
20090408,392881.688
20090407,429996.07560000004
20090406,564430.6344
20090403,509746.6496
20090402,874819.1087999999
20090401,750489.5521000001
20090331,603724.57
20090330,561854.0031999999
20090327,411932.2159
20090326,647046.3224000001
20090325,831730.2363
20090324,456309.9626
20090323,562682.1034
20090320,716960.6904
20090319,566865.7995
20090318,813996.45
20090317,627137.7075
20090316,485418.85480000003
20090313,400123.1442
20090312,555648.3515
20090311,359132.5572
20090310,496289.31600000005
20090309,539286.9866
20090306,745839.9489999999
20090305,599558.336
20090304,501225.663
20090303,599105.7336
20090302,795589.7796
20090227,620798.6282
20090226,454964.2089
20090225,642442.1272
20090224,481021.86
20090223,469966.99519999995
20090220,764255.5696
20090219,387534.632
20090218,483393.9815
20090217,519861.30659999995
20090213,388150.2126
20090212,481054.869
20090211,352043.4049
20090210,567108.2857
20090209,427262.7219
20090206,515670.792
20090205,616722.1654
20090204,509411.47400000005
20090203,499938.66179999994
20090202,412440.838
20090130,445495.7917
20090129,459513.65249999997
20090128,718754.0211
20090127,880329.7242
20090126,601517.7344
20090123,434549.83320000005
20090122,518770.1288
20090121,506733.7462
20090120,621493.4607
20090116,537380.01
20090115,840584.3996
20090114,544422.4295999999
20090113,567681.7446
20090112,665950.626
20090109,524303.6855
20090108,494427.82320000004
20090107,635405.2176999999
20090106,784024.7633999999
20090105,1027415.4839999999
20090102,450798.2154
20081231,517861.2384
20081230,392603.9625
20081229,314789.6098
20081226,151024.68493000002
20081224,127188.81252
20081223,386388.1712
20081222,479373.0048
20081219,860193.8324000001
20081218,598195.7976
20081217,578847.166
20081216,903766.5290000001
20081215,625419.5364
20081212,629778.7295
20081211,668734.8624
20081210,812763.7581
20081209,717763.4332
20081208,792542.4312
20081205,621422.7243
20081204,581288.1188
20081203,765833.1933
20081202,653786.6673999999
20081201,585662.5144
20081128,232687.35243
20081126,757772.4972999999
20081125,598180.9466
20081124,812346.6492
20081121,872882.724
20081120,748741.6572000001
20081119,642177.0603
20081118,731103.7481999999
20081117,447266.1016
20081114,652061.3294
20081113,744685.005
20081112,474132.0605999999
20081111,523198.46339999995
20081110,419505.84829999995
20081107,523242.15839999996
20081106,627606.3932999999
20081105,514202.11699999997
20081104,592731.9959
20081103,418042.18559999997
20081031,663589.08
20081030,524888.49
20081029,847833.39
20081028,1048724.2974
20081027,857480.0280000002
20081024,534047.4876
20081023,668729.5464
20081022,557375.6442
20081021,378347.0176
20081020,423019.2897
20081017,534835.5243
20081016,590717.699
20081015,483630.123
20081014,574555.2545
20081013,638264.5257
20081010,1241661.2159
20081009,712539.1213
20081008,871407.4518999999
20081007,765321.4226
20081006,911690.5598999999
20081003,608165.7687
20081002,576568.7478
20081001,509230.4245
20080930,683378.5104
20080929,741167.5129
20080926,362510.08780000004
20080925,501824.23000000004
20080924,474379.516
20080923,432178.50570000004
20080922,486793.7913
20080919,838079.0272
20080918,957879.657
20080917,764700.5661
20080916,780542.1459
20080915,773963.3298000001
20080912,477692.43279999995
20080911,628897.8740000001
20080910,945119.2872
20080909,836174.9132000001
20080908,563965.0956000001
20080905,473624.1392
20080904,606965.7956
20080903,438484.8408
20080902,452615.4503999999
20080829,331087.1754
20080828,369415.22540000005
20080827,311385.75783
20080826,282102.79132
20080825,286721.87320000003
20080822,338555.08259999997
20080821,303108.2388
20080820,347168.18429999996
20080819,293570.30584
20080818,349970.41140000004
20080815,371504.94480000006
20080814,358731.3814
20080813,352773.864
20080812,416705.613
20080811,406455.0842
20080808,447268.0768
20080807,510500.4499
20080806,413588.1533
20080805,440006.7432
20080804,353847.39759999997
20080801,537861.0168
20080731,650064.0704
20080730,437923.24480000004
20080729,497268.10469999997
20080728,636319.744
20080725,414193.88039999997
20080724,398398.8279
20080723,573456.9727
20080722,580718.808
20080721,293986.24152000004
20080718,441802.584
20080717,503718.6539
20080716,422603.00460000004
20080715,676593.381
20080714,411153.4846000001
20080711,435599.07950000005
20080710,531681.9186
20080709,414934.0384
20080708,482429.92559999996
20080707,534544.395
20080703,354072.06399999995
20080702,568215.6914
20080701,757173.8080000001
20080630,596956.3872
20080627,571317.8288
20080626,616501.9378000001
20080625,446728.38
20080624,435393.2565000001
20080623,534264.291
20080620,731202.5664
20080619,514431.67049999995
20080618,432562.31639999995
20080617,483083.66339999996
20080616,532168.1392
20080613,381290.72000000003
20080612,547876.4802
20080611,661766.1599999999
20080610,487617.6354
20080609,474667.70100000006
20080606,671606.0112
20080605,1474358.3399999999
20080604,798807.4015
20080603,398997.56119999994
20080602,480725.04240000003
20080530,425437.6925
20080529,358330.46535
20080528,388751.8168
20080527,313147.17056
20080523,307775.16
20080522,311249.61306
20080521,556425.7432
20080520,555243.5105000001
20080519,397024.1132
20080516,441451.681
20080515,441081.07800000004
20080514,528064.7514000001
20080513,272311.77099
20080512,315231.75460000004
20080509,400023.9166
20080508,425539.38220000005
20080507,550434.1255000001
20080506,505514.11120000004
20080505,460313.49950000003
20080502,396743.27310000005
20080501,529274.603
20080430,619422.5072
20080429,535203.3330000001
20080428,813873.6648
20080425,493379.394
20080424,370502.6372
20080423,335443.48425
20080422,370337.1714
20080421,369864.768
20080418,451210.3232
20080417,365880.635
20080416,441231.18
20080415,548348.9366
20080414,382682.64840000006
20080411,413439.81
20080410,578972.6532
20080409,441764.27459999995
20080408,463009.99740000005
20080407,408910.1070000001
20080404,446994.63060000003
20080403,380004.2696
20080402,525456.4817
20080401,534977.9259
20080331,406519.18379999994
20080328,346839.6665
20080327,339761.685
20080326,612371.1538
20080325,498987.9232
20080324,419376.0769
20080320,609154.5599999999
20080319,633406.3744000001
20080318,590703.2957
20080317,501985.12000000005
20080314,575237.9204000001
20080313,498336.675
20080312,691474.8480000001
20080311,553886.0125
20080310,533232.4255
20080307,512767.07170000003
20080306,493743.0954
20080305,443421.7568
20080304,610877.6760000001
20080303,523908.6112
20080229,509752.561
20080228,766870.3311000001
20080227,450315.0125
20080226,492744.75840000005
20080225,444292.9506
20080222,587248.2343
20080221,736700.1499
20080220,2379829.639
20080219,1140331.6279
20080215,421671.213
20080214,376912.6236
20080213,893324.4332
20080212,562634.9765999999
20080211,381016.43039999995
20080208,634096.386
20080207,624255.0923
20080206,443822.7312
20080205,625446.4488
20080204,413760.32480000006
20080201,498351.23449999996
20080131,602178.5532
20080130,502430.51840000006
20080129,592379.6242
20080128,803540.8960000001
20080125,486252.59760000004
20080124,631974.4536000001
20080123,1079013.5199999998
20080122,1083556.4039999999
20080118,1445488.8912
20080117,794243.692
20080116,533021.7686
20080115,507276.46089999995
20080114,412512.4461
20080111,663291.2631999999
20080110,866592.6740000001
20080109,974245.0868999999
20080108,1362394.0511999999
20080107,605916.3067999999
20080104,439766.58030000003
20080103,339945.04662
20080102,407668.0688
20071231,358084.07936
20071228,323004.6687
20071227,326248.0176
20071226,317685.21055
20071224,118952.96448
20071221,869112.7325999999
20071220,287233.80428
20071219,465146.892
20071218,470388.66000000003
20071217,469954.6241
20071214,375529.14275000006
20071213,419468.8236
20071212,797904.7339999999
20071211,546596.9879999999
20071210,419692.83014999994
20071207,694281.784
20071206,572623.7164
20071205,594464.9819
20071204,565474.0518
20071203,385103.50967999996
20071130,523041.50179999997
20071129,313114.54928000004
20071128,514066.24350000004
20071127,577098.2252
20071126,609916.866
20071123,170786.39057999998
20071121,459890.89060000004
20071120,554365.504
20071119,667276.2540000001
20071116,638287.3696
20071115,492863.97160000005
20071114,466426.7519999999
20071113,389342.26816000004
20071112,506027.2986
20071109,593415.7251
20071108,599070.2625000001
20071107,408911.58560000005
20071106,475085.04679999995
20071105,496901.8992
20071102,554316.096
20071101,536639.9559999999
20071031,556039.924
20071030,451506.83249999996
20071029,688695.969
20071026,544405.554
20071025,463859.52540000004
20071024,497587.83599999995
20071023,418250.464
20071022,350543.58788
20071019,566509.142
20071018,380435.48399999994
20071017,542980.54
20071016,684966.5172
20071015,567917.6184
20071012,419796.87364999996
20071011,522384.38210000005
20071010,401583.96180000005
20071009,395901.54
20071008,214778.69598
20071005,340646.6739
20071004,333070.73475
20071003,328145.22624
20071002,360078.00600000005
20071001,757057.21
20070928,381386.57157
20070927,528223.444
20070926,385148.488
20070925,472151.51300000004
20070924,473508.84959999996
20070921,670610.112
20070920,399911.1732
20070919,490376.98099999997
20070918,460804.788
20070917,415659.36299999995
20070914,388788.36499999993
20070913,404193.6204
20070912,361191.1400000001
20070911,359909.685
20070910,319618.263
20070907,418960.164
20070906,317536.07733000006
20070905,500092.026
20070904,393774.61094999994
20070831,376486.064
20070830,310560.9
20070829,324268.184
20070828,404544.5
20070827,263351.76279999997
20070824,274387.70999999996
20070823,333285.0
20070822,411208.00999999995
20070821,449536.8
20070820,398235.184
20070817,710841.4500000001
20070816,823333.55
20070815,510588.59750000003
20070814,368644.17000000004
20070813,425396.192
20070810,671852.2300000001
20070809,727701.562
20070808,653105.8099999999
20070807,541678.8200000001
20070806,639769.522
20070803,662798.866
20070802,435290.36519999994
20070801,707914.2309999999
20070731,898726.725
20070730,679347.5832
20070727,683951.606
20070726,700743.1007999999
20070725,533164.56
20070724,620619.6799999999
20070723,532802.6
20070720,556295.3189999999
20070719,443519.00600000005
20070718,462432.704
20070717,587807.9334
20070716,1004343.1632
20070713,327484.6764
20070712,459431.10059999995
20070711,509907.2055000001
20070710,590076.1476
20070709,452927.62110000005
20070706,369083.73025
20070705,361943.24265
20070703,288560.58246
20070702,469818.1104
20070629,448560.408
20070628,409155.998
20070627,451870.3948
20070626,517700.15200000006
20070625,412441.77200000006
20070622,659952.2285999999
20070621,370072.72847999993
20070620,356026.76187
20070619,387633.17890000006
20070618,375896.84077999997
20070615,577405.2126
20070614,607206.93
20070613,670861.1584999999
20070612,584245.8441
20070611,418922.3721
20070608,536726.6842
20070607,628373.5961999999
20070606,452539.8669
20070605,429346.33560000005
20070604,298040.18350000004
20070601,619649.6737
20070531,535278.2049
20070530,573492.3848
20070529,605972.763
20070525,387441.67318000004
20070524,432195.41099999996
20070523,560205.2988
20070522,615971.1132
20070521,647547.6177000001
20070518,789624.2227999999
20070517,507990.44800000003
20070516,530690.6359999999
20070515,795038.8572
20070514,568410.5070000001
20070511,443151.11939999997
20070510,346035.42793
20070509,472067.0717
20070508,383392.3986
20070507,398347.533
20070504,524032.02900000004
20070503,1214889.1160000002
20070502,892240.4856000001
20070501,443357.03520000004
20070430,597626.1312000001
20070427,435673.78500000003
20070426,421655.8112
20070425,457724.00720000005
20070424,395546.8439999999
20070423,278985.00182
20070420,518592.44419999997
20070419,418489.84949999995
20070418,339518.2907
20070417,388094.8275
20070416,333339.98906
20070413,299127.92894
20070412,243083.28439999997
20070411,443999.68740000005
20070410,257309.81063999998
20070409,186913.125
20070405,294486.71
20070404,338913.00557999994
20070403,316679.076
20070402,374218.5537
20070330,517730.79890000005
20070329,337288.47000000003
20070328,416791.4428
20070327,384902.704
20070326,623457.2592
20070323,577439.1504
20070322,504912.51200000005
20070321,390562.14999999997
20070320,320766.58400000003
20070319,267441.018
20070316,514310.1562
20070315,364373.298
20070314,463228.875
20070313,491035.37799999997
20070312,471683.024
20070309,397438.76399999997
20070308,425159.865
20070307,567017.96
20070306,477870.12
20070305,380306.89690000005
20070302,444316.743
20070301,515426.17559999996
20070228,624056.0619999999
20070227,750057.8640000001
20070226,460521.1594
20070223,351265.203
20070222,327407.832
20070221,290855.11
20070220,261810.71700000003
20070216,308148.63100000005
20070215,249157.716
20070214,415466.13529999997
20070213,245172.40009
20070212,220818.32895000002
20070209,274584.07200000004
20070208,401318.63999999996
20070207,281144.136
20070206,285375.398
20070205,299596.08
20070202,359400.261
20070201,497134.12000000005
20070131,432228.03899999993
20070130,571013.4890000001
20070129,563323.898
20070126,344724.75899999996
20070125,413055.93600000005
20070124,384715.486
20070123,465455.22099999996
20070122,291832.69499999995
20070119,435120.83999999997
20070118,397671.585
20070117,378267.75
20070116,391411.91099999996
20070112,405365.08699999994
20070111,313907.62000000005
20070110,470799.719
20070109,522551.934
20070108,616902.0800000001
20070105,618255.801
20070104,634678.2820000001
20070103,704328.226
20061229,333489.67199999996
20061228,306695.648
20061227,254450.38499999998
20061226,167954.95599999998
20061222,288656.6
20061221,300621.084
20061220,368984.8829999999
20061219,373013.08
20061218,319053.933
20061215,748153.1070000001
20061214,332436.996
20061213,240484.242
20061212,401458.17799999996
20061211,354605.88
20061208,278643.555
20061207,358689.492
20061206,481092.73299999995
20061205,444907.88300000003
20061204,380565.412
20061201,338574.204
20061130,422938.75
20061129,411436.992
20061128,452041.6
20061127,363586.86000000004
20061124,143018.221
20061122,396950.973
20061121,550684.144
20061120,451919.25
20061117,374189.0399999999
20061116,350589.745
20061115,315975.39
20061114,423567.43799999997
20061113,316616.27400000003
20061110,419204.28
20061109,361860.99299999996
20061108,265681.24799999996
20061107,371934.785
20061106,390235.17
20061103,400616.72
20061102,412613.196
20061101,391433.11
20061031,945123.004
20061030,957237.75
20061027,473812.83400000003
20061026,581629.44
20061025,332767.556
20061024,348736.934
20061023,334355.47199999995
20061020,523415.50800000003
20061019,382377.76
20061018,344921.51999999996
20061017,287314.88
20061016,283401.84
20061013,318161.763
20061012,390104.1879999999
20061011,417661.45700000005
20061010,496532.57499999995
20061009,340954.185
20061006,414301.61600000004
20061005,564526.74
20061004,468369.18
20061003,394991.52800000005
20061002,443482.72199999995
20060929,514116.096
20060928,500371.56399999995
20060927,817850.523
20060926,710546.4
20060925,443366.315
20060922,450800.175
20060921,561344.4439999999
20060920,355982.1
20060919,215941.159
20060918,233211.82499999998
20060915,289952.88
20060914,205896.9
20060913,235977.804
20060912,400789.62000000005
20060911,181598.81399999998
20060908,176539.374
20060907,267249.435
20060906,241725.036
20060905,199883.694
20060901,225063.23599999998
20060831,163350.624
20060830,231876.372
20060829,263675.93100000004
20060828,243296.248
20060825,140298.32
20060824,219438.9
20060823,298785.86199999996
20060822,211106.777
20060821,196574.196
20060818,313146.01
20060817,300084.148
20060816,219257.688
20060815,305210.834
20060814,186026.72
20060811,221879.20799999998
20060810,215580.456
20060809,394911.936
20060808,222206.526
20060807,206493.345
20060804,215846.289
20060803,210839.46600000001
20060802,255695.45
20060801,424860.45
20060731,344506.491
20060728,254334.05899999998
20060727,325430.663
20060726,368543.95200000005
20060725,350414.208
20060724,234395.64500000002
20060721,274437.706
20060720,246226.47
20060719,321784.27499999997
20060718,198237.944
20060717,194702.025
20060714,204509.942
20060713,224689.565
20060712,222286.785
20060711,277711.26
20060710,185731.392
20060707,247155.872
20060706,258982.24
20060705,286929.504
20060703,128263.585
20060630,315708.332
20060629,308150.505
20060628,225182.07400000002
20060627,275405.048
20060626,267992.608
20060623,242500.25699999998
20060622,347192.89
20060621,506340.80400000006
20060620,431506.635
20060619,297761.46400000004
20060616,411518.69200000004
20060615,336711.23500000004
20060614,257854.32400000002
20060613,328961.444
20060612,159665.688
20060609,183415.956
20060608,380107.52999999997
20060607,281130.41599999997
20060606,322135.30799999996
20060605,187456.80800000002
20060602,249155.438
20060601,333758.175
20060531,289260.14599999995
20060530,207996.802
20060526,175621.65300000002
20060525,183699.64
20060524,251829.5
20060523,295385.551
20060522,320383.56
20060519,482852.55
20060518,335832.29600000003
20060517,382691.672
20060516,213950.02800000002
20060515,322555.675
20060512,285823.076
20060511,318321.06
20060510,409356.19399999996
20060509,164949.376
20060508,189005.64800000002
20060505,269368.88
20060504,229196.52
20060503,247577.638
20060502,293398.798
20060501,321332.626
20060428,283755.591
20060427,281919.03400000004
20060426,325580.72
20060425,247267.09199999998
20060424,188128.68
20060421,301839.505
20060420,320290.194
20060419,264692.144
20060418,335174.976
20060417,224553.06000000003
20060413,186585.863
20060412,280492.56
20060411,388746.62000000005
20060410,233144.689
