20160408,889970.48957
20160407,968588.9909600001
20160406,970027.8619400001
20160405,927654.49443
20160404,1030016.7859199999
20160401,1217908.1055899998
20160331,1241512.1811
20160330,1550885.83826
20160329,1523253.34663
20160328,815980.76736
20160324,1156988.5584
20160323,934371.4737599998
20160322,839507.1471
20160321,1096314.57096
20160318,2125731.2941
20160317,1689690.16736
20160316,1107508.73408
20160315,1110646.2000900002
20160314,1230791.97744
20160311,1316725.32075
20160310,1632457.2145499997
20160309,1434199.4060799999
20160308,1873544.2621999998
20160307,2199089.9304
20160304,1770138.7157400001
20160303,1481866.27178
20160302,1342148.8052
20160301,2229132.82878
20160229,1612724.3959400002
20160226,1538676.2689200002
20160225,1316902.27536
20160224,1331126.7111
20160223,1479462.9871699999
20160222,1367160.49015
20160219,1260135.38614
20160218,1695460.34478
20160217,1798224.11127
20160216,1557695.0311999999
20160212,1644741.46281
20160211,2292254.0430400004
20160210,2129386.33185
20160209,2944572.8202400003
20160208,3131100.95616
20160205,3849911.3386399997
20160204,3820990.89057
20160203,4909754.911280001
20160202,5298201.81241
20160201,4201044.88804
20160129,2880587.5201
20160128,2319389.5235
20160127,1511117.9957400002
20160126,1134216.2678399999
20160125,1661586.2086800002
20160122,1757108.1113400003
20160121,1885798.03041
20160120,2959391.5156799997
20160119,1750244.3154000002
20160115,2692223.52201
20160114,2024950.48987
20160113,1855474.5671600003
20160112,1742234.4860200002
20160111,1860520.6639500002
20160108,1735737.29342
20160107,2335897.278
20160106,1829071.8260100002
20160105,1719128.08298
20160104,2554397.70432
20151231,1273789.87041
20151230,1127972.2713
20151229,1524038.77236
20151228,1216824.38336
20151224,399110.62344
20151223,1175443.7301
20151222,1391767.90389
20151221,1322229.3168
20151218,2554257.49305
20151217,1403562.52413
20151216,2058941.2268100001
20151215,1871062.6269699999
20151214,2057632.5982199998
20151211,1618368.52914
20151210,1231947.31592
20151209,1762796.74815
20151208,1203912.5666999999
20151207,1411257.11888
20151204,1939576.0259700003
20151203,1609089.3886000002
20151202,1816371.5363
20151201,1580467.85897
20151130,1229654.6977000001
20151127,557609.3704
20151125,907790.64858
20151124,1840316.93673
20151123,1345508.4780000001
20151120,2154342.834
20151119,1066700.42016
20151118,1375539.81897
20151117,1448086.67826
20151116,1899985.39632
20151113,1780705.36917
20151112,1337826.46916
20151111,1601991.1855
20151110,1129694.41926
20151109,1340974.95159
20151106,1276277.0944
20151105,1728762.53828
20151104,1577020.05741
20151103,1358962.2801
20151102,1491190.96336
20151030,1472960.8588699999
20151029,1359033.9439
20151028,1449845.14788
20151027,1419035.5792800002
20151026,1763261.11312
20151023,4553369.6899500005
20151022,2969909.3525599996
20151021,1078060.9729999998
20151020,1781240.28
20151019,1051780.5674500002
20151016,1262365.2804400001
20151015,1632380.1961799997
20151014,1064149.67303
20151013,1445231.7884299997
20151012,900931.7055599999
20151009,1076978.40164
20151008,1309533.106
20151007,1466553.6199999999
20151006,1448485.6896
20151005,1273691.33536
20151002,1599160.30629
20151001,1359164.718
20150930,1688458.64661
20150929,1311472.55271
20150928,1480746.59425
20150925,1549968.3087
20150924,1266165.66413
20150923,950867.51474
20150922,1773281.2320000003
20150921,1272795.26608
20150918,2394133.7919199998
20150917,1593329.5289699999
20150916,872731.64856
20150915,1181419.04181
20150914,977124.06519
20150911,1143086.3163
20150910,903309.6941600001
20150909,1316735.99136
20150908,1257404.2774
20150904,1271359.6172800001
20150903,1099953.4637999998
20150902,1210214.88924
20150901,1619372.4892399998
20150831,1256237.64414
20150828,1278366.41301
20150827,1966467.5604
20150826,2831852.14224
20150825,2184050.25837
20150824,4000492.60107
20150821,2914638.26875
20150820,1960623.2324800002
20150819,1739981.1833199998
20150818,954074.94091
20150817,855089.37942
20150814,951144.4701
20150813,1244464.82391
20150812,2023354.6210800002
20150811,3777712.3097999995
20150810,1052761.93874
20150807,914493.63599
20150806,1361661.7014
20150805,1226641.46598
20150804,863881.6438399999
20150803,1038100.53592
20150731,1146981.135
20150730,1315816.17336
20150729,1214142.07376
20150728,1133342.7158599999
20150727,1920741.01874
20150724,2702433.5305399997
20150723,2522607.65316
20150722,2872674.525
20150721,2617598.48655
20150720,3544795.99868
20150717,8987934.1856
20150716,3250484.581
20150715,1207389.8564000002
20150714,2167849.9190399996
20150713,1192552.16818
20150710,1206428.37066
20150709,809120.60235
20150708,748038.9470000002
20150707,923459.6677799999
20150706,697247.25238
20150702,769668.41332
20150701,834545.7444
20150630,931222.8343599999
20150629,1017757.2987500001
20150626,1207574.98558
20150625,744937.45735
20150624,805541.1669300001
20150623,883922.85304
20150622,971194.2345599999
20150619,1651088.23224
20150618,1145008.87836
20150617,664702.2222000001
20150616,885665.47994
20150615,737071.458
20150612,696443.1566400001
20150611,708261.7562
20150610,835847.2872
20150609,811365.7528799999
20150608,742452.37584
20150605,669675.94202
20150604,726177.96151
20150603,740459.7798499999
20150602,882206.9212500001
20150601,907978.68645
20150529,1176806.5585200002
20150528,652446.0892399999
20150527,965537.8635
20150526,1021307.1530200002
20150522,670689.72192
20150521,950558.7483099999
20150520,851137.7874299999
20150519,1293304.4775999999
20150518,729200.3796499999
20150515,912107.11172
20150514,869483.5544000001
20150513,653662.2687
20150512,949594.0506900001
20150511,595720.5073399999
20150508,774594.2506500001
20150507,861845.2261199999
20150506,1042732.3342800001
20150505,772670.98048
20150504,967915.0362000001
20150501,953924.57928
20150430,1294744.3408899999
20150429,943635.95988
20150428,1049587.1075
20150427,1357927.70084
20150424,2643492.39822
20150423,2136273.1263
20150422,872291.70054
20150421,790531.69608
20150420,1048425.5378099999
20150417,1309885.1298
20150416,860270.95504
20150415,1269107.78928
20150414,1272577.7710799999
20150413,804458.21328
20150410,715952.7623799999
20150409,886578.5357
20150408,778963.67244
20150407,744227.54316
20150406,916253.8577500001
20150402,1292230.9299899999
20150401,1064050.01968
20150331,968629.8981000001
20150330,695224.403
20150327,962208.6389999999
20150326,1403129.36148
20150325,1504125.126
20150324,2282439.81262
20150323,848994.0795700001
20150320,1250101.0218000002
20150319,693510.2571599999
20150318,997669.60104
20150317,805183.82151
20150316,1033940.48684
20150313,978523.546
20150312,998677.7729499999
20150311,1125461.74029
20150310,1121371.15225
20150309,674078.3668
20150306,1075815.6818
20150305,1043734.8773099999
20150304,1097419.3447800002
20150303,1462034.5370099999
20150302,1446577.23898
20150227,1921196.90736
20150226,1510493.51886
20150225,1117237.3625
20150224,765617.17995
20150223,878753.015
20150220,1035737.9297999999
20150219,842442.2928
20150218,793362.43975
20150217,1066865.79516
20150213,1266929.4455999997
20150212,1325305.50255
20150211,1029782.034
20150210,1278867.6915199999
20150209,801229.3568
20150206,1145024.71524
20150205,878753.25531
20150204,890440.5591
20150203,1254554.6520999998
20150202,2003912.3514000003
20150130,3254144.9329999997
20150129,1996426.20775
20150128,914296.56591
20150127,1019599.8274800001
20150126,829903.83672
20150123,1244310.6966
20150122,1504106.8739999998
20150121,1205706.1619199999
20150120,1193452.86726
20150116,1267306.2805
20150115,1287230.45178
20150114,1332597.86501
20150113,1530412.221
20150112,1419279.27688
20150109,1050078.43864
20150108,1856211.14856
20150107,1184608.0692999999
20150106,1382061.73608
20150105,1067033.1752
20150102,701797.25805
20141231,655836.85674
20141230,560270.08208
20141229,1191661.1626799998
20141226,602941.906
20141224,396172.72663999995
20141223,1550145.27261
20141222,1764910.9135999999
20141219,2498367.3273199997
20141218,1993286.39454
20141217,1841710.4895000001
20141216,2163512.36712
20141215,1350527.40992
20141212,1236164.87907
20141211,1102142.94759
20141210,1222449.5628
20141209,1161475.3455700001
20141208,1714849.1332200002
20141205,1619634.5620000002
20141204,884844.8898
20141203,872026.9296900001
20141202,1116898.8581400001
20141201,1074835.47555
20141128,664420.29388
20141126,810761.99606
20141125,1044562.41241
20141124,903986.9314400001
20141121,1362258.6689799998
20141120,951576.1936799999
20141119,828599.7888
20141118,991614.78414
20141117,914509.5876
20141114,790668.8417900001
20141113,839897.2132800001
20141112,609166.30775
20141111,615575.1623499999
20141110,724671.8568000001
20141107,876840.8763600001
20141106,909763.2911200001
20141105,911016.91865
20141104,781347.8593800002
20141103,869043.5622200001
20141031,1328359.2325199998
20141030,902694.13779
20141029,1146287.3143500001
20141028,967701.2061000001
20141027,878005.49336
20141024,1192578.0140999998
20141023,1190834.712
20141022,1613671.34892
20141021,1323228.29185
20141020,1462665.60342
20141017,3133760.7068600003
20141016,2031812.1270799998
20141015,2059179.86804
20141014,1431352.23968
20141013,1499124.21775
20141010,1653636.7461400002
20141009,1374306.70083
20141008,1288144.8954
20141007,886418.4373999999
20141006,755706.3948799999
20141003,710368.5049999999
20141002,895177.32248
20141001,839110.6435799999
20140930,924668.07429
20140929,671666.38679
20140926,757726.673
20140925,974944.565
20140924,1051906.86494
20140923,828663.5089799999
20140922,1064451.0103799999
20140919,2533032.3456
20140918,891930.76542
20140917,1015500.08218
20140916,929256.1657199999
20140915,898429.6443599999
20140912,1081374.818
20140911,886400.7738300001
20140910,686404.76006
20140909,929988.42182
20140908,961777.7505999999
20140905,1074816.2111399998
20140904,967050.11774
20140903,930729.4598399999
20140902,930885.38172
20140829,702217.8410400001
20140828,815763.3681600001
20140827,794796.321
20140826,864563.45352
20140825,765065.12733
20140822,519201.91673999996
20140821,670096.9255599999
20140820,575912.10873
20140819,621439.84406
20140818,867932.099
20140815,1005945.9678600001
20140814,743890.5358499999
20140813,1109618.22216
20140812,795708.50084
20140811,676127.1525
20140808,863051.6725600001
20140807,664514.1244399999
20140806,759912.3924
20140805,944722.7099199999
20140804,882895.4187299999
20140801,1267525.2192
20140731,1337145.8736999999
20140730,723490.56288
20140729,810319.45155
20140728,813297.2412599999
20140725,813358.8960000001
20140724,779781.7784899999
20140723,669279.6210000002
20140722,1134214.25832
20140721,1338901.7808000003
20140718,2946370.7513900003
20140717,1687992.44286
20140716,850708.3763
20140715,992168.6228999998
20140714,1159433.9443
20140711,886653.4236
20140710,832140.4650399999
20140709,799819.81152
20140708,1229152.056
20140707,788591.3457599999
20140703,533091.14416
20140702,706129.7949999999
20140701,971935.7765100001
20140630,864649.16889
20140627,1180730.54085
20140626,1170275.05589
20140625,1236329.29197
20140624,1628302.0423799998
20140623,989335.7001899999
20140620,1788112.17468
20140619,1484365.4575800002
20140618,1153638.12438
20140617,813537.74628
20140616,1070625.8178
20140613,758314.37045
20140612,865034.5575
20140611,640376.6475
20140610,836603.5227999999
20140609,872848.7791500001
20140606,985032.5754399999
20140605,1012839.8348699999
20140604,957477.62048
20140603,1123966.26254
20140602,937004.7407000001
20140530,1069953.30345
20140529,804151.8284799999
20140528,901425.0900000001
20140527,1256549.6962599999
20140523,1506707.0132
20140522,1192340.0790000001
20140521,858971.6643000001
20140520,1310425.21518
20140519,1064903.1997500001
20140516,1007751.7971
20140515,967836.14416
20140514,684527.37223
20140513,1088752.0899599998
20140512,1047193.5838599999
20140509,1190801.0433
20140508,1274645.3747999999
20140507,1591286.158
20140506,958560.6024000001
20140505,657594.0187000001
20140502,950100.67776
20140501,1078970.16591
20140430,1089236.0505600001
20140429,1357962.3524900002
20140428,1961196.9651600001
20140425,1239714.5678
20140424,1103910.40424
20140423,1050303.6776700001
20140422,1269322.3135
20140421,1306579.59666
20140417,3044974.61786
20140416,2557691.3802
20140415,2190451.0038
20140414,1384140.6752
20140411,1707227.7475200002
20140410,1800977.2677000002
20140409,1718736.79872
20140408,1941385.2949299999
20140407,2133766.59345
20140404,2924247.1777500003
20140403,2293234.6185
20140402,1195953.9264
20140401,1250004.36304
20140331,1092193.84412
20140328,1275134.02016
20140327,2149392.83097
20140326,1460446.7693699999
20140325,1410694.3650000002
20140324,1776134.14664
20140321,1916820.3299699998
20140320,1018793.98794
20140319,975826.52307
20140318,1112331.49886
20140317,1300766.0070999998
20140314,1358671.8528399998
20140313,1405307.76925
20140312,1197933.97122
20140311,1038156.4443299999
20140310,743315.4265599999
20140307,929514.0645
20140306,781164.1807200001
20140305,760186.3888
20140304,900699.8210100001
20140303,1278617.35848
20140228,1420475.1180800002
20140227,775882.5446
20140226,1221700.09956
20140225,886484.8845999999
20140224,1025377.47137
20140221,1132436.27756
20140220,1034537.7547500001
20140219,1277586.0115200002
20140218,1289738.6135099998
20140214,1332618.03315
20140213,1112772.07128
20140212,1033745.5305000001
20140211,1232707.15617
20140210,1151864.4375
20140207,1597241.2449599998
20140206,1140256.94215
20140205,1382674.801
20140204,1616638.1397200003
20140203,2615909.3812499996
20140131,3320108.7448799997
20140130,2911430.70438
20140129,1321961.59872
20140128,1252732.9332
20140127,2421255.9838
20140124,2224781.1026000003
20140123,1141905.6795599998
20140122,924716.5235
20140121,1163635.1584
20140117,1569525.4091199997
20140116,983484.6165599999
20140115,1131153.3955
20140114,1440848.16271
20140113,1371812.0229
20140110,1222780.4523
20140109,1190027.08038
20140108,1292656.0326299998
20140107,1468281.0260499998
20140106,998603.84008
20140103,929300.3887400001
20140102,1024155.56829
20131231,768699.81468
20131230,692071.6636800001
20131227,886828.5676500001
20131226,755158.5216000001
20131224,412339.2388
20131223,969705.4248699999
20131220,1813327.84529
20131219,913952.5803000001
20131218,1211129.68592
20131217,829634.0889099999
20131216,868304.89809
20131213,1158597.7228
20131212,862443.9360000001
20131211,928890.42737
20131210,1015767.0615399999
20131209,807390.9807
20131206,772166.6205600001
20131205,605500.74493
20131204,636608.12504
20131203,891792.4151999999
20131202,731465.6400199999
20131129,638431.74825
20131127,602875.2996200001
20131126,1222248.3948000001
20131125,851730.8443
20131122,653704.8374999999
20131121,570315.2598
20131120,497667.41546
20131119,584581.90824
20131118,916951.2500400001
20131115,666333.7797000001
20131114,610130.30914
20131113,823274.49825
20131112,622564.2657
20131111,567934.4187200001
20131108,662490.192
20131107,855201.4291200001
20131106,472298.85536
20131105,609612.09546
20131104,590199.5644800001
20131101,665768.7768
20131031,841484.2789500001
20131030,689197.40131
20131029,840134.63275
20131028,593893.8304
20131025,1041270.2407800001
20131024,1083788.5747
20131023,1387567.3782600001
20131022,1123490.48652
20131021,1838803.4807099998
20131018,5908122.3672
20131017,1869128.10859
20131016,909467.81721
20131015,709249.33398
20131014,550355.66688
20131011,619797.64608
20131010,989132.29045
20131009,1146160.00659
20131008,838096.79869
20131007,565713.21612
20131004,598418.4833000001
20131003,936880.56275
20131002,670747.01904
20131001,754094.64088
20130930,761471.89016
20130927,557280.4994
20130926,558894.7452
20130925,730734.22077
20130924,657179.9403
20130923,795956.3020200001
20130920,1981678.056
20130919,724550.8592
20130918,882701.57854
20130917,563729.88142
20130916,601421.2279500001
20130913,595199.1954600001
20130912,494197.12544999993
20130911,729124.31367
20130910,578032.6767600001
20130909,548415.2944
20130906,693832.3391999999
20130905,573753.05385
20130904,898490.7099
20130903,889943.55832
20130830,796670.77667
20130829,592396.76496
20130828,570051.76512
20130827,743658.8103
20130826,462238.92759999994
20130823,473204.79293999996
20130822,383935.21985
20130821,771715.21362
20130820,540442.98444
20130819,791837.556
20130816,725078.15882
20130815,811688.8095
20130814,914831.7798600001
20130813,632018.58096
20130812,615961.07854
20130809,595369.4811900001
20130808,670799.865
20130807,620519.47128
20130806,681436.0573999999
20130805,598752.0523600001
20130802,784818.68175
20130801,974488.3248
20130731,929567.6884799999
20130730,790094.7244
20130729,843146.13754
20130726,794979.05326
20130725,1345499.00786
20130724,940969.8758
20130723,933702.73185
20130722,1335404.1120000002
20130719,3332536.6900500003
20130718,1646668.64443
20130717,698722.752
20130716,921160.52208
20130715,914894.2899000001
20130712,1197069.36625
20130711,1201089.19185
20130710,781132.25736
20130709,896994.96064
20130708,900432.54
20130705,768103.9521999999
20130703,469554.64583999995
20130702,842999.45912
20130701,772626.64852
20130628,1044502.3841699999
20130627,853471.1397
20130626,808201.67296
20130625,1116898.59116
20130624,1325259.42864
20130621,1771801.32
20130620,1506967.3134
20130619,1326597.8862400001
20130618,978807.9594
20130617,960335.37984
20130614,992322.08142
20130613,916771.09614
20130612,971059.74352
20130611,781077.72526
20130610,1051264.14657
20130607,1187885.13291
20130606,1126388.33685
20130605,914785.8465699999
20130604,810371.7096500001
20130603,1084916.55888
20130531,866694.32213
20130530,932761.3978200001
20130529,882670.1156
20130528,1004931.2097
20130524,1013039.214
20130523,1014489.41924
20130522,1149108.14761
20130521,908367.1327499999
20130520,1043030.6433000001
20130517,1282191.36381
20130516,1462902.48866
20130515,1843697.32404
20130514,706595.97996
20130513,641882.7383999999
20130510,843550.55456
20130509,968285.9010000002
20130508,1088467.2842599999
20130507,848299.70758
20130506,931775.4705899999
20130503,1072784.97382
20130502,845123.38248
20130501,602651.29496
20130430,960587.32398
20130429,951707.08996
20130426,1007070.0867100001
20130425,813407.69393
20130424,751575.34641
20130423,935409.3417200001
20130422,1165224.93919
20130419,2344544.97455
20130418,1271053.9394
20130417,805051.97748
20130416,697963.39812
20130415,968717.31989
20130412,653042.5406099999
20130411,809965.18716
20130410,789802.72392
20130409,847427.8035399999
20130408,1108441.02438
20130405,1358118.5517000002
20130404,982829.5762599999
20130403,707903.53425
20130402,838310.5725
20130401,731159.0576000001
20130328,917343.00216
20130327,877048.4986999999
20130326,488946.85380000004
20130325,698106.6669600001
20130322,609014.1297599999
20130321,600937.2768
20130320,602271.3241000001
20130319,859591.78605
20130318,749890.6231
20130315,1273657.95642
20130314,685086.565
20130313,684221.6997
20130312,833644.66674
20130311,672480.69492
20130308,1223086.3333200002
20130307,863114.69658
20130306,1206319.72815
20130305,1712937.97064
20130304,1147490.2466000002
20130301,885797.905
20130228,916679.4678400002
20130227,818389.264
20130226,878961.6912199999
20130225,920118.6947999999
20130222,829636.82473
20130221,1408160.84088
20130220,1106421.21241
20130219,1194559.51122
20130215,1093186.09684
20130214,690507.9572399999
20130213,473749.21619999997
20130212,733112.13965
20130211,856428.1654400001
20130208,1197138.72595
20130207,1110289.64976
20130206,806621.2555
20130205,723534.29396
20130204,1165310.00184
20130201,1465677.37883
20130131,623299.05071
20130130,659898.4078800001
20130129,664526.9625600001
20130128,616905.95559
20130125,847309.6988399999
20130124,1287708.40404
20130123,2207746.5344
20130122,1330341.1056
20130118,1148032.58024
20130117,794059.1120799999
20130116,730851.73889
20130115,1438125.17035
20130114,1046035.7771000002
20130111,480379.72500000003
20130110,687553.944
20130109,754450.14404
20130108,620737.6121400001
20130107,614480.2477200001
20130104,1030122.3585599998
20130103,847419.2583999999
20130102,928400.01875
20121231,713660.9053199999
20121228,495311.07447000005
20121227,587756.51776
20121226,423364.07136
20121224,301748.07039999997
20121221,1274301.5985
20121220,604622.1497
20121219,697871.01368
20121218,1094482.1931200002
20121217,1104882.5678
20121214,755238.7588699999
20121213,1222469.11402
20121212,854769.9843799999
20121211,945942.62924
20121210,473090.56384
20121207,663053.82696
20121206,510488.84991999995
20121205,646532.8753
20121204,695122.28985
20121203,769952.6176
20121130,1115712.6114
20121129,969911.0805
20121128,1050499.4440000001
20121127,849795.7881799999
20121126,735557.88598
20121123,311262.18934
20121121,710209.34016
20121120,706569.0775499999
20121119,799329.82416
20121116,1123897.34512
20121115,604438.85448
20121114,549754.2769599999
20121113,530656.1694
20121112,472906.55059999996
20121109,1043000.15412
20121108,855691.73
20121107,751995.54393
20121106,545065.73667
20121105,564367.07106
20121102,807718.2275
20121101,711599.6314300001
20121031,528018.5686499999
20121026,665342.5082500001
20121025,821376.4433
20121024,853403.56554
20121023,1002037.18848
20121022,1390303.18276
20121019,3953536.3559999997
20121018,4356154.9996
20121017,874894.02597
20121016,774204.0202400001
20121015,1129591.7354000001
20121012,904284.6907
20121011,904871.42207
20121010,767152.69533
20121009,1128656.4220800002
20121008,749265.25732
20121005,1060877.06457
20121004,951403.78004
20121003,850508.8986300001
20121002,1058809.61314
20121001,1218880.67247
20120928,1060833.4307
20120927,1498136.68818
20120926,2158953.1335
20120925,2288881.63166
20120924,1347704.24625
20120921,2356677.1509
20120920,1069033.5036
20120919,1138280.7980300002
20120918,749746.81436
20120917,540656.25552
20120914,938696.7442600001
20120913,947798.44495
20120912,921703.5294
20120911,653604.0529600001
20120910,906061.12233
20120907,1152619.1875
20120906,1075049.504
20120905,587370.9923400001
20120904,649963.1783599999
20120831,735598.08632
20120830,560160.6876500001
20120829,1038705.6569800001
20120828,703793.1394300001
20120827,883529.84635
20120824,488913.56513999996
20120823,609826.05684
20120822,652841.9632799999
20120821,751211.531
20120820,599305.2975
20120817,744846.7118
20120816,583843.1709
20120815,812881.296
20120814,1236401.34291
20120813,1089401.5033999998
20120810,465178.5144
20120809,343260.9024000001
20120808,428408.28912000003
20120807,641249.40815
20120806,578681.56368
20120803,614512.59688
20120802,628134.1209000001
20120801,589488.1376
20120731,595812.1489799999
20120730,698402.2758
20120727,1138166.29975
20120726,522050.9652
20120725,559871.46776
20120724,615724.68346
20120723,1103690.75736
20120720,1994253.6834
20120719,1385046.41652
20120718,453888.56898
20120717,489359.23685999995
20120716,424669.83962000004
20120713,575202.5484
20120712,665522.02746
20120711,1009569.6438299998
20120710,565058.7276
20120709,507597.63081999996
20120706,639572.5279999999
20120705,706186.5780299999
20120703,353514.49350000004
20120702,485350.05924000003
20120629,737914.02412
20120628,547534.6962
20120627,486339.76667999994
20120626,385130.57275
20120625,447938.44128
20120622,635725.0337200001
20120621,574095.5137199999
20120620,684602.20754
20120619,609819.02784
20120618,719829.8960400001
20120615,855189.70712
20120614,661212.772
20120613,553342.37301
20120612,919884.00252
20120611,763919.0087100001
20120608,413474.77285999997
20120607,513405.7167299999
20120606,614430.85681
20120605,674171.5310399999
20120604,710928.06972
20120601,881973.65649
20120531,870376.7341400001
20120530,566506.02706
20120529,781811.82989
20120525,1070194.29001
20120524,576635.4412
20120523,976221.9042999999
20120522,925429.32559
20120521,953966.7880899999
20120518,1810847.2339100002
20120517,1055412.74943
20120516,1536010.5591
20120515,648899.4393000001
20120514,555658.7042500001
20120511,641617.2072
20120510,475517.53023000003
20120509,716479.34904
20120508,828266.6496
20120507,612002.1797999999
20120504,665651.4816
20120503,576199.2400499999
20120502,494307.3795
20120501,611287.58372
20120430,734914.44538
20120427,507819.24435
20120426,650394.7166
20120425,560515.032
20120424,585891.2215100001
20120423,663358.72126
20120420,920333.5281
20120419,997359.7269600001
20120418,818746.3755000001
20120417,927523.7061600001
20120416,1742346.1848
20120413,2573646.621
20120412,1874754.119
20120411,706219.295
20120410,784352.8869600001
20120409,694537.7596300001
20120405,740091.49578
20120404,522015.34268
20120403,663640.79244
20120402,746362.2168
20120330,748460.8892000001
20120329,630110.31564
20120328,840859.24375
20120327,655558.34948
20120326,596690.20722
20120323,629785.6740000001
20120322,786412.122
20120321,798319.5933599999
20120320,492944.64
20120319,695804.2927499999
20120316,963034.1536399999
20120315,764018.1503999999
20120314,913801.3081200001
20120313,700023.25327
20120312,510143.41994
20120309,809725.6403099999
20120308,412567.97532
20120307,387495.53403999994
20120306,970008.6674399999
20120305,494338.51350000006
20120302,493706.01748
20120301,703146.1679999998
20120229,979665.56347
20120228,889438.63686
20120227,557338.7450400001
20120224,596066.9605299999
20120223,628717.0333
20120222,604061.0935
20120221,769426.0082400001
20120217,747786.40701
20120216,775190.72718
20120215,740484.7884
20120214,555468.17502
20120213,561616.24575
20120210,712582.9919
20120209,699511.2696
20120208,565482.94556
20120207,641198.99685
20120206,1132085.4840000002
20120203,954292.12155
20120202,713704.60304
20120201,680526.6299999999
20120131,628084.3536
20120130,680071.3353599999
20120127,1059691.5330500002
20120126,925634.0747100001
20120125,1434245.61312
20120124,896062.19335
20120123,1009433.433
20120120,3130083.7424999997
20120119,2000336.8968
20120118,882615.72396
20120117,606207.27888
20120113,728204.0576
20120112,596296.66158
20120111,758516.37
20120110,1383109.63854
20120109,1830444.18324
20120106,883959.9004500001
20120105,1091458.9231
20120104,963993.78558
20120103,1234215.5792
20111230,581067.62007
20111229,509988.55815
20111228,687168.84304
20111227,519054.17064
20111223,464846.03927999997
20111222,579311.8698
20111221,789408.53913
20111220,759665.0769399999
20111219,672851.57579
20111216,1407831.489
20111215,753375.1507199999
20111214,1216278.6824699999
20111213,1272251.1358699999
20111212,689737.35985
20111209,875646.5861
20111208,750381.16032
20111207,710565.5519999999
20111206,732968.0296199999
20111205,1009840.08368
20111202,1279992.04211
20111201,1122124.6716
20111130,1026476.5809399998
20111129,539188.3561399999
20111128,839761.84368
20111125,444329.78039999993
20111123,669678.69846
20111122,704584.6722
20111121,878884.52784
20111118,987205.3045
20111117,1059802.3127
20111116,805365.37224
20111115,833171.7300999999
20111114,987243.1607499999
20111111,1221562.6731
20111110,861861.0816
20111109,1125902.27304
20111108,932006.5242399999
20111107,1031142.324
20111104,853551.81828
20111103,805331.51682
20111102,626387.8886000001
20111101,912846.4694000001
20111031,765650.1510600001
20111028,759985.7408000001
20111027,1142269.0699
20111026,850751.8790400001
20111025,747905.3324600001
20111024,1031613.1492799999
20111021,1010988.4423199998
20111020,995959.79028
20111019,859308.1426199999
20111018,1132202.94705
20111017,1178987.3769999999
20111014,2546593.5904
20111013,1573063.78647
20111012,879625.7659400001
20111011,782298.81138
20111010,629704.5786
20111007,742179.28872
20111006,889521.62
20111005,1152645.5217499998
20111004,1054210.6989
20111003,1119387.32124
20110930,708534.7500100001
20110929,773636.7664799999
20110928,604137.91142
20110927,818857.6513599999
20110926,706740.9769199999
20110923,737020.4894
20110922,1156758.7465499998
20110921,684237.5639399999
20110920,765740.1258
20110919,681011.3058
20110916,974021.3679
20110915,810801.28811
20110914,722501.86983
20110913,629045.82252
20110912,714341.60776
20110909,866058.54559
20110908,643100.92044
20110907,743394.3571200001
20110906,716204.11346
20110902,636295.9536
20110901,649161.90569
20110831,735066.39414
20110830,815884.37645
20110829,636005.05752
20110826,956150.26626
20110825,864882.2187
20110824,949971.8749999999
20110823,1138641.9408
20110822,1234501.0345500002
20110819,1340910.9448300002
20110818,1603405.8752
20110817,1091323.96072
20110816,1888239.5527099997
20110815,2010888.8978000002
20110812,898200.88974
20110811,1371340.23828
20110810,1488469.76819
20110809,1872994.2781200001
20110808,2064498.63318
20110805,1731812.94
20110804,1431477.6843400002
20110803,1159932.78752
20110802,956905.1414999999
20110801,1214556.29634
20110729,1260570.2902499998
20110728,955557.16686
20110727,1204784.8295500001
20110726,732613.49946
20110725,978080.5365200001
20110722,1100765.6838
20110721,1063238.88482
20110720,668125.4877
20110719,899355.5429400001
20110718,1342097.55757
20110715,4134566.5927999998
20110714,1726676.09807
20110713,758024.3000999999
20110712,763983.5222499999
20110711,753955.3469
20110708,1281101.48012
20110707,1084894.72532
20110706,728689.0495099999
20110705,1034369.5955199999
20110701,956152.42584
20110630,620911.014
20110629,588443.4915
20110628,675123.74736
20110627,839243.02644
20110624,912467.538
20110623,1163599.73886
20110622,591998.7100099999
20110621,686912.33864
20110620,741190.65786
20110617,1285039.47345
20110616,696074.24744
20110615,525705.5250799999
20110614,600131.8416
20110613,618713.4716800001
20110610,627883.9699200001
20110609,440643.26218
20110608,433362.88242
20110607,499669.90345000004
20110606,510798.4865
20110603,458640.39326000004
20110602,587862.0495
20110601,782684.442
20110531,717734.3509000001
20110527,459320.51739
20110526,554245.9912500001
20110525,341333.61519
20110524,494160.8518
20110523,589823.41468
20110520,613281.18684
20110519,661981.86048
20110518,522720.19635
20110517,884927.71752
20110516,774290.9064399999
20110513,563867.7975
20110512,391341.38508
20110511,631504.80288
20110510,559606.3857999999
20110509,528825.21322
20110506,555926.7167999999
20110505,537712.9602
20110504,572674.5599499999
20110503,560200.33769
20110502,580161.3157
20110429,968295.72545
20110428,552628.0825
20110427,623989.5577499999
20110426,950362.4595499999
20110425,432341.34426
20110421,655157.6857500001
20110420,803154.85276
20110419,706998.3717499999
20110418,1341041.04585
20110415,3762990.7055999995
20110414,1553184.33174
20110413,579292.4932
20110412,600014.21952
20110411,541518.9971400001
20110408,554635.0755
20110407,741025.5246
20110406,773634.7135200001
20110405,1736846.3074500002
20110404,609802.68736
20110401,780619.6304799999
20110331,601166.7792
20110330,417463.88580000005
20110329,471578.88764
20110328,643721.3882399999
20110325,836266.26705
20110324,621057.90798
20110323,533136.1616
20110322,550248.65052
20110321,878769.74612
20110318,934670.9786
20110317,821916.5857699999
20110316,1067210.4922800001
20110315,1152443.40783
20110314,810592.6290600001
20110311,883166.00332
20110310,916546.47414
20110309,642661.53589
20110308,683245.0415999999
20110307,1034383.69034
20110304,912790.1257999999
20110303,598832.0388000001
20110302,614896.53665
20110301,1006819.08083
20110228,706918.01246
20110225,592496.1504
20110224,833949.1445800001
20110223,886797.0157900001
20110222,1120221.83648
20110218,1022917.2274799999
20110217,466474.75895
20110216,530887.8873599999
20110215,658608.6504200001
20110214,675229.96842
20110211,816921.84066
20110210,726802.0092299999
20110209,573673.94466
20110208,528839.59867
20110207,558423.94608
20110204,477606.15952
20110203,460782.88808999996
20110202,544260.12075
20110201,844685.1292000001
20110131,850469.7656399999
20110128,1283708.4565199998
20110127,628678.77989
20110126,634528.83828
20110125,1140295.23918
20110124,1417239.08852
20110121,2744556.6441599997
20110120,1706387.64177
20110119,1086607.33265
20110118,1165256.7955800002
20110114,745861.3833000001
20110113,414480.4752
20110112,489524.97594000003
20110111,447859.51292000007
20110110,489966.28346999997
20110107,654283.3263
20110106,637619.0610300001
20110105,773179.32505
20110104,554878.78384
20110103,720390.5855999999
20101231,461045.06448000006
20101230,299236.53929
20101229,309375.21103999997
20101228,321924.6454200001
20101227,367449.04098
20101223,339023.11500000005
20101222,368977.57546
20101221,572553.51552
20101220,591768.5271
20101217,920074.1058
20101216,475962.382
20101215,645935.3015299999
20101214,493148.8121999999
20101213,720428.13353
20101210,509330.9951
20101209,558042.01567
20101208,524034.01756
20101207,901842.99254
20101206,611027.8064
20101203,761596.7877
20101202,735952.2495
20101201,1070141.00116
20101130,1992418.66593
20101129,839763.8687
20101126,390741.76552
20101124,720212.7738
20101123,636853.3049999999
20101122,649104.7249500001
20101119,685210.7581
20101118,779337.5079000001
20101117,715427.22786
20101116,971842.04784
20101115,1046430.2592000001
20101112,1033926.84875
20101111,704884.53424
20101110,784470.20184
20101109,706479.7049400001
20101108,664620.74658
20101105,557084.63216
20101104,1125048.02095
20101103,1058238.53696
20101102,620034.3758400001
20101101,958889.99052
20101029,706182.9393600001
20101028,681827.03832
20101027,697068.24066
20101026,784947.2601600001
20101025,983400.20748
20101022,697332.1185000001
20101021,898603.82404
20101020,1082628.09776
20101019,1408627.05856
20101018,2212760.43297
20101015,4497593.2935999995
20101014,1790063.4825000002
20101013,837690.28695
20101012,1025805.1568400001
20101011,714804.96375
20101008,774563.40258
20101007,641408.52517
20101006,745581.93136
20101005,950354.36496
20101004,511093.38982000004
20101001,590524.5081399999
20100930,859021.3152000001
20100929,578978.1827199999
20100928,972450.6393
20100927,830519.76852
20100924,893497.6946400001
20100923,600457.95612
20100922,660549.39535
20100921,1157793.1837900002
20100920,1130082.15292
20100917,1396839.114
20100916,478551.81668
20100915,583344.2493
20100914,537720.70961
20100913,545169.1817
20100910,474735.24924000003
20100909,584580.99444
20100908,570915.71372
20100907,400887.80133
20100903,603486.71736
20100902,394008.28764
20100901,749148.5386
20100831,442565.58934
20100830,281086.42341
20100827,532896.0598800001
20100826,404269.12009
20100825,594620.11425
20100824,627842.8091
20100823,699317.52444
20100820,911468.0027699999
20100819,925298.77671
20100818,649251.8030000001
20100817,467560.61222
20100816,320082.35506
20100813,475286.87736
20100812,547538.34226
20100811,550076.832
20100810,527708.944
20100809,476568.44688
20100806,836654.81232
20100805,621062.2747600001
20100804,972645.4810100001
20100803,445919.29464000004
20100802,460442.62130999996
20100730,525130.5228
20100729,642317.2319
20100728,610561.2621599999
20100727,609495.61365
20100726,492806.002
20100723,560254.1698
20100722,524772.6996
20100721,790990.3046
20100720,983064.0440700001
20100719,1070004.62613
20100716,1809811.5839999998
20100715,1205539.3661500001
20100714,773207.532
20100713,978235.14616
20100712,799259.73396
20100709,1021794.1289000001
20100708,612730.6344699999
20100707,711126.19318
20100706,563407.29236
20100702,426224.14328
20100701,779261.5382899999
20100630,809564.39256
20100629,800760.11829
20100628,420208.22547
20100625,529534.31643
20100624,453781.73164
20100623,493678.78095
20100622,542153.06222
20100621,736232.56565
20100618,725180.58561
20100617,499433.71534000005
20100616,579146.4697799999
20100615,1069396.15048
20100614,497301.77232
20100611,439644.64244
20100610,632989.6342399999
20100609,652436.1196
20100608,654622.5214399999
20100607,890041.1821999999
20100604,984998.1813700001
20100603,931373.3096
20100602,626317.02498
20100601,649210.7120099999
20100528,709895.98563
20100527,693071.45825
20100526,834168.1972800001
20100525,726911.6324400001
20100524,1046724.5964500001
20100521,2310559.0395
20100520,1177196.6195999999
20100519,860287.33056
20100518,709623.58525
20100517,716772.8402000001
20100514,1054652.4594
20100513,858119.39594
20100512,982765.3509000001
20100511,852976.3223799999
20100510,1085075.94429
20100507,1267637.08904
20100506,1255615.9539
20100505,1175787.23
20100504,1551948.01646
20100503,497937.82506999996
20100430,646507.76445
20100429,821961.9829800001
20100428,909497.22228
20100427,1026985.8947500001
20100426,1166865.26976
20100423,574945.6049
20100422,905766.5264999999
20100421,668012.8
20100420,834046.66638
20100419,1080384.37964
20100416,3398591.9449999994
20100415,1979787.73481
20100414,1011923.3323999998
20100413,1138486.0343999998
20100412,680202.81651
20100409,587624.08572
20100408,554290.64922
20100407,734672.06595
20100406,590843.21816
20100405,547943.6992
20100401,603869.9677999999
20100331,868054.4536000001
20100330,565927.44927
20100329,881624.36
20100326,765835.79072
20100325,1117262.8488
20100324,1847563.9919899998
20100323,1518121.7832
20100322,1127243.7534400001
20100319,1355350.49728
20100318,504887.15871000005
20100317,948225.39399
20100316,978994.94634
20100315,1320110.98128
20100312,804741.9387500001
20100311,1242000.987
20100310,1646029.51392
20100309,898247.0011600001
20100308,678021.12378
20100305,1114402.49547
20100304,891450.7471999999
20100303,848759.15657
20100302,1190024.5372
20100301,601926.61373
20100226,545265.24442
20100225,879571.08576
20100224,624442.6955700001
20100223,775961.50592
20100222,587770.1353999999
20100219,697101.04208
20100218,639218.916
20100217,551171.02271
20100216,998395.19282
20100212,584439.1688
20100211,652413.15264
20100210,721495.3649400001
20100209,763968.22342
20100208,706425.3817200001
20100205,846991.71396
20100204,898504.7448000001
20100203,818776.38305
20100202,1098408.7719
20100201,604296.084
20100129,1107896.2597999999
20100128,870777.14435
20100127,1085266.8052799997
20100126,1193396.5880000002
20100125,1205303.5257599999
20100122,1884249.45009
20100121,1830594.8969700001
20100120,951811.72281
20100119,1280770.9889
20100115,1590189.08826
20100114,1262383.5198
20100113,1925149.1597399998
20100112,1436089.9395999997
20100111,2189166.19325
20100108,1436470.5795300002
20100107,1923859.6566500003
20100106,1221943.21578
20100105,946940.9583899999
20100104,618765.2562000001
20091231,381568.49024
20091230,460832.78177
20091229,445387.02518
20091228,533794.94064
20091224,268250.0604
20091223,638879.46562
20091222,570497.0127
20091221,777342.78736
20091218,1062448.55472
20091217,791572.44933
20091216,848066.1344799999
20091215,678137.73612
20091214,575363.1135
20091211,513044.78037000005
20091210,498308.21766
20091209,528604.20828
20091208,451836.92475
20091207,484436.76918
20091204,742747.2454199999
20091203,422664.28412
20091202,493431.17647999997
20091201,691225.74051
20091130,507804.8775
20091127,405471.40578
20091125,432311.7474
20091124,472794.72438
20091123,748692.067
20091120,577576.8268200001
20091119,627062.20848
20091118,450560.38104000007
20091117,559095.67428
20091116,639842.4576000001
20091113,481762.69284000003
20091112,540910.1765000001
20091111,667859.63714
20091110,637771.9005000001
20091109,751817.99335
20091106,508508.56594999996
20091105,510733.40575
20091104,636501.5388
20091103,645453.6915000001
20091102,862839.4566800001
20091030,937766.24744
20091029,701582.7194000001
20091028,700623.04599
20091027,890634.9798900002
20091026,825483.8968799999
20091023,669043.37241
20091022,653634.7956
20091021,1021626.9919099999
20091020,1126215.552
20091019,897060.0039299999
20091016,2453700.161
20091015,1608112.76192
20091014,878139.43917
20091013,805514.3078399999
20091012,878219.9829600002
20091009,713160.80316
20091008,1117733.1679800001
20091007,1272666.0758500001
20091006,687319.27758
20091005,528898.68622
20091002,636010.40532
20091001,691150.46689
20090930,786574.32864
20090929,528204.86278
20090928,463150.62620000006
20090925,509237.66294
20090924,633741.94368
20090923,680370.3198599999
20090922,764665.6864
20090921,531209.0669
20090918,814855.1089
20090917,1112190.81561
20090916,635307.85572
20090915,578133.02415
20090914,473780.88
20090911,453450.7485
20090910,602353.89441
20090909,513724.97780000005
20090908,614691.6326899999
20090904,349323.31126000005
20090903,380100.83925
20090902,412746.57948
20090901,596711.26515
20090831,451780.70867
20090828,415905.15011
20090827,470340.40599
20090826,469545.01227
20090825,557128.11123
20090824,580759.54042
20090821,836727.7239199999
20090820,928487.35044
20090819,504155.14741000003
20090818,528473.93472
20090817,587306.90997
20090814,389141.44131
20090813,465393.684
20090812,542068.64445
20090811,392405.44670000003
20090810,401621.38835
20090807,586653.8643
20090806,479664.8675
20090805,533407.99382
20090804,547471.2455999999
20090803,590980.16177
20090731,640100.6748
20090730,719979.89317
20090729,437183.88308
20090728,562314.0082
20090727,562542.8716
20090724,817057.09104
20090723,768086.4819599999
20090722,558848.1090500001
20090721,641008.17165
20090720,684476.3122
20090717,1489393.85486
20090716,1442797.9599600001
20090715,832008.64908
20090714,619977.97008
20090713,865921.9202200001
20090710,612595.66247
20090709,678578.90867
20090708,699653.39808
20090707,652623.01072
20090706,468145.66886999994
20090702,519070.1234
20090701,488585.77064999996
20090630,552257.66816
20090629,464049.6455
20090626,699333.52725
20090625,638805.86286
20090624,507718.66275
20090623,594085.7171700001
20090622,847575.47811
20090619,902205.72196
20090618,645242.4946799999
20090617,731797.38744
20090616,640749.22156
20090615,786555.44869
20090612,625841.3898
20090611,620379.18436
20090610,733700.27055
20090609,716080.32855
20090608,686142.4732799999
20090605,825656.8321
20090604,808961.43973
20090603,769966.60335
20090602,567373.1008
20090601,714987.42143
20090529,556697.2488
20090528,552693.64275
20090527,621519.24075
20090526,633684.58118
20090522,341263.44252000004
20090521,544630.7711899999
20090520,456922.38594
20090519,571525.5790400001
20090518,671771.5290000001
20090515,592704.78201
20090514,574379.06452
20090513,558607.7949900001
20090512,764040.99528
20090511,527004.69222
20090508,794623.10368
20090507,600009.58245
20090506,536451.35815
20090505,488709.68471999996
20090504,649937.1879
20090501,482763.08997000003
20090430,871154.3067200001
20090429,711297.06025
20090428,569637.68316
20090427,446589.9980000001
20090424,664734.23775
20090423,502885.586
20090422,678298.8471
20090421,711308.3071
20090420,848528.3820000001
20090417,2125943.13
20090416,1949318.2539400002
20090415,942739.7679
20090414,638161.1655
20090413,580236.608
20090409,632850.33328
20090408,505079.80032000004
20090407,663641.83413
20090406,609343.4626399999
20090403,705047.82092
20090402,818385.0712799999
20090401,589537.99074
20090331,641427.4031
20090330,535283.12516
20090327,583364.5485999999
20090326,1069881.6198800001
20090325,752984.7224900001
20090324,669896.21374
20090323,748395.17848
20090320,790161.945
20090319,684369.68712
20090318,842572.0456000001
20090317,798181.9692
20090316,797998.1517899999
20090313,638757.04256
20090312,820597.22899
20090311,950767.31376
20090310,1046140.85049
20090309,1016930.4498599999
20090306,1127235.00604
20090305,1006768.3897699999
20090304,1259503.9649999999
20090303,1068737.5048099998
20090302,956597.42914
20090227,925341.91722
20090226,954596.9323199999
20090225,1110988.9274
20090224,1063649.9175
20090223,863393.46489
20090220,1087992.01742
20090219,863273.8852800002
20090218,1073817.54453
20090217,982603.7163300001
20090213,748774.5980400001
20090212,1016527.2855899999
20090211,945134.3899400001
20090210,1286046.3355
20090209,951092.82015
20090206,1319928.32455
20090205,1297901.68044
20090204,1179804.61396
20090203,1126728.86178
20090202,895719.0343199999
20090130,798450.47828
20090129,1262784.23919
20090128,1354013.64153
20090127,824234.61385
20090126,754187.1656
20090123,1758068.0524000002
20090122,1266465.42828
20090121,750972.9533999999
20090120,717660.3329100001
20090116,790683.9287399999
20090115,896251.2878
20090114,831059.3765100001
20090113,703623.7256400001
20090112,521880.6996
20090109,690825.86284
20090108,586809.72929
20090107,731044.78992
20090106,1084079.7
20090105,810003.90251
20090102,585980.16443
20081231,448569.2076
20081230,588323.6439
20081229,556153.3238400001
20081226,297242.55978999997
20081224,294086.47371
20081223,568689.99018
20081222,587950.25632
20081219,879109.5448
20081218,746493.8425
20081217,918130.068
20081216,1179860.65269
20081215,1052299.1367600001
20081212,911716.674
20081211,936910.53315
20081210,816794.94
20081209,1064700.93408
20081208,1242285.23121
20081205,935347.86666
20081204,677084.4189200001
20081203,833374.1601
20081202,811401.4985699999
20081201,767111.0875600001
20081128,379796.80032000004
20081126,937677.44655
20081125,1534414.1383999998
20081124,1306048.9376
20081121,1357922.4641999998
20081120,1281969.8117600002
20081119,1108748.56754
20081118,1253229.66432
20081117,1143563.0672
20081114,1489750.8335999998
20081113,2086143.0375
20081112,1476216.6300000001
20081111,1596318.9523
20081110,1300837.5379299999
20081107,782581.39304
20081106,1381324.24287
20081105,1200349.40576
20081104,1362091.0828
20081103,1041787.13647
20081031,1345747.60386
20081030,1451140.6905
20081029,1764022.2256800001
20081028,1509689.2918800001
20081027,1031814.65436
20081024,1261195.08153
20081023,1152859.22713
20081022,1177840.1804
20081021,1055109.84624
20081020,1290685.15161
20081017,2679520.7322
20081016,2865190.6607000004
20081015,1151423.09367
20081014,1434615.71474
20081013,1713618.1509999998
20081010,1777021.618
20081009,1340858.06162
20081008,2019349.2281999998
20081007,1930417.4658999997
20081006,2103745.9437999995
20081003,1561662.11325
20081002,1180058.9737500001
20081001,1295996.173
20080930,1902565.28376
20080929,2070561.664
20080926,1152237.18522
20080925,1114071.91116
20080924,932249.1755499999
20080923,1127385.63756
20080922,957337.63552
20080919,2270172.8529
20080918,1904586.1754
20080917,1910392.3327199998
20080916,1560289.37328
20080915,1439230.2948
20080912,1332654.10116
20080911,1417438.36592
20080910,1302426.8129200002
20080909,1528545.92948
20080908,1912108.4037799998
20080905,1017289.80175
20080904,1101805.78415
20080903,1012052.2258799999
20080902,1436000.4024
20080829,900517.95222
20080828,724749.15786
20080827,1038253.779
20080826,792376.4712
20080825,491241.17034
20080822,569280.4564599999
20080821,862033.85114
20080820,975613.765
20080819,754770.35358
20080818,839156.58733
20080815,913627.4177999999
20080814,745143.72945
20080813,914986.3100299999
20080812,698426.2548899999
20080811,1071974.156
20080808,934994.7115500001
20080807,668687.26084
20080806,829205.0376
20080805,866225.74954
20080804,579822.90036
20080801,710913.79242
20080731,685535.56254
20080730,850055.01963
20080729,683968.7116399999
20080728,761411.08351
20080725,791140.8046800001
20080724,850591.0364399999
20080723,1208745.69829
20080722,1130519.34457
20080721,1394741.98829
20080718,2743932.156
20080717,2333806.26354
20080716,1282262.57296
20080715,1582704.7466999998
20080714,1165878.6949500002
20080711,1342226.5583
20080710,1180893.3995599998
20080709,1135461.6621599998
20080708,1381622.71036
20080707,1168883.212
20080703,651210.08436
20080702,1124157.7723800002
20080701,1339663.1113200001
20080630,1000398.7516800001
20080627,1443739.82775
20080626,1510925.2124599998
20080625,1147240.0770999999
20080624,1279863.84246
20080623,1001011.24502
20080620,1651229.9540099998
20080619,1608148.4569
20080618,959631.8987199999
20080617,996105.59608
20080616,1025071.27515
20080613,1785412.0291999998
20080612,1533155.9168399998
20080611,1049865.2837999999
20080610,1023210.0937
20080609,1490203.3893199998
20080606,1355977.87018
20080605,1161211.78537
20080604,972091.3368
20080603,1233754.91936
20080602,1066029.44532
20080530,951075.4537000001
20080529,1426772.6905
20080528,1162514.58336
20080527,1094537.8865599998
20080523,1218933.45343
20080522,1408766.60484
20080521,1796641.3813200002
20080520,968397.58684
20080519,1634995.8255900003
20080516,1252336.41988
20080515,1274431.3121699998
20080514,1273169.06976
20080513,1520155.1065
20080512,1437172.76184
20080509,1298420.08895
20080508,1507836.466
20080507,1933532.0486400002
20080506,1370643.285
20080505,1884625.0252199997
20080502,2055267.1109999998
20080501,1978100.4962799998
20080430,2292324.3642
20080429,1225699.3972699998
20080428,1115950.5773
20080425,1144484.46288
20080424,1134080.38162
20080423,1357998.4929
20080422,2225413.572
20080421,2021023.8064400002
20080418,4967898.956800001
20080417,2977629.6452
20080416,1751213.9244600001
20080415,1031961.81924
20080414,875596.8078
20080411,959208.92056
20080410,1201725.3349499998
20080409,1418072.9027999998
20080408,1071109.3399500002
20080407,1430968.5288
20080404,1402771.51577
20080403,1558342.8949
20080402,1411056.0832500001
20080401,1433203.92975
20080331,987692.8525
20080328,968178.0499499999
20080327,1308277.08512
20080326,1198189.10745
20080325,1327892.91439
20080324,1571777.5837500002
20080320,2170084.45709
20080319,1348244.11962
20080318,1604444.71144
20080317,1671206.7414
20080314,1454249.80349
20080313,1727285.0915
20080312,1478990.8199
20080311,1961033.33286
20080310,1668294.3842799999
20080307,1766910.0152
20080306,1632555.4407000002
20080305,1681300.4152000002
20080304,3058886.6033
20080303,1743086.96002
20080229,2236107.9961699997
20080228,1581304.12964
20080227,2417552.2206
20080226,5459508.0456
20080225,2049403.82516
20080222,1414699.84784
20080221,1441017.86504
20080220,1712814.65056
20080219,1632466.48274
20080215,1392004.7341200002
20080214,1741202.6929800003
20080213,1768517.07648
20080212,1743057.95315
20080211,1533562.15976
20080208,1782272.9519999998
20080207,2022285.25478
20080206,1932764.10624
20080205,2867726.7362
20080204,3292680.8304000003
20080201,4583886.244000001
20080131,4153651.683
20080130,2196077.87904
20080129,1745566.7586499997
20080128,1630278.92255
20080125,1988554.62465
20080124,2726564.8136
20080123,4695881.9397
20080122,2799088.92218
20080118,2580631.5287699997
20080117,2487831.3539199997
20080116,3285523.2781999996
20080115,1791923.6988000001
20080114,1468332.20058
20080111,1603956.54177
20080110,2069227.6714199998
20080109,2223702.06768
20080108,1700074.50556
20080107,2100005.6847400004
20080104,1777998.9773999997
20080103,1125843.11424
20080102,1489708.09464
20071231,824233.7788999999
20071228,898852.12992
20071227,1041525.9734
20071226,906852.59012
20071224,576383.5098
20071221,1890550.0115699999
20071220,1539748.97307
20071219,1512460.8605100003
20071218,2437286.43546
20071217,1854495.0658800001
20071214,1279740.8187199999
20071213,1816170.7574000002
20071212,2174871.07473
20071211,2165620.0163999996
20071210,1399022.76783
20071207,1387357.8978600001
20071206,1773336.21694
20071205,1483836.92935
20071204,1462495.9104000002
20071203,1487423.35478
20071130,2762906.12073
20071129,2184234.32625
20071128,2763247.58248
20071127,3029464.1905
20071126,2283476.90768
20071123,936260.0641199999
20071121,2340193.81128
20071120,3199313.13015
20071119,1747360.4722199999
20071116,2892763.01
20071115,2214811.12806
20071114,2613745.35234
20071113,2811327.24224
20071112,3265465.0383
20071109,3818914.7099999995
20071108,5786253.4296
20071107,3051544.36704
20071106,3158119.95541
20071105,3255287.3984
20071102,2087307.2195999997
20071101,2318076.915
20071031,2455890.70986
20071030,2409370.93352
20071029,1051867.86657
20071026,1142778.32886
20071025,1955125.14376
20071024,2526276.0996899996
20071023,2318024.5375200002
20071022,2189022.41432
20071019,5135021.2652
20071018,3804773.904
20071017,1925380.7999999998
20071016,1861034.95622
20071015,2175133.4465
20071012,2196904.9843400004
20071011,3680485.386
20071010,1687035.53431
20071009,2723895.3052
20071008,1546629.2950499998
20071005,1520770.3306399998
20071004,871492.67436
20071003,1144356.7704399999
20071002,2082716.8848
20071001,1384222.5384
20070928,715726.53735
20070927,583011.09912
20070926,960170.554
20070925,782826.23991
20070924,1518085.5139100002
20070921,2265940.81827
20070920,1542793.65228
20070919,1526692.29312
20070918,1138816.70484
20070917,583019.32485
20070914,737399.7973000001
20070913,501195.05939999997
20070912,787503.81256
20070911,711972.5187
20070910,838344.0658499999
20070907,960823.5565500001
20070906,958859.9992499999
20070905,882822.27906
20070904,979638.1868799999
20070831,774985.2616799999
20070830,683794.86006
20070829,659899.0408799999
20070828,837028.99413
20070827,602778.8971599999
20070824,643194.86
20070823,795936.2736000001
20070822,825457.35871
20070821,923836.12364
20070820,678424.8960000001
20070817,1384554.4037000001
20070816,2142878.51463
20070815,1359312.52441
20070814,930492.0454800001
20070813,827737.1255999999
20070810,1530489.9982499997
20070809,1256228.17461
20070808,1079829.2032
20070807,1111136.4954600001
20070806,939310.08534
20070803,806567.5424200001
20070802,813770.3128
20070801,1144768.7088000001
20070731,1099885.66182
20070730,1033260.9931799999
20070727,1411269.39086
20070726,1764510.1501300002
20070725,1427032.04
20070724,1446407.18552
20070723,1643348.2863
20070720,4668183.0294
20070719,2932118.0416
20070718,1686872.53544
20070717,1209104.64696
20070716,1843501.2572599996
20070713,1460460.5428400002
20070712,947569.41916
20070711,909759.4344000001
20070710,1057890.54441
20070709,1020419.8906299999
20070706,748423.26832
20070705,1351610.2656
20070703,504722.05840000004
20070702,932329.18168
20070629,1024489.9862400001
20070628,1105312.2692699998
20070627,1627682.3101500003
20070626,1523130.1751200003
20070625,2111325.4824200002
20070622,1907226.59075
20070621,1145030.8043999998
20070620,1117157.70864
20070619,1131354.6972
20070618,1260699.6667499999
20070615,1577722.00095
20070614,1173762.4293
20070613,1795061.2853599999
20070612,1636761.49648
20070611,1200943.8945
20070608,1655562.5267999999
20070607,2766023.0142
20070606,2064505.78406
20070605,2738043.7463999996
20070604,1818385.75818
20070601,1213035.14136
20070531,2243965.10784
20070530,1824868.6735999999
20070529,1283623.41654
20070525,1306100.0075
20070524,1000022.3986200001
20070523,1210940.63078
20070522,922817.37772
20070521,1463383.63836
20070518,877030.3712800001
20070517,1108734.8532
20070516,1564908.4701
20070515,952948.0099200001
20070514,903363.7347
20070511,691962.55185
20070510,859878.91786
20070509,922015.19912
20070508,685023.80542
20070507,712597.6787999999
20070504,939921.0484
20070503,858913.58245
20070502,720514.4495999999
20070501,866387.45112
20070430,866955.86832
20070427,707887.10652
20070426,1002541.24272
20070425,957172.0257
20070424,891006.8574399999
20070423,1373236.502
20070420,2962567.7064
20070419,2661540.7824999997
20070418,1361865.27855
20070417,765407.1606000001
20070416,1216535.25114
20070413,655898.58086
20070412,639317.2464
20070411,893201.6109
20070410,702052.7217
20070409,724150.81169
20070405,646664.1781400001
20070404,898854.5712300001
20070403,1555158.839
20070402,798188.46144
20070330,782290.8068799999
20070329,928577.02977
20070328,1081543.6606400001
20070327,873853.8317999999
20070326,1104577.2717
20070323,959573.7936699999
20070322,1325655.2837999999
20070321,1337098.32204
20070320,769437.39498
20070319,1174047.95264
20070316,1260099.8272199999
20070315,888920.1288
20070314,1812384.4247
20070313,1426943.2254
20070312,795382.59021
20070309,1137631.65069
20070308,1231678.964
20070307,1503078.2928
20070306,1741173.24691
20070305,1408799.7618800001
20070302,1458721.4448
20070301,1966250.5256999996
20070228,1822650.10224
20070227,2113884.70338
20070226,932121.0578200001
20070223,922807.95204
20070222,1380645.61895
20070221,1349295.72764
20070220,967539.8312799999
20070216,1465698.79797
20070215,939760.8195500001
20070214,1341404.42928
20070213,942168.92959
20070212,1330601.347
20070209,1133113.68028
20070208,969408.96156
20070207,977930.6057999999
20070206,1266055.75005
20070205,1700216.0776799999
20070202,1527235.57571
20070201,3804453.5945
20070131,3022064.7688
20070130,1042635.0847
20070129,1187794.40713
20070126,1376326.38825
20070125,1569707.96704
20070124,1526773.5662
20070123,1125800.3974000001
20070122,1311901.11135
20070119,1231534.38551
20070118,1458931.3349399997
20070117,1682399.6912
20070116,1926656.97798
20070112,1139549.8121
20070111,1818987.1040100001
20070110,1463859.20175
20070109,1319683.13775
20070108,1160991.51024
20070105,1690492.6469
20070104,1924081.0922400001
20070103,1812227.7297999999
20061229,595391.3473200001
20061228,727982.68424
20061227,1000160.6247999999
20061226,479178.32256
20061222,917667.53865
20061221,1601691.3346499999
20061220,1024372.7525200001
20061219,1550658.43725
20061218,1873766.5713
20061215,1258814.7030200001
20061214,1156561.2313199998
20061213,1125733.65956
20061212,1025144.04382
20061211,797595.6156499999
20061208,971156.71545
20061207,1137068.8158
20061206,1098492.99534
20061205,1009043.47236
20061204,1200151.35084
20061201,1367181.04777
20061130,1364189.9804
20061129,1545870.35348
20061128,1927627.65553
20061127,1792048.03755
20061124,442481.4091
20061122,1154849.7924600001
20061121,2169480.6898
20061120,1277734.91563
20061117,1384024.59468
20061116,1267592.8755
20061115,2076274.4064999998
20061114,1785186.56085
20061113,1054714.37533
20061110,668567.55058
20061109,1164394.49375
20061108,1909578.0861
20061107,1169015.4208
20061106,1202384.0533500002
20061103,1169423.58253
20061102,1242803.09377
20061101,1281480.43968
20061031,1511276.2244
20061030,1579891.6387800002
20061027,1583574.3650800001
20061026,1722582.16065
20061025,2253205.8308
20061024,2067686.9007700002
20061023,3664235.251
20061020,2703711.258
20061019,2470004.613
20061018,1273297.9331
20061017,1093070.63808
20061016,920085.4605599999
20061013,781884.03165
20061012,1045592.6
20061011,1214153.91536
20061010,2108903.71776
20061009,1641245.16673
20061006,1558160.9558899999
20061005,1175751.09012
20061004,1398743.18001
20061003,1115216.8911
20061002,740652.3504799999
20060929,672863.2984200001
20060928,1040608.74812
20060927,1195914.59992
20060926,1086463.2316200002
20060925,1149438.5599
20060922,948081.1158
20060921,2196733.4032
20060920,1833854.8753600002
20060919,2914943.5532
20060918,1488459.0925999999
20060915,1617298.6075
20060914,1094889.0163399999
20060913,2004812.7624
20060912,1077253.16109
20060911,878617.4357799999
20060908,588451.6373899999
20060907,714603.40659
20060906,714584.5323900001
20060905,790783.77936
20060901,510599.05874999997
20060831,565754.82494
20060830,777949.65477
20060829,851827.42248
20060828,801128.61703
20060825,465061.40325000003
20060824,657463.44048
20060823,685716.96384
20060822,795315.2423700001
20060821,764673.38142
20060818,958357.5834
20060817,989654.81664
20060816,1145857.2448
20060815,1288974.8668499999
20060814,926371.9757600001
20060811,700786.2468000001
20060810,805318.8381
20060809,820475.73795
20060808,1103552.9376400001
20060807,752988.0981599999
20060804,962238.7178999999
20060803,1199554.62732
20060802,1316330.631
20060801,1034970.2646599999
20060731,897207.56728
20060728,800515.13666
20060727,1089537.71685
20060726,1076526.63792
20060725,1130705.05944
20060724,1594408.93632
20060721,2315569.2948
20060720,2467154.6195
20060719,1716126.6997500001
20060718,1729813.086
20060717,1197243.63336
20060714,1538748.5440800001
20060713,1428710.72952
20060712,1033751.60511
20060711,1280308.3998200002
20060710,936929.02875
20060707,1282506.6078899999
20060706,787855.32056
20060705,1061058.2586
20060703,461076.85596
20060630,1235657.90096
20060629,1404885.1383
20060628,760776.2549399999
20060627,834252.6466399999
20060626,724514.92141
20060623,1086318.2631
20060622,1211864.8332
20060621,1775765.5069499998
20060620,786970.50124
20060619,1606653.06781
20060616,1044526.0237600001
20060615,1339775.3107899998
20060614,1507943.6369999999
20060613,1493849.94
20060612,966990.39636
20060609,1201685.91717
20060608,2057821.8732999999
20060607,1739744.592
20060606,2020051.79
20060605,1051241.6031
20060602,1224051.0041399999
20060601,1213398.3104
20060531,1498588.92174
20060530,809497.13768
20060526,705938.33408
20060525,1585108.99656
20060524,1839629.3095
20060523,1702542.15756
20060522,1611656.3168999997
20060519,2129908.6067
20060518,1093175.0372
20060517,1983565.5426
20060516,1217431.89108
20060515,1631441.8991599998
20060512,1905979.2692
20060511,1736108.1784700002
20060510,1258680.2832799999
20060509,1886988.9464999998
20060508,1020242.2921599998
20060505,1206213.76364
20060504,927280.62861
20060503,1601698.78101
20060502,2612331.5757
20060501,2085412.1600000001
20060428,1564685.2676
20060427,1767783.18668
20060426,1565625.36466
20060425,2062198.4552200001
20060424,1965719.8730400002
20060421,4978209.792
20060420,2530252.0763999997
20060419,1405076.95872
20060418,1642207.6426
20060417,1696641.9075000002
20060413,1329870.8906500002
20060412,1242391.7451000002
20060411,2296303.5017999997
20060410,1959947.9058599998
