20160408,374289.61647999997
20160407,370231.76144
20160406,481907.61365
20160405,353334.88836000004
20160404,418856.87584
20160401,417043.87724999996
20160331,429550.40183
20160330,336068.0701
20160329,494821.28878
20160328,313816.37154
20160324,358404.17370999994
20160323,293706.25211999996
20160322,353589.537
20160321,373013.88474
20160318,927891.9431299999
20160317,729692.5076
20160316,382564.23008
20160315,486021.62788000004
20160314,445957.26936000003
20160311,694457.2490600001
20160310,525254.2527600001
20160309,628307.1058400001
20160308,515241.9399
20160307,459059.0712
20160304,541360.99006
20160303,386458.71510000003
20160302,298303.48716
20160301,410996.56662
20160229,427588.02762999997
20160226,368096.1266
20160225,290874.60295000003
20160224,414681.4692
20160223,330456.37029999995
20160222,351356.98248
20160219,377909.16466
20160218,539458.04055
20160217,573489.38739
20160216,403985.97072000004
20160212,438902.90926000004
20160211,369359.9641200001
20160210,332850.38596
20160209,460323.21131999994
20160208,475380.61251999997
20160205,408099.85695
20160204,536342.3505
20160203,540726.1548
20160202,475606.02924999996
20160201,535041.9574
20160129,754564.09114
20160128,343496.84990000003
20160127,430133.33965000004
20160126,396732.71105
20160125,282469.23012
20160122,319420.64252000005
20160121,466419.09599999996
20160120,491367.76470000006
20160119,445856.63244
20160115,624990.7901900001
20160114,720147.07232
20160113,539512.10638
20160112,421766.22531
20160111,714668.8372600001
20160108,466769.38139
20160107,535056.69875
20160106,427072.7601
20160105,344748.54291
20160104,409157.43299999996
20151231,219889.89836999998
20151230,159354.99384
20151229,197675.75808
20151228,164839.32441
20151224,106785.63894
20151223,271102.0634
20151222,383318.42076
20151221,351503.18042
20151218,935958.906
20151217,433796.61736000003
20151216,474966.7240500001
20151215,430849.75392000005
20151214,403962.71815999993
20151211,409141.34871999995
20151210,367027.66664999997
20151209,338088.16476
20151208,365678.69415
20151207,349106.91933000006
20151204,646150.2723
20151203,528992.00332
20151202,307058.2821
20151201,338192.2005
20151130,521116.96940999996
20151127,169995.09618
20151125,233275.11398
20151124,245200.516
20151123,262287.08471
20151120,414757.54477
20151119,388799.73375
20151118,357631.76465
20151117,266099.44064000004
20151116,314013.6251
20151113,289547.286
20151112,331729.27635999996
20151111,218030.35275
20151110,215951.328
20151109,343553.408
20151106,471208.63626000006
20151105,232002.82575999998
20151104,350378.04027999996
20151103,304362.30734
20151102,253741.98173
20151030,359129.5084
20151029,265685.15706
20151028,288889.5738
20151027,291664.80668
20151026,364674.99120000005
20151023,386015.79510000005
20151022,425812.84695000004
20151021,324198.27408
20151020,398866.13392
20151019,424042.77918000007
20151016,480674.67756
20151015,505633.5354599999
20151014,469401.12384
20151013,260758.02144
20151012,202043.79912
20151009,425255.56856999994
20151008,329436.4788
20151007,304431.94432
20151006,287056.02207999997
20151005,466977.14405
20151002,298523.3862
20151001,314789.84844
20150930,394133.57307000004
20150929,329869.00607999996
20150928,341874.57642
20150925,273308.39379999996
20150924,246612.40417
20150923,195939.22278000004
20150922,290865.04704
20150921,298211.22496
20150918,671071.3158
20150917,374561.82
20150916,486458.7558
20150915,325305.98846
20150914,287597.4096
20150911,415969.97994
20150910,305354.27505
20150909,317705.44392
20150908,381226.79824000003
20150904,404512.51842000004
20150903,266917.042
20150902,282843.2354
20150901,396805.63697999995
20150831,336089.1912
20150828,282478.7814
20150827,337107.8648
20150826,463642.894
20150825,490116.82903
20150824,890032.491
20150821,572783.76798
20150820,345884.13927999994
20150819,278228.15975999995
20150818,193883.12366
20150817,262016.7921
20150814,264094.4328
20150813,371603.30225999997
20150812,234307.70004
20150811,303378.24363
20150810,212168.02535
20150807,205022.39793
20150806,188574.23360000004
20150805,235191.81399000002
20150804,202697.75877000001
20150803,224238.86347999997
20150731,253609.10844
20150730,234238.09084
20150729,237236.2022
20150728,485307.65919999994
20150727,383304.23454000003
20150724,256299.12215000004
20150723,191685.2711
20150722,275839.97088
20150721,263949.58044000005
20150720,279557.14353
20150717,499297.57155
20150716,668719.31544
20150715,288575.01162
20150714,192337.40916
20150713,266429.11224
20150710,291518.96176
20150709,254224.16951999997
20150708,252973.20414
20150707,445948.79256
20150706,205805.2976
20150702,241690.49328
20150701,327972.8991
20150630,345023.46016
20150629,269843.27868000005
20150626,372910.43374999997
20150625,336829.152
20150624,414891.55041
20150623,243628.77744
20150622,336768.7743
20150619,617447.71648
20150618,322036.95508
20150617,338988.54885
20150616,318525.01453999995
20150615,318219.67422
20150612,500857.62676
20150611,301912.443
20150610,517476.87966000004
20150609,308435.4455
20150608,345708.4302
20150605,489347.2405
20150604,267264.06286999997
20150603,242060.36946000002
20150602,309923.51355
20150601,281078.87802
20150529,370342.00944
20150528,240103.25152000002
20150527,289392.72144
20150526,247505.28712
20150522,230053.22505000004
20150521,258642.63414
20150520,205931.62394999998
20150519,252910.80736
20150518,272550.35255
20150515,320003.23475999996
20150514,536910.53922
20150513,364977.46331
20150512,254296.13341
20150511,265525.97407
20150508,373180.50273
20150507,273120.71050000004
20150506,446078.19482
20150505,240458.04692
20150504,206560.504
20150501,272632.43074
20150430,513911.10092
20150429,486384.64413
20150428,421037.69343999994
20150427,399383.85755
20150424,371940.81075
20150423,363197.0301
20150422,498006.80197000003
20150421,369061.0285
20150420,542866.00676
20150417,707896.5574800001
20150416,2005530.0768
20150415,564567.38
20150414,382039.52495
20150413,277475.73118999996
20150410,300361.7565
20150409,262143.3303
20150408,351911.77368
20150407,372413.39225999994
20150406,433754.59880000004
20150402,366622.49608
20150401,525269.1313199999
20150331,564829.46244
20150330,336895.05779999995
20150327,396147.09323000006
20150326,539178.9614200001
20150325,607544.6117
20150324,465656.8095
20150323,386374.41942
20150320,867219.7905000001
20150319,744889.32148
20150318,720757.99008
20150317,322538.90706
20150316,417623.66979
20150313,412259.06940000004
20150312,378423.6180000001
20150311,565818.94776
20150310,560038.5109999999
20150309,367999.53880000004
20150306,620979.87
20150305,279352.19074999995
20150304,294048.13878000004
20150303,297508.9496
20150302,264518.5914
20150227,495078.31799999997
20150226,246031.42319999996
20150225,237335.67654999997
20150224,276703.53718000004
20150223,278712.73449
20150220,296646.36624000006
20150219,311830.43526000006
20150218,206443.49300000002
20150217,363196.56554999994
20150213,407801.1982500001
20150212,444864.2378
20150211,467701.02544000006
20150210,545835.34372
20150209,315188.74448999995
20150206,482977.20744
20150205,521599.8093399999
20150204,422799.74352
20150203,337439.43743999995
20150202,336372.741
20150130,536621.77016
20150129,332436.95246
20150128,472635.06012
20150127,697016.2655999999
20150126,386888.0928
20150123,548006.77162
20150122,515946.37347999995
20150121,380991.0932
20150120,515218.79682
20150116,603640.9455
20150115,419871.80861999997
20150114,382159.03248000005
20150113,482326.6101
20150112,331585.34695
20150109,354747.36704
20150108,546232.4725
20150107,612155.8768099999
20150106,811931.8389999999
20150105,499293.51185999997
20150102,307100.55757999996
20141231,300779.0487
20141230,222648.69
20141229,218154.7264
20141226,142429.56012
20141224,145371.3113
20141223,369589.27179999993
20141222,493443.99626
20141219,757122.7504499999
20141218,561126.47774
20141217,546210.01425
20141216,684028.17453
20141215,599130.0157
20141212,415264.85027999996
20141211,359159.96392
20141210,395931.15839999996
20141209,299692.44656
20141208,283855.20042
20141205,369181.41958
20141204,358863.39405
20141203,338945.88070000004
20141202,357071.78223
20141201,307085.034
20141128,280862.83244
20141126,230850.39939999997
20141125,436191.9584
20141124,336002.33
20141121,596111.6460000001
20141120,543061.19907
20141119,393326.8755
20141118,318348.88499
20141117,318171.1356
20141114,517014.09096
20141113,277949.9423
20141112,249011.64630000002
20141111,212547.86841000002
20141110,282221.69702
20141107,283304.9188
20141106,534567.25
20141105,364712.25340000005
20141104,245821.4808
20141103,298933.48512
20141031,434032.07516999997
20141030,238703.49989999997
20141029,302986.47423
20141028,320515.34333
20141027,250664.23052
20141024,286665.2404
20141023,432538.40812000004
20141022,467758.42079999996
20141021,403462.73055000004
20141020,479796.05234
20141017,655464.308
20141016,601314.1398600001
20141015,702256.2938999999
20141014,399925.72063999996
20141013,369892.86739999993
20141010,445177.83212
20141009,535110.59304
20141008,451961.5466400001
20141007,378278.58822000003
20141006,226176.62967
20141003,363546.97722000006
20141002,463979.50010999996
20141001,482991.97657999996
20140930,811648.1328
20140929,384868.51437999995
20140926,457039.56732
20140925,436049.46270000003
20140924,470160.5118
20140923,472410.45139999996
20140922,599668.8541
20140919,672120.06745
20140918,366059.27736
20140917,306567.6174
20140916,273980.64443999995
20140915,332348.4302
20140912,301272.44646
20140911,369246.579
20140910,288200.8918
20140909,326294.27539
20140908,407515.92
20140905,237744.88605
20140904,267146.94224999996
20140903,209137.17020000002
20140902,285886.51057
20140829,219994.60098
20140828,153241.63470000002
20140827,178542.9965
20140826,206652.50592
20140825,243518.34108
20140822,318336.2696
20140821,185947.07885000002
20140820,207740.4278
20140819,194050.72482
20140818,261834.72729
20140815,357171.6135
20140814,152525.44728000002
20140813,198978.96799
20140812,184884.44982
20140811,288016.36465
20140808,319382.27584
20140807,367656.95042999997
20140806,421875.94716000004
20140805,302315.57448
20140804,269625.80895
20140801,323716.54770000005
20140731,379186.76665
20140730,388570.42400999996
20140729,226628.45065
20140728,257444.18304000003
20140725,230373.43495
20140724,306598.88350000005
20140723,233996.8002
20140722,234103.67813999997
20140721,280095.68201
20140718,392582.46301999997
20140717,501581.2071
20140716,528879.505
20140715,488116.86715000006
20140714,298265.83875
20140711,415205.85365999996
20140710,464018.4879
20140709,274265.01648
20140708,321525.169
20140707,364113.49344
20140703,305270.88207
20140702,367899.41333999997
20140701,557073.0656399999
20140630,676196.38298
20140627,1368880.8074999999
20140626,928697.6186999999
20140625,412349.50986
20140624,477015.0561
20140623,496681.16834000003
20140620,818570.53782
20140619,652610.9643600001
20140618,434806.90343999997
20140617,374251.09986
20140616,405099.32032
20140613,279753.0211
20140612,348546.05872
20140611,288433.794
20140610,307187.24718
20140609,253013.68862
20140606,224673.00811999998
20140605,294224.5935
20140604,221455.23815
20140603,270086.05789
20140602,285621.93408
20140530,369477.86270000006
20140529,422255.63153
20140528,373764.1861
20140527,361007.62710000004
20140523,328168.17088
20140522,398036.44104
20140521,430327.86500000005
20140520,289467.11488
20140519,232018.18458
20140516,545169.04398
20140515,350555.18057
20140514,273968.84900000005
20140513,318356.29969
20140512,278444.07855
20140509,247423.68
20140508,302666.24042
20140507,309306.426
20140506,277330.30416
20140505,198695.92724000002
20140502,307031.34666
20140501,300403.42556
20140430,424938.55902
20140429,382371.48144999996
20140428,608115.26538
20140425,367995.04403999995
20140424,308661.94557
20140423,312189.50875
20140422,311420.99678
20140421,309356.645
20140417,653425.37795
20140416,445009.88583000004
20140415,411123.99896
20140414,414791.69591
20140411,462510.06478
20140410,535471.69248
20140409,322522.45848
20140408,464920.45446
20140407,433508.0688
20140404,471755.3204
20140403,299716.25464
20140402,351693.5492
20140401,435486.18260999996
20140331,515742.35736
20140328,330341.2256
20140327,371282.9885999999
20140326,391822.324
20140325,379892.0016
20140324,424400.30516
20140321,880351.7400000001
20140320,354112.69992
20140319,394721.6728
20140318,297632.53819
20140317,357552.50904000003
20140314,381706.51089
20140313,339554.10948000004
20140312,345490.7547
20140311,422900.95792
20140310,367676.89770000003
20140307,432598.04094000004
20140306,416686.33817999996
20140305,311660.31951999996
20140304,456498.34812
20140303,425569.47835000005
20140228,369674.14905
20140227,482594.09884
20140226,419615.7075
20140225,428544.29535000003
20140224,399681.74883000006
20140221,428417.22511
20140220,362351.37740999996
20140219,355784.3788
20140218,479087.95851
20140214,533986.23394
20140213,364121.50852
20140212,404735.41796
20140211,477658.13638
20140210,514310.19831
20140207,695189.13825
20140206,656190.47161
20140205,541281.5668
20140204,608729.3052
20140203,741610.8268800001
20140131,625263.54318
20140130,554544.04313
20140129,823911.1656
20140128,480908.06776
20140127,439778.8409
20140124,658423.5855
20140123,378795.25492000004
20140122,286409.91793
20140121,380316.71481
20140117,514276.17812999996
20140116,580328.77292
20140115,459081.13776
20140114,503209.3347
20140113,577063.83975
20140110,747058.4328899999
20140109,557351.3979
20140108,907800.3803
20140107,635310.51448
20140106,452160.44067000004
20140103,329029.6335
20140102,322400.29338
20131231,331009.22251
20131230,338103.72
20131227,264213.9433
20131226,225691.18611
20131224,163134.39424000002
20131223,355203.84349999996
20131220,824718.02088
20131219,484438.06864
20131218,587616.10428
20131217,479387.00190000003
20131216,466174.15499999997
20131213,311129.23912
20131212,393533.12483999995
20131211,459856.12656
20131210,408039.28803
20131209,396999.56505
20131206,415828.75485
20131205,478153.19331
20131204,386200.32946
20131203,446020.86528
20131202,332117.02307999996
20131129,255796.76304000005
20131127,310053.609
20131126,718314.4259200001
20131125,404563.58922
20131122,618618.90445
20131121,1354247.336
20131120,897782.9079999999
20131119,289223.29209
20131118,317426.02268
20131115,373595.79856
20131114,341516.7008
20131113,337408.70832
20131112,350930.12875
20131111,306671.56695
20131108,444598.37779999996
20131107,466443.79689
20131106,355750.8092
20131105,278056.09728
20131104,323929.72225
20131101,367520.88384
20131031,475881.63920000003
20131030,331347.58692000003
20131029,388033.12872
20131028,470972.5251
20131025,408447.86059999996
20131024,449701.9512400001
20131023,372667.23456
20131022,460634.41578
20131021,298585.7838
20131018,491525.08259
20131017,546220.2563799999
20131016,408372.64995000005
20131015,425682.52650000004
20131014,393040.49678
20131011,508806.93556
20131010,502434.45792
20131009,614984.64032
20131008,399014.77924
20131007,322812.6642
20131004,313354.27072000003
20131003,348887.28511
20131002,380346.37607999996
20131001,309170.9768
20130930,371337.05868
20130927,289879.35948000004
20130926,315469.77333
20130925,346768.81416
20130924,490875.94167000003
20130923,1240834.1375
20130920,1881185.2309
20130919,431137.53684
20130918,524387.9914
20130917,366472.32006
20130916,375442.34875
20130913,391123.62827999995
20130912,365636.78004
20130911,484029.15104
20130910,375876.96460999997
20130909,335096.00964000006
20130906,300936.90242999996
20130905,362529.2813
20130904,310914.6261
20130903,393935.98020000005
20130830,365964.0852
20130829,378357.18048
20130828,505677.96510000003
20130827,420755.14429
20130826,288688.53075
20130823,369769.73986
20130822,397181.56434
20130821,594071.12261
20130820,502160.2298999999
20130819,378711.88508
20130816,403976.9965
20130815,316356.45446
20130814,259447.16410000002
20130813,268156.63049999997
20130812,257707.5235
20130809,296101.44450000004
20130808,374720.4368
20130807,371700.97399
20130806,375501.44973
20130805,249021.85278000002
20130802,311729.03213
20130801,472129.28669
20130731,479322.61286000005
20130730,327449.44981
20130729,288197.53942000004
20130726,340022.61656
20130725,352854.3936
20130724,457885.5839400001
20130723,369432.57892
20130722,386172.44936
20130719,464924.53043000004
20130718,548839.75125
20130717,390680.14232999994
20130716,443778.0396
20130715,323747.84693999996
20130712,444800.95139999996
20130711,524748.83366
20130710,445430.66457
20130709,382705.53594000003
20130708,387423.69112999993
20130705,265998.0213
20130703,181806.2415
20130702,418172.90064
20130701,467238.72873000003
20130628,963718.5284000001
20130627,463229.5437
20130626,564525.5008800001
20130625,552182.0920000001
20130624,592765.6671
20130621,970044.2234
20130620,823676.74055
20130619,436988.64518000005
20130618,267588.2093
20130617,423931.02674999996
20130614,351072.82056
20130613,357285.01373999997
20130612,384447.09615
20130611,332810.96289
20130610,356298.39861
20130607,520357.12352
20130606,913703.152
20130605,405306.14282
20130604,434383.41879
20130603,605630.62394
20130531,673583.6448599999
20130530,404233.98960000003
20130529,626283.7740000001
20130528,585965.6376
20130524,359125.02496
20130523,514742.84828000003
20130522,658827.14689
20130521,491107.5984
20130520,366246.185
20130517,491919.29696
20130516,489887.3164
20130515,485600.8392
20130514,439109.75879999995
20130513,445830.4744
20130510,499144.79007999995
20130509,353364.38559
20130508,400470.53085000004
20130507,465944.99193
20130506,576316.54241
20130503,533359.6528800001
20130502,540449.08839
20130501,489770.51058
20130430,355058.63569
20130429,364667.192
20130426,416351.25090000004
20130425,318231.35344
20130424,489333.21524999995
20130423,399348.144
20130422,387696.88776
20130419,547076.11035
20130418,758372.20774
20130417,408545.30712
20130416,534651.56433
20130415,472063.66524
20130412,379823.25003999996
20130411,355508.676
20130410,356696.68804000004
20130409,311524.14278000005
20130408,342986.43648
20130405,465838.35351999995
20130404,361077.46989
20130403,593851.9235599999
20130402,435618.97478999995
20130401,273485.28650000005
20130328,410302.28963
20130327,383542.572
20130326,429109.58384000004
20130325,1329118.4349
20130322,1249672.9788000002
20130321,365002.24155
20130320,382247.86376000004
20130319,337802.39360999997
20130318,405120.47579999996
20130315,904002.3536800001
20130314,461788.72862999997
20130313,373184.16775
20130312,401728.07393
20130311,296374.39923
20130308,359589.94136999996
20130307,291825.88885
20130306,374265.6004
20130305,419514.84624000004
20130304,380268.65583999996
20130301,416423.2464
20130228,554016.31875
20130227,438987.4305000001
20130226,471781.67799999996
20130225,586074.82752
20130222,380440.24488
20130221,557553.0122499999
20130220,448217.59321
20130219,404421.12100000004
20130215,471393.89708
20130214,474205.98370000004
20130213,350560.63061999995
20130212,328013.69104
20130211,296647.4199
20130208,394949.74409999995
20130207,671715.00774
20130206,343787.94348
20130205,399975.58223999996
20130204,506635.47602999996
20130201,477613.22021
20130131,444146.72992
20130130,566903.7218
20130129,442083.01423
20130128,404918.04899999994
20130125,402329.01556
20130124,394801.10208000004
20130123,431924.35532000003
20130122,532984.71237
20130118,489894.13044000004
20130117,407216.56834
20130116,299772.77932000003
20130115,394567.73928
20130114,401686.01553000003
20130111,721924.5949200001
20130110,463736.50484
20130109,409960.21443
20130108,379641.74815999996
20130107,342742.06124999997
20130104,363911.68548
20130103,499459.29696
20130102,563984.6076199999
20121231,477160.01064000005
20121228,323244.4806
20121227,435589.75909999997
20121226,291119.32920000004
20121224,203913.93415999998
20121221,925286.4434999999
20121220,660180.213
20121219,782160.3284500001
20121218,703124.90472
20121217,498432.3606
20121214,425996.766
20121213,343823.2686
20121212,405642.65606
20121211,431665.86955999996
20121210,322367.22099
20121207,348672.55283
20121206,370453.86098000006
20121205,533361.11361
20121204,368719.6317
20121203,340716.5558
20121130,679841.89392
20121129,511099.42488
20121128,494525.40956999996
20121127,398797.21116
20121126,302718.46748
20121123,196141.78269999998
20121121,291337.67136
20121120,515606.5715
20121119,437399.33852
20121116,552125.8533600001
20121115,597899.65212
20121114,667111.17088
20121113,445725.10584
20121112,295564.34908
20121109,339522.54706
20121108,364392.7821499999
20121107,445759.16495
20121106,354779.89209000004
20121105,411485.62356000004
20121102,843592.62575
20121101,461571.97192000004
20121031,475777.53
20121026,386223.49924000003
20121025,324889.80716
20121024,345386.34252
20121023,366713.57606
20121022,390864.32039999997
20121019,629278.138
20121018,777720.504
20121017,443584.61509999994
20121016,277216.19568
20121015,436832.7092200001
20121012,331716.0385
20121011,401320.12836000003
20121010,344339.52438
20121009,371255.4855
20121008,274876.3563
20121005,366221.0885
20121004,327002.28232
20121003,354597.18302
20121002,344557.91534999997
20121001,390993.9348299999
20120928,458230.26936
20120927,349913.78382
20120926,353597.21681
20120925,446600.51568
20120924,358485.93744
20120921,623261.12776
20120920,503761.12794
20120919,385644.30491999997
20120918,409392.77099
20120917,1709491.9896
20120914,1638803.83
20120913,1420013.0505000001
20120912,725579.2258199999
20120911,370596.7836
20120910,430887.36642
20120907,429387.87528
20120906,490406.23552
20120905,334543.19535
20120904,351071.11958999996
20120831,591743.1459
20120830,241486.25564999998
20120829,365137.5855
20120828,281227.7056
20120827,265157.93304
20120824,484507.96416000003
20120823,612789.3646
20120822,354917.68338
20120821,345213.31464
20120820,271909.84359
20120817,388608.71391999995
20120816,428234.21794999996
20120815,385567.41528
20120814,377344.04296
20120813,223499.15991
20120810,243396.5939
20120809,246992.8296
20120808,310423.22093999997
20120807,390797.36496
20120806,419079.00880999997
20120803,379052.1191700001
20120802,352444.45041999995
20120801,304732.40512
20120731,506661.63336
20120730,378529.30218000006
20120727,603230.187
20120726,472198.13
20120725,395147.56764
20120724,430937.15924999997
20120723,354373.47771
20120720,556031.12808
20120719,574048.2753
20120718,461570.18399999995
20120717,409108.8484099999
20120716,374052.04968000005
20120713,313671.26583
20120712,429943.0641
20120711,418206.25188
20120710,398995.649
20120709,541496.32381
20120706,338211.8812
20120705,335693.60028
20120703,223044.07059
20120702,420386.07100000005
20120629,544826.3091200001
20120628,350407.81266
20120627,393705.2418
20120626,386004.49353
20120625,423712.33204999997
20120622,616058.83842
20120621,778577.6247999999
20120620,408207.58894
20120619,434516.17656
20120618,363351.08887000004
20120615,770465.9152
20120614,427454.01292
20120613,398356.3105
20120612,394417.92165000003
20120611,1182127.5166
20120608,320951.72943
20120607,300401.88639999996
20120606,397991.94200999994
20120605,350633.44756
20120604,492241.66712999996
20120601,656103.87843
20120531,501276.81168000004
20120530,356315.79976
20120529,325849.77459000004
20120525,307591.78098
20120524,448660.88356
20120523,414233.85114
20120522,424635.6814
20120521,393720.00488
20120518,549602.8701
20120517,384902.9548
20120516,425857.24996
20120515,404391.68856
20120514,408313.97406
20120511,416764.23670000007
20120510,441177.71352
20120509,648705.4438
20120508,538254.39372
20120507,460405.18324000004
20120504,330663.92178
20120503,476477.638
20120502,462197.27807
20120501,531379.1699999999
20120430,576296.6189900001
20120427,587921.13737
20120426,402508.8067
20120425,542229.29348
20120424,436356.43534
20120423,404825.93802
20120420,580995.21624
20120419,528166.53125
20120418,426296.02072
20120417,415167.30090000003
20120416,499819.1052800001
20120413,529095.10464
20120412,440032.5465
20120411,452179.86928
20120410,487307.1187
20120409,302459.13865000004
20120405,553673.62752
20120404,628626.17409
20120403,677172.1462800001
20120402,433338.46197999996
20120330,617686.75267
20120329,423284.29685
20120328,529688.3498399999
20120327,453252.16432
20120326,557007.94975
20120323,543979.18308
20120322,525147.27148
20120321,420716.95492000005
20120320,396131.39798
20120319,321580.32354
20120316,679331.94119
20120315,415914.3137
20120314,440772.4625
20120313,439195.26771
20120312,679452.207
20120309,302745.83313
20120308,315463.44462
20120307,407964.1350399999
20120306,575486.78058
20120305,349997.08914
20120302,352936.81135
20120301,414343.28947
20120229,483259.08096
20120228,395795.55147999997
20120227,356899.54199999996
20120224,332435.07654
20120223,349385.85396000004
20120222,417941.52894000005
20120221,422382.24246
20120217,441580.65066
20120216,372402.22303999995
20120215,403255.86104999995
20120214,463967.38845
20120213,600836.16046
20120210,604307.43056
20120209,877139.7618000001
20120208,389473.28507999994
20120207,433404.92399999994
20120206,286913.09644999995
20120203,267715.87326
20120202,224762.07840000003
20120201,327023.961
20120131,424335.90032
20120130,351479.41010000004
20120127,447242.13842
20120126,412889.88654
20120125,646509.38595
20120124,339956.0982
20120123,442454.56522
20120120,448372.75571999996
20120119,605291.04622
20120118,1007107.4178000002
20120117,504987.8229
20120113,380082.15596
20120112,358113.81759999995
20120111,390193.58259999997
20120110,380703.34484
20120109,362568.29616
20120106,517369.43879999995
20120105,418479.34193999995
20120104,436470.8529
20120103,524853.33407
20111230,287356.482
20111229,276913.0427
20111228,207919.44618000003
20111227,197682.7793
20111223,238817.01375
20111222,334768.93515
20111221,539616.18504
20111220,507655.3638
20111219,468564.84900000005
20111216,669017.7396
20111215,457725.93152
20111214,582615.8415399999
20111213,458725.89285
20111212,530667.8172
20111209,423237.64554
20111208,479933.77280000004
20111207,426206.73026
20111206,398466.07379999995
20111205,403847.28495000006
20111202,406589.87039
20111201,447438.55878
20111130,699215.1088799998
20111129,595777.1703
20111128,498188.60282000003
20111125,254956.35444000002
20111123,403099.43516
20111122,388590.29938
20111121,462228.84
20111118,629566.78147
20111117,506505.72751999996
20111116,562167.7254400001
20111115,314094.95615999994
20111114,356567.12701999996
20111111,296145.36036
20111110,405318.481
20111109,428226.3542
20111108,329238.55439999996
20111107,277752.58650000003
20111104,402245.7980099999
20111103,382094.05109
20111102,544101.79515
20111101,680842.19844
20111031,712033.2921000001
20111028,450427.04664
20111027,723653.28
20111026,728141.892
20111025,691114.3612
20111024,529165.5858
20111021,946959.2999999999
20111020,825660.2037
20111019,369375.97989
20111018,487001.99182
20111017,440227.41152
20111014,487957.1280000001
20111013,369477.01769999997
20111012,535445.82328
20111011,431090.5529
20111010,302214.6812
20111007,475135.52930999995
20111006,416255.2335
20111005,495710.44414
20111004,627006.1272
20111003,670505.4687999999
20110930,567706.09498
20110929,382305.42189
20110928,412256.7945
20110927,541881.15174
20110926,523413.27955999994
20110923,682644.4848
20110922,1091811.3023999997
20110921,574181.2036
20110920,517627.67568000004
20110919,742917.7433999999
20110916,1036970.9328
20110915,479411.23354000004
20110914,761024.1978000001
20110913,444560.08734
20110912,1852078.866
20110909,1134844.1300000001
20110908,469272.52934999997
20110907,639946.3174399999
20110906,652734.24549
20110902,434448.52696
20110901,587654.5752
20110831,669181.24388
20110830,468864.25176
20110829,435227.94299999997
20110826,512011.4228
20110825,555741.7818400001
20110824,542944.9725
20110823,619759.26495
20110822,551622.86176
20110819,815376.0109
20110818,771014.0800000001
20110817,569787.54096
20110816,497269.9723
20110815,756147.9796000001
20110812,678938.3783999999
20110811,870116.5995
20110810,929767.7840000001
20110809,1293199.0820000002
20110808,1090258.1352
20110805,981803.7818000001
20110804,745193.2720000001
20110803,539960.7246
20110802,490573.30275000003
20110801,426489.54816
20110729,650113.18284
20110728,497679.0095
20110727,415642.60578
20110726,335528.87944
20110725,379838.23899
20110722,523869.63148000004
20110721,833391.8153999998
20110720,375017.724
20110719,426487.21882
20110718,283892.43657
20110715,365321.81031000003
20110714,302424.93882
20110713,303136.57788
20110712,520409.3488
20110711,366251.14092000003
20110708,367981.34900999995
20110707,416096.55036
20110706,437500.69743999996
20110705,479930.91348
20110701,344999.244
20110630,360413.24264
20110629,356571.53623
20110628,327761.76642
20110627,468128.5728
20110624,710970.12
20110623,472358.84605
20110622,556040.62175
20110621,352217.1369
20110620,343987.10675999994
20110617,602171.75808
20110616,366593.56064
20110615,490190.17751000007
20110614,574861.99568
20110613,582511.01127
20110610,358607.3648999999
20110609,383788.35248
20110608,431840.42244000005
20110607,565894.04709
20110606,524850.91008
20110603,412746.12804999994
20110602,449041.22802999994
20110601,481002.18642
20110531,587834.4762500001
20110527,271434.72391999996
20110526,448690.2421
20110525,393895.17028
20110524,443383.39612
20110523,381900.22159999993
20110520,326054.16852
20110519,532836.5882400001
20110518,582723.91776
20110517,309097.06255
20110516,463050.12008
20110513,490739.44986000005
20110512,465046.63985999994
20110511,422953.81166
20110510,502679.95463999995
20110509,369399.11659
20110506,416811.74779999995
20110505,439595.94259
20110504,347677.27885
20110503,547454.8963
20110502,422304.79034999997
20110429,388530.54912
20110428,442464.55929000006
20110427,412798.91456
20110426,543345.4659600001
20110425,322046.1972
20110421,438446.65818
20110420,376686.78216000006
20110419,299270.98435
20110418,385549.76208
20110415,371988.79744000005
20110414,459103.30517
20110413,384835.69762
20110412,352037.64492
20110411,461395.45610999997
20110408,359963.57474
20110407,421001.37816
20110406,327549.66362
20110405,326582.55449999997
20110404,462633.81288
20110401,410267.15251000004
20110331,501906.80322999996
20110330,433308.7134
20110329,403588.13586000004
20110328,307162.89352000004
20110325,463444.97408
20110324,443930.1826
20110323,333411.67776
20110322,492177.57938
20110321,400513.77245000005
20110318,731910.9404
20110317,492530.87055
20110316,704232.8001999999
20110315,714132.309
20110314,377468.7378
20110311,352893.59196
20110310,425638.04127999995
20110309,318301.8696
20110308,359368.6255
20110307,647571.3656
20110304,800826.4400000001
20110303,605959.9966600001
20110302,410922.78084
20110301,455894.67339
20110228,474612.09150000004
20110225,338518.05225
20110224,472667.35846
20110223,561259.5801
20110222,440253.28297999996
20110218,353840.85438
20110217,330073.91352000006
20110216,347085.7564
20110215,318319.12307000003
20110214,294320.28138
20110211,318463.62834
20110210,427907.26276
20110209,320232.913
20110208,260535.15783999997
20110207,269641.623
20110204,351453.42381
20110203,269790.06551
20110202,284053.2352
20110201,355147.4082
20110131,398124.23400000005
20110128,420814.9438
20110127,345391.25741
20110126,306841.21402
20110125,335354.68142
20110124,345911.2861
20110121,596807.1900000001
20110120,379329.50265
20110119,422464.60922000004
20110118,449759.1567
20110114,305117.74038
20110113,340827.6055
20110112,411125.95387
20110111,444751.07096000004
20110110,501071.85309000005
20110107,681874.6298
20110106,456898.30211999995
20110105,328911.3945
20110104,339002.71109000006
20110103,296466.08104
20101231,160267.25571
20101230,134533.84333
20101229,162373.30875
20101228,176272.16715000002
20101227,154767.8154
20101223,165711.12686999998
20101222,275329.27961
20101221,358979.42152
20101220,444009.93931
20101217,689281.6161
20101216,354731.79581
20101215,394590.82324999996
20101214,330737.32734
20101213,454907.74220000004
20101210,398805.721
20101209,287936.3797
20101208,366365.11665
20101207,649911.438
20101206,540396.13518
20101203,408585.34359999996
20101202,381442.86564
20101201,465358.9819
20101130,654901.7507999999
20101129,665995.6226
20101126,121349.54659999999
20101124,375014.11387999996
20101123,501109.69248
20101122,437261.50992
20101119,445253.57127
20101118,555443.19295
20101117,430306.94055
20101116,536885.09208
20101115,276311.8289
20101112,344320.98372
20101111,338942.45298
20101110,314997.48066
20101109,342129.91240000003
20101108,375073.0436
20101105,450895.3946
20101104,494920.80376
20101103,372821.82779999997
20101102,441112.61916
20101101,425501.20341
20101029,370667.22759
20101028,334639.56071999995
20101027,365714.45496
20101026,336184.3415
20101025,538994.0347099999
20101022,254250.62164000003
20101021,393019.73756000004
20101020,333923.90963999997
20101019,497154.74705
20101018,389691.22878
20101015,769237.2598
20101014,339853.37925
20101013,365182.32528
20101012,303482.96436000004
20101011,187865.3413
20101008,359851.14438
20101007,374093.99585999997
20101006,614973.3351
20101005,560877.0480000001
20101004,284576.96652
20101001,422583.7374
20100930,427449.63008000003
20100929,357271.32671999995
20100928,410997.1412
20100927,318384.60162
20100924,388327.5099
20100923,327433.41972
20100922,445103.10036999994
20100921,525117.83244
20100920,445153.30650000006
20100917,531991.9477599999
20100916,402588.19425
20100915,380398.90291999996
20100914,382547.94162
20100913,329953.37565000006
20100910,381219.6024
20100909,402852.11125
20100908,395961.34046
20100907,303044.49036
20100903,360660.58224
20100902,343108.94396
20100901,447722.62156999996
20100831,334502.95488000003
20100830,201901.63108
20100827,357062.01519999997
20100826,355084.51560000004
20100825,556563.3472000001
20100824,376170.00954
20100823,284382.46774
20100820,399974.04063999996
20100819,323084.892
20100818,483047.8732
20100817,341010.49773
20100816,285247.55415000004
20100813,326285.39274000004
20100812,386929.8991
20100811,380342.57625
20100810,434457.29150000005
20100809,359043.1234
20100806,325234.45840999996
20100805,343545.19834
20100804,254948.178
20100803,355941.37669999996
20100802,359002.34376
20100730,362406.61072
20100729,369122.23848
20100728,264055.54208000004
20100727,370204.7823
20100726,272208.71184999996
20100723,403682.03161999997
20100722,411192.59816000005
20100721,423110.25506999996
20100720,346435.16744000005
20100719,274604.34064
20100716,413890.22567
20100715,412123.90260000003
20100714,273852.33472000004
20100713,280063.1442
20100712,251027.97852
20100709,281024.20079000003
20100708,431109.66036
20100707,523398.28559999994
20100706,420842.21271
20100702,321433.21035
20100701,582724.5375
20100630,492361.4808000001
20100629,518917.42799999996
20100628,428921.93646
20100625,809128.8720000001
20100624,614151.4321
20100623,717093.3732
20100622,369842.63448
20100621,489007.56
20100618,602195.0425999999
20100617,338384.28479999996
20100616,282385.1297
20100615,414714.0915200001
20100614,518469.94080000004
20100611,686149.0505
20100610,449798.17050999997
20100609,488681.7805
20100608,524113.2332999999
20100607,453857.4342
20100604,514940.085
20100603,288629.52280000004
20100602,431266.8035
20100601,402744.0944
20100528,622310.8352
20100527,514913.157
20100526,635964.789
20100525,694483.456
20100524,560803.889
20100521,709045.2
20100520,582084.5085
20100519,510055.35839999997
20100518,474206.704
20100517,418835.19
20100514,490715.3952
20100513,312076.44672
20100512,406603.43330000003
20100511,431293.99079999997
20100510,468807.16025
20100507,675563.2576
20100506,772993.02
20100505,365618.28291
20100504,488571.79699999996
20100503,320184.12454000005
20100430,337885.07592
20100429,387666.7637
20100428,445479.91931
20100427,584820.964
20100426,390701.33919
20100423,329538.84698000003
20100422,516231.7272000001
20100421,341464.65309
20100420,357360.89488
20100419,295392.67225
20100416,445712.69278
20100415,339718.03481000004
20100414,653235.2189999999
20100413,237645.95086
20100412,267691.4784
20100409,255536.71949999998
20100408,242565.53305
20100407,292670.27348000003
20100406,234151.60859999998
20100405,232042.4701
20100401,306768.58343999996
20100331,338313.1504
20100330,253032.87407999998
20100329,381972.89307000005
20100326,266450.00091999996
20100325,314205.87876
20100324,416884.57134
20100323,369811.91423999995
20100322,369518.94684
20100319,803038.116
20100318,315709.9817
20100317,351399.05536999996
20100316,305535.71664
20100315,464948.33044000005
20100312,306762.83764000004
20100311,405275.12768000003
20100310,299949.9157
20100309,312527.59428
20100308,353839.04853000003
20100305,365680.28125
20100304,371972.26584
20100303,357884.289
20100302,354615.86951000005
20100301,401139.98106
20100226,416088.72452
20100225,476056.0717
20100224,413664.84126
20100223,517981.78899999993
20100222,409615.03300000005
20100219,446412.1137
20100218,378013.78872
20100217,368861.29302
20100216,558644.6684000001
20100212,642566.6205000001
20100211,810912.7715
20100210,303327.67656
20100209,409578.58215000003
20100208,238673.7236
20100205,385878.2761799999
20100204,309100.81246
20100203,234721.02038
20100202,414430.1616
20100201,367684.59825
20100129,321487.14548999997
20100128,258493.93416
20100127,241486.5288
20100126,273726.073
20100125,276695.59219999996
20100122,408028.86743
20100121,490446.7512
20100120,318158.05576
20100119,440993.06126
20100115,410315.52072000003
20100114,228268.1776
20100113,294361.3078
20100112,332036.01189
20100111,301131.52512
20100108,324167.84352
20100107,441133.74435000005
20100106,576115.6748
20100105,350687.22712
20100104,387122.96595
20091231,211219.75777999999
20091230,221953.14995999995
20091229,240146.35575
20091228,217338.68155
20091224,122949.51449999999
20091223,347336.928
20091222,350586.8864
20091221,448056.94774999993
20091218,981865.3728
20091217,426735.22346999997
20091216,498104.44399999996
20091215,390733.2618
20091214,626628.1098
20091211,447451.05647999997
20091210,336785.6502
20091209,385791.20866
20091208,402042.62136
20091207,444439.17896
20091204,408930.48138
20091203,436931.65559999994
20091202,266831.72406
20091201,468575.29983000003
20091130,833882.5236000001
20091127,180218.09917
20091125,291660.55308000004
20091124,404914.07024000003
20091123,362482.61619
20091120,386484.10477
20091119,320498.43994
20091118,306144.22824
20091117,254465.00499
20091116,361967.124
20091113,292673.94564999995
20091112,346916.14488
20091111,240867.72675000003
20091110,274891.92885
20091109,322268.21842
20091106,318738.75277
20091105,392613.55061999994
20091104,389209.59582
20091103,390948.9507
20091102,475093.38054
20091030,733406.5408000001
20091029,366642.63376
20091028,425123.74368
20091027,376359.75995
20091026,343771.74
20091023,376681.68405
20091022,681739.8236
20091021,404830.0872
20091020,445363.5444
20091019,344167.3662
20091016,439729.63045000006
20091015,363700.67624
20091014,280243.73125
20091013,270183.99840000004
20091012,167008.2674
20091009,261960.48144
20091008,378837.47835
20091007,480215.77398
20091006,443977.59924
20091005,476249.0129999999
20091002,336733.92012
20091001,361114.05984
20090930,437530.45050000004
20090929,274363.2696
20090928,212855.99706000002
20090925,304378.96308
20090924,513022.8191
20090923,444072.9514
20090922,366192.41358
20090921,260091.23251
20090918,846446.9574
20090917,366472.98303
20090916,364062.705
20090915,333460.59459999995
20090914,335700.64495999995
20090911,351383.76486000005
20090910,310194.06454
20090909,322301.66826
20090908,476541.77350000007
20090904,219605.81879999998
20090903,322475.98234
20090902,280464.646
20090901,334821.34307999996
20090831,371469.99428
20090828,350260.48512
20090827,313899.3816
20090826,329626.75883999997
20090825,444387.3876
20090824,302535.38538
20090821,343878.25324
20090820,255364.83839999998
20090819,347075.88249
20090818,305485.30991999997
20090817,337019.39202
20090814,218616.65784
20090813,261757.01810000002
20090812,270341.92432
20090811,286040.13724999997
20090810,262161.2136
20090807,240551.37834
20090806,223591.85914000002
20090805,293366.46195
20090804,240886.09763999996
20090803,439337.43643999996
20090731,301673.488
20090730,299801.75688
20090729,269727.81946
20090728,339547.97351999994
20090727,408812.36040000006
20090724,450785.6023
20090723,519216.048
20090722,227131.96316
20090721,260131.3816
20090720,405705.6144
20090717,289266.516
20090716,321154.3247
20090715,298122.63894000003
20090714,257366.41487999997
20090713,266110.1157
20090710,289121.756
20090709,316803.71516
20090708,375612.60542000004
20090707,417268.25
20090706,345498.0325
20090702,365154.20256
20090701,420669.96485000005
20090630,626282.874
20090629,324719.17487
20090626,349416.65783999994
20090625,383583.99282
20090624,379437.92553000007
20090623,404943.46848
20090622,585576.9611999999
20090619,743614.5149999999
20090618,458606.94419999997
20090617,345367.1607
20090616,391515.2344
20090615,444924.5618
20090612,333714.1888
20090611,474040.90560000006
20090610,390047.43424
20090609,484817.878
20090608,292910.50272
20090605,375372.6291
20090604,344366.88882
20090603,480036.8538
20090602,328412.6798
20090601,395123.62030999997
20090529,350113.03184000007
20090528,312225.18017999997
20090527,370517.10884999996
20090526,456196.7003
20090522,226960.21393
20090521,305359.32057000004
20090520,326657.84725
20090519,403452.04011999996
20090518,425073.84987
20090515,484124.7846
20090514,399560.97930000006
20090513,361061.5508000001
20090512,438277.76560000004
20090511,309323.71274999995
20090508,359491.7538
20090507,581107.6428
20090506,446372.1184
20090505,254593.63413
20090504,330723.56727
20090501,329975.62312
20090430,657767.394
20090429,360422.04012
20090428,294505.53367
20090427,266369.02376999997
20090424,346318.86663
20090423,319315.217
20090422,343649.855
20090421,273288.68245
20090420,327362.57800999994
20090417,333039.68676
20090416,268782.512
20090415,305556.9804
20090414,304306.6138
20090413,240742.53035999998
20090409,297936.45288
20090408,338919.82425
20090407,434689.1757999999
20090406,322986.66332999995
20090403,366421.468
20090402,477965.4939
20090401,396405.8058
20090331,528353.7492
20090330,320190.54276
20090327,327809.55081999995
20090326,487798.758
20090325,307453.70358
20090324,504789.93999999994
20090323,497720.26039999997
20090320,702169.4428
20090319,476810.8005
20090318,467340.2316
20090317,530948.018
20090316,341916.51768
20090313,408429.7412
20090312,265667.25392
20090311,311312.06645
20090310,375514.97699999996
20090309,427549.5405
20090306,512619.17000000004
20090305,555464.51
20090304,499682.85640000005
20090303,483266.96880000003
20090302,533499.7925
20090227,463563.5164
20090226,373271.80990000005
20090225,916069.632
20090224,428001.38499999995
20090223,378440.5081
20090220,471600.10520000005
20090219,353799.97127999994
20090218,471317.724
20090217,442621.34719999996
20090213,396854.1721
20090212,430863.5355
20090211,378243.99929999997
20090210,457418.9592
20090209,319713.69599999994
20090206,470666.7752
20090205,545418.9593999999
20090204,746450.8356
20090203,453838.7048
20090202,447655.54199999996
20090130,681318.7405
20090129,368810.91374999995
20090128,373470.28908
20090127,473604.1805
20090126,401027.9470200001
20090123,411058.04112
20090122,399601.70496
20090121,437525.2229
20090120,404496.20207999996
20090116,407314.42596
20090115,389830.40883999993
20090114,418838.35520000005
20090113,419296.32853
20090112,369271.22432
20090109,363721.44064
20090108,372694.6097
20090107,399076.8901
20090106,607617.5604
20090105,295142.49830000004
20090102,319907.41375999997
20081231,343116.90131999995
20081230,383497.03046
20081229,438459.8504
20081226,123621.10112
20081224,116076.77298000001
20081223,317827.48959
20081222,410494.75628000003
20081219,998576.5725
20081218,555575.576
20081217,511440.3738
20081216,678452.341
20081215,447095.4354
20081212,363533.51320000004
20081211,443911.12450000003
20081210,444743.469
20081209,514057.79339999997
20081208,428043.61439999996
20081205,489172.0092
20081204,435546.76139999996
20081203,380674.82718
20081202,508272.5187000001
20081201,464608.75519999996
20081128,196156.27207999997
20081126,367961.81249999994
20081125,751747.9720000001
20081124,806773.5367999999
20081121,733992.8484
20081120,716381.3349
20081119,511322.9248
20081118,626168.421
20081117,402667.32999999996
20081114,581536.2342999999
20081113,652652.5056
20081112,517859.95
20081111,284281.35208
20081110,255357.48238
20081107,292662.69700000004
20081106,479558.7832
20081105,440372.1182
20081104,440917.23024999996
20081103,261757.83188
20081031,518138.0568
20081030,356818.036
20081029,518038.3365
20081028,675993.2672
20081027,433820.67120000004
20081024,548119.3049999999
20081023,511355.028
20081022,602425.0101
20081021,411858.88983999996
20081020,484304.8613
20081017,617884.505
20081016,750927.5036999999
20081015,594341.2409999999
20081014,812438.4696000001
20081013,891147.5232
20081010,1158924.5058
20081009,692841.24
20081008,805112.0595
20081007,656142.5116
20081006,1172440.9636
20081003,604984.5736
20081002,550590.7283999999
20081001,595045.118
20080930,690538.992
20080929,673432.3439999999
20080926,473966.39530000003
20080925,539569.1314
20080924,456302.39681
20080923,404776.73724999995
20080922,451239.83155
20080919,865001.6376
20080918,1130914.0
20080917,1061034.6378
20080916,835982.6226
20080915,553650.7888
20080912,459728.4032
20080911,469538.90865000006
20080910,502343.96339999995
20080909,615549.165
20080908,793847.973
20080905,421777.044
20080904,403788.82743
20080903,445376.32024
20080902,429469.7841
20080829,325425.5442
20080828,292574.98848
20080827,289370.62100000004
20080826,382203.46696000005
20080825,241438.48016999997
20080822,241143.4674
20080821,257274.81006
20080820,240910.26747999998
20080819,311357.24979
20080818,315906.4771
20080815,364606.93983
20080814,317460.80076
20080813,433775.73099999997
20080812,374322.9564
20080811,542134.24075
20080808,511582.81646
20080807,507178.3152
20080806,703052.5581
20080805,711213.912
20080804,481061.31072
20080801,349896.19896
20080731,542214.9855000001
20080730,392575.79042999994
20080729,387109.44930000004
20080728,269984.5377
20080725,427906.3928
20080724,457324.14188
20080723,408852.76852
20080722,464642.64660000004
20080721,220551.46128
20080718,484785.51328
20080717,525768.0792
20080716,365673.12516
20080715,442736.6099
20080714,444487.15584
20080711,351623.44169999997
20080710,551341.0144
20080709,562195.62
20080708,751576.0897000001
20080707,435270.95035
20080703,265209.62341
20080702,402592.2208
20080701,558921.3449
20080630,492543.10853
20080627,766006.6919999999
20080626,604556.7455
20080625,534994.2862
20080624,459331.24041
20080623,335529.95496
20080620,574862.8158
20080619,483405.1992
20080618,497378.0005
20080617,285235.59801
20080616,418575.05627999996
20080613,380138.61600000004
20080612,559093.8256
20080611,616625.1018
20080610,437777.7016900001
20080609,491782.13
20080606,515013.645
20080605,331966.82409
20080604,332861.2091
20080603,338562.45633
20080602,451692.18971999997
20080530,371132.03998
20080529,384262.89660000004
20080528,691889.8864
20080527,335873.85363
20080523,269220.2954
20080522,268467.36724
20080521,352642.50808
20080520,364410.74669999996
20080519,352891.56745000003
20080516,382871.7866
20080515,446039.46599999996
20080514,283442.23558000004
20080513,314053.20642
20080512,307017.13383
20080509,284630.66459999996
20080508,348153.79860000004
20080507,330367.3308
20080506,393677.94308
20080505,426724.99045
20080502,410254.52406
20080501,361376.2355
20080430,445650.09300000005
20080429,641023.7701
20080428,428092.74289999995
20080425,584742.537
20080424,303565.028
20080423,703678.04
20080422,275630.343
20080421,330526.10758
20080418,481142.17808000004
20080417,332033.901
20080416,733863.2446
20080415,462880.02400000003
20080414,553547.04
20080411,550993.8977999999
20080410,696902.1942
20080409,440281.01778000005
20080408,419110.94500000007
20080407,359720.36559
20080404,341658.42821
20080403,634982.8725
20080402,653639.8311
20080401,1179650.0267999999
20080331,981697.1039999999
20080328,508618.87200000003
20080327,438549.24399999995
20080326,101766.95999999999
20080325,56966.399999999994
20080324,73287.0
20080320,84321.73999999999
20080319,150685.77
20080318,400152.96
20080317,98187.32
