20160408,453650.7456
20160407,554030.6232799999
20160406,527311.14845
20160405,437343.76224
20160404,465007.51881
20160401,670621.10618
20160331,561290.40975
20160330,572560.2402000001
20160329,556925.5512
20160328,412147.14354
20160324,534271.30794
20160323,463336.07589999994
20160322,596219.72382
20160321,718658.0796399999
20160318,2798085.639
20160317,997574.42
20160316,771873.81516
20160315,754066.66332
20160314,1005107.0058
20160311,907881.165
20160310,854508.2436
20160309,742465.0379999998
20160308,646899.02204
20160307,564041.0007
20160304,784936.1609099999
20160303,724601.8942
20160302,998568.5515000001
20160301,769175.5616100001
20160229,886909.0328
20160226,752677.5837999999
20160225,558977.68802
20160224,551253.51876
20160223,477816.86808000004
20160222,567920.07996
20160219,630572.1099200001
20160218,631293.63038
20160217,897616.6599999999
20160216,761100.80553
20160212,753026.1493299999
20160211,985986.7740000001
20160210,863878.323
20160209,1182295.7712
20160208,1365529.3146000002
20160205,808553.7096000001
20160204,669369.2973000001
20160203,823105.797
20160202,731316.4047
20160201,777464.13888
20160129,1625102.4656999998
20160128,789656.9452199999
20160127,852195.208
20160126,1290438.0924000002
20160125,758463.9279499999
20160122,731825.44528
20160121,975141.8879999999
20160120,1349082.4304
20160119,1005152.2578000001
20160115,1275553.7615999999
20160114,976407.484
20160113,700867.2737499999
20160112,670411.6065500001
20160111,782453.3849
20160108,734284.2365
20160107,923998.9600000001
20160106,743640.78214
20160105,624606.73198
20160104,902720.5190000001
20151231,403222.85694
20151230,303173.60498999996
20151229,354016.25643999997
20151228,331661.36664
20151224,199317.01580000002
20151223,659625.39432
20151222,785441.2192
20151221,717639.5521000001
20151218,1643331.7289999998
20151217,791123.14309
20151216,1141492.4976
20151215,1124549.3376
20151214,952652.2925000001
20151211,955172.6232
20151210,698876.7951300001
20151209,782902.869
20151208,646310.559
20151207,740927.84836
20151204,930823.451
20151203,846670.1935999999
20151202,614204.8126500001
20151201,636647.62234
20151130,654516.2884399999
20151127,180929.056
20151125,323454.1497
20151124,540916.6235
20151123,715092.54316
20151120,722806.0866999999
20151119,602091.04848
20151118,487992.5226
20151117,656922.5559999999
20151116,556497.9482999999
20151113,625505.53204
20151112,572501.24192
20151111,402034.02372
20151110,496368.66384
20151109,648979.0346
20151106,716339.5166399999
20151105,523588.59489
20151104,491335.63884
20151103,617415.5960499999
20151102,546861.6475999999
20151030,728639.38356
20151029,633930.8245999999
20151028,777490.0294000001
20151027,728320.2873500001
20151026,887591.3822999999
20151023,1266622.7772000001
20151022,1046823.657
20151021,612273.9513
20151020,634880.97801
20151019,547712.5660799999
20151016,671717.4310000001
20151015,638726.82755
20151014,629224.3636999999
20151013,620795.3101400001
20151012,464523.25376
20151009,512084.70768000005
20151008,509727.12240000005
20151007,591644.43064
20151006,648184.8304
20151005,672406.42462
20151002,657495.53124
20151001,614553.5861
20150930,794037.75
20150929,652220.387
20150928,660770.8159099999
20150925,1095089.6645
20150924,955959.2544000001
20150923,391660.36518
20150922,715591.9633
20150921,546598.6321500001
20150918,1272425.4139999999
20150917,765330.8256
20150916,609646.1707
20150915,765054.255
20150914,658622.60928
20150911,730510.7612000001
20150910,855849.4223999999
20150909,754542.0864
20150908,642567.06694
20150904,789419.808
20150903,573378.4476000001
20150902,621121.35072
20150901,1058208.229
20150831,670147.14389
20150828,713038.5478
20150827,930407.2684000001
20150826,1235794.799
20150825,1441125.6706
20150824,1637963.9356
20150821,1105913.5808
20150820,790442.3206
20150819,730907.91916
20150818,557890.0611899999
20150817,654350.00085
20150814,422421.71382
20150813,450173.43918
20150812,800484.6988
20150811,570146.1794
20150810,699037.47438
20150807,758219.9988000001
20150806,708381.2234799999
20150805,824958.7559
20150804,1012115.6209999999
20150803,724870.976
20150731,910961.2980000001
20150730,1706924.6746
20150729,717891.35122
20150728,687000.58447
20150727,686978.84629
20150724,440343.76064000005
20150723,434234.1915
20150722,492726.82803000003
20150721,612405.15741
20150720,412000.47039
20150717,479234.3558399999
20150716,545105.6554
20150715,548241.3333
20150714,501470.4024400001
20150713,600599.09557
20150710,557936.78485
20150709,840392.507
20150708,544622.03341
20150707,947085.7679999999
20150706,527828.80695
20150702,526897.04133
20150701,706956.1627999999
20150630,660667.87056
20150629,620576.66528
20150626,611083.89994
20150625,464886.24592
20150624,703083.6335700001
20150623,571716.49435
20150622,555683.0332500001
20150619,1239739.3336
20150618,865387.4238
20150617,745198.5340799999
20150616,654958.6784999999
20150615,586869.00048
20150612,512995.00857
20150611,604835.47656
20150610,752526.1105800001
20150609,908414.361
20150608,848274.5889999999
20150605,729824.9048700001
20150604,602872.8576000001
20150603,470223.2368
20150602,578200.32732
20150601,597473.49555
20150529,980213.6448
20150528,460037.28789000004
20150527,642623.0695100001
20150526,527564.17596
20150522,478607.48325000005
20150521,486930.15271999995
20150520,440173.93184000003
20150519,462196.85205
20150518,450571.50776
20150515,583489.8107
20150514,453943.30435999995
20150513,514831.6343
20150512,503549.7246
20150511,419617.20444
20150508,561002.28096
20150507,578723.8416
20150506,589738.5024
20150505,527615.98038
20150504,577963.4959
20150501,657191.63496
20150430,746473.03567
20150429,945261.1059999999
20150428,675162.089
20150427,740592.1327999999
20150424,711620.721
20150423,1178121.2055000002
20150422,560222.02768
20150421,638531.6115199999
20150420,614508.2313600001
20150417,751762.30374
20150416,627482.8775000001
20150415,584929.8445900001
20150414,566801.0612
20150413,691315.07967
20150410,583082.0930999999
20150409,512673.48954
20150408,539913.17958
20150407,521537.59812000004
20150406,568980.6134400001
20150402,508575.2126900001
20150401,608747.09784
20150331,708715.28412
20150330,530313.3704
20150327,530189.41163
20150326,600317.1219500001
20150325,704087.1675600001
20150324,625744.6965600001
20150323,838352.47612
20150320,1876589.3323999997
20150319,770383.17312
20150318,1055486.175
20150317,622139.12555
20150316,1305060.1344
20150313,612360.56658
20150312,570608.24672
20150311,819302.6682
20150310,789375.3674400001
20150309,588167.27193
20150306,937245.3696
20150305,499657.38185999996
20150304,619335.74185
20150303,518214.86555999995
20150302,617947.49952
20150227,653291.96163
20150226,678307.59237
20150225,510224.74363999994
20150224,555860.466
20150223,675913.084
20150220,812633.6448000001
20150219,619268.02071
20150218,701454.76116
20150217,879946.8601999999
20150213,538743.2391
20150212,522487.80563
20150211,615250.77728
20150210,602821.97648
20150209,749419.0956
20150206,721359.02027
20150205,554340.4659000001
20150204,790354.9593000001
20150203,923769.1125
20150202,874575.6544000001
20150130,1237692.4446
20150129,1032713.2984999999
20150128,1194800.1065
20150127,1246781.0267999999
20150126,839386.6366799999
20150123,607599.77904
20150122,660555.18774
20150121,632798.4717900001
20150120,900432.31036
20150116,804047.5499999999
20150115,608184.1618
20150114,577570.03842
20150113,607786.9056
20150112,472151.75616
20150109,439797.00425
20150108,622336.7138
20150107,539239.99293
20150106,698074.4959999999
20150105,776386.02553
20150102,656042.17336
20141231,520318.65042
20141230,437053.1088
20141229,431042.06208
20141226,294281.80116
20141224,224294.15959999998
20141223,523411.94110000005
20141222,662571.983
20141219,1291455.977
20141218,801105.2719999999
20141217,672550.9305
20141216,784213.9772000001
20141215,580861.0340000001
20141212,588748.17645
20141211,584832.99716
20141210,566389.98
20141209,517183.7906799999
20141208,428735.80916000006
20141205,576916.3274
20141204,580657.29288
20141203,581906.43
20141202,676909.92271
20141201,607561.40496
20141128,692854.5845400001
20141126,392848.08904
20141125,571835.592
20141124,490706.17695
20141121,795782.2525999999
20141120,489023.67555
20141119,582489.2027400001
20141118,564589.83595
20141117,832348.91376
20141114,666056.17881
20141113,902088.874
20141112,563596.0436
20141111,568858.94772
20141110,529265.89995
20141107,532186.58439
20141106,588807.6362000001
20141105,752606.161
20141104,939042.4095999999
20141103,680601.85882
20141031,816236.1354599999
20141030,482880.06144
20141029,594930.4802000001
20141028,815984.5314000001
20141027,885178.422
20141024,1145140.5588
20141023,1189520.6631
20141022,821035.2942000001
20141021,1048283.2099
20141020,719172.80532
20141017,971324.5652
20141016,930149.2032
20141015,1101417.5655
20141014,685972.48665
20141013,839194.083
20141010,1162996.956
20141009,649536.74196
20141008,682456.5198
20141007,613461.9229199999
20141006,471646.51609999995
20141003,561522.12039
20141002,735686.1336000001
20141001,750310.6481000001
20140930,676175.3779999999
20140929,537041.6931599999
20140926,463329.74748
20140925,691583.9209200001
20140924,995181.2619999999
20140923,651832.2156799999
20140922,709753.00902
20140919,961048.978
20140918,446763.74847
20140917,696323.34464
20140916,600647.59304
20140915,587482.59547
20140912,529408.2937
20140911,529459.26561
20140910,561668.86296
20140909,431787.09419
20140908,408234.17208
20140905,493316.33626
20140904,623080.6281
20140903,485112.1475
20140902,458784.55386000004
20140829,407347.29232999997
20140828,355263.11796
20140827,353927.37258
20140826,430999.80814
20140825,466717.76332
20140822,581935.78076
20140821,591271.4272800001
20140820,379371.57349000004
20140819,567886.47464
20140818,695608.02756
20140815,606677.5697999999
20140814,485621.52265000006
20140813,445872.16716000007
20140812,536655.58542
20140811,667156.44744
20140808,502124.755
20140807,633423.3544
20140806,1038546.3897
20140805,634953.14844
20140804,955079.4888
20140801,1441381.446
20140731,868326.0228
20140730,647547.23688
20140729,504898.78725
20140728,535496.9668200001
20140725,499723.28172
20140724,479939.06904000003
20140723,471238.44782999996
20140722,485882.6751
20140721,355985.04204
20140718,523767.99779999995
20140717,469907.1264
20140716,723647.06478
20140715,783153.4075000001
20140714,553139.69716
20140711,609420.21384
20140710,717048.96368
20140709,989275.2436
20140708,735686.4873600001
20140707,535154.7811499999
20140703,439974.45888
20140702,499366.61424
20140701,667630.91256
20140630,809299.3866
20140627,709185.85128
20140626,569707.87976
20140625,996993.7032
20140624,644504.7175500001
20140623,551780.85088
20140620,931964.6168000001
20140619,1001806.0288
20140618,767118.77338
20140617,424739.30996
20140616,418853.26977
20140613,415241.20792
20140612,520578.12632000004
20140611,596745.86398
20140610,452269.7788000001
20140609,508772.20554000005
20140606,441809.21635
20140605,463650.96469
20140604,432963.94482000003
20140603,557093.23652
20140602,348095.49236
20140530,600508.5152400001
20140529,312497.03160000005
20140528,336513.4767
20140527,560866.78648
20140523,360136.5702
20140522,448501.26330000005
20140521,510287.60436
20140520,566197.31071
20140519,485019.87594000006
20140516,928127.1969
20140515,757151.3545899999
20140514,557414.60133
20140513,533730.86898
20140512,641889.52113
20140509,601683.62408
20140508,380499.96712
20140507,545037.70426
20140506,372489.49171
20140505,372440.071
20140502,543064.9651200001
20140501,436813.53531999997
20140430,515328.28099999996
20140429,594745.3256399999
20140428,960086.8992
20140425,610363.65964
20140424,772807.4365500001
20140423,769645.0874
20140422,752287.00625
20140421,521245.14796
20140417,684712.4468800001
20140416,677752.6449000001
20140415,727626.85468
20140414,574202.4854700001
20140411,955503.0564
20140410,988835.787
20140409,941267.3578999998
20140408,966497.3854999999
20140407,1063779.987
20140404,689975.9595899999
20140403,452242.9979999999
20140402,539750.15103
20140401,660581.75118
20140331,684518.6322
20140328,508469.52144
20140327,645678.66285
20140326,657449.9745
20140325,707900.4140100001
20140324,888262.297
20140321,1654513.872
20140320,677436.82864
20140319,677462.22882
20140318,614400.5055
20140317,674817.18096
20140314,1171884.7052
20140313,765829.70172
20140312,591871.13552
20140311,520735.17305000004
20140310,410701.45551
20140307,459729.89524
20140306,505483.22838000004
20140305,664758.82884
20140304,651678.10935
20140303,666218.9081600001
20140228,667794.8464200001
20140227,512131.44226999994
20140226,604556.11616
20140225,638823.6439200001
20140224,610320.87056
20140221,630718.12077
20140220,644804.3631999999
20140219,682945.00652
20140218,1228083.6383999998
20140214,857768.522
20140213,577324.2359999999
20140212,853913.4533999999
20140211,827884.6488
20140210,699128.9023500001
20140207,564468.83739
20140206,601334.2379000001
20140205,744172.5566
20140204,917293.1033000001
20140203,1081961.175
20140131,995198.7912000001
20140130,726463.3172800001
20140129,1043709.0852
20140128,795909.0969000001
20140127,815724.6839000001
20140124,1597543.598
20140123,991122.4127999999
20140122,669937.3464600001
20140121,1059617.1864
20140117,1088749.2227999999
20140116,940401.8536
20140115,664244.7157200001
20140114,706572.1883200001
20140113,748955.0476800001
20140110,678400.7383999999
20140109,871259.0212000001
20140108,1079305.0303999998
20140107,582818.2828200001
20140106,581271.10272
20140103,557162.2674
20140102,562307.80934
20131231,469356.57362999994
20131230,338991.444
20131227,328531.07588
20131226,437174.15392000007
20131224,235729.23601999998
20131223,703627.63102
20131220,1080785.5872
20131219,527652.2979
20131218,991470.4853999999
20131217,922705.731
20131216,722043.8593199999
20131213,612965.4157
20131212,835990.232
20131211,822374.7368999999
20131210,616780.47655
20131209,626970.1428
20131206,607647.74992
20131205,676950.28476
20131204,565961.0862499999
20131203,631511.67686
20131202,624838.98312
20131129,417266.55826
20131127,413397.44544
20131126,601928.19392
20131125,825040.7848799999
20131122,631703.7458500001
20131121,617050.49037
20131120,650492.96499
20131119,668327.95574
20131118,719465.5746599999
20131115,819956.9658000001
20131114,639191.6387199999
20131113,632502.8975
20131112,679102.3331999999
20131111,507841.24086
20131108,805987.71364
20131107,830418.6407999999
20131106,788217.95871
20131105,403021.09185
20131104,444066.43581
20131101,552006.4827
20131031,628781.6775
20131030,529066.4304
20131029,781959.1093999998
20131028,796155.7782
20131025,768516.32
20131024,597493.33089
20131023,725009.67063
20131022,768306.4426399999
20131021,509849.66764999996
20131018,630557.16966
20131017,688674.5665800001
20131016,512227.97016
20131015,868540.328
20131014,498120.10611999995
20131011,476793.54648
20131010,788395.5699
20131009,651822.59655
20131008,737089.5756099999
20131007,482137.5729
20131004,378938.18633999996
20131003,701640.50976
20131002,647147.2138500001
20131001,615075.16672
20130930,1135986.9293000002
20130927,505828.65255999996
20130926,361575.2105
20130925,588236.87696
20130924,589223.56512
20130923,499850.0936
20130920,884890.4668
20130919,652647.7453600001
20130918,832879.63
20130917,435690.58589999995
20130916,605817.6168
20130913,386879.5536
20130912,543504.9783800001
20130911,551784.55866
20130910,518383.32385000004
20130909,475936.32712
20130906,538302.8611000001
20130905,552569.248
20130904,467362.64736
20130903,524331.8495
20130830,704054.3306499999
20130829,460835.94204
20130828,692301.9954
20130827,549872.0413800001
20130826,501416.16756000003
20130823,418367.96946
20130822,500505.45788999996
20130821,586686.0698999999
20130820,411360.25623
20130819,473395.50993
20130816,755181.5616000001
20130815,596783.10256
20130814,419861.1625
20130813,403103.1576
20130812,401750.37210000004
20130809,500225.4244
20130808,510105.85461000004
20130807,477704.59764
20130806,507813.59177999996
20130805,379551.51300000004
20130802,535601.2758800001
20130801,875539.1995999999
20130731,952113.0850000001
20130730,517560.2106
20130729,351548.32744
20130726,526060.58384
20130725,501745.21276
20130724,450149.50434
20130723,348979.09275
20130722,390965.62764
20130719,639828.9908500001
20130718,443730.97449999995
20130717,612335.3831900001
20130716,907553.0547
20130715,817152.4218000001
20130712,1026538.352
20130711,741916.0658
20130710,551102.391
20130709,911736.9309999999
20130708,878464.6244000001
20130705,569200.4218
20130703,420180.26021999994
20130702,802354.916
20130701,522702.4019
20130628,759756.87546
20130627,1144225.1195999999
20130626,567283.0986
20130625,606747.5061
20130624,962109.001
20130621,1553114.169
20130620,1170678.5475
20130619,576215.445
20130618,478229.9392
20130617,581403.0096
20130614,532622.94822
20130613,537800.39225
20130612,607931.7471999999
20130611,529742.5005600001
20130610,700089.21185
20130607,609519.1035
20130606,852701.9999999999
20130605,676644.8561999999
20130604,880413.3462
20130603,910345.2754
20130531,1263550.198
20130530,1167470.4261
20130529,788401.3857000001
20130528,1162218.5692
20130524,2094534.6152
20130523,559480.8971000001
20130522,682198.0559799998
20130521,581358.82
20130520,577930.87704
20130517,684178.5218799999
20130516,646859.5160000001
20130515,899892.6180000001
20130514,546046.95276
20130513,425972.02479
20130510,485430.48664
20130509,562236.048
20130508,946558.2276
20130507,746204.73048
20130506,560126.0835000001
20130503,616525.56973
20130502,566715.03552
20130501,645846.7828999999
20130430,741259.18368
20130429,514458.09416000004
20130426,676101.5421
20130425,1125956.5058
20130424,1980870.3872000002
20130423,1046470.1836000001
20130422,612991.247
20130419,1070609.0680000002
20130418,870250.7408
20130417,866805.934
20130416,750249.6011999999
20130415,866361.8115000001
20130412,751459.9092
20130411,942691.2915
20130410,629791.5959999999
20130409,529080.9560400001
20130408,489603.18733000004
20130405,513617.5004
20130404,688820.85426
20130403,658274.1958800001
20130402,1056034.728
20130401,564727.4073
20130328,617838.5678000001
20130327,406452.73882
20130326,416962.00440000003
20130325,524763.64404
20130322,453450.72711
20130321,488017.4637099999
20130320,668406.47148
20130319,716799.75488
20130318,539347.90784
20130315,1163327.7018000002
20130314,625563.25923
20130313,486870.528
20130312,541478.58466
20130311,512189.4232
20130308,560109.3839400001
20130307,546860.1235
20130306,555533.5932
20130305,748675.81865
20130304,578456.82036
20130301,730775.36332
20130228,797759.2454000001
20130227,580912.0005000001
20130226,636039.14688
20130225,756970.3055199999
20130222,649286.92707
20130221,793906.4448000002
20130220,715038.63224
20130219,911804.1347999999
20130215,854742.8458000001
20130214,771571.4336000001
20130213,544613.7708
20130212,477222.40210000006
20130211,525221.76273
20130208,691670.14425
20130207,753711.5303
20130206,1295707.4800000002
20130205,1124337.2780000002
20130204,834221.5
20130201,926510.9776000001
20130131,876382.1351999999
20130130,952165.3108
20130129,1318257.75
20130128,1033489.6674
20130125,2106377.0
20130124,625127.8467
20130123,748480.5648999999
20130122,581566.9581
20130118,742610.3308
20130117,436405.98267
20130116,489608.0065000001
20130115,528500.3436
20130114,805664.3594999999
20130111,844029.9168
20130110,890465.85
20130109,396947.24328
20130108,504388.98068000004
20130107,361332.88296
20130104,404412.85689000005
20130103,533809.3831
20130102,693056.77272
20121231,615191.27721
20121228,433959.49385
20121227,519875.00215
20121226,471715.116
20121224,245310.02795999998
20121221,1219361.4952
20121220,710609.8067999999
20121219,714530.6716
20121218,948266.3258999999
20121217,612468.4085100001
20121214,629191.46871
20121213,594578.9010699999
20121212,594790.5162000001
20121211,657005.22986
20121210,570470.4399
20121207,814724.361
20121206,747543.059
20121205,529067.3135
20121204,459858.33455
20121203,515206.64076
20121130,620577.2547599999
20121129,610473.6135
20121128,781595.1136
20121127,562439.45722
20121126,520649.28324
20121123,319985.88481
20121121,424608.42013
20121120,519870.57249999995
20121119,593627.7278400001
20121116,758686.3076
20121115,616151.19928
20121114,643992.96914
20121113,452555.5146
20121112,293226.06612
20121109,545972.1502200001
20121108,529768.42257
20121107,602298.6714999999
20121106,457681.20721
20121105,448116.66018000006
20121102,481766.71807
20121101,533492.37425
20121031,629761.41084
20121026,694399.93056
20121025,1715257.544
20121024,694999.4456
20121023,541597.21944
20121022,514900.663
20121019,694501.6452
20121018,511162.96933
20121017,768406.2805999999
20121016,531483.609
20121015,574376.1604599999
20121012,444152.6545
20121011,448841.07200000004
20121010,609001.4544200001
20121009,563170.3797
20121008,454465.3793
20121005,480984.5436
20121004,540614.92668
20121003,610721.50511
20121002,758861.0124
20121001,596542.1640000001
20120928,621123.23904
20120927,469273.3353
20120926,533498.6349
20120925,697881.2273
20120924,583259.59296
20120921,1408906.668
20120920,602113.23812
20120919,601372.04394
20120918,888348.0218
20120917,780717.575
20120914,848653.3692
20120913,723215.9628
20120912,469612.96919999993
20120911,602958.5323800001
20120910,611171.95516
20120907,867159.6564
20120906,900005.0767999999
20120905,520863.62820000004
20120904,514118.6402
20120831,677848.3307
20120830,487257.98527999996
20120829,451515.40119
20120828,509491.17218999995
20120827,430818.21512999997
20120824,575042.3232
20120823,533845.28104
20120822,517997.11879999994
20120821,610633.5505599999
20120820,596656.356
20120817,629415.4870000001
20120816,681052.99
20120815,657974.17168
20120814,593040.65391
20120813,441018.74688
20120810,486988.99809999997
20120809,636902.54983
20120808,645395.77056
20120807,692868.4685999999
20120806,660359.2573
20120803,995816.1499999999
20120802,600873.31782
20120801,498197.38318000006
20120731,601991.8804200001
20120730,546094.7351999999
20120727,725215.2057
20120726,676510.0368000001
20120725,603360.7793399999
20120724,529566.58986
20120723,683225.5486
20120720,655255.317
20120719,524390.3262
20120718,867724.5976
20120717,821150.1969999999
20120716,691883.0436
20120713,1898672.0455000002
20120712,2360638.5530000003
20120711,612491.095
20120710,534053.82331
20120709,2061427.6759999997
20120706,2253474.5648000003
20120705,2172627.4275
20120703,295641.00904000003
20120702,545507.50382
20120629,813547.6125
20120628,555113.90484
20120627,686613.2526
20120626,521234.42699
20120625,696598.9155
20120622,858419.3012
20120621,1127815.905
20120620,2363046.8103
20120619,799073.7638000001
20120618,640922.9886
20120615,888456.0432
20120614,530019.4840200001
20120613,427881.56622
20120612,490430.67708
20120611,396839.06455999997
20120608,483148.51950000005
20120607,872716.0836
20120606,594497.7072
20120605,480521.97489
20120604,476963.9188
20120601,783434.8665
20120531,575966.54057
20120530,467035.11640000006
20120529,465927.32070000004
20120525,461032.66047000006
20120524,574251.56722
20120523,858734.7122
20120522,475711.41284999996
20120521,605572.8473100001
20120518,735684.8288
20120517,656507.1864
20120516,795585.5355000001
20120515,817187.9724
20120514,629610.3598399999
20120511,720727.0560000001
20120510,520141.85478
20120509,881484.4086
20120508,736791.6255999999
20120507,714646.9675
20120504,771784.8908
20120503,779383.3709000001
20120502,619900.2366199999
20120501,756598.0617
20120430,1221579.3460000001
20120427,1822419.2628
20120426,562723.95591
20120425,467839.16173
20120424,466469.276
20120423,561224.1255500001
20120420,748858.0505
20120419,514020.5212799999
20120418,405958.1475
20120417,590001.1872
20120416,2191021.7490000003
20120413,1960605.5971000001
20120412,1840421.448
20120411,504527.089
20120410,626097.9078499998
20120409,460346.55504
20120405,518036.13563000003
20120404,563110.27092
20120403,466550.09937
20120402,580687.11792
20120330,582744.1705799999
20120329,463533.49978
20120328,506243.32376
20120327,532961.7606
20120326,527446.5337599999
20120323,404996.98712000006
20120322,494308.78848
20120321,411288.192
20120320,412631.02309
20120319,473078.55451999995
20120316,1056728.1675
20120315,582825.50784
20120314,546608.6919
20120313,615222.4806
20120312,597572.77683
20120309,382177.2607200001
20120308,388122.6246
20120307,497405.33136
20120306,656834.5411200001
20120305,464174.45945
20120302,468167.80722
20120301,797722.8864
20120229,997006.185
20120228,907614.5851
20120227,1191676.874
20120224,1185906.3384
20120223,1338689.1222
20120222,452974.92264
20120221,638223.69218
20120217,667036.5802999999
20120216,706145.3400000001
20120215,752114.6529999999
20120214,450666.5176
20120213,443143.25937000004
20120210,529757.22328
20120209,586088.3164
20120208,520227.85288
20120207,567030.2001
20120206,619644.2063999999
20120203,1094653.5624
20120202,798645.0288
20120201,815417.2173
20120131,708470.6272
20120130,789612.3669
20120127,706008.213
20120126,773069.8319999999
20120125,709132.5882
20120124,627858.1575000001
20120123,963816.1
20120120,806808.5616
20120119,616383.40288
20120118,685518.1776
20120117,2364347.6288
20120113,2206589.557
20120112,1956968.2784
20120111,961579.5016000002
20120110,683701.7814
20120109,520952.46895999997
20120106,558294.70956
20120105,668675.6699999999
20120104,707392.6279999999
20120103,772336.9342
20111230,270990.22923
20111229,295342.85669
20111228,275392.15884000005
20111227,373292.98345000006
20111223,346248.51156
20111222,507427.69751
20111221,624868.992
20111220,642247.5063600001
20111219,530293.6278
20111216,1190849.7445999999
20111215,626512.5036299999
20111214,665064.0615
20111213,718046.0062000001
20111212,563569.17351
20111209,496605.01684999996
20111208,537586.06062
20111207,726034.6873999999
20111206,538725.66876
20111205,635736.7480000001
20111202,642270.23708
20111201,600282.47232
20111130,967263.1198999999
20111129,399553.00593
20111128,474040.81488
20111125,288821.03099999996
20111123,456341.74066
20111122,513349.14008000004
20111121,814667.335
20111118,481585.43772000005
20111117,536288.64102
20111116,583630.4908
20111115,486773.43372000003
20111114,429583.54595
20111111,365394.5768
20111110,388521.58019999997
20111109,608161.4694399999
20111108,476424.84432
20111107,416089.7685
20111104,488288.55669
20111103,539003.93274
20111102,551822.796
20111101,842249.2306
20111031,602804.67705
20111028,688732.3784
20111027,1085193.5302000002
20111026,610148.2239
20111025,573843.41518
20111024,640392.95595
20111021,862120.1242000001
20111020,502358.89208
20111019,587797.651
20111018,764542.7148000001
20111017,455102.23626000003
20111014,485526.90123
20111013,471592.59285
20111012,661276.4697
20111011,368179.68968
20111010,430883.38800000004
20111007,568492.80719
20111006,551239.87091
20111005,760575.3188
20111004,812850.7921999999
20111003,773702.4184000001
20110930,717551.055
20110929,621850.229
20110928,566959.26024
20110927,677978.9284
20110926,833435.5576000001
20110923,558646.7949999999
20110922,1060033.281
20110921,605751.20194
20110920,525728.34
20110919,702538.5285
20110916,1585722.2773
20110915,574782.72946
20110914,719194.761
20110913,514688.8815
20110912,609981.20631
20110909,758321.6576
20110908,699340.9023
20110907,556628.02048
20110906,714481.1822
20110902,550746.1197
20110901,560658.8302
20110831,571268.75872
20110830,582088.0535
20110829,576405.25542
20110826,648639.4134000001
20110825,940643.1671
20110824,532190.12769
20110823,957471.0526
20110822,781561.4697
20110819,993113.3808
20110818,1080846.8216000001
20110817,491613.25892000005
20110816,580209.8530799999
20110815,748506.0492
20110812,821480.7084
20110811,1129121.9745
20110810,1365940.5241999999
20110809,1919326.4202
20110808,1836685.0271
20110805,1434786.9534
20110804,1058961.2166
20110803,795802.2762
20110802,583798.6308299999
20110801,620240.8953
20110729,636395.6742
20110728,466224.59664
20110727,693384.452
20110726,549646.70445
20110725,555662.31019
20110722,387997.33324999997
20110721,551967.07244
20110720,840349.11
20110719,541961.73122
20110718,860954.9899999999
20110715,1334644.1889000002
20110714,857055.306
20110713,591613.5276799999
20110712,746883.126
20110711,595161.2368000001
20110708,598895.2305800001
20110707,582222.5817
20110706,603236.7259
20110705,593640.3060000001
20110701,622444.6025299999
20110630,749417.1945
20110629,711949.1039999999
20110628,535751.48032
20110627,420824.08134
20110624,955119.0187
20110623,741045.9002
20110622,583785.9547199999
20110621,705998.7168
20110620,384502.77232
20110617,650564.6884999999
20110616,570561.06996
20110615,750520.2352
20110614,468596.75448000006
20110613,574594.48962
20110610,679926.4770000001
20110609,664054.3965
20110608,730689.5929999999
20110607,578890.868
20110606,502159.09050000005
20110603,560602.21167
20110602,563297.78722
20110601,634580.4176
20110531,710459.96
20110527,527407.0588
20110526,592563.9892999999
20110525,771856.683
20110524,476092.11192000005
20110523,628956.3563999999
20110520,630728.52592
20110519,501512.8185
20110518,596701.3783199999
20110517,822218.5874
20110516,661386.1440199999
20110513,842178.5889999999
20110512,742543.6068000001
20110511,606060.5036800001
20110510,531192.52536
20110509,568010.57302
20110506,726702.4733000001
20110505,712217.4804
20110504,946623.8639
20110503,652154.7968199999
20110502,580645.86192
20110429,866684.984
20110428,862188.915
20110427,634135.96158
20110426,607837.57931
20110425,466458.39527
20110421,671097.9303
20110420,564367.14792
20110419,593411.9615399999
20110418,725115.52
20110415,794892.4048000001
20110414,634507.806
20110413,656659.4118
20110412,715873.0966
20110411,475673.33709
20110408,450276.3845
20110407,478601.36925000005
20110406,509594.54432
20110405,562113.66288
20110404,400911.68964
20110401,512090.40832000005
20110331,712744.032
20110330,468350.669
20110329,471009.47808
20110328,508317.4548
20110325,472540.45392
20110324,501395.20008000004
20110323,487067.85046999995
20110322,474024.00609
20110321,587653.2469
20110318,1029971.538
20110317,643624.8225
20110316,978996.2028
20110315,795044.5362
20110314,560635.8093
20110311,589660.75311
20110310,744586.7143
20110309,544318.584
20110308,678754.4014999999
20110307,697536.5166
20110304,736580.1974000001
20110303,887894.7479999999
20110302,625063.6104
20110301,760895.035
20110228,728762.7945
20110225,714648.5284000001
20110224,958438.8125
20110223,751468.496
20110222,604464.5067299999
20110218,584498.0596
20110217,471227.776
20110216,627717.0087199999
20110215,753037.0456000001
20110214,457841.98404000007
20110211,579434.2198800001
20110210,708891.431
20110209,709569.4293000001
20110208,529640.8326399999
20110207,829277.7229999999
20110204,625096.80581
20110203,537278.7167999999
20110202,730001.5632
20110201,919697.2356
20110131,793229.7126000001
20110128,957843.456
20110127,1538207.8362000003
20110126,628000.24353
20110125,737974.8030000001
20110124,696841.5933999999
20110121,629709.80826
20110120,822019.66
20110119,768738.8435
20110118,810845.46
20110114,717352.3229
20110113,648184.75204
20110112,659285.0241
20110111,616330.8221600001
20110110,788644.914
20110107,770128.71
20110106,749434.2969
20110105,483378.96959999995
20110104,736083.546
20110103,647870.3450999999
20101231,337424.29497
20101230,245528.00192
20101229,316610.2996
20101228,301026.56316
20101227,465141.69114
20101223,388216.49159999995
20101222,460049.35845000006
20101221,531535.6982000001
20101220,688807.3921
20101217,1519544.9815000002
20101216,924577.8300000001
20101215,702346.95
20101214,548183.4439
20101213,555032.46131
20101210,727029.416
20101209,536923.6314
20101208,522611.40038
20101207,613776.30875
20101206,362751.12608
20101203,559217.59205
20101202,490548.89108000003
20101201,720848.018
20101130,1079417.7463
20101129,523976.4615
20101126,243330.52962000002
20101124,548770.1296
20101123,656659.3149
20101122,580918.0608000001
20101119,608160.0021
20101118,723373.5035999999
20101117,502264.08648
20101116,913502.9745
20101115,698262.0477
20101112,597003.50024
20101111,450550.95716
20101110,526319.1098
20101109,548338.6150999999
20101108,466258.1455
20101105,633551.49
20101104,767057.85
20101103,554434.45249
20101102,519615.96125999995
20101101,758774.7454
20101029,722678.3811
20101028,582612.1159499999
20101027,841994.3632
20101026,813139.3592
20101025,567225.20178
20101022,376146.87440000003
20101021,610511.15085
20101020,655554.4119000001
20101019,764943.6366000001
20101018,725306.1865000001
20101015,624048.53712
20101014,550842.6639999999
20101013,620408.64642
20101012,1548949.5
20101011,461396.27326000005
20101008,984506.8488
20101007,1413951.4239999999
20101006,440072.32596
20101005,693278.057
20101004,696775.3732
20101001,616833.7152
20100930,785697.5547
20100929,584978.03475
20100928,689051.1725999999
20100927,627347.7559999999
20100924,653551.0443999999
20100923,618688.0956
20100922,595863.52335
20100921,695395.6264000001
20100920,555459.8888
20100917,1085144.06
20100916,467360.72459999996
20100915,561274.75593
20100914,667720.3807999999
20100913,593069.66208
20100910,445664.17840000003
20100909,478549.10166
20100908,466021.50613999995
20100907,446272.65882
20100903,540806.8466800001
20100902,616174.032
20100901,881976.446
20100831,751242.9132
20100830,443014.90284
20100827,616901.5839999999
20100826,610709.5201999999
20100825,620544.132
20100824,816725.1155999999
20100823,508353.72984
20100820,726165.864
20100819,590905.45384
20100818,652388.7825
20100817,654985.1339
20100816,785263.6393
20100813,526731.01212
20100812,694708.7959
20100811,779914.8945
20100810,817498.9014
20100809,670498.767
20100806,759192.98
20100805,755457.144
20100804,1170334.959
20100803,1465507.2258
20100802,691254.0688
20100730,729739.7139999999
20100729,972928.1212
20100728,491705.81460000004
20100727,790504.6824
20100726,488098.14144000004
20100723,523855.30341999995
20100722,798167.1734
20100721,910205.9504999999
20100720,678217.7862
20100719,596459.0688
20100716,875100.432
20100715,643962.3426
20100714,864486.1835999999
20100713,653479.7229
20100712,517237.0816900001
20100709,594444.773
20100708,914991.5880000001
20100707,940791.7372
20100706,827984.0748000001
20100702,717405.408
20100701,1151404.1682000002
20100630,1036032.1407999999
20100629,1074484.3824
20100628,855636.145
20100625,2640335.9664000003
20100624,787136.7528
20100623,823926.4506000001
20100622,803201.1240000001
20100621,591947.5536
20100618,1073896.31
20100617,744824.9824
20100616,895035.9204
20100615,739381.2244
20100614,671829.8125
20100611,1206289.1099
20100610,912069.8829
20100609,872897.3585999999
20100608,953027.5092000001
20100607,799107.995
20100604,1083984.352
20100603,663719.6399999999
20100602,799706.4894
20100601,938255.5599999999
20100528,852333.7890000001
20100527,911962.5465
20100526,1053560.4644
20100525,1114212.561
20100524,780936.162
20100521,1432598.151
20100520,1439363.0089
20100519,1006927.067
20100518,1003345.6041
20100517,929093.1242000001
20100514,916309.8132
20100513,700143.165
20100512,684298.8888000001
20100511,773137.2725999999
20100510,999422.8492
20100507,1446023.9212
20100506,1735003.5975
20100505,721778.2992
20100504,703545.2193
20100503,611537.79608
20100430,980191.0944
20100429,1698206.17
20100428,826943.3092
20100427,810951.5090999999
20100426,592218.2264200001
20100423,537072.42186
20100422,510175.70228
20100421,623057.1971400001
20100420,709647.0803
20100419,603555.27088
20100416,790055.925
20100415,712830.51
20100414,485649.71492999996
20100413,707451.57
20100412,574604.8077
20100409,573768.91539
20100408,523887.26191999996
20100407,877716.25
20100406,697499.2932000001
20100405,547042.9471999999
20100401,668755.9296
20100331,518421.0300300001
20100330,389191.71233999997
20100329,521090.63928
20100326,677039.3487
20100325,521885.03919999994
20100324,746278.2449
20100323,761917.9707000001
20100322,616309.3851200001
20100319,1114523.1888000001
20100318,565117.1714499999
20100317,648702.3039
20100316,567865.4462000001
20100315,488889.53750000003
20100312,512823.36112
20100311,635043.5881
20100310,618326.4554799999
20100309,449483.17199999996
20100308,713622.3632
20100305,643335.8744999999
20100304,547577.72649
20100303,537154.4049499999
20100302,509934.96742000006
20100301,491776.03034999996
20100226,673352.3552
20100225,642449.535
20100224,817761.3328000001
20100223,755264.685
20100222,613240.6413
20100219,691462.2375
20100218,1121174.4927
20100217,904057.6545000001
20100216,832629.443
20100212,999549.7792
20100211,642393.8448
20100210,607732.1952800001
20100209,705737.696
20100208,697113.0720999999
20100205,909126.814
20100204,874860.356
20100203,693524.223
20100202,1109508.825
20100201,798827.3160999999
20100129,1050089.1624999999
20100128,1659476.3448
20100127,926033.5311
20100126,793438.6046999999
20100125,705170.5536
20100122,1066887.5186
20100121,854812.0064
20100120,696935.3040000001
20100119,650654.0916
20100115,959026.1814
20100114,561164.5613399999
20100113,1030951.5448000001
20100112,796653.7061
20100111,874849.276
20100108,508651.01243999996
20100107,523171.55512000003
20100106,596800.06625
20100105,528265.1906999999
20100104,552129.3536
20091231,349090.86675000004
20091230,343304.3937
20091229,440796.59854
20091228,420394.45875
20091224,205715.48928
20091223,345211.28897000005
20091222,439658.3733
20091221,585419.0458
20091218,1394346.314
20091217,671084.64
20091216,612865.5876
20091215,710085.0232
20091214,595082.44454
20091211,555466.48116
20091210,624292.096
20091209,564281.844
20091208,686484.1533
20091207,558233.4192799999
20091204,707080.772
20091203,612203.15136
20091202,545678.63518
20091201,601371.72549
20091130,771556.9335
20091127,387092.27832
20091125,517745.82947
20091124,612379.5676
20091123,659595.2859
20091120,763336.296
20091119,570728.5463
20091118,746401.1323999999
20091117,714521.2320000001
20091116,776208.6267
20091113,721814.1346
20091112,862532.071
20091111,609907.95341
20091110,924553.374
20091109,884998.6615
20091106,976784.0544
20091105,975616.933
20091104,777773.9673
20091103,705256.9217999999
20091102,864137.439
20091030,1230982.1400000001
20091029,1568655.1296
20091028,894171.2490999999
20091027,594883.566
20091026,591986.4619999999
20091023,620607.5743999999
20091022,593286.4060000001
20091021,657808.6285999999
20091020,656103.4279
20091019,456109.3087
20091016,703360.8415999999
20091015,674359.8948
20091014,480558.73481000005
20091013,645013.8589999999
20091012,455101.92
20091009,371604.71224
20091008,736360.5675
20091007,432469.13105
20091006,683742.3651
20091005,616655.728
20091002,742191.255
20091001,891600.802
20090930,813617.2992
20090929,440519.11151
20090928,523908.12984
20090925,780733.3859999999
20090924,783649.2888
20090923,824256.875
20090922,629938.7927999999
20090921,663932.5340000001
20090918,1472931.4048
20090917,591762.6638999999
20090916,710177.0814
20090915,638786.5891
20090914,608181.105
20090911,686766.7456
20090910,1472321.5476
20090909,595933.3631999999
20090908,837261.546
20090904,395645.9994
20090903,482184.86826
20090902,465993.3696
20090901,760607.4234000001
20090831,827248.2897
20090828,477996.4561499999
20090827,548931.6994
20090826,500543.85351999995
20090825,677195.304
20090824,628445.4792
20090821,711155.5524
20090820,449146.09916000004
20090819,641643.552
20090818,437578.28650000005
20090817,594357.5958
20090814,632082.8572
20090813,547792.815
20090812,527733.9312
20090811,480125.15046
20090810,612810.7314
20090807,848086.9188
20090806,1511148.6300000001
20090805,1126892.5902
20090804,571130.4076
20090803,623777.9261
20090731,702968.6481999999
20090730,672430.9534
20090729,541179.0777599999
20090728,453608.48007
20090727,383002.21400000004
20090724,482612.94688
20090723,826865.4995999999
20090722,548702.7435
20090721,617464.975
20090720,595811.55
20090717,746226.6768
20090716,691509.6668
20090715,820608.005
20090714,685954.48
20090713,651071.7498
20090710,483284.6116
20090709,610258.8954
20090708,888683.7456
20090707,696799.3501999999
20090706,835892.2599
20090702,777480.7201
20090701,742716.52
20090630,734568.121
20090629,464374.3185
20090626,1300413.8475
20090625,708466.6496
20090624,626134.542
20090623,536202.048
20090622,655502.3104000001
20090619,989601.3096
20090618,664819.0612
20090617,635726.6198999999
20090616,787663.683
20090615,623149.7931
20090612,543790.553
20090611,564951.8637
20090610,671516.916
20090609,607560.8285999999
20090608,565629.5996
20090605,561098.4574
20090604,532804.47605
20090603,680342.9683000001
20090602,640225.8855
20090601,666284.976
20090529,785628.858
20090528,873583.0080000001
20090527,750671.7474
20090526,587198.5434000001
20090522,358747.84394
20090521,595195.0972000001
20090520,862378.5212000001
20090519,805640.0745000001
20090518,738747.3704
20090515,715473.5742
20090514,564111.6479999999
20090513,572733.8343999999
20090512,701898.1847999999
20090511,699960.6606
20090508,691910.0487
20090507,704222.5656000001
20090506,759156.0984
20090505,612358.7457
20090504,643758.4381
20090501,588380.265
20090430,1214270.1312
20090429,574692.7062
20090428,447445.03369999997
20090427,479889.29356
20090424,560660.6469
20090423,584895.7440000001
20090422,663914.3520000001
20090421,647470.0484999999
20090420,783491.3681999999
20090417,1119070.8018
20090416,823674.7029
20090415,691323.75
20090414,713158.8975
20090413,620128.1832
20090409,726353.8051
20090408,457279.40619
20090407,477124.99604
20090406,513649.11
20090403,734513.5777
20090402,905397.1332
20090401,824595.8925
20090331,652063.7062
20090330,602720.7119999999
20090327,505230.96840000007
20090326,792653.2871999999
20090325,727965.3006000001
20090324,572310.4796999999
20090323,777080.689
20090320,1165124.9381000001
20090319,748442.3067000001
20090318,802287.4272
20090317,550878.0517999999
20090316,725998.458
20090313,652845.3840000001
20090312,627881.856
20090311,603751.4102
20090310,932114.569
20090309,747621.9124
20090306,893795.9702
20090305,881777.414
20090304,742811.9445000001
20090303,909074.6987000001
20090302,892037.8078999999
20090227,999253.4127000001
20090226,666335.7694
20090225,867341.5296000001
20090224,745724.3157
20090223,739848.6869999999
20090220,982639.2525
20090219,684353.0641000001
20090218,853671.8355
20090217,1037884.3332
20090213,588782.6178
20090212,924004.064
20090211,839245.5228
20090210,1158689.5005
20090209,704362.4648
20090206,828251.46
20090205,945230.3
20090204,775223.0356000001
20090203,803186.2215
20090202,1028316.9559999999
20090130,1913517.3450000002
20090129,847116.1372
20090128,1032241.196
20090127,678133.7010000001
20090126,960097.7858999999
20090123,1179775.52
20090122,1089853.8432
20090121,1048034.7921
20090120,1022913.2964
20090116,1091328.4973
20090115,1080658.8390000002
20090114,932001.3582
20090113,939140.7248
20090112,681704.2134
20090109,649060.7827999999
20090108,695203.1128
20090107,758344.2372
20090106,833202.9617
20090105,893023.4625
20090102,699316.308
20081231,670418.7358
20081230,611499.4879999999
20081229,516892.4306000001
20081226,269694.56256
20081224,244033.03089
20081223,636993.8559
20081222,689670.8476
20081219,1399024.9212
20081218,1036959.2842
20081217,978456.685
20081216,1096156.3314
20081215,726019.1008
20081212,991247.0260000001
20081211,1104606.7404
20081210,870300.7903999999
20081209,1280805.2367
20081208,1305177.3882000002
20081205,1381645.9835
20081204,1097570.6
20081203,1255562.0592
20081202,1243689.984
20081201,1235862.7214000002
20081128,499911.7266
20081126,956974.4243999999
20081125,1443223.2672000001
20081124,1686626.7264
20081121,2153400.498
20081120,1857800.8832999999
20081119,1453663.8831
20081118,2282023.1475
20081117,1442728.9247
20081114,2665437.5969000002
20081113,2919835.601
20081112,1608885.495
20081111,1037452.8144
20081110,1049401.047
20081107,1225498.9556999998
20081106,3132535.8680000002
20081105,4583623.5297
20081104,3082343.2282999996
20081103,3252353.2720000003
20081031,2750956.8324
20081030,2302406.1223999998
20081029,1892128.7541
20081028,2253333.8329999996
20081027,1347031.5364
20081024,1564295.9948
20081023,1564365.618
20081022,2053101.4296
20081021,802010.9232
20081020,1063229.7676
20081017,1209458.1996000002
20081016,1706216.4993
20081015,1411996.6638
20081014,1888029.6039999998
20081013,1583700.6068
20081010,2806066.3611999997
20081009,1831751.3520000002
20081008,2464923.2019999996
20081007,1580535.525
20081006,1777226.0111999998
20081003,1628034.7822
20081002,1559771.6664
20081001,1265726.6919999998
20080930,1610032.0413
20080929,1521232.5
20080926,923441.7888
20080925,1199825.9065000003
20080924,897292.0907999999
20080923,1018082.9784
20080922,1020502.0224
20080919,2012894.06
20080918,2009410.9743
20080917,1757309.3638
20080916,1522463.7600000002
20080915,1422992.5202000001
20080912,832349.7105
20080911,1183920.1164
20080910,1378857.2118
20080909,1332993.7257
20080908,1195676.1527
20080905,819574.3604
20080904,866222.5164
20080903,745199.1368000001
20080902,793151.8299
20080829,667656.2705299999
20080828,575656.0569
20080827,566521.13368
20080826,588953.59632
20080825,665788.20177
20080822,850033.6152
20080821,679601.6316000001
20080820,770187.1159999999
20080819,872162.1792
20080818,887740.5454
20080815,1261259.0599999998
20080814,658572.95604
20080813,741871.9679999999
20080812,976580.1614
20080811,726925.8513000001
20080808,1052522.9022
20080807,739477.5556
20080806,881155.0277999999
20080805,1385367.2588
20080804,832048.3914
20080801,724018.434
20080731,919493.7328000001
20080730,907488.2312999999
20080729,1082261.3646000002
20080728,804200.553
20080725,709230.1743999999
20080724,715525.5670000002
20080723,728193.324
20080722,845617.4559999999
20080721,624152.9274800001
20080718,985488.0802
20080717,1014282.5005000001
20080716,1244715.8413
20080715,1630905.7049999998
20080714,955073.2848
20080711,1385801.2980000002
20080710,1140125.9168
20080709,992251.414
20080708,1154905.7148
20080707,1177479.5499
20080703,735496.1023
20080702,1183357.7545999999
20080701,1181362.3524
20080630,910725.2217
20080627,1300091.0034
20080626,948937.1325
20080625,818282.6113000001
20080624,702281.3489999999
20080623,661225.6476
20080620,1355311.2808
20080619,749223.7720000001
20080618,748260.5
20080617,540931.7984
20080616,804286.435
20080613,727058.6880000001
20080612,793494.5177999999
20080611,835407.5900000001
20080610,919997.3243999999
20080609,857784.1671999999
20080606,1069754.5557000001
20080605,718336.5817
20080604,836663.976
20080603,746808.8635
20080602,652299.79352
20080530,644742.9799
20080529,690588.0351999999
20080528,661378.8415000001
20080527,709344.9881999999
20080523,549262.2579099999
20080522,566894.59224
20080521,759240.9272
20080520,785807.9314
20080519,613963.54578
20080516,820101.1799999999
20080515,788179.6187999999
20080514,864934.05
20080513,719245.2666000001
20080512,729445.8489999999
20080509,636233.03759
20080508,664598.1888
20080507,858416.272
20080506,654492.53595
20080505,679376.1135000001
20080502,887783.3559999999
20080501,904481.3704
20080430,1465675.4519999998
20080429,1091817.3610000003
20080428,1202784.7640999998
20080425,910414.6479999999
20080424,843045.0791
20080423,952790.3292
20080422,887136.042
20080421,711670.836
20080418,1232281.3407
20080417,1419701.7863999999
20080416,1349517.4473
20080415,604264.5384000001
20080414,636637.3606
20080411,830354.0
20080410,677709.80266
20080409,803230.4839999999
20080408,617957.11035
20080407,667402.5336000001
20080404,717314.3559999999
20080403,675099.00603
20080402,719554.2832000001
20080401,823738.5968
20080331,926472.5469999999
20080328,515623.66464
20080327,825953.3182999999
20080326,587147.09664
20080325,735717.9012000001
20080324,706646.6216000001
20080320,1146183.8612
20080319,1023515.3247000001
20080318,1006228.886
20080317,1144314.8595
20080314,1286845.3078
20080313,1091663.104
20080312,646343.90272
20080311,964716.852
20080310,905784.1584000001
20080307,905000.698
20080306,662295.8718900001
20080305,780020.482
20080304,1068498.776
20080303,767565.3304999999
20080229,968887.7742000001
20080228,746667.2816
20080227,789394.2198999999
20080226,740971.4688
20080225,792124.3932
20080222,737557.5506999999
20080221,786990.5267999999
20080220,717505.7929000001
20080219,689884.5983000001
20080215,779139.6989999999
20080214,729732.4262999999
20080213,740462.56
20080212,745966.9395999999
20080211,681960.1799999999
20080208,602797.169
20080207,1065327.9906
20080206,903855.1326
20080205,928159.1736000001
20080204,684187.4655
20080201,803594.683
20080131,1300449.5074
20080130,798317.1338000001
20080129,820355.1972000002
20080128,709400.6602
20080125,837750.963
20080124,795574.143
20080123,1231482.4128
20080122,1669674.6338999998
20080118,1207017.221
20080117,1029959.0015999998
20080116,1028245.1816
20080115,882441.032
20080114,924011.2530000001
20080111,1266498.4574000002
20080110,945116.7312
20080109,1079057.8890000002
20080108,1247848.7344000002
20080107,863790.1150999999
20080104,723727.5395999999
20080103,807179.1756000001
20080102,886177.1275000001
20071231,573090.7495800001
20071228,491138.6535
20071227,509936.98311000003
20071226,476357.9596800001
20071224,209024.83088000002
20071221,1198349.9344
20071220,538834.36789
20071219,596168.8033200001
20071218,781722.522
20071217,967852.6843999999
20071214,1008593.1120000001
20071213,786357.408
20071212,1019014.7697000001
20071211,981140.8776
20071210,484750.15635
20071207,570141.63916
20071206,628270.6255600001
20071205,714669.97503
20071204,673207.8601500001
20071203,664338.18912
20071130,1020050.7799999999
20071129,584215.31865
20071128,1006960.9265
20071127,957285.5947
20071126,986187.59
20071123,334606.56273999996
20071121,750222.1076000001
20071120,869063.4642999999
20071119,825547.9605999999
20071116,1107795.7891
20071115,761754.2767999999
20071114,851843.9496
20071113,877744.4997999999
20071112,763874.3952
20071109,837924.0590000001
20071108,1022718.4968000001
20071107,824241.7092
20071106,615460.10409
20071105,890617.1846
20071102,796193.7945000001
20071101,1036038.232
20071031,983325.6399999999
20071030,1778849.324
20071029,824421.642
20071026,668710.0
20071025,742475.235
20071024,720673.8939999999
20071023,549036.922
20071022,642432.63942
20071019,1131362.76
20071018,572652.21
20071017,836816.214
20071016,682537.52316
20071015,584578.5
20071012,588699.8049
20071011,660571.08
20071010,551193.7200000001
20071009,586893.3439999999
20071008,427565.69249999995
20071005,728571.5460000001
20071004,827436.0599999999
20071003,612399.98748
20071002,662492.545
20071001,815479.182
20070928,682070.3797599999
20070927,604171.2906
20070926,739730.2814
20070925,687681.3526
20070924,810908.48
20070921,1116145.089
20070920,598760.1960000001
20070919,1034230.1340000001
20070918,1062465.864
20070917,698655.105
20070914,564165.6379999999
20070913,576587.3659999999
20070912,645597.134
20070911,834175.5576
20070910,581514.7800000001
20070907,752328.8640000001
20070906,734786.206
20070905,587712.972
20070904,576493.4175
20070831,548231.733
20070830,536234.985
20070829,577972.56
20070828,700545.7200000001
20070827,508416.84014000004
20070824,560194.024
20070823,696682.464
20070822,619263.9959999999
20070821,628136.916
20070820,618830.1900000001
20070817,1304209.555
20070816,1444746.0274000003
20070815,772064.0735999999
20070814,696313.044
20070813,986061.628
20070810,1120620.4711000002
20070809,1269326.0367
20070808,893232.1764
20070807,1253981.52
20070806,1207863.15
20070803,1277731.0320000001
20070802,751861.575
20070801,936157.5199999999
20070731,957019.3578
20070730,941622.7347
20070727,1040975.1431999999
20070726,1380213.7344000002
20070725,855386.1726
20070724,931389.9456000001
20070723,606606.41992
20070720,758714.7699999999
20070719,538355.99727
20070718,689769.3396000001
20070717,863561.7908
20070716,812933.739
20070713,752316.6377999999
20070712,1102259.8545000001
20070711,742204.2960000001
20070710,768213.2940999999
20070709,742499.6448
20070706,503955.24879999994
20070705,732676.6020000001
20070703,314625.34971
20070702,609289.33968
20070629,733352.3596
20070628,566714.33312
20070627,643525.3225
20070626,904631.7361999999
20070625,714070.3992
20070622,1203507.9382
20070621,813924.3476000001
20070620,1147152.3372
20070619,1192692.0236
20070618,942752.8887
20070615,1073416.5065000001
20070614,693048.6358
20070613,967421.07
20070612,646673.4792000001
20070611,511937.3753
20070608,975598.295
20070607,1320081.5592
20070606,625814.48705
20070605,855461.7418
20070604,725498.9236999999
20070601,572044.1163599999
20070531,548171.7507
20070530,658470.3645
20070529,629616.2525000001
20070525,594378.6020000001
20070524,564035.3129799999
20070523,484968.93200000003
20070522,609921.8999999999
20070521,607828.49973
20070518,1039859.5319999999
20070517,639322.8200999999
20070516,1001073.37
20070515,922105.713
20070514,540344.4044
20070511,522728.19225
20070510,867474.4793
20070509,652295.5920000001
20070508,1023705.7025
20070507,753912.6024
20070504,775855.5319
20070503,1106717.3599999999
20070502,1216134.5426999999
20070501,1186529.0496
20070430,1239265.3
20070427,613724.7328799999
20070426,577313.6803600001
20070425,465252.10785000003
20070424,644143.3274
20070423,429755.7474
20070420,1196451.608
20070419,570953.80918
20070418,529447.22752
20070417,788820.579
20070416,546445.3011299999
20070413,415006.91608000005
20070412,480848.75024
20070411,575078.55456
20070410,414297.49263
20070409,486511.7842
20070405,406539.0
20070404,613468.24045
20070403,717663.84
20070402,408621.68
20070330,533563.048
20070329,339423.11149999994
20070328,459771.368
20070327,500978.18700000003
20070326,478720.8441
20070323,451806.08
20070322,937970.547
20070321,539107.65496
20070320,405838.27800000005
20070319,349976.268
20070316,761360.9775
20070315,786932.4380999999
20070314,645629.92
20070313,690071.0040000001
20070312,371279.57300000003
20070309,571374.0983999999
20070308,560590.608
20070307,659438.592
20070306,753497.5392
20070305,621824.00007
20070302,585809.0
20070301,716023.0144
20070228,1096808.797
20070227,1008003.5
20070226,421781.3874
20070223,358888.894
20070222,409077.20699999994
20070221,365860.764
20070220,596986.8319999999
20070216,530854.0739999999
20070215,336264.759
20070214,387283.90192
20070213,572291.2926899999
20070212,512785.45472
20070209,338392.8030000001
20070208,373569.183
20070207,435072.352
20070206,538835.616
20070205,414933.835
20070202,416829.996
20070201,530750.286
20070131,579522.6320000001
20070130,775293.147
20070129,613628.5519999999
20070126,442961.37
20070125,441488.46
20070124,417069.41500000004
20070123,378322.704
20070122,612825.8559999999
20070119,610770.735
20070118,567655.0480000001
20070117,745339.296
20070116,675811.5
20070112,513766.5
20070111,426171.52
20070110,522875.0559999999
20070109,687037.6919999999
20070108,704367.52
20070105,629151.65
20070104,557965.1699999999
20070103,627193.2660000001
20061229,284182.659
20061228,251594.51200000002
20061227,337998.856
20061226,258043.8
20061222,280126.66
20061221,388552.92
20061220,291230.331
20061219,392952.853
20061218,370158.288
20061215,739970.442
20061214,370629.175
20061213,383684.12
20061212,447320.51
20061211,246436.008
20061208,299989.10599999997
20061207,446548.95999999996
20061206,353956.01999999996
20061205,382654.101
20061204,449254.596
20061201,414029.83599999995
20061130,565857.201
20061129,364588.959
20061128,450685.606
20061127,451373.436
20061124,145401.111
20061122,258333.852
20061121,323562.248
20061120,294553.512
20061117,399067.526
20061116,307411.39200000005
20061115,350896.70399999997
20061114,499242.08
20061113,381587.25
20061110,439014.02999999997
20061109,523313.11999999994
20061108,624095.4160000001
20061107,499840.026
20061106,600603.864
20061103,348592.22000000003
20061102,515827.656
20061101,559921.28
20061031,943072.047
20061030,560672.946
20061027,455941.304
20061026,407295.35000000003
20061025,373161.43
20061024,432582.96
20061023,465386.432
20061020,501508.94800000003
20061019,326850.0
20061018,468110.61000000004
20061017,416079.0
20061016,325309.535
20061013,446578.014
20061012,370197.397
20061011,301559.72
20061010,482310.528
20061009,244015.125
20061006,446185.098
20061005,523709.696
20061004,952937.632
20061003,549785.0399999999
20061002,296061.08400000003
20060929,448270.35
20060928,583986.3479999999
20060927,520157.16
20060926,558814.872
20060925,507165.18
20060922,420011.312
20060921,611516.1780000001
20060920,431274.41400000005
20060919,445745.471
20060918,403916.15
20060915,1068423.51
20060914,544438.43
20060913,669672.48
20060912,348011.395
20060911,566598.96
20060908,350081.52599999995
20060907,441416.22000000003
20060906,282365.952
20060905,387132.37200000003
20060901,255830.693
20060831,403253.74
20060830,543282.675
20060829,302376.96
20060828,381039.628
20060825,273476.736
20060824,326391.615
20060823,289126.32
20060822,398143.68
20060821,321921.27
20060818,414589.428
20060817,397592.32800000004
20060816,399080.14200000005
20060815,419737.66799999995
20060814,482149.656
20060811,487654.05
20060810,521182.714
20060809,334436.18
20060808,556548.5959999999
20060807,378817.56
20060804,468989.16000000003
20060803,735426.2250000001
20060802,1032164.346
20060801,327229.651
20060731,425377.80000000005
20060728,334423.427
20060727,314511.89999999997
20060726,409180.06799999997
20060725,381175.632
20060724,255048.55999999997
20060721,449367.408
20060720,325405.602
20060719,449630.97599999997
20060718,397534.63
20060717,344258.686
20060714,498657.93999999994
20060713,520699.47599999997
20060712,399672.261
20060711,349454.0
20060710,386130.668
20060707,386149.25
20060706,407309.33
20060705,511541.373
20060703,258580.26999999996
20060630,1175995.6
20060629,588045.616
20060628,361830.183
20060627,409004.3
20060626,314546.221
20060623,385506.70199999993
20060622,341908.115
20060621,485706.56599999993
20060620,632378.124
20060619,589199.547
20060616,593616.282
20060615,469114.24000000005
20060614,480151.793
20060613,557192.5680000001
20060612,321743.302
20060609,420555.465
20060608,825550.362
20060607,449217.824
20060606,490432.94099999993
20060605,422557.64400000003
20060602,462761.52
20060601,378156.57599999994
20060531,630607.425
20060530,379082.98000000004
20060526,347710.423
20060525,446644.476
20060524,548128.734
20060523,517976.491
20060522,484980.94399999996
20060519,880820.1449999999
20060518,426616.058
20060517,557787.263
20060516,643625.004
20060515,627136.9500000001
20060512,764022.8879999999
20060511,688891.35
20060510,541827.4140000001
20060509,647478.7
20060508,825566.922
20060505,739308.607
20060504,861495.264
20060503,1616887.2
20060502,493313.22299999994
20060501,422796.036
20060428,519099.31700000004
20060427,515308.584
20060426,920566.491
20060425,1280866.458
20060424,527138.44
20060421,680401.278
20060420,876738.962
20060419,722007.7829999999
20060418,628216.992
20060417,738486.606
20060413,387772.26
20060412,499345.21
20060411,759440.262
20060410,408833.95499999996
