20160408,684686.18595
20160407,646114.32809
20160406,648082.40636
20160405,617224.8282
20160404,611696.9544500001
20160401,711660.07794
20160331,567043.8624
20160330,588925.4160000001
20160329,630615.86364
20160328,478369.46916000004
20160324,773854.30745
20160323,964038.7694
20160322,722540.585
20160321,775361.9767199999
20160318,1411372.3673999999
20160317,1034593.3578
20160316,950802.9552
20160315,659490.6722799999
20160314,649806.6659400001
20160311,1332721.1052
20160310,1135185.051
20160309,1791489.1176
20160308,930760.1388000001
20160307,1158900.4184
20160304,820033.0696800001
20160303,745964.7091699999
20160302,839440.62074
20160301,999793.5947999998
20160229,963595.9928
20160226,789596.9759999999
20160225,805787.9001
20160224,832265.4708499999
20160223,903146.0641
20160222,914371.7011999999
20160219,844018.56
20160218,824770.55682
20160217,1122102.184
20160216,900421.8333
20160212,839246.46513
20160211,1056480.1279
20160210,1005307.152
20160209,1040267.8848000001
20160208,1522150.2651999998
20160205,1250578.8064
20160204,1086679.6627
20160203,1180410.0748
20160202,1081779.6539999999
20160201,933276.4431
20160129,1750626.6556
20160128,1118218.728
20160127,1030600.4756
20160126,1022885.7408
20160125,998786.0393999999
20160122,1313521.1404000001
20160121,1305457.761
20160120,2064924.9918000002
20160119,1072021.1502
20160115,1424627.3358000002
20160114,1403938.7669999998
20160113,1264449.7094999999
20160112,1106873.4915
20160111,1154663.689
20160108,975402.9829
20160107,1275374.8251999998
20160106,1248379.0761
20160105,704771.44875
20160104,1011374.2189999999
20151231,628431.41296
20151230,503701.92873
20151229,590383.85
20151228,614417.7294
20151224,460134.5693
20151223,1047678.5229
20151222,871598.5547399999
20151221,1148699.9572
20151218,1806752.675
20151217,1274738.0112
20151216,1580194.6752000002
20151215,1776781.6236
20151214,1105858.9483999999
20151211,1139484.0628
20151210,1297914.7759999998
20151209,1285411.74
20151208,1157498.1588
20151207,1342156.0552
20151204,1181470.8318999999
20151203,976805.3495
20151202,1061510.5725
20151201,644902.43648
20151130,1093225.5084
20151127,230244.32452
20151125,492446.97489000007
20151124,780692.90355
20151123,619948.4655100001
20151120,762027.78348
20151119,553726.83817
20151118,638372.04304
20151117,688091.40056
20151116,910011.1767500001
20151113,679138.6647600001
20151112,804225.25388
20151111,560995.41771
20151110,636115.7484
20151109,706964.68016
20151106,905716.14212
20151105,1057317.6664999998
20151104,1154214.498
20151103,1733948.3154
20151102,1355052.6112
20151030,1049883.0207999998
20151029,587293.16885
20151028,739478.4747600001
20151027,818089.9806
20151026,763735.71318
20151023,741870.79768
20151022,821883.6234
20151021,663265.24504
20151020,739812.55947
20151019,792789.5051099999
20151016,713887.43484
20151015,812355.8688
20151014,873601.7664
20151013,707542.3519199999
20151012,702188.4387599999
20151009,896378.9406
20151008,1015577.5059
20151007,1557986.2736
20151006,1642854.8644
20151005,1192442.0001
20151002,1064249.5185
20151001,870187.4022
20150930,1112405.2
20150929,670132.1987500001
20150928,800625.2204
20150925,843957.198
20150924,791574.861
20150923,688316.39404
20150922,748091.3947500001
20150921,638536.85415
20150918,1448596.2763999999
20150917,971748.9051
20150916,994543.3494
20150915,899540.5937000001
20150914,775232.4202999999
20150911,836062.9849
20150910,868095.6024
20150909,845181.5104
20150908,714726.26108
20150904,859220.7558
20150903,960165.6792
20150902,1112254.3026
20150901,1403021.8125
20150831,1366862.5607
20150828,1907625.8712000002
20150827,1660409.8164
20150826,1262733.5377999998
20150825,1466706.1391999999
20150824,1744321.0044
20150821,1391222.548
20150820,938306.1967999999
20150819,1061892.7767
20150818,758723.2576
20150817,1048053.7998
20150814,668399.84005
20150813,820679.55515
20150812,987605.9754000001
20150811,839991.0426400001
20150810,715897.61628
20150807,621440.82875
20150806,835272.10466
20150805,944939.1978000001
20150804,725987.75143
20150803,1210277.0
20150731,1686158.9360000002
20150730,598582.929
20150729,884585.166
20150728,1064895.216
20150727,921186.1309999999
20150724,1009465.2
20150723,684089.33112
20150722,872165.05821
20150721,660715.2369
20150720,559300.09428
20150717,763719.24465
20150716,606221.56648
20150715,610087.8020799999
20150714,498023.32125
20150713,476594.9892
20150710,531590.32737
20150709,741631.55868
20150708,722062.95976
20150707,1121457.4672
20150706,790287.31431
20150702,614843.74209
20150701,700740.84123
20150630,956324.5710700001
20150629,846537.09723
20150626,987340.96
20150625,595761.61788
20150624,739718.74368
20150623,570234.54962
20150622,643406.4834
20150619,1004411.2560999999
20150618,715815.1752500001
20150617,819400.00888
20150616,875670.9283200001
20150615,613189.12531
20150612,646661.94519
20150611,564219.97184
20150610,772318.73919
20150609,717557.93856
20150608,823744.45664
20150605,612651.9048799999
20150604,699077.35826
20150603,528694.09267
20150602,516564.87565999996
20150601,555306.91458
20150529,687093.8420000001
20150528,526158.5303999999
20150527,603777.30882
20150526,826293.4544700001
20150522,494726.16690999997
20150521,690851.0562799999
20150520,686320.7255000001
20150519,832518.95484
20150518,680875.5699
20150515,602005.60134
20150514,1057475.23605
20150513,594012.2418000001
20150512,539077.4901200001
20150511,642455.98208
20150508,769106.1875
20150507,622681.8533999999
20150506,626799.5846000001
20150505,697868.352
20150504,829291.20416
20150501,1126717.9528
20150430,740230.67052
20150429,632591.5732399999
20150428,591336.6364800001
20150427,532755.1978000001
20150424,548764.17316
20150423,761558.9654399999
20150422,617916.384
20150421,622677.36936
20150420,786768.82473
20150417,711081.21744
20150416,650381.77584
20150415,739998.7348
20150414,789897.7016400001
20150413,458713.392
20150410,535850.9877899999
20150409,616081.51785
20150408,841983.3194200001
20150407,926417.77164
20150406,716982.6391200001
20150402,539422.18848
20150401,769856.08224
20150331,761496.68038
20150330,766308.3740000001
20150327,607918.5090000001
20150326,765884.35775
20150325,968461.3231999999
20150324,694270.8456000001
20150323,718869.93088
20150320,1487955.6769
20150319,819521.681
20150318,1177813.285
20150317,732137.13555
20150316,699223.25634
20150313,847924.29178
20150312,604118.53206
20150311,872510.14722
20150310,1098949.1334
20150309,780214.70835
20150306,746800.42545
20150305,540019.08954
20150304,608300.75416
20150303,724611.92056
20150302,773998.3194
20150227,682376.3797200001
20150226,631573.59794
20150225,521859.25902
20150224,616017.81672
20150223,724324.9854799999
20150220,825989.7714
20150219,1051992.14505
20150218,763812.6482800001
20150217,797384.7080000001
20150213,845094.59956
20150212,733227.70742
20150211,952346.6245800001
20150210,773820.14248
20150209,704751.11883
20150206,839039.12048
20150205,819669.5611800001
20150204,1101928.1679999998
20150203,1561774.0311
20150202,1222610.8924
20150130,2109876.6942
20150129,1440826.83
20150128,1090496.1306
20150127,691529.1542
20150126,834937.46072
20150123,852539.16085
20150122,809536.2455600001
20150121,894393.85984
20150120,1107922.5611999999
20150116,1324829.4624
20150115,991636.5522800001
20150114,1466379.1430000002
20150113,1383175.808
20150112,942452.5973199998
20150109,1035428.1613199998
20150108,953148.7729199999
20150107,1115652.7284000001
20150106,1251043.5756
20150105,1267591.4216
20150102,664383.1019799999
20141231,719259.7944400001
20141230,639309.25722
20141229,684766.3564399999
20141226,495982.56525000004
20141224,515000.95591
20141223,921635.91835
20141222,1054936.43259
20141219,1774607.9939000001
20141218,1471165.7766
20141217,1415990.3975999998
20141216,1292574.456
20141215,1325455.7244000002
20141212,1229003.3054
20141211,1078662.5889
20141210,1580246.4915999998
20141209,1182676.6602
20141208,1473405.324
20141205,849107.76243
20141204,910986.8115600001
20141203,915830.34648
20141202,973700.5847
20141201,1493649.0973999999
20141128,1299425.5059
20141126,772969.4055
20141125,774140.2146000001
20141124,681799.16695
20141121,872251.11974
20141120,617401.12228
20141119,497364.05393000005
20141118,655034.6364300001
20141117,660982.504
20141114,568353.9436799999
20141113,1282414.941
20141112,579224.95085
20141111,468662.93460000004
20141110,719781.9112
20141107,873634.7664000001
20141106,755846.60814
20141105,772125.82635
20141104,1104619.4099700002
20141103,1204513.2963999999
20141031,1279282.3435
20141030,620389.41
20141029,805181.4695199999
20141028,851815.86061
20141027,772298.79948
20141024,638418.83444
20141023,835995.88044
20141022,820947.516
20141021,1023061.02034
20141020,983758.99558
20141017,1218112.4279999998
20141016,1322415.8532
20141015,1669469.6752999998
20141014,1265041.0476
20141013,873691.49784
20141010,1053831.34507
20141009,1314083.5521
20141008,1122439.21055
20141007,847297.88866
20141006,638811.1615200001
20141003,741367.0075
20141002,954975.13454
20141001,944487.8469
20140930,989058.51432
20140929,818718.2182
20140926,668142.21237
20140925,777397.87216
20140924,979875.2808000001
20140923,691680.3885600001
20140922,720480.91774
20140919,1259143.392
20140918,581369.4686400001
20140917,538645.4753599999
20140916,823140.13584
20140915,675564.56648
20140912,602940.9950199999
20140911,813477.7811299999
20140910,1359843.1756
20140909,841409.6376400001
20140908,530187.0067200001
20140905,641525.2480000001
20140904,658197.1172
20140903,491793.67169999995
20140902,605113.0198400001
20140829,455529.63089999993
20140828,310158.75
20140827,354529.26719999994
20140826,360310.80825
20140825,336114.24336
20140822,411137.295
20140821,341328.11405000003
20140820,411826.10238
20140819,492356.46418
20140818,583611.5868
20140815,725619.2475999999
20140814,573683.61432
20140813,448926.91359999997
20140812,628349.86297
20140811,442711.31256
20140808,604867.1741399999
20140807,584360.7063000001
20140806,645609.34251
20140805,1006605.2832
20140804,940241.91849
20140801,942984.8291
20140731,1029025.42272
20140730,609878.93954
20140729,550581.4376399999
20140728,616071.1148000001
20140725,494472.13289999997
20140724,719786.9570999999
20140723,505463.80611999996
20140722,581705.6215600001
20140721,487615.39256999997
20140718,565808.6288399999
20140717,644263.2158400001
20140716,587932.6182299999
20140715,626269.35336
20140714,534578.1260599999
20140711,673531.72452
20140710,572941.095
20140709,683330.4842
20140708,608914.8234
20140707,473758.61942999996
20140703,460999.95453
20140702,668970.0220499999
20140701,522223.96459999995
20140630,743985.3897
20140627,1129873.00844
20140626,799776.6643199999
20140625,881107.61552
20140624,1129161.2439100002
20140623,1463692.2428
20140620,1501828.7284000001
20140619,979308.6483300001
20140618,1002860.00384
20140617,865804.2051100001
20140616,907679.68278
20140613,709295.0634000001
20140612,859530.95364
20140611,572179.12818
20140610,734936.1036
20140609,454904.79101
20140606,533440.38583
20140605,521332.46463999996
20140604,401582.43104999996
20140603,436724.57219999994
20140602,450931.43568
20140530,635438.00442
20140529,765111.9669599999
20140528,576049.221
20140527,526165.85412
20140523,469800.97905
20140522,403319.87982
20140521,590254.9017599999
20140520,495424.6675
20140519,497000.41615
20140516,792670.0749000001
20140515,735364.29498
20140514,627214.24626
20140513,555651.4098
20140512,615519.0318400001
20140509,602950.67344
20140508,626674.50601
20140507,686178.32751
20140506,699770.7647
20140505,529564.89208
20140502,674247.42008
20140501,797068.4733999999
20140430,767148.49176
20140429,839712.61881
20140428,964614.64176
20140425,716206.66074
20140424,644534.7788
20140423,697805.39018
20140422,725275.504
20140421,778462.7435199999
20140417,1062516.82272
20140416,886549.96569
20140415,922054.1468999999
20140414,809256.242
20140411,822584.09193
20140410,1023283.19905
20140409,640339.6017
20140408,554375.7528
20140407,613802.6065000001
20140404,628443.684
20140403,529299.456
20140402,537681.1786499999
20140401,641570.888
20140331,651830.37392
20140328,694821.5505
20140327,611518.16397
20140326,702912.2098899999
20140325,652539.75984
20140324,624077.4624
20140321,1722151.5931999998
20140320,609959.5647800001
20140319,640591.7184
20140318,735675.17192
20140317,678276.5478299999
20140314,716545.0334
20140313,618468.22905
20140312,787916.16405
20140311,718468.9479
20140310,718554.24576
20140307,581799.82896
20140306,594882.1134
20140305,767103.81885
20140304,647113.33656
20140303,694345.7228400001
20140228,800920.94866
20140227,569492.58606
20140226,706202.38127
20140225,687071.64215
20140224,837623.7963
20140221,1039035.4635600001
20140220,963433.2612
20140219,907655.1391999999
20140218,688273.87161
20140214,770245.95392
20140213,569485.5664400001
20140212,719463.94195
20140211,780825.0186
20140210,1033280.26587
20140207,796531.51575
20140206,888301.12338
20140205,1156852.0936
20140204,1076952.06699
20140203,1253136.842
20140131,1732888.305
20140130,644977.8886
20140129,640559.656
20140128,502842.43856000004
20140127,719481.2807400001
20140124,829190.4947200001
20140123,734700.75513
20140122,599343.0175600001
20140121,674291.38368
20140117,858852.69016
20140116,599035.93311
20140115,694735.85482
20140114,825577.52178
20140113,775629.06975
20140110,983505.6287400001
20140109,695791.43015
20140108,1020997.6550100001
20140107,570731.68086
20140106,527372.97444
20140103,435968.48864999996
20140102,563629.36608
20131231,434136.32162999996
20131230,582298.3098
20131227,432708.47130000003
20131226,426257.10288
20131224,196113.99489
20131223,498865.2988
20131220,1160904.42202
20131219,805927.06388
20131218,997894.8351999999
20131217,810281.28504
20131216,878146.3889
20131213,631641.3532
20131212,873607.69005
20131211,892518.7655999999
20131210,692831.4895799999
20131209,950517.1198600001
20131206,511064.46251
20131205,569997.8396
20131204,534742.96986
20131203,662850.59784
20131202,658683.08658
20131129,455604.50492
20131127,478125.26588
20131126,564478.4716200001
20131125,484629.44236
20131122,482151.36931
20131121,603013.94956
20131120,557704.2119999999
20131119,718467.37492
20131118,577323.62248
20131115,721319.03928
20131114,654085.38076
20131113,745998.2393700001
20131112,829699.92
20131111,415017.07716
20131108,1373209.9494999999
20131107,1214829.7938
20131106,1013959.4864400001
20131105,784531.0695000001
20131104,786381.6048
20131101,1102703.7315500001
20131031,929987.98064
20131030,601387.5194999999
20131029,515371.167
20131028,661883.58744
20131025,515313.38812
20131024,504921.43504
20131023,596078.5729799999
20131022,777511.5296
20131021,522498.35508
20131018,745556.2599500001
20131017,628051.42512
20131016,668989.14444
20131015,757900.94025
20131014,567920.29294
20131011,769066.4093
20131010,1295663.1952
20131009,1029091.8014999998
20131008,787245.4466100001
20131007,669191.83764
20131004,772393.59565
20131003,1206586.3425
20131002,712864.2550700001
20131001,570478.7898
20130930,780251.373
20130927,554180.2358400001
20130926,620240.99749
20130925,558161.52541
20130924,741178.8517799999
20130923,684159.5630399999
20130920,1282262.5764000001
20130919,557051.94496
20130918,792275.58054
20130917,678672.33932
20130916,531759.48144
20130913,384095.24286
20130912,561184.65689
20130911,619085.36024
20130910,738156.8088700001
20130909,547792.23996
20130906,689709.7480499999
20130905,403342.73113
20130904,443698.69394
20130903,500799.05675
20130830,565548.07139
20130829,660686.856
20130828,927627.73246
20130827,616129.53159
20130826,449487.46244000003
20130823,559639.8185899999
20130822,476539.90017000004
20130821,664835.1589
20130820,531238.8522300001
20130819,511261.79847999994
20130816,677619.9018
20130815,510798.912
20130814,840306.9269999999
20130813,546476.0525000001
20130812,732599.2296
20130809,703072.5800000001
20130808,694014.0056699999
20130807,480801.26502
20130806,576006.55984
20130805,462944.06678999995
20130802,933053.1294000001
20130801,727880.18256
20130731,679084.27263
20130730,577269.1967000001
20130729,508324.67279000004
20130726,616149.6238800001
20130725,570645.40592
20130724,572174.4212699999
20130723,478917.93978
20130722,515189.47356
20130719,752587.4680799999
20130718,542530.1470100001
20130717,452226.50505
20130716,496945.45
20130715,506494.17204000003
20130712,694892.56372
20130711,895304.28101
20130710,685371.6369
20130709,770677.01361
20130708,601884.21972
20130705,528763.41414
20130703,362235.52508
20130702,585246.57005
20130701,601701.95176
20130628,769981.22178
20130627,529319.6990099999
20130626,569551.40885
20130625,702910.2969
20130624,792682.46046
20130621,1270934.7413
20130620,899425.6019
20130619,558459.178
20130618,552235.12344
20130617,490536.00398
20130614,531061.33852
20130613,566431.3193
20130612,658523.8478699999
20130611,552366.9879
20130610,685296.89593
20130607,741098.4784
20130606,1222906.8077
20130605,941628.0939099999
20130604,943734.2307199999
20130603,900620.77427
20130531,970465.05975
20130530,544646.3674
20130529,805917.98781
20130528,834245.57354
20130524,701665.0582500001
20130523,1013160.2712000001
20130522,1168218.3061900001
20130521,843841.4493
20130520,661032.90586
20130517,845490.0676200001
20130516,681285.8368800001
20130515,977977.4739000001
20130514,869894.0
20130513,2072296.4534999996
20130510,1303997.6786
20130509,1142172.7196
20130508,552622.5768
20130507,542942.42224
20130506,575408.03125
20130503,788408.81506
20130502,618365.57436
20130501,731494.167
20130430,843001.2528
20130429,625911.8389199999
20130426,721746.38196
20130425,663946.7050300001
20130424,539237.9286
20130423,792418.81224
20130422,633680.93135
20130419,877755.3215000001
20130418,745736.51394
20130417,951912.09795
20130416,762063.8981000001
20130415,1138551.77956
20130412,766647.8443199999
20130411,736862.3545499999
20130410,652284.09948
20130409,575454.422
20130408,485092.21761000005
20130405,591150.2792
20130404,638727.05724
20130403,844943.82648
20130402,572844.699
20130401,517218.7581
20130328,983843.8584
20130327,520378.71046
20130326,514974.3562
20130325,762559.16556
20130322,626609.662
20130321,742356.03948
20130320,715509.99505
20130319,626471.17632
20130318,575239.57623
20130315,1223544.8895999999
20130314,897160.92
20130313,638381.99832
20130312,546986.8965
20130311,537659.06914
20130308,591965.4678
20130307,519029.83392
20130306,635280.80319
20130305,749538.66849
20130304,593007.39449
20130301,651161.8743
20130228,697948.5381000001
20130227,529636.84345
20130226,702754.96344
20130225,854033.00626
20130222,603864.7149599999
20130221,551215.02909
20130220,626357.31441
20130219,582294.67632
20130215,730341.10992
20130214,604737.14007
20130213,474935.16525
20130212,527804.0654999999
20130211,435526.259
20130208,515421.12552000006
20130207,623889.98874
20130206,516933.67935
20130205,586894.50616
20130204,737015.3856
20130201,747368.5865
20130131,895653.5119
20130130,601748.3879999999
20130129,512167.7313899999
20130128,524516.23332
20130125,551028.8826
20130124,565456.6995
20130123,578628.65116
20130122,625680.32544
20130118,984455.5622
20130117,799320.1464
20130116,700791.50064
20130115,628227.3168
20130114,719294.05075
20130111,609622.1198399999
20130110,582724.94167
20130109,499259.5498200001
20130108,691190.45082
20130107,533485.97
20130104,487785.23299999995
20130103,749333.5435200001
20130102,678235.82883
20121231,708662.83172
20121228,561747.0821
20121227,599641.04204
20121226,444057.79968
20121224,248295.15647999998
20121221,1712606.0129999998
20121220,647996.05534
20121219,837843.8200899999
20121218,780412.5816
20121217,662613.48296
20121214,634868.5273199999
20121213,529811.1224999999
20121212,645032.46416
20121211,637994.6923599999
20121210,589561.3807999999
20121207,529266.58421
20121206,786902.0319
20121205,676254.2480199999
20121204,692723.73728
20121203,600420.50022
20121130,705707.24367
20121129,608945.43588
20121128,741291.53888
20121127,683462.34108
20121126,457039.5282799999
20121123,292824.7986
20121121,380628.32519999996
20121120,547182.25032
20121119,714877.11905
20121116,844018.176
20121115,993338.34536
20121114,882383.0375
20121113,508929.62624
20121112,423905.58936000004
20121109,617583.8088
20121108,657332.43168
20121107,820008.7652900001
20121106,593663.85204
20121105,443039.29851999995
20121102,907603.0848000002
20121101,722310.3997
20121031,656703.8691199999
20121026,531170.7885
20121025,542438.5011999999
20121024,558157.41441
20121023,876142.98792
20121022,542486.6161199999
20121019,811843.65764
20121018,707089.6450799999
20121017,601032.16082
20121016,546880.60326
20121015,651550.39224
20121012,662940.3349099999
20121011,823058.59734
20121010,1794246.5775000001
20121009,701173.65744
20121008,403970.71242000005
20121005,529643.8225
20121004,635619.5835
20121003,855011.1821399999
20121002,691587.0942
20121001,576318.5732499999
20120928,656510.67904
20120927,642411.9932
20120926,649707.5077
20120925,884643.9709800001
20120924,801938.22618
20120921,1211256.118
20120920,858787.6812499999
20120919,697029.7862
20120918,596553.90123
20120917,867940.86448
20120914,1052673.90025
20120913,901891.5088800001
20120912,506047.16304
20120911,543370.40274
20120910,594000.43164
20120907,576529.35
20120906,625216.6286599999
20120905,491949.84090999997
20120904,515207.07527999993
20120831,623282.0928
20120830,390784.64772
20120829,368521.42079999996
20120828,375273.82934999996
20120827,378473.30816
20120824,386742.5275
20120823,466255.68724
20120822,498463.12365
20120821,520330.97116
20120820,439501.65724
20120817,635685.96522
20120816,611310.51932
20120815,511045.73627999995
20120814,712321.7009199999
20120813,491159.19743999996
20120810,579944.5887
20120809,535068.41262
20120808,610390.9161
20120807,610456.29715
20120806,578998.66687
20120803,654710.706
20120802,727744.07525
20120801,924231.7239999999
20120731,1097211.3904
20120730,635844.51178
20120727,911075.87304
20120726,737565.33906
20120725,580826.55976
20120724,707425.8622
20120723,640756.4401
20120720,1023165.6593299999
20120719,743312.00484
20120718,595334.2696799999
20120717,716346.6777600001
20120716,553656.32882
20120713,717888.27092
20120712,825921.99531
20120711,621773.2917
20120710,667338.5205199999
20120709,546618.91476
20120706,484292.11131
20120705,534940.85952
20120703,438119.63442
20120702,602911.55062
20120629,1120832.0
20120628,725175.34964
20120627,588171.5615099999
20120626,768831.46485
20120625,702477.99264
20120622,1171727.0136
20120621,849305.72718
20120620,788483.15594
20120619,636351.8744
20120618,686011.39432
20120615,1157005.0938000001
20120614,666544.46768
20120613,519610.71692999994
20120612,597679.8423
20120611,702932.29105
20120608,581725.69116
20120607,800128.07683
20120606,710398.6553999999
20120605,567515.1980399999
20120604,656207.78784
20120601,891112.2310399999
20120531,919626.54174
20120530,711212.87614
20120529,523544.19768
20120525,549822.93952
20120524,632565.91196
20120523,793199.286
20120522,604663.73552
20120521,615019.31142
20120518,1096529.3279999997
20120517,653807.45076
20120516,643028.4861
20120515,849600.198
20120514,715751.8317
20120511,507636.10296
20120510,2181448.976
20120509,622589.99026
20120508,839974.8037200001
20120507,632871.06802
20120504,647322.0171599999
20120503,516120.74277
20120502,517523.22930000006
20120501,669231.7029899999
20120430,503701.34112
20120427,530835.6024000001
20120426,906704.32956
20120425,551266.64345
20120424,422873.55019
20120423,572668.07832
20120420,596105.30804
20120419,693776.9164500001
20120418,500005.20612000005
20120417,563193.3516
20120416,615666.4738200001
20120413,690043.88496
20120412,661873.5424200001
20120411,865096.37535
20120410,903656.3387000001
20120409,515715.09364
20120405,626637.3354999999
20120404,573471.0432
20120403,502508.88512
20120402,561898.0884
20120330,656194.45766
20120329,619076.7191
20120328,721760.11159
20120327,463235.4024000001
20120326,572780.08192
20120323,702007.26984
20120322,872285.9901
20120321,814705.28469
20120320,671746.2731999999
20120319,630432.9576
20120316,1223308.47
20120315,978977.07095
20120314,976106.1501300001
20120313,814024.65856
20120312,585707.9800000001
20120309,624999.7709799999
20120308,605739.3566
20120307,751733.73522
20120306,814250.7922499999
20120305,649522.5935999999
20120302,589388.5346199999
20120301,656338.3478400001
20120229,1153777.0463999999
20120228,1000997.43155
20120227,844059.67821
20120224,636197.97384
20120223,596177.4554999999
20120222,768624.2475
20120221,775017.88632
20120217,604228.47336
20120216,610758.41088
20120215,688151.73
20120214,636209.38342
20120213,499374.8469
20120210,646133.8912
20120209,505397.05744
20120208,574632.0701600001
20120207,644623.4371499999
20120206,687232.46201
20120203,719287.5005
20120202,611471.8543499999
20120201,804257.8439900001
20120131,858005.93832
20120130,784830.71205
20120127,1099876.008
20120126,746102.71296
20120125,864074.96658
20120124,537413.53248
20120123,696230.28117
20120120,778538.6595000001
20120119,605747.5431400001
20120118,702921.1023
20120117,738484.04416
20120113,876827.27242
20120112,1248299.0411999999
20120111,837066.8332
20120110,833300.7403000001
20120109,779207.59249
20120106,889585.55568
20120105,781245.1346999999
20120104,883371.56558
20120103,1270720.7136000001
20111230,532984.7320000001
20111229,479881.06232
20111228,562125.53508
20111227,446391.37162000005
20111223,406122.20749999996
20111222,795546.11477
20111221,859684.8652600001
20111220,753912.70612
20111219,595957.73292
20111216,1482583.5012
20111215,962896.0224700001
20111214,1557991.8234
20111213,930939.9026400001
20111212,782045.78947
20111209,690017.5102499999
20111208,788958.137
20111207,1078762.4172
20111206,776556.74424
20111205,629407.07772
20111202,674992.28905
20111201,713447.25214
20111130,1374269.4996
20111129,861028.78821
20111128,804279.6204099999
20111125,485193.07914
20111123,1093123.125
20111122,861898.38
20111121,1436398.9922
20111118,1337127.9131999998
20111117,1179421.7832000002
20111116,1270903.829
20111115,2511215.5573
20111114,587002.2513
20111111,679754.11875
20111110,1057657.5450000002
20111109,1256936.8943999999
20111108,844145.94348
20111107,841994.0263200001
20111104,893954.84709
20111103,984071.3215999999
20111102,877326.54678
20111101,1546211.8847999999
20111031,1202951.7115
20111028,1133708.2992
20111027,1554999.7206
20111026,1062892.0401299999
20111025,882420.9899999999
20111024,840624.49917
20111021,1146432.5421
20111020,900507.7728500001
20111019,884532.22272
20111018,1251210.0315
20111017,648332.74476
20111014,739186.2230100001
20111013,635847.4976700001
20111012,865781.56974
20111011,742980.488
20111010,735542.4518
20111007,994165.104
20111006,961434.3888
20111005,1235567.6354
20111004,1408391.3176000002
20111003,1022832.6023999999
20110930,1103558.9143
20110929,953666.5332999999
20110928,948162.2568
20110927,1035841.3812000002
20110926,1088473.9131
20110923,1100462.26
20110922,1503752.4662000001
20110921,872971.02629
20110920,844444.71573
20110919,841077.11248
20110916,1380898.7001
20110915,916495.76984
20110914,1101296.194
20110913,1095464.0013000001
20110912,1305689.967
20110909,1268283.9548999998
20110908,944736.29523
20110907,1047860.9866000002
20110906,982156.5933000001
20110902,864547.6124600001
20110901,997108.1124
20110831,1111026.8344
20110830,905334.6120000001
20110829,959073.07384
20110826,892147.1403
20110825,941593.96964
20110824,745504.84368
20110823,1195081.9778
20110822,939620.5679999999
20110819,1254431.4482
20110818,1403690.9039999999
20110817,822309.0189600001
20110816,965607.3112
20110815,1173054.628
20110812,1280582.2367999998
20110811,2887404.3346999995
20110810,1636857.1187999998
20110809,1961728.7680000002
20110808,2079254.4075000002
20110805,1717522.1335999998
20110804,1986866.28
20110803,1235149.51
20110802,1075493.097
20110801,980250.45052
20110729,1008744.0399399999
20110728,698620.38381
20110727,781821.8181899999
20110726,523056.54331999994
20110725,679038.2575
20110722,589652.57962
20110721,909551.62903
20110720,539831.8737
20110719,750437.5052400001
20110718,738242.7292500001
20110715,1077921.9471999998
20110714,761782.08447
20110713,721964.0964
20110712,955638.6725600001
20110711,727537.65044
20110708,670391.49602
20110707,838872.3601500001
20110706,650864.7844400001
20110705,776711.07648
20110701,684332.52279
20110630,790802.88612
20110629,772958.62944
20110628,613198.5092999999
20110627,704707.3017000001
20110624,786046.6383000001
20110623,1296475.1136
20110622,666564.1291799999
20110621,861404.6709300001
20110620,642083.50429
20110617,1192943.6976
20110616,773468.75404
20110615,950013.53148
20110614,738561.0365999999
20110613,790947.6253900001
20110610,907161.35583
20110609,579651.88824
20110608,693190.9311500001
20110607,680812.86588
20110606,696696.8131200001
20110603,776749.3879999999
20110602,821267.11296
20110601,836917.35156
20110531,857213.10558
20110527,598099.8857999999
20110526,683910.07072
20110525,820631.6195
20110524,694920.86601
20110523,758482.5756600001
20110520,898749.1109999999
20110519,773011.13474
20110518,843010.01058
20110517,881253.98796
20110516,686826.17875
20110513,917004.1232700001
20110512,1070309.1112000002
20110511,1040429.0310000001
20110510,671274.09748
20110509,740153.59572
20110506,981569.8496
20110505,1228723.6486000002
20110504,929821.1468000001
20110503,844749.99243
20110502,708256.29906
20110429,738997.7587199999
20110428,646554.78693
20110427,654012.65896
20110426,579268.185
20110425,409619.8521
20110421,532883.0221
20110420,716105.60833
20110419,526553.631
20110418,737098.9010000001
20110415,940979.7913599999
20110414,742296.69528
20110413,751976.8018
20110412,1331107.86
20110411,710874.09134
20110408,738372.25242
20110407,764402.78408
20110406,748849.4055
20110405,715316.45224
20110404,515782.29499
20110401,703753.30688
20110331,904921.97838
20110330,854050.1914000001
20110329,747710.18505
20110328,638676.05692
20110325,959028.6597800001
20110324,737648.0920599999
20110323,718281.7765200001
20110322,842977.74676
20110321,918901.23527
20110318,1169123.8399999999
20110317,1019280.0441599999
20110316,1473131.1135000002
20110315,1281153.7201
20110314,741408.3936
20110311,685549.3792800001
20110310,1243914.7219999998
20110309,724632.53642
20110308,923441.9661
20110307,846520.62549
20110304,1021997.1562500001
20110303,785416.3105199999
20110302,862258.03617
20110301,1261927.527
20110228,1059252.225
20110225,869534.1395
20110224,1680279.0144
20110223,1753771.9815
20110222,1569563.5824
20110218,874087.80864
20110217,642692.77719
20110216,655992.2727
20110215,734398.76026
20110214,677950.50575
20110211,706482.45765
20110210,704462.6911
20110209,793276.87056
20110208,558104.58756
20110207,1001584.3578
20110204,1016466.8787
20110203,1021767.6503
20110202,637519.77216
20110201,956431.8034399999
20110131,1059338.1095
20110128,1161315.5186
20110127,596994.64125
20110126,835897.95744
20110125,698354.14656
20110124,631877.7359999999
20110121,696526.66098
20110120,603858.89007
20110119,563043.89133
20110118,720121.7835499999
20110114,515939.39285
20110113,527311.6340800001
20110112,724849.1402499999
20110111,718302.61653
20110110,619187.7122399999
20110107,578591.7045700001
20110106,564162.0847499999
20110105,608938.0048799999
20110104,779545.5867999999
20110103,716638.55802
20101231,470062.33
20101230,380709.47719999996
20101229,484133.63022
20101228,461245.58568
20101227,282445.27224
20101223,462062.93244000006
20101222,382730.36256
20101221,532025.75507
20101220,713044.5528
20101217,957251.1938
20101216,693172.7716600001
20101215,669210.17397
20101214,647937.5542199999
20101213,874241.7589
20101210,644229.39249
20101209,699763.30425
20101208,595934.6094
20101207,1082064.783
20101206,439473.3641
20101203,570796.87951
20101202,911277.5750000001
20101201,878147.4689999999
20101130,839280.7701
20101129,740736.3285
20101126,228891.68505
20101124,666967.34462
20101123,776181.5879999999
20101122,566780.63355
20101119,682370.58804
20101118,634873.55118
20101117,647087.0386399999
20101116,997923.8704
20101115,785156.20306
20101112,903199.056
20101111,971739.1532000001
20101110,1002945.7376999999
20101109,1134836.716
20101108,1000160.88
20101105,1233330.0364
20101104,1383395.5872
20101103,830003.664
20101102,781237.54565
20101101,1040210.9820000001
20101029,1027556.3899999999
20101028,719406.33896
20101027,804741.31068
20101026,508226.37515
20101025,572470.55568
20101022,468374.44824999996
20101021,802162.86925
20101020,740747.3744399999
20101019,782813.89064
20101018,658952.61696
20101015,794389.56291
20101014,563685.1704000001
20101013,969312.7665
20101012,714900.0748800001
20101011,401024.9766599999
20101008,577415.87328
20101007,643310.96256
20101006,725646.31886
20101005,965680.3831000001
20101004,618028.52852
20101001,784304.68765
20100930,820247.8835
20100929,719381.80736
20100928,632928.78552
20100927,670582.4725599999
20100924,661468.95736
20100923,533704.11864
20100922,536718.5645
20100921,685744.2515
20100920,617280.0742
20100917,967134.8361999999
20100916,545703.09825
20100915,573007.5162999999
20100914,670607.2175
20100913,680469.90175
20100910,647437.41132
20100909,514130.38256
20100908,527822.28975
20100907,453064.86405
20100903,560731.704
20100902,463383.42745
20100901,807213.519
20100831,683566.3105599999
20100830,556118.74206
20100827,657735.46507
20100826,599150.39132
20100825,719467.24194
20100824,826807.4541999999
20100823,749550.99275
20100820,697820.6788499999
20100819,671323.7731200001
20100818,639597.636
20100817,570371.94599
20100816,566086.65455
20100813,548524.5120000001
20100812,693096.82974
20100811,814434.1812
20100810,664481.1388800001
20100809,555906.9474000001
20100806,707075.46841
20100805,735638.65666
20100804,637487.68644
20100803,927244.08
20100802,919618.562
20100730,1292136.7395
20100729,1014592.5678
20100728,558567.855
20100727,614347.7004
20100726,482535.15492
20100723,619499.5174400001
20100722,700503.0336
20100721,650487.04637
20100720,651558.9404999999
20100719,600898.104
20100716,861758.0399999999
20100715,766592.0504000001
20100714,857823.9585
20100713,1003832.4462000001
20100712,528489.801
20100709,817629.0
20100708,948719.8301999999
20100707,1089303.1095
20100706,1014725.5272000001
20100702,614929.62104
20100701,1102174.458
20100630,873406.3805999999
20100629,1122260.6512
20100628,759901.3224
20100625,1414188.4234
20100624,1004588.2646999999
20100623,1074041.5682
20100622,782223.66
20100621,707685.10188
20100618,1032207.36
20100617,837045.4708
20100616,781032.964
20100615,882465.9552000001
20100614,885942.8670000001
20100611,618070.91458
20100610,1031516.3082
20100609,996311.2022
20100608,1176966.1664
20100607,879289.5734999999
20100604,1288497.9096
20100603,1055135.4645
20100602,1161869.8832999999
20100601,1009579.0072000001
20100528,1066992.3153000001
20100527,1133999.6668
20100526,1208039.4674999998
20100525,1618639.7420999997
20100524,774001.0512
20100521,1185618.8176000002
20100520,1315963.5839999998
20100519,825248.5679999999
20100518,1177677.8344999999
20100517,1142160.7335
20100514,1058692.6929
20100513,855495.9568
20100512,741129.9909200001
20100511,957692.7339999999
20100510,1171328.0064
20100507,1685867.829
20100506,1625741.6760000002
20100505,1044787.4909999999
20100504,1314273.7032
20100503,965024.1677999999
20100430,1132852.3888
20100429,1010066.1363
20100428,976655.6722
20100427,1046421.4371000001
20100426,808752.08607
20100423,819890.05875
20100422,764875.7424
20100421,767613.3376000001
20100420,941105.2949999999
20100419,759096.5028799999
20100416,1038726.01
20100415,789440.0366400001
20100414,587460.27084
20100413,639742.0461899999
20100412,804297.9088200001
20100409,778880.8185
20100408,533445.91872
20100407,729673.3752
20100406,504933.26664
20100405,629626.2755199999
20100401,602728.25989
20100331,748858.33087
20100330,479839.08449999994
20100329,663336.83873
20100326,774924.9678
20100325,775643.166
20100324,665191.2372600001
20100323,598654.08016
20100322,693747.5429999998
20100319,1245355.5666
20100318,741327.2622
20100317,768499.1598
20100316,727096.8942000001
20100315,647973.80774
20100312,566065.94968
20100311,519869.79582999996
20100310,1083721.8276
20100309,629588.7771999999
20100308,483150.84048
20100305,650108.7283000001
20100304,688392.55296
20100303,598992.9846099999
20100302,678701.4639599998
20100301,540471.25116
20100226,648846.8787
20100225,847785.7324
20100224,645325.82522
20100223,857608.8248000002
20100222,633514.89024
20100219,971026.5360000001
20100218,724517.83116
20100217,635472.549
20100216,1037621.4606
20100212,980577.8001000001
20100211,808412.8806
20100210,822008.1675
20100209,930218.9832
20100208,812920.3106
20100205,1231797.6602
20100204,1088268.3162
20100203,1064101.4932
20100202,963434.3705000001
20100201,870304.9758
20100129,1100806.5048000002
20100128,938881.8699999999
20100127,985593.0480000001
20100126,782254.3230000001
20100125,680613.3200999999
20100122,1029794.0154
20100121,956491.0296
20100120,678265.5693000001
20100119,694343.39232
20100115,1068152.7141
20100114,534654.51585
20100113,864864.4199999999
20100112,978952.3491
20100111,960843.8856
20100108,446953.5846
20100107,763736.0889
20100106,877088.6164999999
20100105,806392.1562000001
20100104,804333.5125999999
20091231,326945.734
20091230,333462.87775000004
20091229,370868.73817
20091228,325752.94367
20091224,198642.25149000002
20091223,565671.0535200001
20091222,524628.53226
20091221,522193.52749999997
20091218,1276938.3420000002
20091217,690822.06116
20091216,947898.7119
20091215,796666.5108
20091214,658707.8663400001
20091211,521528.85504000005
20091210,840555.1336000001
20091209,550469.47928
20091208,695085.1350400001
20091207,587668.06757
20091204,777983.3201399999
20091203,593824.12656
20091202,497269.85966
20091201,569978.95888
20091130,725749.44644
20091127,441635.25109
20091125,600775.40996
20091124,655971.44452
20091123,707431.5772599999
20091120,816063.5645999999
20091119,685345.1617200001
20091118,576840.24884
20091117,531247.1766
20091116,702270.76766
20091113,615881.64618
20091112,665654.29546
20091111,621224.5068000001
20091110,833171.7522
20091109,1067257.3054
20091106,600537.06851
20091105,721335.40016
20091104,815282.9284000001
20091103,667103.0054
20091102,858196.3264
20091030,1479802.9288
20091029,1157878.654
20091028,909528.7487
20091027,732933.7492500001
20091026,840693.3255
20091023,638675.84808
20091022,979370.1873000001
20091021,667331.7472799999
20091020,628366.29369
20091019,637825.38534
20091016,758186.74778
20091015,788041.8992
20091014,698967.34138
20091013,669568.7272499999
20091012,499278.01841
20091009,639793.30476
20091008,722250.1815
20091007,488882.84775
20091006,595726.0848000001
20091005,677305.79784
20091002,610096.32794
20091001,632935.91753
20090930,975101.9414
20090929,557288.4973599999
20090928,431838.91860000003
20090925,512342.16394
20090924,706808.9576399999
20090923,702164.3241600001
20090922,513923.41592999996
20090921,675479.9898
20090918,1168469.6064
20090917,621449.9385899999
20090916,799799.4585000001
20090915,745724.8877
20090914,510826.8307200001
20090911,700214.0235
20090910,697406.08765
20090909,564594.11905
20090908,681073.18992
20090904,423247.5168
20090903,494521.22417
20090902,548774.8509600001
20090901,804451.68
20090831,562383.83318
20090828,516137.66076000006
20090827,590833.032
20090826,514199.51502000005
20090825,804798.1710000001
20090824,688273.10892
20090821,1064429.1473
20090820,544748.51612
20090819,762242.1407999999
20090818,526882.59792
20090817,893641.1295
20090814,606331.9808499999
20090813,568774.60332
20090812,615345.13104
20090811,616098.33174
20090810,547866.7663700001
20090807,631506.6765
20090806,599344.346
20090805,643868.79137
20090804,682151.58357
20090803,930024.128
20090731,1132492.993
20090730,780807.795
20090729,720654.016
20090728,736220.6694
20090727,539710.0551
20090724,608826.7053900001
20090723,763867.0506000001
20090722,653534.10948
20090721,625268.8250000001
20090720,631577.0524800001
20090717,775609.8064
20090716,667851.7734
20090715,877280.3049999999
20090714,811416.06
20090713,994179.6704
20090710,1030214.636
20090709,540294.01452
20090708,747233.2998
20090707,596129.2161000001
20090706,684572.6340000001
20090702,692369.4108
20090701,691482.7172
20090630,845881.3250000001
20090629,687752.4543999999
20090626,725613.556
20090625,857543.5548000002
20090624,764329.5148
20090623,859398.1168
20090622,1077286.2384000001
20090619,1119704.0632000002
20090618,716739.2415
20090617,1065635.6962
20090616,786472.1468
20090615,946348.458
20090612,1011601.2816
20090611,1048482.469
20090610,1008029.166
20090609,702937.4082000001
20090608,664801.69252
20090605,777039.0369000001
20090604,787678.5539
20090603,1016717.6828000001
20090602,714827.2055
20090601,982871.2809
20090529,810387.8507
20090528,804173.1922
20090527,788324.1530999999
20090526,788276.5338
20090522,565710.4472399999
20090521,802126.7142
20090520,1148561.9887999997
20090519,936701.7532
20090518,890065.9116
20090515,810746.9495999999
20090514,682006.488
20090513,846473.466
20090512,782777.6055000001
20090511,918160.48
20090508,979439.7509999999
20090507,838436.7684000001
20090506,959532.9989
20090505,833182.6849999999
20090504,1015106.314
20090501,802603.8315000001
20090430,930297.3489999999
20090429,787625.9652
20090428,610945.38449
20090427,804798.7531
20090424,839843.982
20090423,810091.6895
20090422,760211.1
20090421,814779.2599999999
20090420,750659.6391
20090417,835713.6641
20090416,788472.0339
20090415,748320.6400000001
20090414,863183.7338
20090413,857091.1602
20090409,763569.5157999999
20090408,769638.5024
20090407,757781.028
20090406,728984.8494
20090403,815756.664
20090402,1269725.4775999999
20090401,976616.2359999999
20090331,1256788.8916
20090330,955029.58
20090327,884394.888
20090326,1115730.3662999999
20090325,1165535.946
20090324,1061574.5151
20090323,1404255.3270000003
20090320,1540851.2243999997
20090319,1155418.0645
20090318,1187735.8645
20090317,961800.1239000001
20090316,835336.533
20090313,902731.4487
20090312,988790.838
20090311,940178.8036
20090310,1355106.6142
20090309,1029583.8048
20090306,1287768.7481
20090305,1254584.6742
20090304,1131678.912
20090303,1102384.9468999999
20090302,1111727.7706
20090227,1243895.0823000001
20090226,992192.2390000001
20090225,1691050.72
20090224,1251451.5456
20090223,1182638.8235999998
20090220,1293918.9020999998
20090219,677829.5388000001
20090218,830720.4396
20090217,1245127.0650000002
20090213,756471.4834
20090212,1204065.044
20090211,1106907.2336000002
20090210,1431900.2096000002
20090209,1108439.0154000001
20090206,999566.7150000001
20090205,1093213.0325
20090204,863393.612
20090203,895827.3948
20090202,872234.2332
20090130,1260612.6992
20090129,1113238.1436
20090128,1080896.5812000001
20090127,982485.7740000001
20090126,999697.5313
20090123,950550.9973999999
20090122,1001652.5225
20090121,1131815.4957
20090120,1088952.9354
20090116,1118719.2992
20090115,1365371.2716
20090114,1055272.4622
20090113,1032264.5508
20090112,1004204.2294
20090109,1032766.009
20090108,845226.8544
20090107,947004.5488
20090106,1229608.1979999999
20090105,1299723.5373999998
20090102,1048005.6767999999
20081231,737055.2766199999
20081230,732165.3137399999
20081229,643579.58565
20081226,475696.92134999996
20081224,259210.64602000001
20081223,979478.944
20081222,1170115.9371
20081219,2221084.4435
20081218,1566982.801
20081217,1593219.913
20081216,1837270.8865000003
20081215,1290767.6726999998
20081212,1406703.23
20081211,1632928.4271999998
20081210,1384556.9904
20081209,1487222.5451999998
20081208,1713681.9264
20081205,1702899.2776
20081204,1536809.2896
20081203,1687759.2476000001
20081202,1590753.8022000003
20081201,1627446.0228
20081128,684248.16973
20081126,1571817.8549000002
20081125,1684818.6642
20081124,2044586.6570000001
20081121,2447637.6631
20081120,2202029.2
20081119,1553152.3880999999
20081118,1733606.708
20081117,1484335.1658
20081114,1934144.1704000002
20081113,2157116.4493
20081112,1507149.3720000002
20081111,1161123.7954000002
20081110,987487.956
20081107,1170355.9048
20081106,1492364.2644
20081105,1228655.7504
20081104,1573050.6589000002
20081103,771214.4854
20081031,1529772.964
20081030,1620739.5332000002
20081029,1836238.21
20081028,1756968.4476
20081027,1127582.3987999998
20081024,1263796.6033
20081023,1798982.1069
20081022,1373328.5076000001
20081021,1171275.208
20081020,1272956.6778
20081017,1354459.6015
20081016,2006374.925
20081015,1507121.6586
20081014,1856702.6782000002
20081013,2166207.0028
20081010,2787711.9207
20081009,1724041.6
20081008,2050387.0169999998
20081007,1794344.9129999997
20081006,2000434.8868000002
20081003,1495374.7284
20081002,1497390.8040000002
20081001,1202733.96
20080930,1660244.044
20080929,1812997.025
20080926,1031908.6880000001
20080925,1206140.4493
20080924,957455.9217000001
20080923,1248887.6565999999
20080922,1277260.6344
20080919,2103899.5979999998
20080918,1937485.76
20080917,1855587.0174999998
20080916,1674634.578
20080915,1393228.0202
20080912,1127976.9696
20080911,1353900.06
20080910,1440279.1571999998
20080909,1666405.3484
20080908,1252407.294
20080905,1247246.9226
20080904,1342314.0058
20080903,905691.7782000001
20080902,1118823.7423
20080829,698355.7318399999
20080828,772332.3277200001
20080827,712678.43666
20080826,802216.5420700001
20080825,969909.1464
20080822,755384.7294000001
20080821,993633.4591999999
20080820,1010008.4279999998
20080819,920989.1446
20080818,862728.5501999999
20080815,1319664.1975
20080814,1245466.287
20080813,1322058.3376
20080812,1059629.3736
20080811,959314.1232
20080808,1189174.056
20080807,1052562.8916000002
20080806,1652194.1632
20080805,1811801.2861
20080804,1366190.064
20080801,1103548.7658000002
20080731,1279395.3368000002
20080730,1509370.2514
20080729,1166833.7076
20080728,904559.7681
20080725,1190936.256
20080724,1554781.5
20080723,1578829.89
20080722,1290929.6221
20080721,1444129.5858
20080718,1389090.5215
20080717,1759218.0294
20080716,1745300.8862
20080715,1364751.2892
20080714,1084327.1679999998
20080711,1603483.0425
20080710,1682059.2249999999
20080709,1342377.713
20080708,1864145.2425000002
20080707,1479080.412
20080703,927401.32016
20080702,1712643.6
20080701,1330573.0624
20080630,1223346.4778999998
20080627,1644748.566
20080626,1424741.0643
20080625,1409210.9567999998
20080624,1034328.1895999999
20080623,1206631.0386
20080620,1452045.9404
20080619,1486222.7458000001
20080618,1292150.7984
20080617,919865.4556500001
20080616,751678.48833
20080613,930183.1126
20080612,1302759.4598
20080611,1110140.6214
20080610,1525786.5018
20080609,1167393.612
20080606,1848278.17
20080605,1391849.8010999998
20080604,1320583.614
20080603,1241785.6626
20080602,1157797.6306
20080530,1178317.4385000002
20080529,1301714.335
20080528,1054804.6506
20080527,1276965.1258
20080523,1156773.247
20080522,1771607.5164
20080521,2265895.0242
20080520,1677380.4827
20080519,1319421.418
20080516,1636414.836
20080515,1323158.9805
20080514,1309579.922
20080513,1039257.8881
20080512,912675.32488
20080509,1101549.073
20080508,1468867.0751999998
20080507,1420788.6816
20080506,1055159.3811
20080505,866245.485
20080502,982670.0843999999
20080501,1448129.314
20080430,1878382.554
20080429,1847910.3317999998
20080428,662612.5575
20080425,1180820.5473999998
20080424,1194760.644
20080423,1230379.972
20080422,1079035.6232
20080421,793398.9060000001
20080418,948763.419
20080417,839564.4890699999
20080416,1095345.9500000002
20080415,757495.9881800001
20080414,633041.8062
20080411,660823.3152
20080410,817132.1087999999
20080409,963225.0775000001
20080408,660048.55776
20080407,735138.6879199999
20080404,858523.7766
20080403,861718.38492
20080402,934748.5662000001
20080401,960122.4577999999
20080331,869988.2664
20080328,635240.411
20080327,772102.594
20080326,972605.0879999999
20080325,1024815.0150000001
20080324,837672.1950100001
20080320,1527333.6956999998
20080319,1211727.9678
20080318,1155000.9636000001
20080317,1340873.9244
20080314,1351952.8664
20080313,954370.9696000001
20080312,950287.6005000001
20080311,1232219.3728
20080310,1004393.6565
20080307,1356534.3456000001
20080306,1255215.14
20080305,1440211.9797
20080304,1188038.8148999999
20080303,859758.2535999999
20080229,1125163.109
20080228,800254.81514
20080227,858545.4831800001
20080226,1082392.9404
20080225,1029896.5710000001
20080222,1038243.3694
20080221,1033412.2452
20080220,1141162.6872
20080219,1018161.8953999999
20080215,2256088.956
20080214,926944.8072
20080213,997704.6220000001
20080212,1000164.1728000001
20080211,1417723.524
20080208,656389.1536800001
20080207,989823.2172
20080206,1168149.3345
20080205,1250499.4253999998
20080204,844732.182
20080201,1325056.6675999998
20080131,1051770.51
20080130,783621.43636
20080129,758900.4681999999
20080128,805112.0901
20080125,1139946.5134
20080124,1167155.5017000001
20080123,1661942.4525000001
20080122,1696374.875
20080118,1574812.5821999998
20080117,1564833.1175
20080116,1354934.8875
20080115,1207967.8884
20080114,906243.51689
20080111,958835.25
20080110,1266567.638
20080109,1152326.1712
20080108,999330.4055000001
20080107,1187754.7008
20080104,1223234.129
20080103,991421.0283
20080102,846555.63316
20071231,462602.93120999995
20071228,747418.44564
20071227,764536.40625
20071226,709170.08328
20071224,275639.16432000004
20071221,1278425.8396
20071220,569609.8184
20071219,756758.7711
20071218,795958.20711
20071217,732449.97716
20071214,1020550.5706
20071213,877523.52116
20071212,992499.742
20071211,720454.32716
20071210,504941.80516
20071207,607853.3892
20071206,879775.1139
20071205,933183.2139999999
20071204,573912.60292
20071203,696931.51968
20071130,1027673.4766999999
20071129,765172.6552
20071128,926523.6812000001
20071127,1226047.8233999999
20071126,862179.8283
20071123,297147.05496
20071121,980913.115
20071120,959001.306
20071119,726778.1944500001
20071116,977480.8260000001
20071115,960199.1135999999
20071114,857835.0067000001
20071113,1036338.6258
20071112,1067001.4167
20071109,884456.0162000001
20071108,1569335.2402000001
20071107,1118785.7112000003
20071106,895530.99504
20071105,803979.18272
20071102,1094916.1104000001
20071101,938873.376
20071031,905172.1716100001
20071030,867200.16
20071029,855889.2
20071026,685688.6400000001
20071025,842381.3280000001
20071024,987555.995
20071023,856290.708
20071022,956549.352
20071019,1259840.729
20071018,924273.936
20071017,999653.9400000001
20071016,1017549.0150000001
20071015,784062.7591299999
20071012,549275.83425
20071011,834742.363
20071010,1061353.6744
20071009,806979.5199999999
20071008,518196.27199999994
20071005,599904.592
20071004,621279.2320000001
20071003,800879.9560000001
20071002,845739.8799200001
20071001,844558.0319999999
20070928,796719.7195599999
20070927,689524.59906
20070926,1062765.9812
20070925,1148596.474
20070924,851848.41
20070921,1198564.21
20070920,771640.1862300001
20070919,1071320.007
20070918,914722.666
20070917,702983.10348
20070914,722772.30235
20070913,807503.6969999999
20070912,989143.857
20070911,896929.4550000001
20070910,912458.1
20070907,856990.60005
20070906,725090.755
20070905,807728.89076
20070904,847245.94705
20070831,715709.128
20070830,679384.48
20070829,871144.26
20070828,847982.13
20070827,555938.7000000001
20070824,670085.0939999999
20070823,740726.9400000001
20070822,873232.296
20070821,954878.745
20070820,784253.20896
20070817,1367529.5903999999
20070816,1576334.6612999998
20070815,989240.5464
20070814,1268848.6095
20070813,866763.8700000001
20070810,1105261.6112000002
20070809,1263990.6626
20070808,1218986.7767999999
20070807,1274582.1124000002
20070806,1404161.0748
20070803,1257958.6504
20070802,1323890.7403
20070801,1833577.2348
20070731,1012887.0948000001
20070730,1047328.4895
20070727,1453328.8199999998
20070726,1502226.9536
20070725,1288479.507
20070724,985050.708
20070723,893815.8371899999
20070720,951725.8044000001
20070719,783418.05
20070718,1059075.4096000001
20070717,887456.4804
20070716,966920.0772
20070713,893690.748
20070712,1173467.688
20070711,1111070.4000000001
20070710,1234252.0
20070709,952537.7599999999
20070706,1028066.4128
20070705,756828.0963099999
20070703,398326.62
20070702,699258.69715
20070629,903890.1455999999
20070628,723456.2204400001
20070627,859485.7670999999
20070626,1115388.132
20070625,1052518.5405000001
20070622,1096151.0629999998
20070621,833268.0174999998
20070620,891678.0765000001
20070619,585795.228
20070618,500000.60270000005
20070615,784484.391
20070614,694692.47166
20070613,807337.0050000001
20070612,597255.728
20070611,551986.43184
20070608,690012.78876
20070607,880619.2580000001
20070606,615132.1208800001
20070605,612368.2873000001
20070604,661545.04854
20070601,603276.44796
20070531,938437.2101999999
20070530,885816.0499999999
20070529,642830.9369999999
20070525,554881.7389499999
20070524,1060652.5060999999
20070523,1157569.05
20070522,757277.44134
20070521,935649.3366
20070518,917824.7274999999
20070517,634052.056
20070516,762284.1447
20070515,794770.05816
20070514,1013098.925
20070511,674527.0950000001
20070510,616363.951
20070509,590819.9
20070508,561802.9075
20070507,580782.32052
20070504,614506.9606
20070503,566315.95644
20070502,504376.67088
20070501,724116.968
20070430,870560.3364
20070427,633980.1638399999
20070426,814985.8464
20070425,855609.9728
20070424,694172.0859
20070423,949539.934
20070420,1225542.7619999999
20070419,615618.86187
20070418,547918.4249
20070417,686960.132
20070416,646958.98891
20070413,559510.84131
20070412,621183.92784
20070411,823095.7944
20070410,679922.2980000001
20070409,483785.214
20070405,476724.52806000004
20070404,500307.20999999996
20070403,704994.05
20070402,613020.5300799999
20070330,628282.8039999999
20070329,768067.3635
20070328,758371.7760000001
20070327,634027.411
20070326,752275.512
20070323,802139.7450000001
20070322,957337.5240000001
20070321,724973.4882
20070320,577429.155
20070319,970501.316
20070316,865998.024
20070315,688438.2940000001
20070314,778416.9008
20070313,640816.64
20070312,648123.9289999999
20070309,525007.419
20070308,737827.6499999999
20070307,873906.535
20070306,777061.3770000001
20070305,773710.8743000001
20070302,723142.0090000001
20070301,955865.352
20070228,959458.152
20070227,939415.698
20070226,532172.24209
20070223,558787.875
20070222,593847.077
20070221,927152.6159999999
20070220,655446.7000000001
20070216,681121.39
20070215,729641.7279999999
20070214,570878.37562
20070213,576038.83446
20070212,900018.784
20070209,476748.63599999994
20070208,749226.25
20070207,695389.984
20070206,614459.076
20070205,622076.0700000001
20070202,546207.888
20070201,815833.7440000001
20070131,711148.4639999999
20070130,467472.632
20070129,452291.34300000005
20070126,519540.45
20070125,603736.08
20070124,514374.228
20070123,672544.128
20070122,852439.302
20070119,721963.3279999999
20070118,755177.436
20070117,746803.982
20070116,576986.0390000001
20070112,657399.645
20070111,852250.568
20070110,828526.3470000001
20070109,741579.6849999999
20070108,672680.3150000001
20070105,678549.9
20070104,760752.888
20070103,902710.012
20061229,397797.3
20061228,301324.248
20061227,378699.7920000001
20061226,292908.175
20061222,326310.41800000006
20061221,552146.877
20061220,640180.5300000001
20061219,685404.8369999999
20061218,675897.2760000001
20061215,718703.0719999999
20061214,701567.7559999999
20061213,565633.4400000001
20061212,683127.27
20061211,588553.4600000001
20061208,556224.559
20061207,526532.916
20061206,755887.848
20061205,611004.48
20061204,550485.6
20061201,760548.708
20061130,866003.0719999999
20061129,727395.69
20061128,536818.1599999999
20061127,657806.875
20061124,198520.79200000002
20061122,514232.63999999996
20061121,540967.858
20061120,516260.364
20061117,713326.21
20061116,638234.775
20061115,613993.12
20061114,567734.3459999999
20061113,623167.335
20061110,611284.4160000001
20061109,806183.8200000001
20061108,646797.501
20061107,681726.63
20061106,712965.6759999999
20061103,593204.8439999999
20061102,611031.9440000001
20061101,527434.01
20061031,720484.8
20061030,588839.466
20061027,601512.768
20061026,599157.0
20061025,807324.196
20061024,606150.491
20061023,433624.40400000004
20061020,626067.84
20061019,462906.408
20061018,520566.18
20061017,442108.37000000005
20061016,508255.165
20061013,494628.9
20061012,520892.3279999999
20061011,594250.56
20061010,698478.12
20061009,493721.004
20061006,565695.492
20061005,611414.644
20061004,718497.78
20061003,806179.578
20061002,513215.75600000005
20060929,440918.27999999997
20060928,642480.039
20060927,789120.7200000001
20060926,691255.0950000001
20060925,671587.5260000001
20060922,461087.554
20060921,562235.0499999999
20060920,585842.152
20060919,479789.847
20060918,515765.95499999996
20060915,650129.664
20060914,497318.33999999997
20060913,593528.5480000001
20060912,727913.508
20060911,1157230.0
20060908,422214.39
20060907,523082.28
20060906,721685.3879999999
20060905,884862.822
20060901,406957.359
20060831,425664.68000000005
20060830,600113.064
20060829,468989.16
20060828,360525.68799999997
20060825,290409.43799999997
20060824,356104.645
20060823,496888.90400000004
20060822,458662.6
20060821,530691.882
20060818,610337.418
20060817,792986.3550000001
20060816,619243.0109999999
20060815,486633.82399999996
20060814,417010.76999999996
20060811,346645.64999999997
20060810,594754.3799999999
20060809,722366.652
20060808,574197.12
20060807,616640.41
20060804,500755.99
20060803,680021.0
20060802,661039.191
20060801,478901.375
20060731,601400.228
20060728,1013372.125
20060727,627640.364
20060726,564927.75
20060725,558778.0900000001
20060724,554553.987
20060721,650158.71
20060720,546506.3119999999
20060719,657537.558
20060718,568797.0149999999
20060717,696762.1830000001
20060714,990973.7439999998
20060713,662024.336
20060712,629206.5650000001
20060711,573053.2100000001
20060710,405222.35
20060707,570464.544
20060706,539620.116
20060705,632124.54
20060703,196614.575
20060630,502878.38600000006
20060629,623644.4349999999
20060628,509527.30399999995
20060627,459626.77
20060626,350321.6
20060623,385073.019
20060622,369000.73
20060621,459141.496
20060620,459982.233
20060619,468114.147
20060616,733481.6429999999
20060615,701256.1710000001
20060614,577762.181
20060613,831520.388
20060612,622524.8640000001
20060609,740186.733
20060608,883250.2579999999
20060607,789380.4920000001
20060606,621982.578
20060605,515751.5
20060602,692543.9249999999
20060601,689865.968
20060531,735644.2019999999
20060530,457172.52
20060526,318630.648
20060525,659149.2000000001
20060524,765676.8
20060523,492728.67000000004
20060522,586933.286
20060519,666955.5959999999
20060518,517681.17000000004
20060517,648835.0959999999
20060516,576034.902
20060515,727731.3520000001
20060512,753402.672
20060511,814032.239
20060510,649311.4560000001
20060509,955465.7139999999
20060508,403145.613
20060505,534545.255
20060504,609788.6
20060503,537545.79
20060502,527614.2
20060501,441947.133
20060428,542193.2100000001
20060427,585320.828
20060426,679088.896
20060425,569932.1039999999
20060424,698359.896
20060421,673267.48
20060420,538475.103
20060419,501544.907
20060418,561099.66
20060417,303831.108
20060413,308395.14800000004
20060412,418680.854
20060411,444475.392
20060410,440745.544
