20160408,43286.392499999994
20160407,64625.33729999999
20160406,34277.59335
20160405,29232.349660000003
20160404,26676.62445
20160401,34080.38151
20160331,45666.23565
20160330,31079.68164
20160329,34858.98691
20160328,26287.27229
20160324,45558.77880000001
20160323,40795.30302
20160322,28843.121889999995
20160321,40143.8629
20160318,56028.2351
20160317,86040.2133
20160316,42200.2944
20160315,24619.882019999997
20160314,30553.99968
20160311,32467.932559999997
20160310,39106.7018
20160309,17704.2069
20160308,21917.44023
20160307,32061.254309999997
20160304,38170.90156
20160303,34057.10784
20160302,44368.40770999999
20160301,36322.28058
20160229,33040.18461
20160226,21983.87335
20160225,33139.92168
20160224,32196.80622
20160223,33780.99976
20160222,40802.6565
20160219,30611.56956
20160218,38444.1174
20160217,42063.44544
20160216,39365.75379
20160212,27195.20532
20160211,45042.197720000004
20160210,27241.35976
20160209,29963.324159999996
20160208,25206.377770000003
20160205,29708.904959999996
20160204,42435.06516
20160203,58972.698359999995
20160202,55073.65365
20160201,39521.99508
20160129,63231.84287
20160128,38458.14312
20160127,35522.90984
20160126,37869.3896
20160125,44646.988320000004
20160122,61067.30135
20160121,42914.27690999999
20160120,46641.16306
20160119,62047.372169999995
20160115,46148.423039999994
20160114,62697.61494000001
20160113,37914.0916
20160112,46675.89287
20160111,88017.2815
20160108,67916.24406
20160107,91177.79450999999
20160106,51330.012240000004
20160105,61746.32786
20160104,50723.55756
20151231,20479.72911
20151230,19714.64634
20151229,31375.97346
20151228,58860.93317
20151224,15926.41575
20151223,34247.82068
20151222,47637.68186
20151221,29887.304509999998
20151218,43121.59191
20151217,34265.8813
20151216,40663.13384
20151215,34555.88682
20151214,34810.127
20151211,38395.59826
20151210,31655.47589
20151209,42051.030360000004
20151208,40779.496380000004
20151207,62907.6308
20151204,29443.0982
20151203,52789.54352000001
20151202,46578.64806
20151201,62608.71433000001
20151130,54713.56639
20151127,26395.870759999998
20151125,30849.19705
20151124,41419.20944
20151123,42343.98104
20151120,27864.87264
20151119,33528.00674999999
20151118,21477.55527
20151117,27255.153000000002
20151116,29656.155840000003
20151113,57000.78924
20151112,24166.14655
20151111,29198.91963
20151110,25320.75075
20151109,46820.152989999995
20151106,39399.88521
20151105,48953.7972
20151104,48817.63386
20151103,67312.31888
20151102,65757.60872999999
20151030,49837.59067
20151029,80740.97128
20151028,44878.1784
20151027,42428.443569999996
20151026,46464.243480000005
20151023,66644.04924
20151022,60267.93548
20151021,55802.35329
20151020,61685.3496
20151019,21366.012839999996
20151016,39533.69088
20151015,38548.31436
20151014,48510.44446
20151013,40572.01495
20151012,39862.116109999995
20151009,54525.90286
20151008,49598.720429999994
20151007,44461.554659999994
20151006,41037.77073
20151005,56269.54646
20151002,68289.2175
20151001,38377.1388
20150930,49038.472
20150929,42471.594450000004
20150928,52916.572250000005
20150925,32085.49394
20150924,50440.46458
20150923,54516.40065
20150922,82438.2802
20150921,45649.47165
20150918,42206.76904
20150917,47343.734879999996
20150916,58287.526739999994
20150915,53848.0906
20150914,50790.54166
20150911,31187.68518
20150910,38643.4305
20150909,62019.039600000004
20150908,96767.77565000001
20150904,59673.09431999999
20150903,46850.951680000006
20150902,59678.35479
20150901,58253.87946
20150831,50066.28918
20150828,35843.7013
20150827,59233.64574
20150826,69828.6277
20150825,50729.07372
20150824,92823.54512
20150821,73037.9651
20150820,50506.30674
20150819,56276.289000000004
20150818,31166.329240000003
20150817,31276.84072
20150814,23802.08554
20150813,25599.573719999997
20150812,34053.8856
20150811,28979.395280000004
20150810,38030.90292000001
20150807,28786.2579
20150806,26743.74668
20150805,28682.035200000002
20150804,43114.60768
20150803,29038.29146
20150731,47688.225
20150730,25906.997760000002
20150729,38798.887500000004
20150728,47917.766820000004
20150727,40113.9158
20150724,30594.96375
20150723,23696.79726
20150722,30079.70268
20150721,46860.0597
20150720,36573.4944
20150717,35739.2139
20150716,30100.62436
20150715,61421.7816
20150714,49953.92948
20150713,64919.70632
20150710,76776.15075
20150709,59338.813519999996
20150708,99019.17948
20150707,100200.247
20150706,56716.26038
20150702,37005.20872
20150701,34594.948800000006
20150630,53572.831
20150629,43795.239180000004
20150626,40451.48979
20150625,41801.968080000006
20150624,27197.86779
20150623,58156.791249999995
20150622,41113.33128
20150619,44102.78243
20150618,44446.910039999995
20150617,43170.69936
20150616,34043.62896
20150615,48374.44014
20150612,38228.69375
20150611,57101.25749999999
20150610,62826.122520000004
20150609,74860.94144000001
20150608,45577.95546
20150605,40581.47436
20150604,30235.86018
20150603,46220.01699
20150602,45141.89666
20150601,40747.5433
20150529,64170.98342
20150528,47201.448
20150527,28419.748199999998
20150526,48884.6688
20150522,60611.07258
20150521,55961.58948
20150520,69771.90713999998
20150519,53803.335680000004
20150518,94519.14696
20150515,90021.95292000001
20150514,71297.33963999999
20150513,69999.98208
20150512,56945.74583
20150511,84779.28169
20150508,56578.58918999999
20150507,75690.51
20150506,49574.50784
20150505,62689.794709999995
20150504,51256.48122
20150501,24286.211040000002
20150430,73114.24797
20150429,50571.94648
20150428,70229.54055
20150427,95569.91808
20150424,62446.425
20150423,64613.57892000001
20150422,73860.38093
20150421,147975.74414
20150420,144265.99495
20150417,89506.19088000001
20150416,75473.93591999999
20150415,96870.74334
20150414,60280.939249999996
20150413,63051.90498
20150410,75470.27724
20150409,124382.80474
20150408,167362.43897999998
20150407,40209.010350000004
20150406,35987.13426
20150402,57040.259860000006
20150401,52692.72951999999
20150331,50060.419149999994
20150330,49850.64755999999
20150327,53872.53275
20150326,54401.89646999999
20150325,79022.53392
20150324,70108.87898999998
20150323,26917.69976
20150320,88876.14623999999
20150319,89034.02718000002
20150318,56877.429560000004
20150317,32300.568719999996
20150316,75596.58748
20150313,66230.31908999999
20150312,54477.693779999994
20150311,71985.03115
20150310,72177.90839999999
20150309,55410.40384
20150306,92373.59104
20150305,116045.40211000001
20150304,59119.58208
20150303,121973.07149999999
20150302,112628.2308
20150227,64281.471
20150226,37245.07572
20150225,52858.71918
20150224,78367.50873
20150223,58182.57235
20150220,68364.6372
20150219,55113.71385
20150218,71829.91728000001
20150217,37841.62024
20150213,51171.6759
20150212,105784.13636
20150211,134073.4162
20150210,51266.606929999994
20150209,34342.98048
20150206,61077.70235
20150205,86476.256
20150204,81014.92688
20150203,51589.10856000001
20150202,56246.72372000001
20150130,58323.70544
20150129,71035.10388
20150128,76175.19
20150127,40646.570999999996
20150126,67683.72154
20150123,69648.31482
20150122,58334.395679999994
20150121,112156.43651999999
20150120,51964.03062
20150116,56418.452999999994
20150115,40645.28476
20150114,42017.32666
20150113,74984.35536
20150112,30170.2408
20150109,48756.76965
20150108,38896.09556
20150107,60253.62532
20150106,50830.416000000005
20150105,45618.21496
20150102,31621.56568
20141231,45971.123920000005
20141230,38983.12068
20141229,48529.12925
20141226,49145.60448
20141224,11833.7856
20141223,49242.57574
20141222,107060.9319
20141219,76276.91875
20141218,37504.311480000004
20141217,60569.59104000001
20141216,52895.38578
20141215,61511.1959
20141212,41457.62775
20141211,53401.602399999996
20141210,35895.02521
20141209,51446.16191
20141208,51866.815
20141205,69405.95046
20141204,60719.01724
20141203,60779.1541
20141202,39695.14512
20141201,48737.62771
20141128,13680.11456
20141126,28006.39584
20141125,37032.6523
20141124,67664.65095
20141121,49537.3482
20141120,44881.86581
20141119,32956.11242
20141118,59339.670600000005
20141117,42271.748419999996
20141114,52072.926100000004
20141113,30768.07086
20141112,29563.63445
20141111,49355.15403
20141110,66662.43648
20141107,29902.005839999998
20141106,32249.65173
20141105,30071.823600000003
20141104,28694.656759999998
20141103,52037.9484
20141031,45724.255710000005
20141030,36196.1586
20141029,74654.0802
20141028,30320.959800000004
20141027,33766.57008
20141024,44727.86268
20141023,72828.14789000001
20141022,34934.9672
20141021,51089.509430000006
20141020,37714.948950000005
20141017,53077.95479999999
20141016,44500.05364
20141015,52282.0467
20141014,36254.88672
20141013,70641.04263999999
20141010,68772.34371999999
20141009,56489.25525
20141008,53107.638
20141007,33208.639019999995
20141006,43486.24800000001
20141003,62072.63328
20141002,62244.152749999994
20141001,57080.65295999999
20140930,81353.1225
20140929,56788.42146
20140926,58624.94768
20140925,58990.374449999996
20140924,61360.7874
20140923,72980.39177999999
20140922,47959.332760000005
20140919,86250.79149999999
20140918,54846.88044
20140917,69754.01838000001
20140916,127548.6368
20140915,80965.34952
20140912,58643.021160000004
20140911,55893.57348
20140910,93260.26452000001
20140909,52550.281160000006
20140908,66471.17463
20140905,70516.53633999999
20140904,55977.681039999996
20140903,135421.95393000002
20140902,84903.43149999999
20140829,46179.810359999996
20140828,64368.48158000001
20140827,77142.77172
20140826,66232.05916
20140825,33497.10392
20140822,45574.77122
20140821,75480.73344
20140820,57454.5342
20140819,92846.32729
20140818,138932.58533
20140815,127237.5201
20140814,168085.8108
20140813,89614.3326
20140812,35414.8119
20140811,56837.614680000006
20140808,43934.31532
20140807,75157.63512
20140806,53305.99375
20140805,60002.308560000005
20140804,54890.38918
20140801,87916.95288
20140731,95517.86407
20140730,53313.89105
20140729,55853.15483
20140728,58021.55208
20140725,46194.30556
20140724,49831.60895
20140723,47040.624079999994
20140722,48221.97835
20140721,24774.732640000002
20140718,25343.60052
20140717,37310.55768
20140716,53396.740679999995
20140715,74883.33629
20140714,95736.78080000001
20140711,40555.05843
20140710,28579.533590000003
20140709,20718.9072
20140708,29247.06762
20140707,28041.3924
20140703,12727.66655
20140702,22907.89423
20140701,20779.802509999998
20140630,33093.49356
20140627,20368.78436
20140626,31818.7645
20140625,26572.588649999998
20140624,34848.2967
20140623,58672.87316
20140620,38915.62728
20140619,17376.263300000002
20140618,17570.861
20140617,21995.46044
20140616,30386.37118
20140613,19519.6096
20140612,22821.06112
20140611,45119.0686
20140610,47785.74825
20140609,33079.00196
20140606,32587.037490000002
20140605,23393.396
20140604,47847.50304
20140603,72324.83447
20140602,24292.8153
20140530,33415.94344
20140529,36254.6544
20140528,37807.08624
20140527,51222.02844
20140523,56182.13856
20140522,99302.44793
20140521,57487.69236
20140520,63926.96336
20140519,100136.51928000001
20140516,74994.9348
20140515,60149.36736
20140514,100587.63972
20140513,85373.51144
20140512,109739.95935
20140509,79199.79423999999
20140508,55946.1805
20140507,57622.87035
20140506,32951.759939999996
20140505,38474.599859999995
20140502,50952.46307
20140501,59641.679240000005
20140430,62180.39799
20140429,59949.8781
20140428,40190.522399999994
20140425,55570.35957
20140424,58741.8931
20140423,64922.88159000001
20140422,57793.39592
20140421,26413.25986
20140417,43132.8044
20140416,29157.73588
20140415,32934.317
20140414,37045.39122
20140411,45653.01984
20140410,137234.592
20140409,75899.66460999999
20140408,80560.2582
20140407,62167.518240000005
20140404,40370.731830000004
20140403,64484.288550000005
20140402,66360.19104
20140401,46742.32251
20140331,53803.40322
20140328,108248.07679999998
20140327,68649.53004
20140326,78842.2288
20140325,64373.98066
20140324,99201.7143
20140321,187206.97364999997
20140320,118280.85716999999
20140319,60749.195620000006
20140318,73969.35960000001
20140317,65117.68306
20140314,42314.294539999995
20140313,52687.582350000004
20140312,64333.6445
20140311,44526.32525
20140310,60374.30206
20140307,63125.9461
20140306,50088.7426
20140305,37985.5317
20140304,47335.3548
20140303,69676.22329000001
20140228,67089.95925
20140227,45582.43653
20140226,56938.10954
20140225,72887.41988
20140224,52575.27112
20140221,46399.720819999995
20140220,49890.6153
20140219,54297.87192
20140218,40828.17485
20140214,38984.466
20140213,33081.0438
20140212,43601.03181
20140211,37634.14656
20140210,60111.09158999999
20140207,71115.39072000001
20140206,67037.60915
20140205,28794.485940000002
20140204,46719.5262
20140203,54049.09742
20140131,45635.7891
20140130,29567.57334
20140129,53989.462340000005
20140128,54349.210080000004
20140127,67540.29983999999
20140124,69830.2418
20140123,63000.265699999996
20140122,33020.16388
20140121,53186.02506
20140117,39256.369679999996
20140116,52088.14961
20140115,72237.49152
20140114,54085.18063999999
20140113,43201.64574
20140110,47066.909
20140109,69522.10826000001
20140108,57095.737779999996
20140107,37725.7408
20140106,35583.74715
20140103,49890.4526
20140102,42535.27179
20131231,30859.414109999998
20131230,47487.34445
20131227,38749.15992
20131226,47503.4175
20131224,36562.8386
20131223,74628.02853
20131220,67941.46590000001
20131219,68917.2571
20131218,48853.75122
20131217,31741.175199999998
20131216,47092.02519
20131213,37602.164339999996
20131212,43260.44229
20131211,123376.22009999999
20131210,79387.45456
20131209,37308.43018
20131206,49741.1061
20131205,88202.04616
20131204,79203.68845999999
20131203,39806.604999999996
20131202,28439.72628
20131129,28586.269920000002
20131127,83694.8385
20131126,36191.9654
20131125,54990.46168
20131122,44948.74175
20131121,65628.19536
20131120,29955.15972
20131119,76692.8998
20131118,55569.49076
20131115,109932.89971999999
20131114,28556.996
20131113,45188.75844
20131112,46340.23844
20131111,22508.94198
20131108,30453.335700000003
20131107,42800.75805
20131106,51282.370390000004
20131105,34192.01025
20131104,55394.48016
20131101,28132.078719999998
20131031,49044.66408
20131030,43698.647339999996
20131029,27403.011240000003
20131028,29874.016959999997
20131025,33257.58646
20131024,80532.78624000002
20131023,69285.85947000001
20131022,89600.6496
20131021,134425.8891
20131018,51039.913440000004
20131017,42609.35836
20131016,36575.8459
20131015,26181.15804
20131014,22132.25862
20131011,28402.42275
20131010,48509.6402
20131009,21460.264079999997
20131008,46904.97958000001
20131007,48861.484319999996
20131004,45342.04745
20131003,90687.17709000001
20131002,31618.699500000002
20131001,41728.8016
20130930,38944.93878
20130927,34525.25334
20130926,51342.42885
20130925,30163.542
20130924,34980.2712
20130923,20642.54784
20130920,45107.8336
20130919,54560.361619999996
20130918,40364.4192
20130917,34704.57408
20130916,50452.3266
20130913,38058.75075
20130912,29113.884480000004
20130911,54291.89598
20130910,83503.224
20130909,65196.31638
20130906,74483.75914000001
20130905,40239.30771
20130904,64417.07119999999
20130903,48990.95916
20130830,32520.055259999997
20130829,36994.95072
20130828,29380.7864
20130827,82930.30224
20130826,78487.03632000001
20130823,69647.76016
20130822,76062.9182
20130821,75622.54512
20130820,39457.0525
20130819,26509.0441
20130816,24972.9928
20130815,25504.67856
20130814,50655.37116
20130813,34575.38456
20130812,34972.086879999995
20130809,19738.74342
20130808,26766.67734
20130807,21569.11164
20130806,26881.62907
20130805,23473.678799999998
20130802,22972.210870000003
20130801,29506.98344
20130731,80741.31408
20130730,66540.18367999999
20130729,37445.85218
20130726,34585.4358
20130725,26900.15565
20130724,28918.581119999995
20130723,37265.455440000005
20130722,29357.968380000002
20130719,19082.28833
20130718,20500.98575
20130717,27588.164460000004
20130716,18521.01267
20130715,21614.59255
20130712,30763.278399999996
20130711,40582.276889999994
20130710,41576.33214
20130709,96459.37162
20130708,29459.59276
20130705,69423.66
20130703,21775.62366
20130702,51750.7536
20130701,40416.13098
20130628,61518.13569
20130627,37733.332480000005
20130626,60394.8384
20130625,33532.7028
20130624,69013.84857999999
20130621,87426.9495
20130620,67623.99644
20130619,61296.34896000001
20130618,37637.3774
20130617,48303.77904
20130614,62496.480200000005
20130613,43273.9827
20130612,46893.7756
20130611,27625.205919999997
20130610,25091.754100000002
20130607,37905.93311
20130606,55492.6582
20130605,32194.76344
20130604,21216.03228
20130603,23735.868749999998
20130531,69578.2262
20130530,49664.59186000001
20130529,35150.607
20130528,29505.61216
20130524,23748.14772
20130523,67476.73326
20130522,50480.882489999996
20130521,29062.880400000002
20130520,16757.6176
20130517,30340.254000000004
20130516,33131.73182
20130515,34281.23083
20130514,19729.5608
20130513,15041.5032
20130510,20499.41616
20130509,37142.475099999996
20130508,25482.64536
20130507,21962.499
20130506,15847.49552
20130503,27520.9308
20130502,18466.64404
20130501,20939.19225
20130430,34573.832160000005
20130429,23901.9696
20130426,17987.10546
20130425,24315.322799999998
20130424,21202.9775
20130423,38053.39681
20130422,19414.199239999998
20130419,31664.128889999996
20130418,29375.037119999997
20130417,36906.225759999994
20130416,27154.1322
20130415,46918.7504
20130412,24352.61702
20130411,25167.67936
20130410,39693.776849999995
20130409,53551.209870000006
20130408,29164.659040000002
20130405,32871.460080000004
20130404,24175.885720000002
20130403,42009.35964
20130402,22005.62514
20130401,22850.135440000002
20130328,14402.533530000002
20130327,15103.846679999999
20130326,23453.25697
20130325,31115.702480000004
20130322,34550.45875
20130321,74930.98692
20130320,72045.60346000001
20130319,155218.9968
20130318,49240.4031
20130315,79043.50802
20130314,57757.359399999994
20130313,47806.07076
20130312,33887.88956
20130311,27592.929
20130308,45814.13335
20130307,24336.80694
20130306,42336.0937
20130305,31833.09528
20130304,26568.81156
20130301,55152.34271999999
20130228,38100.0288
20130227,28921.266649999998
20130226,20541.1368
20130225,28505.18252
20130222,25544.13318
20130221,34029.545900000005
20130220,29835.773699999998
20130219,22475.443560000003
20130215,23343.280300000002
20130214,30268.15766
20130213,31447.582400000003
20130212,19168.712639999998
20130211,13629.2054
20130208,25917.862559999998
20130207,35624.03005
20130206,23063.325299999997
20130205,25063.256400000002
20130204,35443.163689999994
20130201,35862.40315
20130131,32603.6615
20130130,43378.18876
20130129,36275.565220000004
20130128,42581.2506
20130125,80321.81033000001
20130124,52238.521199999996
20130123,65307.89512
20130122,51738.51605
20130118,39096.08192
20130117,61392.64499
20130116,30217.842749999996
20130115,47628.15318
20130114,42069.3649
20130111,43951.081569999995
20130110,53421.4925
20130109,36136.3596
20130108,62356.4255
20130107,48926.13712
20130104,37203.17868
20130103,43641.94154
20130102,44387.65155
20121231,27031.1648
20121228,30267.5155
20121227,30227.55414
20121226,23653.89312
20121224,8628.88341
20121221,36945.07194
20121220,49724.17434
20121219,48986.750700000004
20121218,48501.04662
20121217,37411.57309
20121214,30218.395339999995
20121213,24606.61146
20121212,25795.82295
20121211,27650.588939999998
20121210,19153.265040000002
20121207,16416.5661
20121206,32728.752819999998
20121205,42556.79092
20121204,42492.168
20121203,37771.27584
20121130,27572.73104
20121129,28158.6435
20121128,37176.21054
20121127,24997.84455
20121126,18461.1581
20121123,24916.113360000003
20121121,46743.864299999994
20121120,27446.253450000004
20121119,39107.07528
20121116,42498.42825
20121115,20618.10816
20121114,40346.75612
20121113,39932.68608
20121112,26319.7112
20121109,39416.0895
20121108,42228.60024
20121107,67369.47
20121106,48396.376220000006
20121105,26532.1023
20121102,26453.163399999998
20121101,36118.97919
20121031,27398.71889
20121026,29535.27314
20121025,42150.604909999995
20121024,81028.59128000001
20121023,34040.2176
20121022,78987.75080000001
20121019,47548.08495
20121018,61864.1137
20121017,66651.65280000001
20121016,33408.65016
20121015,35355.65322
20121012,22112.42356
20121011,39917.27467
20121010,24885.962880000003
20121009,30489.732419999997
20121008,25903.32138
20121005,36364.76608
20121004,26693.209260000003
20121003,23833.250200000002
20121002,14359.740780000002
20121001,17971.917599999997
20120928,29423.84
20120927,38763.28995
20120926,41139.20884
20120925,43878.4152
20120924,40092.7232
20120921,72402.95178
20120920,44243.80938
20120919,45413.5
20120918,33810.84344
20120917,118324.17198
20120914,39220.5228
20120913,51880.45758
20120912,50151.07032
20120911,33860.518950000005
20120910,25889.768519999998
20120907,23736.62259
20120906,30136.859959999998
20120905,25371.28932
20120904,40537.5308
20120831,33806.06957
20120830,47771.02561
20120829,18880.805399999997
20120828,33688.06044
20120827,28898.84434
20120824,32290.25954
20120823,55151.746439999995
20120822,37760.363520000006
20120821,45732.28506
20120820,55739.31543
20120817,104635.36545
20120816,172583.28668000002
20120815,34102.0212
20120814,51830.809199999996
20120813,24268.17325
20120810,37781.998400000004
20120809,35183.786
20120808,23754.210479999998
20120807,49725.19240000001
20120806,77001.9324
20120803,51101.95896
20120802,33910.123949999994
20120801,20443.927200000002
20120731,49869.052319999995
20120730,19825.08032
20120727,41251.86
20120726,52644.762240000004
20120725,27272.005400000002
20120724,59896.39428000001
20120723,39667.438799999996
20120720,44526.318799999994
20120719,41785.53972
20120718,39155.011139999995
20120717,38006.85686
20120716,20137.567600000002
20120713,28358.815619999998
20120712,40006.92168
20120711,37750.72428
20120710,35199.67616
20120709,29665.845
20120706,24981.74028
20120705,42671.42253
20120703,41559.89795
20120702,23634.50232
20120629,59577.78057
20120628,45254.24248
20120627,66965.67
20120626,49870.94244
20120625,41871.75269
20120622,27895.080530000003
20120621,52231.433399999994
20120620,31078.19904
20120619,51992.0022
20120618,42381.6498
20120615,39185.60363
20120614,24838.59476
20120613,35310.05904
20120612,37009.75572
20120611,36684.69427
20120608,47513.8929
20120607,38852.38764
20120606,54409.0035
20120605,34903.22418
20120604,36947.65344
20120601,45353.76624
20120531,36605.44901999999
20120530,32342.78784
20120529,39182.59914
20120525,56927.887480000005
20120524,94490.28286
20120523,49598.852159999995
20120522,44569.67446
20120521,60145.02966000001
20120518,38842.38976
20120517,52532.409
20120516,67032.1152
20120515,61940.11090000001
20120514,40048.78473
20120511,39608.33167
20120510,55720.38475
20120509,63385.90503
20120508,56658.14454
20120507,41136.573280000004
20120504,60793.11732
20120503,66390.74378
20120502,58680.910079999994
20120501,37400.22745
20120430,52122.69842000001
20120427,41009.45332
20120426,53663.4908
20120425,42289.05881
20120424,49407.835459999995
20120423,83774.94944
20120420,72056.59999999999
20120419,53531.4268
20120418,26733.50274
20120417,46247.67015
20120416,30109.844499999996
20120413,29459.88162
20120412,37937.96032
20120411,42056.15838
20120410,39763.53725
20120409,45499.54376
20120405,23717.065749999998
20120404,35796.68628
20120403,43358.52024
20120402,57091.54476999999
20120330,74461.33008
20120329,33040.50912
20120328,27649.64135
20120327,44884.97552
20120326,67845.63897
20120323,36103.25105
20120322,48020.064249999996
20120321,71496.01088
20120320,62783.63058
20120319,47959.02117
20120316,69223.56844
20120315,50613.45936
20120314,84975.6825
20120313,50687.29112
20120312,81050.98092
20120309,270711.03825000004
20120308,89201.21217000001
20120307,43792.57904
20120306,38718.5628
20120305,37909.30878
20120302,25104.127200000003
20120301,38082.263999999996
20120229,46078.35939
20120228,30850.21422
20120227,35713.48256
20120224,23015.57762
20120223,28827.17124
20120222,37124.99037
20120221,67467.60158
20120217,36733.41252
20120216,46530.8448
20120215,77474.25024
20120214,98518.71978
20120213,84312.96048000001
20120210,83115.054
20120209,37192.69066
20120208,58979.94974999999
20120207,24539.08671
20120206,58930.922040000005
20120203,32472.123420000004
20120202,53901.45528000001
20120201,66326.40735000001
20120131,58044.145039999996
20120130,46978.87642
20120127,55027.169599999994
20120126,107010.62509000002
20120125,34041.56598
20120124,22798.06352
20120123,31148.806139999997
20120120,28282.629760000003
20120119,27761.544799999996
20120118,44131.43148
20120117,42937.426
20120113,49242.65046999999
20120112,30160.85202
20120111,29224.58211
20120110,56311.311
20120109,38106.585
20120106,32334.050319999995
20120105,40615.42429
20120104,22634.24994
20120103,55837.2074
20111230,24395.41598
20111229,29586.855199999998
20111228,24847.56378
20111227,18246.18143
20111223,20412.52382
20111222,34704.70636
20111221,76124.45675
20111220,46280.47616
20111219,57375.553239999994
20111216,45777.2436
20111215,72198.42809999999
20111214,56078.49204
20111213,33229.4459
20111212,30651.733379999998
20111209,34500.5667
20111208,34106.583
20111207,27895.10112
20111206,45602.59311
20111205,36367.5983
20111202,41815.0257
20111201,52124.05189999999
20111130,78664.41547
20111129,37279.654720000006
20111128,46083.6728
20111125,20839.923300000002
20111123,37376.4514
20111122,35207.955760000004
20111121,45032.444
20111118,34902.7644
20111117,56388.62396999999
20111116,46248.16014
20111115,43465.26185
20111114,37826.15831
20111111,32861.468069999995
20111110,40121.49568
20111109,56378.5025
20111108,45059.1682
20111107,54896.64752
20111104,51695.6524
20111103,73009.32972
20111102,73541.3417
20111101,77442.21906999999
20111031,48877.60224
20111028,98708.55904000001
20111027,87355.026
20111026,63209.7197
20111025,64808.294879999994
20111024,50344.2642
20111021,52145.16299999999
20111020,56522.117119999995
20111019,65840.96310000001
20111018,67275.82548
20111017,57248.253809999995
20111014,49269.91576
20111013,75735.64600000001
20111012,99809.9006
20111011,53968.98385999999
20111010,68859.55527000001
20111007,144336.5306
20111006,75186.397
20111005,78435.67624
20111004,97537.25267
20111003,95177.05184
20110930,81147.88869
20110929,103743.97384999998
20110928,99768.58206
20110927,136090.14689
20110926,85730.016
20110923,89399.81169000002
20110922,137968.4016
20110921,76647.95
20110920,80067.6162
20110919,62189.42886
20110916,57798.56799
20110915,77118.46010000001
20110914,100334.31019999999
20110913,59935.064
20110912,73292.39057
20110909,85408.32220000001
20110908,94453.84416000001
20110907,83892.67959999999
20110906,91937.88923
20110902,86346.70203999999
20110901,75935.50037
20110831,102350.08049
20110830,56415.968700000005
20110829,69076.12916000001
20110826,70004.82740000001
20110825,90271.8674
20110824,86120.06144
20110823,121443.54074
20110822,150160.22603999998
20110819,112266.85044000001
20110818,119011.3406
20110817,65486.96436
20110816,66382.37932000001
20110815,62951.52686
20110812,68020.07632
20110811,157393.488
20110810,143514.88336
20110809,185140.23
20110808,201445.55172000002
20110805,138669.30000000002
20110804,187721.23569
20110803,126827.49055999999
20110802,138882.9241
20110801,106966.608
20110729,82234.84763999999
20110728,71365.37427999999
20110727,95130.11970000001
20110726,108545.68823999999
20110725,59003.83800000001
20110722,94358.89592
20110721,101771.52197
20110720,126221.82768
20110719,58431.60107999999
20110718,68509.21792
20110715,42390.875159999996
20110714,46209.7181
20110713,61802.001
20110712,67068.59509999999
20110711,81580.37978999999
20110708,69761.30788
20110707,99099.39760000001
20110706,58971.063689999995
20110705,43311.777319999994
20110701,50860.33722
20110630,52533.09796
20110629,47755.67471
20110628,37588.67532
20110627,76498.9075
20110624,149846.32758
20110623,201593.8288
20110622,33174.293750000004
20110621,60434.67849
20110620,46619.57748
20110617,70998.31034999999
20110616,69060.03797
20110615,93922.71800000001
20110614,73666.45692
20110613,51252.13758
20110610,52026.447380000005
20110609,62463.2745
20110608,46910.4537
20110607,40618.784999999996
20110606,39026.14925
20110603,69010.86151
20110602,70850.32484
20110601,62934.078199999996
20110531,66197.47139
20110527,37403.24435
20110526,41422.7534
20110525,68437.0495
20110524,75092.29248
20110523,83618.29554
20110520,48736.95354
20110519,64239.0852
20110518,74678.03925
20110517,73837.66682
20110516,54360.218250000005
20110513,65257.97684
20110512,73589.04234
20110511,96807.63884999999
20110510,72491.3073
20110509,55577.948650000006
20110506,78954.39439999999
20110505,75044.40168
20110504,80797.66416
20110503,53389.62909
20110502,42143.725
20110429,31252.753290000004
20110428,61085.62548
20110427,55561.33286
20110426,61849.79184
20110425,33479.265029999995
20110421,44287.284439999996
20110420,82990.23788000002
20110419,58586.29416
20110418,80854.28015
20110415,53245.22576000001
20110414,53704.414800000006
20110413,59451.97439999999
20110412,81945.56694
20110411,56207.437920000004
20110408,56912.17175
20110407,39610.34463
20110406,35993.666399999995
20110405,41650.6296
20110404,61869.25455
20110401,63727.23253
20110331,49960.036250000005
20110330,70128.0168
20110329,57091.27375
20110328,76620.9636
20110325,50965.73186
20110324,59031.09278
20110323,65674.38528
20110322,55776.50078
20110321,90520.84224
20110318,128965.23742000002
20110317,129222.25085
20110316,224829.65127999996
20110315,110911.90995
20110314,60861.515550000004
20110311,62572.375349999995
20110310,106950.58105
20110309,53397.30072
20110308,93796.3182
20110307,58425.0968
20110304,63482.397880000004
20110303,73264.849
20110302,79559.80598
20110301,70367.71125000001
20110228,66879.39226000001
20110225,79717.76582
20110224,75996.69817
20110223,82958.32908
20110222,171123.06079999998
20110218,71848.06958
20110217,76034.62434000001
20110216,56439.54123
20110215,57424.068759999995
20110214,75820.13607000001
20110211,123004.01451999998
20110210,80852.26247
20110209,154104.85334
20110208,79676.81328
20110207,57276.92024
20110204,37646.512819999996
20110203,30378.173450000002
20110202,46133.76336
20110201,50977.69872000001
20110131,67552.31574
20110128,92951.98164
20110127,45658.087199999994
20110126,59483.753099999994
20110125,95211.50382
20110124,62322.955740000005
20110121,51399.06343
20110120,60452.89728999999
20110119,67347.24432
20110118,72455.86415
20110114,34476.023519999995
20110113,53563.13325
20110112,89728.42216
20110111,136978.05000000002
20110110,74518.0346
20110107,98799.25899999999
20110106,63473.673899999994
20110105,44954.67302
20110104,59890.48244000001
20110103,52530.712649999994
20101231,25122.060179999997
20101230,31326.763
20101229,25800.831149999998
20101228,45022.50918
20101227,37585.189060000004
20101223,25917.27764
20101222,30916.06812
20101221,76003.27735
20101220,35979.39248
20101217,70573.0212
20101216,45941.98512
20101215,98005.62707999999
20101214,59287.64334
20101213,94233.032
20101210,57877.96587
20101209,65790.9252
20101208,81343.98792
20101207,70172.38956
20101206,42093.4955
20101203,45763.2504
20101202,60345.13755
20101201,64051.31106000001
20101130,62345.849650000004
20101129,78986.51775
20101126,33613.46247
20101124,63344.59099999999
20101123,67067.77198
20101122,59366.64341999999
20101119,42698.63078000001
20101118,62676.34175
20101117,64481.08788000001
20101116,102771.01846
20101115,39936.9987
20101112,60373.53367999999
20101111,67890.61817999999
20101110,63198.785359999994
20101109,89511.45885
20101108,51819.017250000004
20101105,56530.032
20101104,136365.79638
20101103,97507.9588
20101102,60856.0979
20101101,75890.07041999999
20101029,91364.62719999999
20101028,90727.01646
20101027,96882.47645999999
20101026,67529.76204
20101025,50568.73745
20101022,55932.96916000001
20101021,78484.34425000001
20101020,43644.6437
20101019,84951.39235
20101018,56079.73891000001
20101015,54769.75197
20101014,62411.288940000006
20101013,87241.79088
20101012,36994.293300000005
20101011,37399.79224
20101008,61836.383700000006
20101007,73161.12245
20101006,91310.6007
20101005,205382.8812
20101004,70790.42925
20101001,50402.61528
20100930,56146.51769000001
20100929,56607.6995
20100928,135580.7098
20100927,63137.76411999999
20100924,112850.83271
20100923,83576.86192000001
20100922,68599.20088
20100921,90041.28386
20100920,113574.348
20100917,87897.62409
20100916,90029.31245
20100915,109602.05660000001
20100914,149718.23614000002
20100913,230047.89219
20100910,331375.47909
20100909,113357.58728000002
20100908,295978.6443
20100907,252737.5005
20100903,80824.57461
20100902,69166.4448
20100901,95379.61881
20100831,118751.45211999999
20100830,77096.18772
20100827,109448.24982
20100826,72785.2974
20100825,64565.533760000006
20100824,101416.5235
20100823,59852.04632
20100820,70653.45895999999
20100819,125150.93022999998
20100818,54731.4592
20100817,85058.86080000001
20100816,120384.94623999999
20100813,65953.81177
20100812,131045.56181000001
20100811,112755.72222000001
20100810,54330.03516000001
20100809,67595.3586
20100806,76647.9532
20100805,46319.252980000005
20100804,108204.59520000001
20100803,58806.79025
20100802,76352.58848
20100730,75089.17674
20100729,43610.18247
20100728,32957.74413
20100727,54483.88050000001
20100726,66737.05164
20100723,75332.41524
20100722,92586.90045
20100721,70261.63326
20100720,63448.43260000001
20100719,62758.485570000004
20100716,91214.32733
20100715,87843.35088
20100714,53908.7684
20100713,52628.99338
20100712,49844.42705
20100709,43171.95564
20100708,45488.30913
20100707,66939.1394
20100706,69989.80443
20100702,51912.076859999994
20100701,79102.71875999999
20100630,68010.09804
20100629,99870.53635000001
20100628,35416.00260000001
20100625,44783.56476
20100624,52675.399950000006
20100623,95841.66402
20100622,86292.85154
20100621,80571.13900000001
20100618,71637.65656
20100617,62515.29152
20100616,65842.30320000001
20100615,72089.25856
20100614,64835.94696
20100611,44290.25628
20100610,84444.02304
20100609,118124.86730000001
20100608,90045.62504000001
20100607,80889.80150999999
20100604,68887.60494
20100603,93854.20055
20100602,56015.117009999994
20100601,70906.58114
20100528,64280.05873
20100527,84920.55789
20100526,104843.79451
20100525,114880.6404
20100524,104892.53272
20100521,239740.09709999998
20100520,101022.09543999999
20100519,76642.22005999999
20100518,81993.22181
20100517,78072.935
20100514,108379.14336
20100513,43490.14842
20100512,115850.40543
20100511,75170.73664
20100510,123036.55408
20100507,133814.82197999998
20100506,146757.04650000003
20100505,89153.73184000001
20100504,111621.33255
20100503,63458.18862
20100430,192732.79739999998
20100429,210724.50942000002
20100428,80443.59305
20100427,90318.52248
20100426,41481.26796
20100423,46672.60851
20100422,58411.859249999994
20100421,69149.1732
20100420,95355.13867
20100419,74560.04244
20100416,118486.68
20100415,71884.24917
20100414,90668.5923
20100413,56272.767960000005
20100412,60749.8047
20100409,92587.19602
20100408,134637.949
20100407,66544.42345
20100406,95909.89325000001
20100405,83178.61753999999
20100401,88480.35756
20100331,66339.05004
20100330,71807.43613
20100329,47112.23216000001
20100326,72285.5478
20100325,77168.71134000001
20100324,70689.23633999999
20100323,59880.534
20100322,41635.22286
20100319,69722.17344
20100318,109353.0377
20100317,107924.77007999999
20100316,48499.61256
20100315,64974.61065
20100312,58055.45823
20100311,80542.80381000001
20100310,82530.0412
20100309,84682.4579
20100308,149972.43818
20100305,117648.4116
20100304,92416.24604999999
20100303,166214.62722
20100302,114513.30072
20100301,67864.07639999999
20100226,68866.17258
20100225,75819.6483
20100224,80907.96365
20100223,75251.77135
20100222,60490.71069
20100219,74191.29375
20100218,57149.731799999994
20100217,55477.678400000004
20100216,68784.16272
20100212,59066.004
20100211,79652.27226
20100210,66963.6334
20100209,79381.48075
20100208,88479.4856
20100205,108158.68496
20100204,91044.95708
20100203,52563.96828
20100202,85710.90689999999
20100201,89926.49556000001
20100129,110000.89215
20100128,94430.66449
20100127,93686.40351
20100126,73978.66784000001
20100125,94458.37649
20100122,102187.09888
20100121,143652.61248
20100120,121370.74244999999
20100119,89639.79453
20100115,122058.20000000001
20100114,185051.04757999998
20100113,165488.8091
20100112,148898.11417000002
20100111,113296.13056
20100108,67458.70697
20100107,63555.88864
20100106,77766.23932
20100105,80082.09065999999
20100104,94721.06730000001
20091231,83988.71276
20091230,97212.06288
20091229,54598.719359999996
20091228,45309.57912
20091224,45207.75752
20091223,88204.88165
20091222,80347.67928000001
20091221,59622.8249
20091218,64693.8321
20091217,99880.85569999999
20091216,54983.84012000001
20091215,62633.681079999995
20091214,67196.708
20091211,100698.9084
20091210,104980.7424
20091209,71791.25465999999
20091208,87000.13077
20091207,72108.85926
20091204,73524.91104
20091203,68769.95820000001
20091202,50621.09312
20091201,95640.98949
20091130,183597.28919999997
20091127,58543.33632
20091125,58895.9964
20091124,98425.48401
20091123,79092.9279
20091120,55752.14583
20091119,115500.80225
20091118,95981.27154
20091117,72044.89032
20091116,66012.2333
20091113,73139.32800000001
20091112,74198.54190000001
20091111,83720.26740000001
20091110,70910.9982
20091109,122287.73656
20091106,89298.1529
20091105,83451.99784
20091104,74544.03
20091103,66840.69891
20091102,115758.02257
20091030,145940.82744999998
20091029,144549.71201
20091028,189257.1177
20091027,72909.23408
20091026,95746.86295
20091023,100428.28335
20091022,79485.77409
20091021,105304.53696
20091020,113723.51520000001
20091019,92014.30359
20091016,124269.63304
20091015,90731.18208
20091014,131988.75887999998
20091013,76759.11405
20091012,65850.50534999999
20091009,58791.365079999996
20091008,91024.35656
20091007,124701.68358
20091006,110080.00799999999
20091005,97152.10399999999
20091002,100197.35849999999
20091001,126291.18645000001
20090930,117554.21412
20090929,134868.34002
20090928,132172.00303999998
20090925,85780.3683
20090924,127878.63341999998
20090923,134675.20528
20090922,154935.93791
20090921,109035.76920000001
20090918,149480.57964
20090917,104727.11565
20090916,110058.29771999999
20090915,97134.77438999999
20090914,79745.96648
20090911,139775.09175
20090910,121426.20284000001
20090909,89778.88766000001
20090908,105515.06309
20090904,135880.60554
20090903,86137.73544
20090902,132402.026
20090901,139805.67351
20090831,117690.28654
20090828,75591.15312
20090827,123458.4081
20090826,106567.92972
20090825,90420.3264
20090824,130498.81487999999
20090821,185652.01473
20090820,121517.80296
20090819,70180.21536
20090818,67824.16438999999
20090817,151288.41932999998
20090814,145124.45226
20090813,114650.62718000001
20090812,95787.62396
20090811,124938.00920000001
20090810,139687.50405999998
20090807,203276.4748
20090806,262536.47802
20090805,123718.71519
20090804,99631.2798
20090803,122604.91041
20090731,77141.07918
20090730,96123.26294999999
20090729,84784.11323999999
20090728,114801.73100000001
20090727,124282.25674
20090724,85326.6565
20090723,108049.12677
20090722,74845.51741999999
20090721,111432.62939999999
20090720,88602.43805999999
20090717,112438.20502000001
20090716,113833.31844
20090715,110896.23328
20090714,90045.63576
20090713,126432.7437
20090710,69124.5772
20090709,72596.63565000001
20090708,99992.09912999999
20090707,106628.5116
20090706,127416.90419999999
20090702,111960.26124
20090701,101543.37426000001
20090630,66984.45392
20090629,62463.3975
20090626,75470.83686000001
20090625,80096.21995
20090624,88863.21255
20090623,87143.65688
20090622,88297.41480000001
20090619,97851.74737
20090618,60113.025570000005
20090617,75882.65580000001
20090616,97809.93432
20090615,97792.18108
20090612,85544.05103999999
20090611,112085.4448
20090610,116603.55501
20090609,69167.35575
20090608,66577.08526
20090605,81120.01224
20090604,74798.71336000001
20090603,93941.3475
20090602,120897.09216
20090601,167394.74726
20090529,71681.2544
20090528,127337.32858
20090527,130719.78504
20090526,76819.1984
20090522,75774.44402
20090521,128116.76993000001
20090520,128796.65253
20090519,85749.89808
20090518,105095.65494
20090515,99750.7602
20090514,97814.88612
20090513,116368.21424999999
20090512,151248.64320000002
20090511,107320.36431
20090508,146194.04815000002
20090507,124199.36496
20090506,167702.32305
20090505,137196.06255
20090504,201268.8621
20090501,69249.75386000001
20090430,140816.06032
20090429,140757.92629
20090428,82918.22877
20090427,106737.91245
20090424,70401.77568
20090423,70089.50115000001
20090422,99323.59824
20090421,85127.41952
20090420,107492.82888
20090417,71781.168
20090416,100617.4716
20090415,142644.256
20090414,67022.4048
20090413,72830.09361
20090409,61361.40462
20090408,61806.424680000004
20090407,51357.903959999996
20090406,86630.52309
20090403,52500.95773
20090402,110993.29037999999
20090401,73699.73048
20090331,62839.74656000001
20090330,93614.03006
20090327,101707.66152
20090326,152601.36140000002
20090325,118698.32565000001
20090324,93362.90014
20090323,140902.79527
20090320,133200.95125
20090319,147422.34201
20090318,106682.52223999999
20090317,110048.37592000002
20090316,89909.35161
20090313,98267.92640000001
20090312,105576.74464
20090311,77957.84706
20090310,114792.81858
20090309,98976.73775
20090306,105801.70713
20090305,145073.44505
20090304,126751.56552000002
20090303,99660.80556
20090302,116259.34235999998
20090227,80451.66105000001
20090226,173955.39231999998
20090225,90781.33437
20090224,122163.11367
20090223,130982.42586
20090220,100459.95898
20090219,75363.98316
20090218,76232.75735999999
20090217,110408.8435
20090213,56382.43488
20090212,95226.21213
20090211,84847.18452
20090210,109871.09554000001
20090209,52867.30456
20090206,174487.51320000002
20090205,115127.46235999999
20090204,85325.59036
20090203,92330.79856
20090202,55194.86016
20090130,86661.14736
20090129,108749.75252000001
20090128,89590.7194
20090127,59474.29842
20090126,76040.67168
20090123,97534.72196
20090122,98005.42112
20090121,117423.37231
20090120,103072.22816000001
20090116,96644.56906000001
20090115,117371.84232000001
20090114,99136.8415
20090113,114822.23843999999
20090112,77487.62676
20090109,102677.07948
20090108,114816.36445000001
20090107,135575.3303
20090106,92131.2111
20090105,118795.20763
20090102,98839.71999
20081231,53019.1593
20081230,73111.3
20081229,42994.522079999995
20081226,19308.241199999997
20081224,20779.3082
20081223,103953.97411
20081222,132807.7933
20081219,81848.17715999999
20081218,132350.85194
20081217,151847.79304
20081216,213083.87474
20081215,96161.1728
20081212,139832.92304999998
20081211,121685.28191
20081210,196039.53600000002
20081209,194441.4504
20081208,287015.95636999997
20081205,196089.64512
20081204,123596.81400000001
20081203,182105.23320000002
20081202,192902.42244
20081201,177012.04952
20081128,61418.98284
20081126,187537.86792
20081125,221441.25475999998
20081124,214345.59795
20081121,205448.93
20081120,157545.56173000002
20081119,129993.13144
20081118,106153.79372999999
20081117,111756.21658000001
20081114,229762.75506
20081113,207826.42638
20081112,143104.20855
20081111,158178.9198
20081110,159362.50432
20081107,159017.63178
20081106,127034.41931999999
20081105,135304.38436999999
20081104,152203.98438
20081103,102761.711
20081031,144544.29759
20081030,159768.92856
20081029,169181.40697999997
20081028,295468.971
20081027,173325.74805
20081024,177725.2525
20081023,182011.92051999999
20081022,160809.31321000002
20081021,143223.19752000002
20081020,147365.58753000002
20081017,169901.95383
20081016,274614.20946
20081015,228863.52516000002
20081014,206302.43920000002
20081013,366370.44169
20081010,226109.04446
20081009,155222.56358
20081008,197793.86463000003
20081007,143140.892
20081006,195207.47205000004
20081003,96035.31598
20081002,121275.96904000001
20081001,89719.61839999999
20080930,134343.30592
20080929,297629.98944
20080926,159989.19766
20080925,176613.71772
20080924,156698.87156
20080923,98359.24962
20080922,147200.2144
20080919,339938.98754
20080918,380923.56416
20080917,195922.54890999998
20080916,210291.53907999996
20080915,184283.1705
20080912,180699.8697
20080911,206065.71888
20080910,225037.77068999998
20080909,240958.42237
20080908,205774.90024
20080905,145732.99202
20080904,263248.77834
20080903,211636.11546
20080902,168177.77334
20080829,150198.36024
20080828,356695.51176
20080827,246006.23101
20080826,76841.58677000001
20080825,124571.8775
20080822,101976.57975
20080821,133300.70796
20080820,180391.28712
20080819,153056.41902
20080818,156097.32450000002
20080815,119511.32716
20080814,135501.91194
20080813,185759.9391
20080812,394941.46806
20080811,152695.26144
20080808,248110.89955
20080807,268333.33019
20080806,86757.79392
20080805,186878.79288
20080804,116733.38677000001
20080801,128661.04866000001
20080731,140547.77975
20080730,140867.13342
20080729,121818.2504
20080728,141349.03266
20080725,90223.08899999999
20080724,133976.29847999997
20080723,149606.56638000003
20080722,149887.728
20080721,146624.92487999998
20080718,156472.79788
20080717,222356.36029999997
20080716,172327.05548
20080715,160061.57286
20080714,128858.25302000002
20080711,194930.66259
20080710,165599.59030000004
20080709,169959.12913
20080708,192970.78346
20080707,157483.20210000002
20080703,126821.64924
20080702,136597.61437
20080701,176851.18912
20080630,109569.49965
20080627,163914.19178
20080626,255495.61804000003
20080625,227935.57426
20080624,153765.31688000003
20080623,127245.74351999999
20080620,131246.05404000002
20080619,171767.1592
20080618,216120.00929999998
20080617,149943.34698
20080616,122921.45711999999
20080613,140234.41642
20080612,215747.67500000002
20080611,402312.7449
20080610,416815.24755000003
20080609,164638.04160000003
20080606,255574.29127
20080605,146264.13976999998
20080604,182999.70143
20080603,190393.17805999998
20080602,165041.78136
20080530,144684.33282
20080529,188708.10106000002
20080528,215727.31964000003
20080527,469759.50074999995
20080523,329426.98562
20080522,140266.78719
20080521,197343.055
20080520,353059.74496000004
20080519,113260.42758
20080516,116574.85438
20080515,167868.54677000002
20080514,100833.6758
20080513,124251.1157
20080512,124746.87825
20080509,135722.088
20080508,164314.43064
20080507,341982.33934
20080506,162934.5187
20080505,177630.55282
20080502,167422.98768
20080501,216230.34754
20080430,169920.40207999997
20080429,204478.70041999998
20080428,105930.84165999999
20080425,229050.7024
20080424,349728.273
20080423,367784.02791
20080422,286536.82538
20080421,354542.45817999996
20080418,621666.7943599999
20080417,253270.95480000004
20080416,295752.8343
20080415,118058.09553
20080414,159653.94776
20080411,214530.0256
20080410,276959.46713999996
20080409,227459.91904999997
20080408,229091.46644999998
20080407,273265.74324000004
20080404,437086.8512
20080403,290477.6559
20080402,322113.88817999995
20080401,321983.11470000003
20080331,156930.37126
20080328,139964.4136
20080327,236949.62184000004
20080326,142238.36130000002
20080325,219295.02719999998
20080324,253022.59968
20080320,175625.87647
20080319,244687.27997999996
20080318,306539.28208
20080317,261364.97419999997
20080314,297889.51252000005
20080313,276715.12544000003
20080312,200883.90884
20080311,313331.15988000005
20080310,226981.9952
20080307,230668.81263
20080306,175303.54576
20080305,136522.91655
20080304,259253.40695
20080303,169712.46143999998
20080229,215699.10908000002
20080228,175586.93099999998
20080227,325713.59418
20080226,203967.4368
20080225,161564.61552000002
20080222,192036.2092
20080221,164698.68667999998
20080220,192324.68144000001
20080219,170824.39779
20080215,208225.86912000002
20080214,181533.35713999998
20080213,216277.84682
20080212,219831.84
20080211,151474.78775999998
20080208,147004.2976
20080207,157196.74365999998
20080206,176136.30762
20080205,213521.33320000002
20080204,186433.0482
20080201,175017.78266
20080131,230062.31552
20080130,259301.0112
20080129,140904.59278999997
20080128,179748.88481
20080125,353166.57089999993
20080124,320649.43635
20080123,584373.25986
20080122,437223.60773
20080118,389477.01567
20080117,344423.18496
20080116,448884.83780000004
20080115,411669.0847
20080114,229921.51035
20080111,253391.62874999997
20080110,353499.14519999997
20080109,335997.58852
20080108,219530.54259
20080107,226890.92108000003
20080104,193010.06087999998
20080103,114974.30112
20080102,199537.40325
20071231,77915.78788
20071228,151025.24375
20071227,146047.92852
20071226,102792.81784999999
20071224,76252.84700000001
20071221,149019.31083
20071220,118566.35512000001
20071219,162580.09284
20071218,207706.05829999998
20071217,233965.69824
20071214,158399.51735
20071213,270355.38567
20071212,356089.18038
20071211,304365.2502
20071210,169596.48155000003
20071207,288650.4261
20071206,240660.53496
20071205,352436.0483
20071204,185155.37335
20071203,209937.25151
20071130,244655.57224
20071129,215081.39760000003
20071128,378877.39119
20071127,281661.0929
20071126,214228.63419999997
20071123,94222.15125000001
20071121,260122.27059
20071120,362472.80590000004
20071119,271869.9892
20071116,319477.79389
20071115,271266.44713000004
20071114,399862.54584
20071113,457925.751
20071112,429656.4566
20071109,359933.96403
20071108,635485.7404
20071107,397431.45119999995
20071106,537794.54298
20071105,715080.2488000001
20071102,268749.0495
20071101,356021.33522999997
20071031,305617.536
20071030,213906.61700000003
20071029,211931.991
20071026,231135.24200000003
20071025,269767.208
20071024,315473.3
20071023,387500.85000000003
20071022,446344.26
20071019,467971.455
20071018,383398.0984
20071017,829409.02506
20071016,413630.99999999994
20071015,397010.96400000004
20071012,190717.14270000003
20071011,353554.02999999997
20071010,179434.719
20071009,185224.68856
20071008,243961.884
20071005,396481.9823999999
20071004,298194.93
20071003,395635.04484
20071002,313229.2
20071001,228906.27
20070928,286754.412
20070927,362756.7364
20070926,168428.69999999998
20070925,172255.00199999998
20070924,192207.92283
20070921,110308.75
20070920,80070.8475
20070919,192610.139
20070918,180065.508
20070917,125176.604
20070914,175925.17998
20070913,138828.67020000002
20070912,143477.12000000002
20070911,165573.239
20070910,135936.58000000002
20070907,199047.0384
20070906,118272.44
20070905,121733.27999999998
20070904,150400.93549
20070831,272956.435
20070830,174674.432
20070829,270306.36
20070828,287624.762
20070827,379969.27435
20070824,230048.08000000002
20070823,239559.48
20070822,205822.782
20070821,94687.5258
20070820,216979.7067
20070817,248263.99191
20070816,293284.12575
20070815,91389.72726
20070814,73691.785
20070813,73488.677
20070810,136270.827
20070809,124581.57400000001
20070808,107882.544
20070807,114081.90299999999
20070806,152119.15421
20070803,118391.3125
20070802,111857.08144
20070801,206001.80964
20070731,102666.06141000001
20070730,98418.304
20070727,135923.0816
20070726,202163.38999999998
20070725,136632.9216
20070724,113328.7403
20070723,89847.07858999999
20070720,93309.18101000001
20070719,85524.07584
20070718,74129.583
20070717,45358.995
20070716,67291.456
20070713,72282.60399999999
20070712,106419.26178
20070711,123340.1
20070710,106034.76517999999
20070709,76391.37000000001
20070706,86584.42199999999
20070705,64842.8048
20070703,71029.75
20070702,118820.93829000002
20070629,51733.219999999994
20070628,73880.67599999999
20070627,91755.664
20070626,108838.899
20070625,110987.70929999999
20070622,116503.67800000001
20070621,184768.8
20070620,156964.0735
20070619,86321.75200000001
20070618,114914.92319999999
20070615,102502.09274000001
20070614,99097.968
20070613,80541.615
20070612,65544.3052
20070611,74250.64129999999
20070608,83576.88625
20070607,90020.11561000001
20070606,52256.520000000004
20070605,54219.916189999996
20070604,42470.808
20070601,65360.503
20070531,72026.24682
20070530,111952.30200000001
20070529,83999.79222
20070525,39680.735570000004
20070524,121899.02042999999
20070523,65898.20509999999
20070522,76849.785
20070521,90394.8682
20070518,101167.944
20070517,104475.88368000001
20070516,82732.79999999999
20070515,60407.086
20070514,101550.5268
20070511,328490.7625
20070510,87211.9122
20070509,65607.0236
20070508,45910.698599999996
20070507,33460.952
20070504,45999.8805
20070503,42350.323599999996
20070502,54511.9844
20070501,65421.53878
20070430,59272.273689999995
20070427,42933.573879999996
20070426,70420.08615
20070425,94264.2792
20070424,75622.6945
20070423,102592.16109
20070420,123122.16
20070419,78063.128
20070418,54461.925
20070417,107592.31232
20070416,114805.41576
20070413,46072.782
20070412,61619.068
20070411,51097.72688
20070410,30480.141999999996
20070409,43591.897
20070405,46184.325
20070404,35547.219999999994
20070403,73657.77696999999
20070402,39622.9299
20070330,142210.38
20070329,60371.04400000001
20070328,63243.93258
20070327,71752.96800000001
20070326,50880.645000000004
20070323,51225.273
20070322,88690.39017
20070321,305847.1383
20070320,70808.31999999999
20070319,113859.522
20070316,84477.957
20070315,114318.91635
20070314,172657.10574
20070313,132386.75600000002
20070312,96180.29
20070309,94121.322
20070308,106251.20000000001
20070307,100250.53499999999
20070306,122997.88000000002
20070305,170836.094
20070302,111559.5
20070301,161680.00926
20070228,205086.051
20070227,379665.6
20070226,71453.43744000001
20070223,100703.40699999999
20070222,152150.373
20070221,165044.568
20070220,121682.028
20070216,62340.615000000005
20070215,86433.828
20070214,125014.47456
20070213,90026.6304
20070212,46809.918000000005
20070209,71129.88
20070208,76842.78
20070207,82996.9
20070206,103094.55600000001
20070205,66918.735
20070202,58567.52
20070201,113602.73399999998
20070131,139756.045
20070130,130993.14
20070129,101282.37
20070126,130500.48
20070125,185521.044
20070124,121463.76499999998
20070123,177839.703
20070122,137320.05000000002
20070119,70600.257
20070118,65402.348
20070117,57727.412000000004
20070116,73216.42
20070112,43660.740000000005
20070111,70274.14199999999
20070110,83374.52
20070109,107391.285
20070108,54005.78
20070105,88049.61200000001
20070104,142602.528
20070103,163257.162
20061229,54314.574
20061228,67463.232
20061227,74805.83499999999
20061226,114736.34
20061222,39210.99
20061221,29659.392
20061220,44567.406
20061219,56688.621
20061218,52790.455
20061215,41193.448000000004
20061214,39279.874
20061213,57041.95
20061212,30771.746
20061211,53770.855
20061208,66217.991
20061207,44858.08
20061206,53674.68
20061205,53781.838
20061204,57200.49999999999
20061201,64409.94
20061130,37186.64000000001
20061129,68047.84999999999
20061128,73219.239
20061127,35365.38
20061124,16487.46
20061122,35024.823
20061121,39334.064
20061120,50687.398
20061117,35173.6
20061116,40859.036
20061115,74912.67
20061114,56173.044
20061113,35823.69
20061110,47574.687000000005
20061109,49548.458999999995
20061108,117772.81999999999
20061107,117311.808
20061106,97217.00800000002
20061103,72624.44200000001
20061102,53745.993
20061101,44556.46
20061031,42986.198
20061030,23807.897999999997
20061027,41169.12
20061026,40504.047
20061025,21869.072
20061024,37294.726
20061023,21224.262
20061020,15279.800000000001
20061019,22543.440000000002
20061018,24416.173000000003
20061017,33840.954
20061016,20287.2
20061013,19641.138
20061012,29531.25
20061011,23374.23
20061010,24300.546000000002
20061009,28438.290000000005
20061006,35992.136000000006
20061005,25874.1
20061004,38709.939999999995
20061003,36679.997
20061002,18818.591999999997
20060929,20322.715
20060928,28124.415
20060927,18636.675000000003
20060926,46247.05799999999
20060925,22003.75
20060922,17739.48
20060921,21580.822
20060920,31334.335000000003
20060919,16786.322
20060918,13954.688
20060915,11800.912
20060914,12964.812000000002
20060913,21250.531
20060912,17996.916
20060911,14195.055
20060908,11734.127999999999
20060907,21101.221
20060906,22709.882999999998
20060905,12960.624
20060901,18941.121
20060831,22377.658
20060830,26949.069
20060829,20422.489999999998
20060828,12134.13
20060825,12899.056
20060824,12997.080000000002
20060823,13138.15
20060822,23668.619000000002
20060821,35687.744
20060818,27301.048000000003
20060817,25393.025
20060816,22266.711
20060815,12703.199999999999
20060814,11530.512
20060811,10301.760000000002
20060810,19617.54
20060809,36194.64000000001
20060808,14711.232
20060807,7989.33
20060804,13969.06
20060803,13838.825
20060802,12927.486
20060801,17132.833
20060731,27202.462
20060728,28607.7
20060727,33867.0
20060726,14497.759999999998
20060725,13711.635
20060724,27098.351000000002
20060721,23466.52
20060720,12141.033
20060719,23963.966000000004
20060718,12281.865
20060717,15319.974999999999
20060714,21471.89
20060713,28146.744
20060712,12441.614
20060711,14188.44
20060710,13417.182
20060707,12428.643
20060706,12831.918
20060705,13029.643
20060703,7020.0
20060630,9200.976
20060629,23704.92
20060628,25146.399999999998
20060627,9175.383
20060626,6460.07
20060623,8472.6
20060622,10752.408000000001
20060621,23860.678
20060620,18360.837
20060619,15445.244999999999
20060616,14642.13
20060615,18687.64
20060614,31224.736
20060613,32477.692000000003
20060612,23739.36
20060609,18939.296
20060608,28043.484
20060607,13043.800000000001
20060606,18674.380999999998
20060605,14434.480000000001
20060602,22551.886000000002
20060601,21027.600000000002
20060531,18213.91
20060530,16573.847
20060526,19890.464000000004
20060525,25050.449999999997
20060524,33041.920000000006
20060523,24811.872000000003
20060522,38791.494
20060519,11885.502
20060518,15141.36
20060517,26481.55
20060516,21651.608
20060515,23264.936
20060512,19153.946
20060511,17955.805
20060510,22307.677000000003
20060509,23156.18
20060508,29256.686999999998
20060505,20925.852
20060504,11692.935
20060503,12659.351999999999
20060502,12999.354000000001
20060501,7499.402
20060428,24963.899999999998
20060427,21781.75
20060426,16644.214
20060425,19473.776
20060424,20455.344
20060421,21900.102000000003
20060420,38674.13
20060419,25183.778
20060418,20998.299000000003
20060417,22703.976000000002
20060413,9382.28
20060412,19209.861
20060411,31777.44
20060410,33096.71
