20160408,443441.05058000004
20160407,416856.05873999995
20160406,370240.60088000004
20160405,396659.44032
20160404,471494.0378
20160401,455946.13644000003
20160331,430356.02463
20160330,495940.8784
20160329,441517.82938
20160328,381369.1388
20160324,428639.496
20160323,412177.29445999995
20160322,510009.52222000004
20160321,639594.09759
20160318,1551000.5225
20160317,798129.105
20160316,558702.4537899999
20160315,515161.79055000003
20160314,452146.92720000003
20160311,556897.0662
20160310,689169.5055
20160309,528394.49517
20160308,684921.2580000001
20160307,870660.7362
20160304,668489.1696
20160303,783460.7086
20160302,606705.9331799999
20160301,693040.2278
20160229,619848.0553600001
20160226,730282.4604000001
20160225,651756.11256
20160224,690450.016
20160223,759998.6952000001
20160222,694482.2214
20160219,999244.0011999999
20160218,1788399.1328
20160217,820257.1806
20160216,747255.9160000001
20160212,641426.1561000001
20160211,730630.9811999999
20160210,638753.85999
20160209,963540.6625
20160208,1387733.4600000002
20160205,950392.32
20160204,852378.4872
20160203,816132.9429
20160202,908296.443
20160201,983116.5750000001
20160129,1090348.5516000001
20160128,723954.6288000001
20160127,653172.51
20160126,604041.344
20160125,812208.8565000001
20160122,575996.0334499999
20160121,747764.108
20160120,1056655.1268000002
20160119,815671.0432
20160115,939380.2506
20160114,815590.2936
20160113,849540.5424
20160112,775291.1336000001
20160111,812544.8344
20160108,1127415.0006
20160107,1718300.0457
20160106,1052283.1424999998
20160105,837894.3144
20160104,736310.4672
20151231,403013.23329999996
20151230,352546.34976
20151229,485655.79623000004
20151228,329315.6655
20151224,151048.25043000001
20151223,458895.67873
20151222,560271.60726
20151221,574353.13995
20151218,955388.5549999999
20151217,764483.4251999999
20151216,599644.6065
20151215,871590.2916
20151214,876160.4643000001
20151211,577976.0324799999
20151210,676547.996
20151209,531104.4774
20151208,618563.4324
20151207,701525.9349999999
20151204,622490.6501999999
20151203,935422.6751999999
20151202,792747.1845
20151201,719464.4562
20151130,874145.8688
20151127,319867.39935
20151125,471110.11272000003
20151124,746017.7816
20151123,637179.5984
20151120,734467.4802
20151119,701999.7490000001
20151118,904917.7368
20151117,1476773.9392
20151116,766971.9432
20151113,705637.6054000001
20151112,543114.8372000001
20151111,500288.55156
20151110,446478.39864
20151109,493457.96229
20151106,586420.4921800001
20151105,518966.75797
20151104,586943.0371999999
20151103,595712.9217
20151102,617300.9437
20151030,904331.3256000001
20151029,744336.81
20151028,681718.6552
20151027,603830.274
20151026,628476.7014
20151023,760104.906
20151022,858584.711
20151021,770228.7768000001
20151020,612167.3625
20151019,1047661.8240000001
20151016,1525166.7873
20151015,2742239.1263
20151014,4847532.9552
20151013,588204.59735
20151012,377717.44710000005
20151009,450081.34002
20151008,397527.56383999996
20151007,476652.53244
20151006,485373.36096
20151005,413100.34563
20151002,460170.75042000005
20151001,503641.50752999994
20150930,517323.86512000003
20150929,487275.94722
20150928,598006.5069599999
20150925,456858.6912
20150924,443959.9905
20150923,374279.30064
20150922,559628.4370700001
20150921,453608.08812
20150918,815325.7814
20150917,455200.04103
20150916,363827.16916
20150915,437863.48127999995
20150914,443887.78979999997
20150911,521008.20825
20150910,931219.8896000001
20150909,615850.38944
20150908,1171995.3229999999
20150904,587250.74899
20150903,551917.2193199999
20150902,612341.4221999999
20150901,854735.5162
20150831,529132.2779600001
20150828,928804.9994
20150827,910259.2688
20150826,901403.4513
20150825,923909.569
20150824,1422195.561
20150821,1043933.4174
20150820,674102.42454
20150819,1119693.9296999997
20150818,1474682.4288
20150817,539781.9880499999
20150814,424244.80251999997
20150813,547750.80495
20150812,645698.67976
20150811,490595.61587000004
20150810,429697.58824
20150807,555521.50125
20150806,463497.60400000005
20150805,638119.87422
20150804,422572.04299999995
20150803,369862.9515
20150731,570666.1495800001
20150730,331987.81087999995
20150729,356200.8004
20150728,619504.3973999999
20150727,441833.06336
20150724,419150.07545999996
20150723,307823.94762
20150722,509302.68156
20150721,467528.13037999993
20150720,371745.73709999997
20150717,414278.33032
20150716,385695.22917
20150715,336061.8567
20150714,404733.57502000005
20150713,446867.90832
20150710,407960.09776000003
20150709,632702.88636
20150708,569203.5193
20150707,913191.8345
20150706,762833.5497
20150702,473267.0856
20150701,774307.1735999999
20150630,787127.9425000001
20150629,584002.55414
20150626,497103.61548000004
20150625,379838.16288
20150624,531149.84538
20150623,570403.61079
20150622,472349.6686900001
20150619,1053724.0058
20150618,611293.6893800001
20150617,414841.37415
20150616,446553.46079999994
20150615,538030.2140200001
20150612,524637.7961100001
20150611,540592.54886
20150610,817901.1984
20150609,603641.54639
20150608,696478.82311
20150605,776826.5231999999
20150604,664979.0537500001
20150603,456244.48355
20150602,431386.72035
20150601,421888.58865000005
20150529,471680.22895
20150528,375978.27324000007
20150527,525339.22137
20150526,791069.0830000001
20150522,516977.85884
20150521,469354.99578
20150520,797999.697
20150519,1710115.8999
20150518,661462.99488
20150515,521997.14504
20150514,485683.97951999994
20150513,654777.66216
20150512,666380.7091199999
20150511,291671.63519999996
20150508,419858.76028
20150507,432151.75431
20150506,423930.3303000001
20150505,457476.69851
20150504,525353.91576
20150501,392977.75619999995
20150430,686072.1441
20150429,550888.93068
20150428,386706.05749999994
20150427,511230.7419600001
20150424,546567.23488
20150423,589063.41064
20150422,595649.8112400001
20150421,482749.60554
20150420,691251.1322400001
20150417,918235.5731999999
20150416,634861.21272
20150415,492670.71936
20150414,441661.68585000007
20150413,375611.71452000004
20150410,441986.5176
20150409,316962.48408
20150408,542239.30902
20150407,529958.1455
20150406,515353.3002799999
20150402,467889.36363
20150401,667735.54099
20150331,459588.40725
20150330,470031.4584
20150327,464614.82444999996
20150326,676738.63244
20150325,540239.0923599999
20150324,443201.4741
20150323,541691.20065
20150320,1022725.7627999999
20150319,586766.20488
20150318,843807.3525
20150317,396736.61328000005
20150316,539810.65242
20150313,388537.4493
20150312,427970.5794
20150311,497034.01992999995
20150310,517542.69391
20150309,387170.35616
20150306,473239.13079
20150305,500112.88163
20150304,511985.76008
20150303,538563.19692
20150302,508912.2053999999
20150227,493292.02846
20150226,492384.07899999997
20150225,568951.9141599999
20150224,439226.21936999995
20150223,567379.3752
20150220,1165838.652
20150219,1554386.544
20150218,519040.2177200001
20150217,435523.21679999994
20150213,478141.98681
20150212,594658.81377
20150211,503217.75318000006
20150210,496722.52294000005
20150209,463603.69308
20150206,490132.11461999995
20150205,437017.33144000004
20150204,771926.81065
20150203,711742.62627
20150202,589290.44829
20150130,870054.9830000001
20150129,568340.1607199999
20150128,511393.50185999996
20150127,526969.9885
20150126,413606.0758
20150123,668332.4602600001
20150122,624361.7062
20150121,708195.5332800001
20150120,663812.29059
20150116,729610.31735
20150115,821421.1075599999
20150114,1024589.3712
20150113,733715.76642
20150112,662789.89392
20150109,760859.3889
20150108,1149270.2651
20150107,749070.7377999999
20150106,704066.14341
20150105,596125.2847500001
20150102,385687.22040000005
20141231,354819.83276
20141230,283402.06983
20141229,311648.93184000003
20141226,282393.70806
20141224,215365.32327000002
20141223,479957.05071999994
20141222,388386.33413999993
20141219,1025599.7635999998
20141218,736475.03348
20141217,556048.80919
20141216,610512.84408
20141215,527862.64974
20141212,609729.65102
20141211,670990.5770599999
20141210,578646.5085
20141209,549962.75756
20141208,527294.9614
20141205,552657.29616
20141204,586362.81444
20141203,538303.003
20141202,583694.0352
20141201,782552.4643799999
20141128,684617.68758
20141126,335059.9938
20141125,566904.56545
20141124,676612.8418
20141121,562891.1795000001
20141120,660767.1251399999
20141119,1034804.244
20141118,508720.76262
20141117,666570.28187
20141114,882192.492
20141113,1889805.3173999998
20141112,536479.02
20141111,441534.34835000004
20141110,1001871.8592
20141107,748133.59269
20141106,358527.31568
20141105,440037.63300000003
20141104,533462.8392400001
20141103,524747.283
20141031,576655.65678
20141030,372480.7603
20141029,439984.70524000004
20141028,380114.88839999994
20141027,314585.07668999996
20141024,342148.25814
20141023,484654.75999999995
20141022,446567.60313
20141021,629039.95728
20141020,527636.38616
20141017,849355.689
20141016,1057940.9952
20141015,1582745.6800000002
20141014,612634.2740000001
20141013,635494.76284
20141010,786711.1572000001
20141009,550681.12274
20141008,632780.0832
20141007,544239.2302999999
20141006,417391.5063499999
20141003,446862.2028399999
20141002,374721.82902
20141001,494196.00736000005
20140930,429939.80451
20140929,374488.9644
20140926,281794.20833999995
20140925,373421.27504000004
20140924,646876.01744
20140923,506480.31
20140922,335835.96033000003
20140919,1022406.1460000001
20140918,359196.20128
20140917,322738.78679999994
20140916,311047.65504
20140915,281856.34911
20140912,428271.81597
20140911,376949.8589
20140910,509545.8120900001
20140909,430992.94349999994
20140908,454500.26703
20140905,607819.39069
20140904,399946.30104
20140903,353222.57454
20140902,341463.2745
20140829,380650.9925
20140828,221909.89260000002
20140827,240794.47189999997
20140826,317664.98688
20140825,256079.10078
20140822,311454.84673
20140821,395642.65760000004
20140820,367174.0193599999
20140819,377945.86751999997
20140818,297730.94325
20140815,511257.197
20140814,456475.19116
20140813,487082.38381
20140812,291208.40447999997
20140811,347453.71804
20140808,371097.80345999997
20140807,521275.25085
20140806,587486.1426
20140805,774564.2752
20140804,397269.03674000007
20140801,599303.34608
20140731,705428.0890800001
20140730,746093.8942999999
20140729,473641.89248
20140728,415927.72416
20140725,298441.99143
20140724,530014.065
20140723,306501.65541999997
20140722,335925.91888
20140721,264273.73893
20140718,376680.93541
20140717,353912.22921
20140716,286239.3219
20140715,357836.50336000003
20140714,366530.35635
20140711,346772.31697999995
20140710,411208.95908
20140709,480999.46076
20140708,608518.4479500001
20140707,380842.70538999996
20140703,217702.39424999998
20140702,329352.55006000004
20140701,497184.42632
20140630,499497.7632
20140627,1049887.0088
20140626,517183.43424
20140625,325207.06166
20140624,429407.88995
20140623,323422.53229
20140620,857495.2672000001
20140619,396001.03716
20140618,505348.6732
20140617,488649.98798
20140616,289823.03512
20140613,371502.88544000004
20140612,402750.69385000004
20140611,338135.32031999994
20140610,253676.9439
20140609,427223.83341
20140606,323427.05366999994
20140605,362059.17324
20140604,476839.9505699999
20140603,553353.95193
20140602,337009.94412
20140530,457898.5035
20140529,302659.56778000004
20140528,379549.65502999997
20140527,405976.05076
20140523,278642.88665
20140522,395319.75356999994
20140521,431185.81038000004
20140520,562883.29317
20140519,467824.55753000005
20140516,557835.87381
20140515,999378.5177999999
20140514,440340.3004199999
20140513,341579.87358
20140512,471575.7791500001
20140509,385847.5896
20140508,377699.17353000003
20140507,473359.94476
20140506,439889.02880000003
20140505,360940.96072000003
20140502,444653.13408000005
20140501,406308.84660000005
20140430,484813.8359099999
20140429,372700.40284
20140428,762551.1429600001
20140425,423968.3347400001
20140424,340452.49007000006
20140423,451705.50912
20140422,501461.46540000004
20140421,355783.972
20140417,539698.4029799999
20140416,388939.37940000003
20140415,532654.54632
20140414,415987.37413999997
20140411,610391.2814999999
20140410,581485.85352
20140409,535223.34966
20140408,585389.5587
20140407,593410.37706
20140404,522633.76785
20140403,467893.8766799999
20140402,469106.6774800001
20140401,442965.74049
20140331,358696.91949000006
20140328,446262.38701
20140327,424555.19334
20140326,589091.7186
20140325,567465.9473700001
20140324,558776.64604
20140321,1305889.6979999999
20140320,650465.17624
20140319,427664.69425999996
20140318,294877.32784
20140317,431677.21012000006
20140314,491660.50847999996
20140313,435614.54660000006
20140312,651643.60989
20140311,674701.425
20140310,359271.60039000004
20140307,376972.51548
20140306,382380.41088
20140305,413257.3588
20140304,566764.04114
20140303,396362.259
20140228,556112.2923000001
20140227,406219.2832
20140226,674681.6116
20140225,695557.6586999999
20140224,537031.21815
20140221,655960.0318400001
20140220,961576.1672
20140219,608551.38315
20140218,451511.52272999997
20140214,372882.2526
20140213,395652.43439999997
20140212,400269.23415999993
20140211,487039.8544
20140210,457613.38336000004
20140207,539785.3212499999
20140206,535451.79534
20140205,347902.94952
20140204,564060.7151200001
20140203,757895.3886
20140131,787481.93
20140130,503287.564
20140129,624926.8701
20140128,449765.0379
20140127,673925.99275
20140124,700841.49402
20140123,450234.49679999996
20140122,441077.65129999997
20140121,680358.44064
20140117,871666.9330000001
20140116,552789.6730800001
20140115,387710.63826
20140114,318716.072
20140113,477171.7965
20140110,404351.69556
20140109,462002.69565
20140108,463393.36011
20140107,393216.81779999996
20140106,569387.6486099999
20140103,389901.94815
20140102,542745.26839
20131231,303671.47734
20131230,242122.05653999996
20131227,239336.6388
20131226,217782.23570999998
20131224,163426.03537
20131223,348647.89609
20131220,740085.1541700001
20131219,459997.64492
20131218,828789.0192
20131217,445377.76800000004
20131216,476695.61627999996
20131213,388928.89472
20131212,445255.06149999995
20131211,474434.41485
20131210,495955.7556
20131209,359106.85785000003
20131206,406739.1167
20131205,510795.38688
20131204,612979.55082
20131203,609592.5513299999
20131202,501128.15847
20131129,279258.64412
20131127,383876.40202000004
20131126,446785.91204
20131125,456070.75458
20131122,384050.74803
20131121,302900.15596
20131120,354755.46630000003
20131119,353059.14625
20131118,471122.84518
20131115,468274.09398
20131114,735608.32824
20131113,653824.1016
20131112,414496.85617
20131111,588662.8988600001
20131108,451684.18023999996
20131107,647022.476
20131106,377450.97543999995
20131105,393719.0229
20131104,363771.45552
20131101,394300.1391
20131031,351373.31950000004
20131030,354221.77206
20131029,573138.14242
20131028,535923.82452
20131025,491388.77544
20131024,446704.62738
20131023,442956.80220000003
20131022,530311.9622399999
20131021,401734.1646
20131018,513956.95644999994
20131017,484619.61708000005
20131016,442213.884
20131015,667959.13779
20131014,440913.55784
20131011,486768.66965999996
20131010,570904.67844
20131009,472122.171
20131008,668206.1385000001
20131007,492780.60785000003
20131004,416774.176
20131003,525260.5602399999
20131002,543763.36436
20131001,417659.16192000004
20130930,499413.56872
20130927,313400.03552
20130926,378122.37372
20130925,1117684.4345
20130924,507287.448
20130923,428314.46006
20130920,669451.35394
20130919,540610.877
20130918,525898.90264
20130917,320923.11510000005
20130916,314991.3072
20130913,298957.16708
20130912,388899.638
20130911,395115.47164999996
20130910,506276.61295999994
20130909,405997.86179000005
20130906,420312.94088
20130905,340130.62694
20130904,340306.6959
20130903,519940.1463600001
20130830,442708.64872
20130829,296107.81899000006
20130828,405946.849
20130827,421657.2135
20130826,391251.36018
20130823,402067.84319999994
20130822,289976.88551999995
20130821,594126.67655
20130820,487932.14907000004
20130819,394752.57952
20130816,535330.4723799999
20130815,982624.9755
20130814,507528.1032
20130813,489288.14676000003
20130812,446065.73692
20130809,443295.5099
20130808,345668.95275
20130807,450271.42692000006
20130806,521796.66903
20130805,307680.34619999997
20130802,482094.19125000003
20130801,404290.47326
20130731,470819.48436
20130730,353128.64676000003
20130729,270235.35
20130726,417261.78
20130725,461517.61334000004
20130724,385698.1513
20130723,412674.20749999996
20130722,323809.46858
20130719,533327.392
20130718,320946.92412000004
20130717,413126.69039999996
20130716,363801.01278000005
20130715,376459.93757999997
20130712,346411.29893999995
20130711,363387.34971
20130710,394952.09355
20130709,406193.20946
20130708,515160.81003
20130705,409701.58635
20130703,173824.92456
20130702,502686.30971
20130701,499579.72742999997
20130628,1084083.5108999999
20130627,533531.3105
20130626,410960.73746000003
20130625,536902.53891
20130624,719533.353
20130621,1071461.1772
20130620,661089.17688
20130619,620182.3288199999
20130618,510219.06112
20130617,485755.7468
20130614,475533.13637
20130613,539832.225
20130612,354069.83616000006
20130611,451979.26725
20130610,509920.29075
20130607,637203.6033
20130606,712849.50618
20130605,510084.533
20130604,709593.83972
20130603,638971.4982599999
20130531,729567.4120799999
20130530,470952.09401999996
20130529,448400.56338
20130528,468495.02439999994
20130524,586748.80629
20130523,612408.4134399999
20130522,695210.61679
20130521,579100.77971
20130520,432093.24000000005
20130517,830979.5819000001
20130516,950434.8250000001
20130515,638871.93414
20130514,789192.0426
20130513,605162.466
20130510,459259.63391000003
20130509,510920.33440000005
20130508,626682.26175
20130507,517999.89183
20130506,378936.04649
20130503,443751.499
20130502,354322.30006
20130501,488108.32133999997
20130430,618778.97168
20130429,482065.88976
20130426,467573.5292800001
20130425,450682.5895
20130424,630036.8487
20130423,526273.8762599999
20130422,401935.58391
20130419,612795.87224
20130418,1096371.0695999998
20130417,569090.4123600001
20130416,539315.67928
20130415,670826.76857
20130412,496982.89392
20130411,554484.86409
20130410,665330.39421
20130409,675920.48832
20130408,620788.41073
20130405,447746.61675
20130404,572133.603
20130403,566467.672
20130402,504938.21952
20130401,634826.19671
20130328,549359.43139
20130327,446477.95334
20130326,496649.10766
20130325,781333.7009999999
20130322,538249.9643999999
20130321,401835.01652
20130320,460565.36721
20130319,416665.96335
20130318,414715.79475000006
20130315,1247281.3
20130314,465101.1281
20130313,391676.592
20130312,600302.6496
20130311,375814.15900000004
20130308,419525.43589
20130307,490439.75291999994
20130306,524863.7317799999
20130305,670399.06432
20130304,774149.409
20130301,638666.49784
20130228,1335961.883
20130227,632059.61662
20130226,750814.2239
20130225,832571.9196
20130222,645501.824
20130221,1432670.2548
20130220,828701.1611999999
20130219,1009625.0832000001
20130215,1780099.398
20130214,482088.24106
20130213,283404.52173
20130212,340000.374
20130211,442860.9276
20130208,422219.70804000006
20130207,591674.41682
20130206,695807.11107
20130205,744690.0636
20130204,748012.8084
20130201,454618.20599999995
20130131,489661.8915
20130130,488845.665
20130129,668208.5752900001
20130128,489244.90134999994
20130125,548545.17
20130124,635031.1440900001
20130123,441003.83108
20130122,399272.23602
20130118,540781.5304
20130117,497699.36864999996
20130116,339020.40950999997
20130115,423504.91736
20130114,374987.6949
20130111,426083.79597
20130110,781542.79
20130109,346634.51544
20130108,402439.54739
20130107,423080.26560000004
20130104,443174.73252
20130103,613027.6768
20130102,719530.3091999999
20121231,478477.88560000004
20121228,372732.23975
20121227,501927.22404
20121226,414242.33304999996
20121224,199260.78579
20121221,908437.212
20121220,665133.2969999999
20121219,681962.90964
20121218,803692.4400000001
20121217,724344.772
20121214,718615.5625
20121213,983280.7976000002
20121212,1609915.8347999998
20121211,1028998.8327
20121210,425793.3693000001
20121207,526482.6482500001
20121206,511439.53272
20121205,681619.9918500001
20121204,924599.3148000002
20121203,647517.0106200001
20121130,899328.144
20121129,681413.6403
20121128,739635.3216
20121127,512928.41750000004
20121126,634009.0361200001
20121123,360468.5058
20121121,484600.98713
20121120,646879.14
20121119,885796.4681999999
20121116,833820.5798
20121115,1582965.2
20121114,648172.31631
20121113,640515.9015200001
20121112,316326.6384
20121109,496832.82662999997
20121108,516166.10256
20121107,497866.81752000004
20121106,393460.32832000003
20121105,348707.0181
20121102,621252.33508
20121101,948140.3425
20121031,505469.68097999995
20121026,334003.80482
20121025,331253.06675999996
20121024,341778.73266
20121023,436121.73024
20121022,409809.59135000006
20121019,524493.1361
20121018,559346.82408
20121017,577295.1726
20121016,485309.791
20121015,743440.545
20121012,608715.71271
20121011,624505.9563600001
20121010,1460457.7686
20121009,615901.1460800001
20121008,341969.2605
20121005,390997.03049
20121004,373148.16816
20121003,600798.7356
20121002,302995.2375
20121001,344116.57019999996
20120928,444434.0057999999
20120927,396527.76936000003
20120926,356489.92386
20120925,470826.07388000004
20120924,329304.96317999996
20120921,786629.0215
20120920,338102.02400000003
20120919,420477.27072000003
20120918,392464.85175000003
20120917,507169.85627
20120914,633588.0065
20120913,553026.34244
20120912,315786.11228999996
20120911,391883.45392
20120910,477280.14124
20120907,488593.02455999993
20120906,486534.31600000005
20120905,585519.56135
20120904,626604.60623
20120831,427253.0328
20120830,378371.15475
20120829,305341.61014
20120828,349207.3624
20120827,418094.8125
20120824,374254.14495
20120823,429300.31896
20120822,477971.62113
20120821,542875.07157
20120820,401169.564
20120817,700686.66089
20120816,1283984.286
20120815,577818.0642
20120814,535976.20143
20120813,458471.6672
20120810,412642.9980000001
20120809,383965.49869999994
20120808,487727.7402
20120807,561947.24292
20120806,451849.25112000003
20120803,645918.71925
20120802,596826.19065
20120801,714064.89546
20120731,619370.8080300001
20120730,685734.38872
20120727,809397.4896
20120726,602458.23132
20120725,503014.60480000003
20120724,538519.18452
20120723,477910.27499999997
20120720,798619.71
20120719,1207283.34
20120718,691717.23365
20120717,886359.4299999999
20120716,587657.29188
20120713,595561.37944
20120712,734484.4864
20120711,884656.7794000001
20120710,961082.08
20120709,800141.2224000001
20120706,570590.06432
20120705,884191.1303999999
20120703,664677.0059999999
20120702,718133.8134999999
20120629,743717.184
20120628,585657.9521
20120627,602958.2284
20120626,737437.9968
20120625,805265.1166000002
20120622,763778.278
20120621,665808.9869
20120620,613551.3768
20120619,536105.86
20120618,513577.04788
20120615,859490.05
20120614,669935.74648
20120613,720908.602
20120612,606428.33364
20120611,708423.465
20120608,1228802.517
20120607,824867.6142000001
20120606,713489.8449000001
20120605,611519.8555000001
20120604,915647.5444999998
20120601,1001043.5475
20120531,1098943.2258
20120530,651763.02976
20120529,656030.8872000001
20120525,664802.2458
20120524,734815.989
20120523,1009926.5804
20120522,766153.1378
20120521,702844.9376000001
20120518,1037916.2303999999
20120517,1802775.0215999999
20120516,641263.2762
20120515,626172.175
20120514,365521.08417
20120511,443671.37342
20120510,457473.05828999996
20120509,658030.4317
20120508,605389.4574999999
20120507,512432.51222999993
20120504,407681.3616
20120503,403231.98501
20120502,432482.16563999996
20120501,585113.3956800001
20120430,440298.93645
20120427,502292.35008999996
20120426,1478826.1845000002
20120425,1605650.9472
20120424,1738439.6811000002
20120423,2258636.2057999996
20120420,561030.816
20120419,393417.58625
20120418,490650.26978000003
20120417,655580.0883
20120416,414564.93312
20120413,399938.64238000003
20120412,442378.7141
20120411,463311.2042
20120410,571850.02238
20120409,410788.01645
20120405,395747.92253
20120404,652324.1416
20120403,676343.9335
20120402,396744.92416
20120330,424046.96640000003
20120329,405670.37312
20120328,435939.03768999997
20120327,448319.22812
20120326,380335.11120000004
20120323,420651.3465
20120322,346207.36395
20120321,438970.79512
20120320,477336.2616
20120319,501217.79418
20120316,731633.8536000001
20120315,413166.99801
20120314,389231.93351999996
20120313,530185.5260000001
20120312,459103.18095999997
20120309,377244.54296
20120308,462666.4206
20120307,884531.4662
20120306,529739.9526699999
20120305,571098.8052000001
20120302,581227.02036
20120301,949844.7706
20120229,676306.4839999999
20120228,630455.5334
20120227,713086.8956
20120224,582579.56379
20120223,866541.277
20120222,1669895.486
20120221,1428211.7053
20120217,511004.61367999995
20120216,447487.19927999994
20120215,359216.8496
20120214,321868.7265
20120213,256756.97564
20120210,340072.3481
20120209,399261.44168
20120208,447351.3408
20120207,375346.51262
20120206,338756.30516000005
20120203,478646.18298
20120202,384322.89634000004
20120201,749946.1401999999
20120131,597288.4257599999
20120130,466529.8413
20120127,381652.50435
20120126,449097.03293
20120125,363638.87811
20120124,451582.69135000004
20120123,432494.50049999997
20120120,633122.1235
20120119,558250.8294
20120118,352203.73084
20120117,508476.74220000004
20120113,460180.01587999996
20120112,429826.7505
20120111,377906.5422
20120110,407459.8368
20120109,394859.37568
20120106,473412.45999999996
20120105,756338.1656000001
20120104,572341.60676
20120103,763962.4097999999
20111230,278212.56048
20111229,379045.25526
20111228,312932.39868
20111227,290136.84982
20111223,369663.89908
20111222,467659.83485999994
20111221,507914.02959000005
20111220,643870.0038
20111219,415763.73252
20111216,868803.9519
20111215,495263.7641
20111214,517847.87005
20111213,629103.1680000001
20111212,582897.7151
20111209,586474.0848
20111208,599958.4863999999
20111207,921587.4994
20111206,669907.4308000001
20111205,613191.321
20111202,650342.5287
20111201,515013.80652
20111130,874179.075
20111129,629006.7525000001
20111128,531735.7672499999
20111125,242282.90444
20111123,467693.81184000004
20111122,426217.5255
20111121,562649.6648
20111118,512103.7691
20111117,579614.3811
20111116,667498.8216
20111115,919381.2602
20111114,620751.2454
20111111,496971.0352000001
20111110,546998.53334
20111109,809225.7074999999
20111108,1192031.2476000001
20111107,493386.73738
20111104,402734.37
20111103,549772.90038
20111102,506951.02336
20111101,774851.0869
20111031,537742.7516000001
20111028,645082.9110000001
20111027,885793.1469
20111026,729736.0734
20111025,572820.3377
20111024,526750.21764
20111021,825182.9008000001
20111020,712825.7076
20111019,730195.3125
20111018,786220.8381
20111017,491127.46056
20111014,593737.0128
20111013,577596.1086
20111012,1218002.904
20111011,558818.6976
20111010,668045.6559
20111007,747021.2370000001
20111006,528156.2100000001
20111005,716256.9180000001
20111004,988721.6848
20111003,805244.3844
20110930,706838.037
20110929,536701.2237
20110928,587888.9429
20110927,597899.6232
20110926,588556.6016
20110923,645139.6799999999
20110922,1071458.7552
20110921,537249.5784
20110920,440222.39855999994
20110919,473535.75114999997
20110916,1878716.2680000002
20110915,577386.8325
20110914,652685.832
20110913,555581.9962
20110912,581762.9302000001
20110909,617347.7136
20110908,605756.6050999999
20110907,545349.3731999999
20110906,884365.2144
20110902,562327.2325
20110901,657592.7085
20110831,703673.3817
20110830,712169.419
20110829,450792.00513
20110826,553226.0839999999
20110825,578156.944
20110824,608089.2408
20110823,913476.8219
20110822,718721.5375
20110819,1204447.034
20110818,1266332.827
20110817,781479.9574999999
20110816,1328276.1096
20110815,740766.5748
20110812,752957.295
20110811,1073818.3980999999
20110810,1306977.5369
20110809,1218902.4540000001
20110808,1615928.3752
20110805,1388065.6709999999
20110804,1304263.821
20110803,1100111.3784
20110802,787454.8783999999
20110801,562242.069
20110729,695493.1640999999
20110728,472001.48331000004
20110727,649603.6725
20110726,585676.5356000001
20110725,441180.19365
20110722,370818.8704000001
20110721,577986.617
20110720,477280.18007
20110719,463221.91943999997
20110718,438217.24496000004
20110715,545291.6058
20110714,832316.148
20110713,548407.7988000001
20110712,511560.32538
20110711,406543.90732999996
20110708,493733.0944
20110707,698210.3395
20110706,433926.89924
20110705,491821.63252000004
20110701,507156.81045
20110630,530413.6684600001
20110629,466525.31632
20110628,576972.1851
20110627,531518.4378
20110624,1088326.1442
20110623,967484.2132000001
20110622,561248.676
20110621,579648.1196
20110620,806079.1128
20110617,1086182.557
20110616,619950.0123
20110615,801405.3215999999
20110614,465454.40226999996
20110613,659346.4908
20110610,768885.8776
20110609,608046.5104
20110608,625931.9794
20110607,533601.66377
20110606,605668.2239999999
20110603,712799.5857999999
20110602,791181.4365
20110601,606077.0519999999
20110531,490826.50408
20110527,290716.77030000003
20110526,315581.03272
20110525,556225.0144
20110524,670303.9662
20110523,405194.4204
20110520,486662.19297000003
20110519,426521.0858
20110518,629907.29
20110517,810309.7164
20110516,794542.8648
20110513,499167.89859999996
20110512,498031.15487999993
20110511,520159.311
20110510,486408.98222999997
20110509,361642.2931
20110506,443133.50088
20110505,603321.0371000001
20110504,451412.83957
20110503,616980.2988
20110502,449736.18815999996
20110429,538869.2062799999
20110428,536469.68727
20110427,527604.18564
20110426,644806.1889
20110425,309762.20187
20110421,314241.98496000003
20110420,396899.08349
20110419,328208.55980000005
20110418,506464.51146
20110415,466920.12149999995
20110414,397388.5305
20110413,461356.20451
20110412,716664.912
20110411,394041.74252
20110408,510334.41769999993
20110407,645594.06
20110406,442729.59515999997
20110405,467864.66196000006
20110404,484916.45085
20110401,412901.50356000004
20110331,568141.8855
20110330,448426.22440000006
20110329,455228.86422
20110328,436060.65407
20110325,398493.90615000005
20110324,792552.8619
20110323,697708.5564
20110322,438554.636
20110321,452092.15392000007
20110318,606803.0752000001
20110317,559275.9776999999
20110316,845577.1016
20110315,721525.5700000001
20110314,534466.0656
20110311,764465.0688
20110310,964045.1925
20110309,599181.2938
20110308,624270.4067999999
20110307,677855.4534
20110304,818868.9617
20110303,650584.7684
20110302,579229.5562
20110301,918313.2891
20110228,930564.6728
20110225,1051598.8125
20110224,1225113.0444
20110223,1066908.9791
20110222,1538799.9416999999
20110218,1104695.8728
20110217,467094.09524999995
20110216,839574.1405
20110215,622451.62
20110214,890400.264
20110211,533666.6332099999
20110210,875233.4196000001
20110209,486808.29912
20110208,497234.78386
20110207,376803.01575
20110204,398148.78779000003
20110203,630972.7608
20110202,784191.7272
20110201,723667.5669
20110131,879302.0754
20110128,827146.4040000001
20110127,585667.6697999999
20110126,757262.5447999999
20110125,1172725.4545999998
20110124,616738.328
20110121,721855.6429
20110120,1098099.3958
20110119,544511.7244800001
20110118,579928.8846
20110114,508941.3791700001
20110113,704887.5954
20110112,743339.267
20110111,652720.5265
20110110,563004.4319999999
20110107,430941.6176
20110106,840991.9612
20110105,773458.2817
20110104,665612.1422000001
20110103,778648.6752
20101231,382573.59556
20101230,340812.02340999997
20101229,412555.12064
20101228,364841.66610000003
20101227,314776.7843
20101223,485706.048
20101222,610565.2941
20101221,444857.85980000003
20101220,729654.0607
20101217,1145188.4899
20101216,673869.2445
20101215,570022.9182999999
20101214,585097.92
20101213,613935.8393999999
20101210,653973.0392
20101209,583058.4188
20101208,680018.8530000001
20101207,875192.7940000001
20101206,470377.95028
20101203,551488.8546
20101202,863674.1325000001
20101201,978182.049
20101130,949626.7578
20101129,578629.02
20101126,223289.10885999998
20101124,556958.6814
20101123,743403.0279000001
20101122,513226.31326
20101119,560583.0447
20101118,625402.0238
20101117,779912.3420000001
20101116,1278973.312
20101115,618132.125
20101112,577979.0293
20101111,682727.2166
20101110,612519.6033
20101109,553066.431
20101108,545810.891
20101105,566427.072
20101104,733098.1568
20101103,503699.6432599999
20101102,484061.15754999995
20101101,445744.81727
20101029,435138.34693
20101028,442562.38207999995
20101027,701397.0965999999
20101026,561610.6320000001
20101025,429510.03095000004
20101022,313279.70022
20101021,517347.78585
20101020,520917.67974
20101019,545192.2012
20101018,496195.49951999995
20101015,670018.382
20101014,826604.5425
20101013,732607.5276
20101012,810503.3328000001
20101011,384304.7686
20101008,478459.34072
20101007,422365.24079999997
20101006,567209.0336
20101005,550912.86
20101004,381566.41391
20101001,439119.93024
20100930,583645.2336
20100929,526247.0141500001
20100928,599946.6096000001
20100927,463015.98867999995
20100924,528270.85376
20100923,391089.4006
20100922,533231.01468
20100921,504856.85821999994
20100920,495781.84558
20100917,1102596.3377999999
20100916,570970.7845
20100915,538974.8322000001
20100914,589849.926
20100913,410785.6695
20100910,424060.6484
20100909,378404.58947999997
20100908,463749.65062
20100907,548872.7564
20100903,500260.88428
20100902,579929.9095999999
20100901,687691.7760000001
20100831,1271519.8146
20100830,429798.89804999996
20100827,608611.0499999999
20100826,606241.2576
20100825,765402.0279999999
20100824,854597.4659999999
20100823,749326.8043999999
20100820,587642.8014
20100819,781608.8064000001
20100818,800730.6852
20100817,832414.7692
20100816,486338.38936999993
20100813,508798.08
20100812,645343.1283
20100811,576706.6108
20100810,461926.73603999993
20100809,430223.68382
20100806,428192.57297999994
20100805,383995.55341999995
20100804,415382.0124
20100803,547189.9295
20100802,710863.0353
20100730,693691.5589
20100729,491726.74325999996
20100728,476880.51112000004
20100727,626446.6936
20100726,721547.5826000001
20100723,674107.488
20100722,609435.036
20100721,618877.025
20100720,828327.9264000001
20100719,588980.976
20100716,790811.4677
20100715,617757.4106
20100714,539126.653
20100713,666959.7018
20100712,673767.1695999999
20100709,573740.4358999999
20100708,622049.7874
20100707,791133.2616
20100706,884985.2274
20100702,651852.0
20100701,875545.1982
20100630,883940.002
20100629,995157.054
20100628,727515.0964
20100625,2211432.024
20100624,741375.0583
20100623,810173.0715
20100622,692193.5216000001
20100621,747586.8764000001
20100618,1310697.4124999999
20100617,651222.2943
20100616,810503.4907999999
20100615,738956.0064000001
20100614,712047.4368
20100611,713419.8317999999
20100610,810631.7934
20100609,842909.5712000001
20100608,1031616.5198
20100607,989453.8478000001
20100604,1206789.696
20100603,543530.1348
20100602,706740.3528
20100601,817411.6312000001
20100528,708802.1568000001
20100527,707715.723
20100526,953958.4308000001
20100525,1209810.2088
20100524,691446.27
20100521,1261059.5272
20100520,1397127.285
20100519,1082441.3808
20100518,1729989.9693000002
20100517,893530.942
20100514,971946.7899999999
20100513,652793.436
20100512,712497.8687999999
20100511,1029029.6545999999
20100510,1421305.2282
20100507,1514928.016
20100506,1281108.2343
20100505,909719.8414
20100504,1008221.7172000001
20100503,661054.1278
20100430,873223.7976
20100429,715279.167
20100428,798652.2945000001
20100427,1036158.0963999999
20100426,796476.646
20100423,904964.0663
20100422,595091.8288
20100421,620457.9654
20100420,495706.96208
20100419,615248.2581000001
20100416,1040742.0002
20100415,955417.2346
20100414,802486.2056000001
20100413,703211.6448
20100412,657724.4856000001
20100409,690259.4954
20100408,609102.468
20100407,715034.0856
20100406,531259.2860399999
20100405,596415.3984000001
20100401,654120.5592
20100331,554157.0268
20100330,388086.4057
20100329,544938.04098
20100326,552172.23607
20100325,544573.32603
20100324,483471.02258
20100323,523619.71695
20100322,549197.1638999999
20100319,950933.7832000001
20100318,529859.03698
20100317,698721.5184000001
20100316,1033182.9101000001
20100315,1349704.7762
20100312,564742.64
20100311,576039.6201
20100310,680940.11
20100309,680322.3948
20100308,409191.94769999996
20100305,615847.3726
20100304,604988.728
20100303,623940.2355999999
20100302,754617.9388
20100301,653733.696
20100226,862573.303
20100225,731564.8755
20100224,572854.168
20100223,758074.7342
20100222,650805.2383
20100219,807183.8913
20100218,1574597.3928
20100217,838989.0354
20100216,844463.3808
20100212,901329.7729999999
20100211,614644.6372
20100210,500902.84332000004
20100209,576426.99
20100208,545476.4666
20100205,830921.9410000001
20100204,1113951.1545
20100203,975793.5945
20100202,609136.6314000001
20100201,589286.4935999999
20100129,1297314.5951999999
20100128,892268.7566000001
20100127,704455.47
20100126,835456.6316999999
20100125,634727.1008
20100122,1027806.8064
20100121,848237.7456
20100120,716796.8872
20100119,788876.3613
20100115,1024608.9479999999
20100114,744792.2742
20100113,729905.686
20100112,826396.1823
20100111,757567.4028
20100108,605503.487
20100107,571338.48
20100106,670537.2971000001
20100105,839455.4987
20100104,1124604.9286999998
20091231,521923.26845
20091230,368574.9336
20091229,392851.96517000004
20091228,400519.88633999997
20091224,239755.53360000002
20091223,460198.5216
20091222,637807.716
20091221,716719.3139999999
20091218,1376839.744
20091217,825180.1176
20091216,915990.1452
20091215,820454.4354
20091214,804243.6684000001
20091211,622986.5005
20091210,552687.8426999999
20091209,685288.587
20091208,861700.9637999999
20091207,623745.5304
20091204,602996.9280000001
20091203,621044.9872
20091202,547894.2596999999
20091201,657415.005
20091130,650691.4924999999
20091127,411290.04024
20091125,498113.14223999996
20091124,581401.7725000001
20091123,652447.228
20091120,816124.7688
20091119,947262.1734
20091118,723245.2694999999
20091117,950367.9671999998
20091116,815544.0395999999
20091113,938188.384
20091112,1504761.5176000001
20091111,1232759.1565999999
20091110,879862.0465000002
20091109,794443.0
20091106,633682.675
20091105,855185.7912000001
20091104,731247.0594
20091103,807617.5279999999
20091102,756087.5112000001
20091030,875061.0360000001
20091029,726843.096
20091028,849115.366
20091027,777171.0878
20091026,761148.5056
20091023,762318.8871999999
20091022,1241220.4128
20091021,1108930.1569
20091020,684578.829
20091019,798526.3887
20091016,847138.3361999999
20091015,1103894.4185000001
20091014,806131.2021
20091013,1049250.7152
20091012,810978.6388
20091009,817988.4123
20091008,744189.4866000001
20091007,575063.4071000001
20091006,869445.242
20091005,694833.8364
20091002,740793.888
20091001,1098437.9
20090930,1084158.0499000002
20090929,841766.0471999999
20090928,732193.11
20090925,1301904.4634999998
20090924,605294.118
20090923,706115.592
20090922,741462.4167000001
20090921,777345.2991
20090918,1675959.0159999998
20090917,887681.2864
20090916,878175.9792
20090915,1317644.7112
20090914,832675.0982
20090911,815998.0688
20090910,1166551.4133000001
20090909,770912.0629
20090908,726154.014
20090904,685761.0416
20090903,842894.2704
20090902,684434.5604000001
20090901,846898.1514
20090831,877121.9053999998
20090828,756377.8499
20090827,881382.3144000001
20090826,740302.2899999999
20090825,856764.5549000001
20090824,598964.605
20090821,1083371.9183999998
20090820,480654.43003
20090819,740433.6835
20090818,630692.5824
20090817,909829.3977000001
20090814,892751.3589
20090813,1666617.5036000002
20090812,919556.2692999999
20090811,813229.0632
20090810,648470.6140000001
20090807,660221.8056
20090806,794014.7799999999
20090805,871274.9280000001
20090804,910605.4635000001
20090803,757474.3008000001
20090731,731334.0756000001
20090730,867814.7352
20090729,819678.7548999999
20090728,577549.52
20090727,698804.3485
20090724,640632.9197999999
20090723,1299988.4096
20090722,739431.2442000001
20090721,839799.3282
20090720,835172.0393999999
20090717,698845.6384
20090716,914971.8500999999
20090715,909578.424
20090714,648134.4629
20090713,766282.5168
20090710,758407.0828999999
20090709,727105.6664
20090708,912930.0593
20090707,722024.7216
20090706,966469.4964
20090702,955136.1969
20090701,891500.2144999999
20090630,815597.3587999999
20090629,844725.554
20090626,998655.4677
20090625,976260.552
20090624,809166.204
20090623,785066.686
20090622,973151.2879000001
20090619,1143231.6159
20090618,673921.052
20090617,935915.3328000001
20090616,999051.4725
20090615,1191188.9601999999
20090612,764383.62
20090611,1064381.8248
20090610,992327.8662
20090609,728470.218
20090608,964129.4039
20090605,1293245.61
20090604,777882.1658999999
20090603,1003734.1824
20090602,867795.8825
20090601,1010618.7235000002
20090529,638175.6402
20090528,763345.4979999999
20090527,861343.2216
20090526,867017.0
20090522,558640.7799999999
20090521,771721.9064999999
20090520,987533.8324
20090519,721680.22
20090518,939807.3984000001
20090515,963947.592
20090514,1290906.267
20090513,958852.4665
20090512,875669.857
20090511,910666.621
20090508,929264.1746
20090507,1558652.4042
20090506,1290937.1077
20090505,991460.787
20090504,1077822.2352
20090501,789652.864
20090430,1161119.232
20090429,1707546.3395
20090428,1315492.7644999998
20090427,998834.9679
20090424,1288598.169
20090423,792873.207
20090422,997705.9008
20090421,775491.8325
20090420,1000101.1826000001
20090417,1206001.286
20090416,1078847.5056
20090415,667169.5491000001
20090414,916853.5584
20090413,996703.5660000001
20090409,2143140.3973999997
20090408,907747.6708
20090407,747618.9214
20090406,828507.4863
20090403,888671.09
20090402,1171894.536
20090401,1196258.9088
20090331,1103286.272
20090330,865106.8056000001
20090327,1066347.7538
20090326,1321069.7748
20090325,1211606.5920000002
20090324,1054112.9308
20090323,1012501.9475999998
20090320,1304609.2569000002
20090319,1036460.0025000001
20090318,1018194.9543999999
20090317,931115.5000000001
20090316,799366.9359999999
20090313,1011908.1497999999
20090312,1229265.132
20090311,1236525.213
20090310,1582668.5812000001
20090309,1258588.3602
20090306,1651897.5893
20090305,2299221.6225
20090304,1542494.5393
20090303,1325743.0966
20090302,1217630.9675999999
20090227,1386643.2084000001
20090226,1117241.295
20090225,1251884.1923
20090224,1311335.2145999998
20090223,1154235.212
20090220,1479649.1230000001
20090219,1377839.4455000001
20090218,2367012.0
20090217,1876473.7704
20090213,1193581.9764
20090212,1077753.9128
20090211,856444.225
20090210,1221584.7571999999
20090209,802125.632
20090206,1404329.9837000002
20090205,1615877.2184000001
20090204,1229851.48
20090203,1077773.6585
20090202,970008.8585
20090130,968179.8232
20090129,903060.2894
20090128,1201631.6081
20090127,803985.0392
20090126,917684.6400000001
20090123,1116456.619
20090122,1520499.1517999999
20090121,1919621.1762
20090120,1131646.56
20090116,1117515.5648
20090115,1440916.4315
20090114,1055780.1988000001
20090113,1299888.9572
20090112,946399.7816999999
20090109,1480159.2804
20090108,4747180.599
20090107,932014.5184
20090106,1072688.8864
20090105,905445.8784
20090102,917971.7226
20081231,778213.708
20081230,768703.887
20081229,553719.9294
20081226,352781.25075
20081224,253110.82103999998
20081223,710757.3732
20081222,952682.1678
20081219,1808052.3150000002
20081218,1491873.8007
20081217,1225047.4629
20081216,1270296.8304
20081215,914435.5233
20081212,1290622.2777000002
20081211,1366968.8596
20081210,1176664.2225
20081209,1696827.1484
20081208,1555829.5320000001
20081205,2191954.5958000002
20081204,1586686.8897
20081203,1371207.4702
20081202,1307519.556
20081201,1375307.8731
20081128,506996.44600000005
20081126,1346116.5218
20081125,1496667.6051999999
20081124,1604552.5881
20081121,2124613.1088
20081120,2068369.7835999997
20081119,1518449.01
20081118,1933541.8496
20081117,1397335.9059000001
20081114,1351332.0681
20081113,2073148.2852
20081112,1492982.5241999999
20081111,1302257.22
20081110,1004378.6348
20081107,1057216.503
20081106,1721984.3136
20081105,1200976.3557
20081104,1294036.1751
20081103,1049830.4094
20081031,1452818.0150000001
20081030,1277022.9449999998
20081029,1883546.9772
20081028,2317331.9916000003
20081027,1328220.0063
20081024,1532199.5620000002
20081023,1843699.7828
20081022,1474200.6039
20081021,1043567.5305000001
20081020,1546589.8047
20081017,1678766.6125
20081016,2588307.981
20081015,1398450.5535
20081014,1554790.068
20081013,1610676.6500000001
20081010,2628381.5965
20081009,2116425.204
20081008,2607269.618
20081007,1894725.8388
20081006,2300229.777
20081003,1858685.3076
20081002,1247607.053
20081001,1393812.7159999998
20080930,1612581.9697
20080929,1551448.871
20080926,1286911.1528
20080925,1288340.3376
20080924,1013438.73
20080923,1295102.9279999998
20080922,1300531.4712
20080919,2661330.48
20080918,2562402.1723999996
20080917,2409543.0744
20080916,2061986.0274000003
20080915,1590108.8507
20080912,1194626.6319
20080911,1830581.9522
20080910,1461096.3094000001
20080909,1550737.2818
20080908,1771052.94
20080905,1386333.4044
20080904,1650688.9994
20080903,946102.6104
20080902,1373295.7040000001
20080829,759271.6032
20080828,725262.9672000001
20080827,694424.0457
20080826,647260.68
20080825,700561.289
20080822,756354.3848
20080821,665842.32
20080820,750324.0152
20080819,892650.066
20080818,757559.793
20080815,1339662.6768
20080814,1557874.227
20080813,1306837.7920000001
20080812,1201574.5950000002
20080811,1416432.8832
20080808,1383765.295
20080807,2146932.9024
20080806,1447318.9976
20080805,2267259.8116
20080804,807365.2895
20080801,998820.8999999999
20080731,1091122.7838
20080730,1133986.8768
20080729,1013016.9990000001
20080728,864590.8322000001
20080725,934968.8648999999
20080724,1206542.5632
20080723,1811506.4432
20080722,1525322.5396
20080721,952979.3350000001
20080718,1196083.9104
20080717,1426520.4184
20080716,1504465.6831999999
20080715,1495397.9792000002
20080714,1185286.6461
20080711,1567529.5831
20080710,1709791.2183
20080709,1466479.4727
20080708,1933741.6819
20080707,1265134.9095
20080703,667646.808
20080702,1173363.185
20080701,1295426.1846
20080630,1249272.0480000002
20080627,1578591.1959999998
20080626,1196353.9035
20080625,1280007.5635999998
20080624,1124912.4516
20080623,809652.3744
20080620,1521747.4848
20080619,1192858.4376
20080618,1282294.7568
20080617,795777.71
20080616,1072919.6793
20080613,1235907.4266
20080612,1137813.7099
20080611,1214622.9788
20080610,1269845.5644
20080609,1390659.8629
20080606,1372913.7656
20080605,2085278.026
20080604,848307.8352
20080603,986312.987
20080602,988449.748
20080530,699961.2336
20080529,1074540.755
20080528,1165619.0898000002
20080527,974595.948
20080523,755864.6325000001
20080522,844401.097
20080521,1124870.5145999999
20080520,1221695.6655000001
20080519,877349.3759999999
20080516,815835.7048000001
20080515,952330.344
20080514,1003613.0085000001
20080513,1642799.5815
20080512,1056077.1390000002
20080509,742071.7476
20080508,1514677.6956
20080507,1421892.2829999998
20080506,1194238.5105
20080505,1053828.7811999999
20080502,1120606.0
20080501,1083179.71
20080430,1175149.6561999999
20080429,1036889.4374
20080428,715102.885
20080425,979027.2889999999
20080424,1111165.728
20080423,866138.5484000001
20080422,822082.053
20080421,810372.8558
20080418,1111307.1312000002
20080417,1188933.1998
20080416,1605537.7545999999
20080415,1442394.2315000002
20080414,959642.5385
20080411,1285666.636
20080410,1583364.0965999998
20080409,1057395.8878000001
20080408,857967.561
20080407,1022674.2207
20080404,1127600.48
20080403,1273834.3902
20080402,1182884.815
20080401,1310473.5904
20080331,991537.1651999999
20080328,783983.828
20080327,994042.8255
20080326,1017072.328
20080325,1078328.7825
20080324,1193025.6287000002
20080320,2370454.8612999995
20080319,1311641.3064000001
20080318,1344849.3412
20080317,1105189.2045
20080314,1369120.8569999998
20080313,1510555.222
20080312,1318263.8396
20080311,1424822.1675
20080310,1188284.5544999999
20080307,1214873.3839999998
20080306,1375261.6752
20080305,1139389.367
20080304,1246203.4248
20080303,985424.7855
20080229,1002662.1936000001
20080228,932727.9
20080227,1500327.7889
20080226,1594870.0399999998
20080225,1285242.4823
20080222,975359.4330000001
20080221,1115276.5819
20080220,1077335.966
20080219,1093854.3642
20080215,1277043.6047999999
20080214,900040.1517
20080213,814539.3429999999
20080212,1174208.3325
20080211,1069021.3599999999
20080208,1099134.2672000001
20080207,1808499.7224
20080206,1388769.6353
20080205,1407675.9732000001
20080204,1017486.4896
20080201,1316863.4472
20080131,2345079.5018
20080130,1192914.102
20080129,1065548.4645
20080128,1044383.8034999999
20080125,1194755.6544
20080124,1746891.5694999998
20080123,2478144.768
20080122,2220321.708
20080118,1593607.8834000002
20080117,1325229.9484
20080116,1202642.9337000002
20080115,1150319.4291
20080114,980218.6653
20080111,1344986.2911999999
20080110,1692729.0159999998
20080109,1275567.44
20080108,874213.3288
20080107,946367.3855999999
20080104,930455.4923999999
20080103,917395.9362000001
20080102,934179.995
20071231,571834.8559000001
20071228,413145.14152
20071227,513925.4241
20071226,452184.8795
20071224,308277.62434
20071221,1120766.3139
20071220,677489.4885000001
20071219,630858.1608
20071218,772556.8464
20071217,788923.3256
20071214,644823.0371000001
20071213,804736.0638
20071212,1154915.0977
20071211,1277522.2479
20071210,620743.4229
20071207,705248.7792
20071206,999657.2599000001
20071205,853264.902
20071204,793231.495
20071203,587652.12
20071130,781593.88
20071129,692442.9192
20071128,1348279.0607
20071127,963028.0815
20071126,986949.0777
20071123,621204.0941
20071121,784125.8840000001
20071120,1081440.3599999999
20071119,681565.7445
20071116,876989.134
20071115,1008540.9180000001
20071114,1353919.1227999998
20071113,1872574.6187
20071112,1103326.1772
20071109,876484.752
20071108,907303.8515999999
20071107,771541.2721000001
20071106,556388.696
20071105,552011.1548
20071102,796983.4422
20071101,874733.4428
20071031,1000149.183
20071030,745383.73
20071029,616769.3294
20071026,760374.9936
20071025,931971.708
20071024,977566.1775
20071023,1663097.547
20071022,960137.125
20071019,1033222.5357999998
20071018,855799.8565999999
20071017,1099588.707
20071016,826317.4036
20071015,763373.235
20071012,658681.8784
20071011,1890311.0659999999
20071010,721687.4205000001
20071009,553720.3254
20071008,365338.04454000003
20071005,594711.7748
20071004,429912.0
20071003,769630.7732
20071002,821986.9909999999
20071001,674694.3929999999
20070928,552421.305
20070927,619445.5981
20070926,829041.285
20070925,919225.5643999999
20070924,643329.467
20070921,930727.467
20070920,742848.4064
20070919,992832.4500000001
20070918,1240075.5356
20070917,607571.664
20070914,642729.7428
20070913,738112.99
20070912,668492.649
20070911,811454.356
20070910,770476.425
20070907,1075563.5895
20070906,1257804.642
20070905,1306778.6775000002
20070904,838860.426
20070831,908716.914
20070830,1035820.1880000001
20070829,998362.575
20070828,1212118.5999999999
20070827,867050.1266000001
20070824,785587.8960000001
20070823,934824.765
20070822,777861.875
20070821,764235.2140000002
20070820,1000721.784
20070817,1323870.392
20070816,1576051.1099999999
20070815,1230404.956
20070814,2774770.04
20070813,718654.518
20070810,994674.335
20070809,1094961.205
20070808,1182919.968
20070807,905886.176
20070806,971000.616
20070803,930255.8240000001
20070802,778816.1989999999
20070801,1018505.3065999999
20070731,1249228.8650000002
20070730,829469.5
20070727,1075198.136
20070726,1247414.0232
20070725,741405.7729999999
20070724,1050672.7980000002
20070723,610366.759
20070720,911948.1120000001
20070719,752127.124
20070718,942674.508
20070717,681677.947
20070716,575018.5724
20070713,643880.728
20070712,1215853.3276
20070711,639291.5327999999
20070710,793712.4312
20070709,518772.97500000003
20070706,634230.3096
20070705,538539.7122000001
20070703,301101.98957000003
20070702,509598.2862
20070629,679865.0216999999
20070628,653399.2899000001
20070627,867518.3204000001
20070626,771111.9935999999
20070625,852180.6138
20070622,979126.9733999999
20070621,799047.1335000001
20070620,876137.9516000001
20070619,724676.7009
20070618,541764.3315
20070615,1121303.307
20070614,658712.9472
20070613,700068.6
20070612,932503.8760999999
20070611,629582.4608
20070608,738007.9264
20070607,1234036.5552
20070606,1281996.2574999998
20070605,1653443.82
20070604,2800115.1747
20070601,2423656.0068
20070531,836051.636
20070530,755663.9112
20070529,701704.1823999999
20070525,412597.93702
20070524,687216.078
20070523,660366.0449
20070522,521102.3298
20070521,978376.1777999998
20070518,647679.359
20070517,594810.3889
20070516,897804.2612
20070515,922863.695
20070514,620557.0384000001
20070511,759190.2762000001
20070510,852336.0675
20070509,729742.8774
20070508,489271.27599999995
20070507,431533.76808999997
20070504,463668.87672000006
20070503,531174.6336000001
20070502,585075.3864
20070501,714583.215
20070430,670338.5040000001
20070427,449660.1302000001
20070426,449551.7941
20070425,707890.9419
20070424,927581.5043999999
20070423,687556.0419
20070420,1165446.8736
20070419,389148.21488000004
20070418,383447.18763
20070417,596887.4759000001
20070416,684993.1737
20070413,588900.4704
20070412,546885.1584
20070411,838386.3924
20070410,467445.53778
20070409,413826.48742
20070405,459305.31699
20070404,527374.2165
20070403,825484.0230000002
20070402,649462.476
20070330,709283.979
20070329,586859.264
20070328,843274.52
20070327,615005.9478
20070326,607858.3888000001
20070323,382985.35349999997
20070322,725777.2520999999
20070321,651200.64
20070320,722129.1
20070319,562781.1096000001
20070316,877638.8040000001
20070315,611376.7999999999
20070314,1257872.2449999999
20070313,1107719.66
20070312,576439.672
20070309,661442.6120000001
20070308,974626.128
20070307,638763.11
20070306,716689.544
20070305,675481.9602
20070302,877777.2570000001
20070301,979669.4474000001
20070228,1030539.258
20070227,992794.6800000002
20070226,532943.2374
20070223,547778.242
20070222,528348.801
20070221,1188741.3269999998
20070220,1834635.754
20070216,828867.4079999998
20070215,546298.74
20070214,587636.3229
20070213,483085.67039999994
20070212,491266.08300000004
20070209,595115.82
20070208,521342.19600000005
20070207,489895.29399999994
20070206,435369.10199999996
20070205,689702.096
20070202,606370.536
20070201,627609.412
20070131,710089.793
20070130,772668.672
20070129,452342.11000000004
20070126,527153.928
20070125,469948.815
20070124,655826.676
20070123,539005.159
20070122,599591.124
20070119,577802.093
20070118,660823.518
20070117,544920.28
20070116,699644.7440000001
20070112,667420.992
20070111,705584.3200000001
20070110,629391.36
20070109,693903.336
20070108,770607.3
20070105,642461.491
20070104,815747.9400000001
20070103,1696931.115
20061229,461799.95382
20061228,326694.005
20061227,559648.456
20061226,483846.06299999997
20061222,505434.798
20061221,515681.93600000005
20061220,639290.19
20061219,799656.8910000002
20061218,596791.174
20061215,747278.31
20061214,857754.3680000001
20061213,795612.2399999999
20061212,822170.195
20061211,759147.2000000001
20061208,488556.81000000006
20061207,658704.3979999999
20061206,457911.71400000004
20061205,486664.1919999999
20061204,666293.6309999999
20061201,1147882.989
20061130,1116574.27
20061129,594251.037
20061128,624288.4920000001
20061127,1095451.525
20061124,243638.55999999997
20061122,519785.46300000005
20061121,418060.20200000005
20061120,588664.3759999999
20061117,751469.0
20061116,525352.3139999999
20061115,785494.624
20061114,1364100.69
20061113,1119938.856
20061110,613357.53
20061109,1263227.534
20061108,1416148.548
20061107,852205.955
20061106,827783.9430000001
20061103,856210.173
20061102,1177426.0960000001
20061101,819629.725
20061031,866470.5279999999
20061030,1292054.439
20061027,635809.236
20061026,735931.575
20061025,878860.8900000001
20061024,963521.7299999999
20061023,2723044.92
20061020,935837.9719999998
20061019,489734.45300000004
20061018,485796.625
20061017,536328.0360000001
20061016,319810.75200000004
20061013,426549.766
20061012,600376.0
20061011,483394.69100000005
20061010,464978.74799999996
20061009,465096.366
20061006,746326.56
20061005,1213687.1099999999
20061004,1227710.26
20061003,741227.344
20061002,872210.64
20060929,620563.968
20060928,636198.225
20060927,777882.6
20060926,737715.75
20060925,595423.3659999999
20060922,568460.222
20060921,632485.3820000001
20060920,670100.553
20060919,553996.1
20060918,519037.48
20060915,826842.806
20060914,491458.54799999995
20060913,536995.904
20060912,886271.3969999999
20060911,814391.763
20060908,652374.72
20060907,728999.766
20060906,458975.84
20060905,481232.871
20060901,517366.44000000006
20060831,392860.728
20060830,542329.328
20060829,438586.86900000006
20060828,497713.74600000004
20060825,338784.316
20060824,326880.37000000005
20060823,462963.296
20060822,364344.31799999997
20060821,418074.607
20060818,404129.36400000006
20060817,551992.7660000001
20060816,731055.663
20060815,828157.77
20060814,494742.49
20060811,368446.70499999996
20060810,545000.512
20060809,451274.44
20060808,341919.63
20060807,328754.7
20060804,436719.70999999996
20060803,493617.915
20060802,354502.98899999994
20060801,425217.187
20060731,599121.2999999999
20060728,549472.248
20060727,378998.298
20060726,539210.958
20060725,477026.463
20060724,517618.38600000006
20060721,567323.836
20060720,454078.796
20060719,778304.54
20060718,879597.3840000001
20060717,761337.846
20060714,864112.5149999999
20060713,1161664.1279999998
20060712,598616.76
20060711,609197.393
20060710,337515.766
20060707,484168.39999999997
20060706,437247.80799999996
20060705,541811.4600000001
20060703,432758.561
20060630,535631.132
20060629,534197.699
20060628,349226.58400000003
20060627,401192.253
20060626,324986.849
20060623,395361.18
20060622,410426.83199999994
20060621,487523.22
20060620,421326.471
20060619,560747.763
20060616,808820.513
20060615,765577.512
20060614,497553.27700000006
20060613,669811.772
20060612,350963.611
20060609,352042.248
20060608,769353.4199999999
20060607,455732.928
20060606,774316.029
20060605,587322.021
20060602,658901.2969999999
20060601,651711.681
20060531,583803.12
20060530,930934.2
20060526,865612.995
20060525,1276156.1500000001
20060524,779767.05
20060523,523793.95200000005
20060522,469451.575
20060519,616480.228
20060518,516643.46400000004
20060517,726666.392
20060516,850117.95
20060515,807837.246
20060512,530932.974
20060511,529412.625
20060510,451511.44399999996
20060509,694445.303
20060508,469910.73099999997
20060505,424078.2
20060504,491157.9199999999
20060503,550624.508
20060502,443057.52799999993
20060501,851859.1170000001
20060428,692372.274
20060427,583813.1880000001
20060426,486574.1539999999
20060425,419859.882
20060424,553019.544
20060421,463611.342
20060420,410403.36
20060419,499236.504
20060418,487473.75999999995
20060417,422675.754
20060413,329498.23000000004
20060412,426190.68
20060411,439243.35000000003
20060410,437920.25
